"area_fips","own_code","industry_code","agglvl_code","size_code","year","qtr","disclosure_code","area_title","own_title","industry_title","agglvl_title","size_title","qtrly_estabs_count","month1_emplvl","month2_emplvl","month3_emplvl","total_qtrly_wages","taxable_qtrly_wages","qtrly_contributions","avg_wkly_wage"
"06071",0,"10",70,0,2013,1,"","San Bernardino County, California","Total Covered","Total, all industries","County, Total Covered","All establishment sizes",46852,618218,620181,622125,6371392091,2462057396,127559119,790
"06071",0,"10",70,0,2013,2,"","San Bernardino County, California","Total Covered","Total, all industries","County, Total Covered","All establishment sizes",48963,624689,628099,629219,6441836110,729060613,36084889,790
"06071",0,"10",70,0,2013,3,"","San Bernardino County, California","Total Covered","Total, all industries","County, Total Covered","All establishment sizes",49962,625846,623585,632528,6306766868,460610926,22969533,773
"06071",1,"10",71,0,2013,1,"","San Bernardino County, California","Federal Government","Total, all industries","County, Total -- by ownership sector","All establishment sizes",150,13579,13551,13449,218065864,0,0,1240
"06071",1,"10",71,0,2013,2,"","San Bernardino County, California","Federal Government","Total, all industries","County, Total -- by ownership sector","All establishment sizes",150,13464,13418,13448,203922218,0,0,1167
"06071",1,"10",71,0,2013,3,"","San Bernardino County, California","Federal Government","Total, all industries","County, Total -- by ownership sector","All establishment sizes",147,13491,13461,13484,220251389,0,0,1257
"06071",1,"102",72,0,2013,1,"","San Bernardino County, California","Federal Government","Service-providing","County, by Domain -- by ownership sector","All establishment sizes",150,13579,13551,13449,218065864,0,0,1240
"06071",1,"102",72,0,2013,2,"","San Bernardino County, California","Federal Government","Service-providing","County, by Domain -- by ownership sector","All establishment sizes",150,13464,13418,13448,203922218,0,0,1167
"06071",1,"102",72,0,2013,3,"","San Bernardino County, California","Federal Government","Service-providing","County, by Domain -- by ownership sector","All establishment sizes",147,13491,13461,13484,220251389,0,0,1257
"06071",1,"1021",73,0,2013,1,"","San Bernardino County, California","Federal Government","Trade, transportation, and utilities","County, by Supersector -- by ownership sector","All establishment sizes",75,4417,4395,4359,52728155,0,0,924
"06071",1,"1021",73,0,2013,2,"","San Bernardino County, California","Federal Government","Trade, transportation, and utilities","County, by Supersector -- by ownership sector","All establishment sizes",75,4376,4352,4315,44863732,0,0,794
"06071",1,"1021",73,0,2013,3,"","San Bernardino County, California","Federal Government","Trade, transportation, and utilities","County, by Supersector -- by ownership sector","All establishment sizes",73,4362,4362,4372,51384823,0,0,905
"06071",1,"1024",73,0,2013,1,"","San Bernardino County, California","Federal Government","Professional and business services","County, by Supersector -- by ownership sector","All establishment sizes",7,69,70,68,1324404,0,0,1476
"06071",1,"1024",73,0,2013,2,"","San Bernardino County, California","Federal Government","Professional and business services","County, by Supersector -- by ownership sector","All establishment sizes",7,67,66,67,1348170,0,0,1556
"06071",1,"1024",73,0,2013,3,"","San Bernardino County, California","Federal Government","Professional and business services","County, by Supersector -- by ownership sector","All establishment sizes",7,68,69,66,1294633,0,0,1472
"06071",1,"1025",73,0,2013,1,"","San Bernardino County, California","Federal Government","Education and health services","County, by Supersector -- by ownership sector","All establishment sizes",8,3088,3095,3093,62466304,0,0,1554
"06071",1,"1025",73,0,2013,2,"","San Bernardino County, California","Federal Government","Education and health services","County, by Supersector -- by ownership sector","All establishment sizes",8,3084,3085,3083,54905043,0,0,1369
"06071",1,"1025",73,0,2013,3,"","San Bernardino County, California","Federal Government","Education and health services","County, by Supersector -- by ownership sector","All establishment sizes",8,3094,3097,3121,62032695,0,0,1537
"06071",1,"1026",73,0,2013,1,"","San Bernardino County, California","Federal Government","Leisure and hospitality","County, by Supersector -- by ownership sector","All establishment sizes",8,288,292,301,2845701,0,0,745
"06071",1,"1026",73,0,2013,2,"","San Bernardino County, California","Federal Government","Leisure and hospitality","County, by Supersector -- by ownership sector","All establishment sizes",8,296,291,305,3340052,0,0,864
"06071",1,"1026",73,0,2013,3,"","San Bernardino County, California","Federal Government","Leisure and hospitality","County, by Supersector -- by ownership sector","All establishment sizes",8,295,287,293,2924457,0,0,771
"06071",1,"1028",73,0,2013,1,"","San Bernardino County, California","Federal Government","Public administration","County, by Supersector -- by ownership sector","All establishment sizes",52,5717,5699,5628,98701300,0,0,1336
"06071",1,"1028",73,0,2013,2,"","San Bernardino County, California","Federal Government","Public administration","County, by Supersector -- by ownership sector","All establishment sizes",52,5641,5624,5678,99465221,0,0,1355
"06071",1,"1028",73,0,2013,3,"","San Bernardino County, California","Federal Government","Public administration","County, by Supersector -- by ownership sector","All establishment sizes",51,5672,5646,5632,102614781,0,0,1397
"06071",1,"44-45",74,0,2013,1,"","San Bernardino County, California","Federal Government","Retail trade","County, NAICS Sector -- by ownership sector","All establishment sizes",9,1810,1816,1813,11885026,0,0,504
"06071",1,"44-45",74,0,2013,2,"","San Bernardino County, California","Federal Government","Retail trade","County, NAICS Sector -- by ownership sector","All establishment sizes",9,1767,1783,1764,11445636,0,0,497
"06071",1,"44-45",74,0,2013,3,"","San Bernardino County, California","Federal Government","Retail trade","County, NAICS Sector -- by ownership sector","All establishment sizes",9,1790,1787,1776,12310745,0,0,531
"06071",1,"445",75,0,2013,1,"","San Bernardino County, California","Federal Government","Food and beverage stores","County, NAICS 3-digit -- by ownership sector","All establishment sizes",3,107,105,106,1108191,0,0,804
"06071",1,"445",75,0,2013,2,"","San Bernardino County, California","Federal Government","Food and beverage stores","County, NAICS 3-digit -- by ownership sector","All establishment sizes",3,106,104,103,905564,0,0,668
"06071",1,"445",75,0,2013,3,"","San Bernardino County, California","Federal Government","Food and beverage stores","County, NAICS 3-digit -- by ownership sector","All establishment sizes",3,103,102,101,992503,0,0,748
"06071",1,"4451",76,0,2013,1,"","San Bernardino County, California","Federal Government","Grocery stores","County, NAICS 4-digit -- by ownership sector","All establishment sizes",3,107,105,106,1108191,0,0,804
"06071",1,"4451",76,0,2013,2,"","San Bernardino County, California","Federal Government","Grocery stores","County, NAICS 4-digit -- by ownership sector","All establishment sizes",3,106,104,103,905564,0,0,668
"06071",1,"4451",76,0,2013,3,"","San Bernardino County, California","Federal Government","Grocery stores","County, NAICS 4-digit -- by ownership sector","All establishment sizes",3,103,102,101,992503,0,0,748
"06071",1,"44511",77,0,2013,1,"","San Bernardino County, California","Federal Government","Supermarkets and other grocery stores","County, NAICS 5-digit -- by ownership sector","All establishment sizes",3,107,105,106,1108191,0,0,804
"06071",1,"44511",77,0,2013,2,"","San Bernardino County, California","Federal Government","Supermarkets and other grocery stores","County, NAICS 5-digit -- by ownership sector","All establishment sizes",3,106,104,103,905564,0,0,668
"06071",1,"44511",77,0,2013,3,"","San Bernardino County, California","Federal Government","Supermarkets and other grocery stores","County, NAICS 5-digit -- by ownership sector","All establishment sizes",3,103,102,101,992503,0,0,748
"06071",1,"445110",78,0,2013,1,"","San Bernardino County, California","Federal Government","Supermarkets and other grocery stores","County, NAICS 6-digit -- by ownership sector","All establishment sizes",3,107,105,106,1108191,0,0,804
"06071",1,"445110",78,0,2013,2,"","San Bernardino County, California","Federal Government","Supermarkets and other grocery stores","County, NAICS 6-digit -- by ownership sector","All establishment sizes",3,106,104,103,905564,0,0,668
"06071",1,"445110",78,0,2013,3,"","San Bernardino County, California","Federal Government","Supermarkets and other grocery stores","County, NAICS 6-digit -- by ownership sector","All establishment sizes",3,103,102,101,992503,0,0,748
"06071",1,"452",75,0,2013,1,"","San Bernardino County, California","Federal Government","General merchandise stores","County, NAICS 3-digit -- by ownership sector","All establishment sizes",6,1703,1711,1707,10776835,0,0,486
"06071",1,"452",75,0,2013,2,"","San Bernardino County, California","Federal Government","General merchandise stores","County, NAICS 3-digit -- by ownership sector","All establishment sizes",6,1661,1679,1661,10540072,0,0,486
"06071",1,"452",75,0,2013,3,"","San Bernardino County, California","Federal Government","General merchandise stores","County, NAICS 3-digit -- by ownership sector","All establishment sizes",6,1687,1685,1675,11318242,0,0,518
"06071",1,"4521",76,0,2013,1,"","San Bernardino County, California","Federal Government","Department stores","County, NAICS 4-digit -- by ownership sector","All establishment sizes",3,1257,1254,1254,8367076,0,0,513
"06071",1,"4521",76,0,2013,2,"","San Bernardino County, California","Federal Government","Department stores","County, NAICS 4-digit -- by ownership sector","All establishment sizes",3,1211,1242,1231,8030051,0,0,503
"06071",1,"4521",76,0,2013,3,"","San Bernardino County, California","Federal Government","Department stores","County, NAICS 4-digit -- by ownership sector","All establishment sizes",3,1278,1264,1255,9044235,0,0,550
"06071",1,"45211",77,0,2013,1,"","San Bernardino County, California","Federal Government","Department stores","County, NAICS 5-digit -- by ownership sector","All establishment sizes",3,1257,1254,1254,8367076,0,0,513
"06071",1,"45211",77,0,2013,2,"","San Bernardino County, California","Federal Government","Department stores","County, NAICS 5-digit -- by ownership sector","All establishment sizes",3,1211,1242,1231,8030051,0,0,503
"06071",1,"45211",77,0,2013,3,"","San Bernardino County, California","Federal Government","Department stores","County, NAICS 5-digit -- by ownership sector","All establishment sizes",3,1278,1264,1255,9044235,0,0,550
"06071",1,"452111",78,0,2013,1,"","San Bernardino County, California","Federal Government","Department stores, except discount","County, NAICS 6-digit -- by ownership sector","All establishment sizes",3,1257,1254,1254,8367076,0,0,513
"06071",1,"452111",78,0,2013,2,"","San Bernardino County, California","Federal Government","Department stores, except discount","County, NAICS 6-digit -- by ownership sector","All establishment sizes",3,1211,1242,1231,8030051,0,0,503
"06071",1,"452111",78,0,2013,3,"","San Bernardino County, California","Federal Government","Department stores, except discount","County, NAICS 6-digit -- by ownership sector","All establishment sizes",3,1278,1264,1255,9044235,0,0,550
"06071",1,"4529",76,0,2013,1,"","San Bernardino County, California","Federal Government","Other general merchandise stores","County, NAICS 4-digit -- by ownership sector","All establishment sizes",3,446,457,453,2409759,0,0,410
"06071",1,"4529",76,0,2013,2,"","San Bernardino County, California","Federal Government","Other general merchandise stores","County, NAICS 4-digit -- by ownership sector","All establishment sizes",3,450,437,430,2510021,0,0,440
"06071",1,"4529",76,0,2013,3,"","San Bernardino County, California","Federal Government","Other general merchandise stores","County, NAICS 4-digit -- by ownership sector","All establishment sizes",3,409,421,420,2274007,0,0,420
"06071",1,"45291",77,0,2013,1,"","San Bernardino County, California","Federal Government","Warehouse clubs and supercenters","County, NAICS 5-digit -- by ownership sector","All establishment sizes",3,446,457,453,2409759,0,0,410
"06071",1,"45291",77,0,2013,2,"","San Bernardino County, California","Federal Government","Warehouse clubs and supercenters","County, NAICS 5-digit -- by ownership sector","All establishment sizes",3,450,437,430,2510021,0,0,440
"06071",1,"45291",77,0,2013,3,"","San Bernardino County, California","Federal Government","Warehouse clubs and supercenters","County, NAICS 5-digit -- by ownership sector","All establishment sizes",3,409,421,420,2274007,0,0,420
"06071",1,"452910",78,0,2013,1,"","San Bernardino County, California","Federal Government","Warehouse clubs and supercenters","County, NAICS 6-digit -- by ownership sector","All establishment sizes",3,446,457,453,2409759,0,0,410
"06071",1,"452910",78,0,2013,2,"","San Bernardino County, California","Federal Government","Warehouse clubs and supercenters","County, NAICS 6-digit -- by ownership sector","All establishment sizes",3,450,437,430,2510021,0,0,440
"06071",1,"452910",78,0,2013,3,"","San Bernardino County, California","Federal Government","Warehouse clubs and supercenters","County, NAICS 6-digit -- by ownership sector","All establishment sizes",3,409,421,420,2274007,0,0,420
"06071",1,"48-49",74,0,2013,1,"","San Bernardino County, California","Federal Government","Transportation and warehousing","County, NAICS Sector -- by ownership sector","All establishment sizes",66,2607,2579,2546,40843129,0,0,1219
"06071",1,"48-49",74,0,2013,2,"","San Bernardino County, California","Federal Government","Transportation and warehousing","County, NAICS Sector -- by ownership sector","All establishment sizes",66,2609,2569,2551,33418096,0,0,998
"06071",1,"48-49",74,0,2013,3,"","San Bernardino County, California","Federal Government","Transportation and warehousing","County, NAICS Sector -- by ownership sector","All establishment sizes",64,2572,2575,2596,39074078,0,0,1165
"06071",1,"491",75,0,2013,1,"","San Bernardino County, California","Federal Government","Postal service","County, NAICS 3-digit -- by ownership sector","All establishment sizes",66,2607,2579,2546,40843129,0,0,1219
"06071",1,"491",75,0,2013,2,"","San Bernardino County, California","Federal Government","Postal service","County, NAICS 3-digit -- by ownership sector","All establishment sizes",66,2609,2569,2551,33418096,0,0,998
"06071",1,"491",75,0,2013,3,"","San Bernardino County, California","Federal Government","Postal service","County, NAICS 3-digit -- by ownership sector","All establishment sizes",64,2572,2575,2596,39074078,0,0,1165
"06071",1,"4911",76,0,2013,1,"","San Bernardino County, California","Federal Government","Postal service","County, NAICS 4-digit -- by ownership sector","All establishment sizes",66,2607,2579,2546,40843129,0,0,1219
"06071",1,"4911",76,0,2013,2,"","San Bernardino County, California","Federal Government","Postal service","County, NAICS 4-digit -- by ownership sector","All establishment sizes",66,2609,2569,2551,33418096,0,0,998
"06071",1,"4911",76,0,2013,3,"","San Bernardino County, California","Federal Government","Postal service","County, NAICS 4-digit -- by ownership sector","All establishment sizes",64,2572,2575,2596,39074078,0,0,1165
"06071",1,"49111",77,0,2013,1,"","San Bernardino County, California","Federal Government","Postal service","County, NAICS 5-digit -- by ownership sector","All establishment sizes",66,2607,2579,2546,40843129,0,0,1219
"06071",1,"49111",77,0,2013,2,"","San Bernardino County, California","Federal Government","Postal service","County, NAICS 5-digit -- by ownership sector","All establishment sizes",66,2609,2569,2551,33418096,0,0,998
"06071",1,"49111",77,0,2013,3,"","San Bernardino County, California","Federal Government","Postal service","County, NAICS 5-digit -- by ownership sector","All establishment sizes",64,2572,2575,2596,39074078,0,0,1165
"06071",1,"491110",78,0,2013,1,"","San Bernardino County, California","Federal Government","Postal service","County, NAICS 6-digit -- by ownership sector","All establishment sizes",66,2607,2579,2546,40843129,0,0,1219
"06071",1,"491110",78,0,2013,2,"","San Bernardino County, California","Federal Government","Postal service","County, NAICS 6-digit -- by ownership sector","All establishment sizes",66,2609,2569,2551,33418096,0,0,998
"06071",1,"491110",78,0,2013,3,"","San Bernardino County, California","Federal Government","Postal service","County, NAICS 6-digit -- by ownership sector","All establishment sizes",64,2572,2575,2596,39074078,0,0,1165
"06071",1,"54",74,0,2013,1,"","San Bernardino County, California","Federal Government","Professional and technical services","County, NAICS Sector -- by ownership sector","All establishment sizes",7,69,70,68,1324404,0,0,1476
"06071",1,"54",74,0,2013,2,"","San Bernardino County, California","Federal Government","Professional and technical services","County, NAICS Sector -- by ownership sector","All establishment sizes",7,67,66,67,1348170,0,0,1556
"06071",1,"54",74,0,2013,3,"","San Bernardino County, California","Federal Government","Professional and technical services","County, NAICS Sector -- by ownership sector","All establishment sizes",7,68,69,66,1294633,0,0,1472
"06071",1,"541",75,0,2013,1,"","San Bernardino County, California","Federal Government","Professional and technical services","County, NAICS 3-digit -- by ownership sector","All establishment sizes",7,69,70,68,1324404,0,0,1476
"06071",1,"541",75,0,2013,2,"","San Bernardino County, California","Federal Government","Professional and technical services","County, NAICS 3-digit -- by ownership sector","All establishment sizes",7,67,66,67,1348170,0,0,1556
"06071",1,"541",75,0,2013,3,"","San Bernardino County, California","Federal Government","Professional and technical services","County, NAICS 3-digit -- by ownership sector","All establishment sizes",7,68,69,66,1294633,0,0,1472
"06071",1,"5412",76,0,2013,1,"","San Bernardino County, California","Federal Government","Accounting and bookkeeping services","County, NAICS 4-digit -- by ownership sector","All establishment sizes",2,4,4,4,46245,0,0,889
"06071",1,"5412",76,0,2013,2,"","San Bernardino County, California","Federal Government","Accounting and bookkeeping services","County, NAICS 4-digit -- by ownership sector","All establishment sizes",2,4,3,3,44811,0,0,1034
"06071",1,"5412",76,0,2013,3,"","San Bernardino County, California","Federal Government","Accounting and bookkeeping services","County, NAICS 4-digit -- by ownership sector","All establishment sizes",2,4,7,6,60271,0,0,818
"06071",1,"54121",77,0,2013,1,"","San Bernardino County, California","Federal Government","Accounting and bookkeeping services","County, NAICS 5-digit -- by ownership sector","All establishment sizes",2,4,4,4,46245,0,0,889
"06071",1,"54121",77,0,2013,2,"","San Bernardino County, California","Federal Government","Accounting and bookkeeping services","County, NAICS 5-digit -- by ownership sector","All establishment sizes",2,4,3,3,44811,0,0,1034
"06071",1,"54121",77,0,2013,3,"","San Bernardino County, California","Federal Government","Accounting and bookkeeping services","County, NAICS 5-digit -- by ownership sector","All establishment sizes",2,4,7,6,60271,0,0,818
"06071",1,"541211",78,0,2013,1,"","San Bernardino County, California","Federal Government","Offices of certified public accountants","County, NAICS 6-digit -- by ownership sector","All establishment sizes",1,2,2,2,21609,0,0,831
"06071",1,"541211",78,0,2013,2,"","San Bernardino County, California","Federal Government","Offices of certified public accountants","County, NAICS 6-digit -- by ownership sector","All establishment sizes",1,2,1,1,16038,0,0,925
"06071",1,"541211",78,0,2013,3,"","San Bernardino County, California","Federal Government","Offices of certified public accountants","County, NAICS 6-digit -- by ownership sector","All establishment sizes",1,1,2,2,17750,0,0,819
"06071",1,"541219",78,0,2013,1,"","San Bernardino County, California","Federal Government","Other accounting services","County, NAICS 6-digit -- by ownership sector","All establishment sizes",1,2,2,2,24636,0,0,948
"06071",1,"541219",78,0,2013,2,"","San Bernardino County, California","Federal Government","Other accounting services","County, NAICS 6-digit -- by ownership sector","All establishment sizes",1,2,2,2,28773,0,0,1107
"06071",1,"541219",78,0,2013,3,"","San Bernardino County, California","Federal Government","Other accounting services","County, NAICS 6-digit -- by ownership sector","All establishment sizes",1,3,5,4,42521,0,0,818
"06071",1,"5413",76,0,2013,1,"","San Bernardino County, California","Federal Government","Architectural and engineering services","County, NAICS 4-digit -- by ownership sector","All establishment sizes",1,45,45,43,941160,0,0,1633
"06071",1,"5413",76,0,2013,2,"","San Bernardino County, California","Federal Government","Architectural and engineering services","County, NAICS 4-digit -- by ownership sector","All establishment sizes",1,43,41,42,844713,0,0,1547
"06071",1,"5413",76,0,2013,3,"","San Bernardino County, California","Federal Government","Architectural and engineering services","County, NAICS 4-digit -- by ownership sector","All establishment sizes",1,43,41,42,840726,0,0,1540
"06071",1,"54133",77,0,2013,1,"","San Bernardino County, California","Federal Government","Engineering services","County, NAICS 5-digit -- by ownership sector","All establishment sizes",1,45,45,43,941160,0,0,1633
"06071",1,"54133",77,0,2013,2,"","San Bernardino County, California","Federal Government","Engineering services","County, NAICS 5-digit -- by ownership sector","All establishment sizes",1,43,41,42,844713,0,0,1547
"06071",1,"54133",77,0,2013,3,"","San Bernardino County, California","Federal Government","Engineering services","County, NAICS 5-digit -- by ownership sector","All establishment sizes",1,43,41,42,840726,0,0,1540
"06071",1,"541330",78,0,2013,1,"","San Bernardino County, California","Federal Government","Engineering services","County, NAICS 6-digit -- by ownership sector","All establishment sizes",1,45,45,43,941160,0,0,1633
"06071",1,"541330",78,0,2013,2,"","San Bernardino County, California","Federal Government","Engineering services","County, NAICS 6-digit -- by ownership sector","All establishment sizes",1,43,41,42,844713,0,0,1547
"06071",1,"541330",78,0,2013,3,"","San Bernardino County, California","Federal Government","Engineering services","County, NAICS 6-digit -- by ownership sector","All establishment sizes",1,43,41,42,840726,0,0,1540
"06071",1,"5415",76,0,2013,1,"","San Bernardino County, California","Federal Government","Computer systems design and related services","County, NAICS 4-digit -- by ownership sector","All establishment sizes",1,2,2,2,25738,0,0,990
"06071",1,"5415",76,0,2013,2,"","San Bernardino County, California","Federal Government","Computer systems design and related services","County, NAICS 4-digit -- by ownership sector","All establishment sizes",1,2,2,2,29462,0,0,1133
"06071",1,"5415",76,0,2013,3,"","San Bernardino County, California","Federal Government","Computer systems design and related services","County, NAICS 4-digit -- by ownership sector","All establishment sizes",1,2,2,2,25253,0,0,971
"06071",1,"54151",77,0,2013,1,"","San Bernardino County, California","Federal Government","Computer systems design and related services","County, NAICS 5-digit -- by ownership sector","All establishment sizes",1,2,2,2,25738,0,0,990
"06071",1,"54151",77,0,2013,2,"","San Bernardino County, California","Federal Government","Computer systems design and related services","County, NAICS 5-digit -- by ownership sector","All establishment sizes",1,2,2,2,29462,0,0,1133
"06071",1,"54151",77,0,2013,3,"","San Bernardino County, California","Federal Government","Computer systems design and related services","County, NAICS 5-digit -- by ownership sector","All establishment sizes",1,2,2,2,25253,0,0,971
"06071",1,"541513",78,0,2013,1,"","San Bernardino County, California","Federal Government","Computer facilities management services","County, NAICS 6-digit -- by ownership sector","All establishment sizes",1,2,2,2,25738,0,0,990
"06071",1,"541513",78,0,2013,2,"","San Bernardino County, California","Federal Government","Computer facilities management services","County, NAICS 6-digit -- by ownership sector","All establishment sizes",1,2,2,2,29462,0,0,1133
"06071",1,"541513",78,0,2013,3,"","San Bernardino County, California","Federal Government","Computer facilities management services","County, NAICS 6-digit -- by ownership sector","All establishment sizes",1,2,2,2,25253,0,0,971
"06071",1,"5416",76,0,2013,1,"","San Bernardino County, California","Federal Government","Management and technical consulting services","County, NAICS 4-digit -- by ownership sector","All establishment sizes",1,0,0,0,0,0,0,0
"06071",1,"5416",76,0,2013,2,"","San Bernardino County, California","Federal Government","Management and technical consulting services","County, NAICS 4-digit -- by ownership sector","All establishment sizes",1,0,0,0,0,0,0,0
"06071",1,"5416",76,0,2013,3,"","San Bernardino County, California","Federal Government","Management and technical consulting services","County, NAICS 4-digit -- by ownership sector","All establishment sizes",1,0,0,0,0,0,0,0
"06071",1,"54161",77,0,2013,1,"","San Bernardino County, California","Federal Government","Management consulting services","County, NAICS 5-digit -- by ownership sector","All establishment sizes",1,0,0,0,0,0,0,0
"06071",1,"54161",77,0,2013,2,"","San Bernardino County, California","Federal Government","Management consulting services","County, NAICS 5-digit -- by ownership sector","All establishment sizes",1,0,0,0,0,0,0,0
"06071",1,"54161",77,0,2013,3,"","San Bernardino County, California","Federal Government","Management consulting services","County, NAICS 5-digit -- by ownership sector","All establishment sizes",1,0,0,0,0,0,0,0
"06071",1,"541611",78,0,2013,1,"","San Bernardino County, California","Federal Government","Administrative management consulting services","County, NAICS 6-digit -- by ownership sector","All establishment sizes",1,0,0,0,0,0,0,0
"06071",1,"541611",78,0,2013,2,"","San Bernardino County, California","Federal Government","Administrative management consulting services","County, NAICS 6-digit -- by ownership sector","All establishment sizes",1,0,0,0,0,0,0,0
"06071",1,"541611",78,0,2013,3,"","San Bernardino County, California","Federal Government","Administrative management consulting services","County, NAICS 6-digit -- by ownership sector","All establishment sizes",1,0,0,0,0,0,0,0
"06071",1,"5417",76,0,2013,1,"","San Bernardino County, California","Federal Government","Scientific research and development services","County, NAICS 4-digit -- by ownership sector","All establishment sizes",1,16,16,16,296793,0,0,1427
"06071",1,"5417",76,0,2013,2,"","San Bernardino County, California","Federal Government","Scientific research and development services","County, NAICS 4-digit -- by ownership sector","All establishment sizes",1,17,16,16,407350,0,0,1918
"06071",1,"5417",76,0,2013,3,"","San Bernardino County, California","Federal Government","Scientific research and development services","County, NAICS 4-digit -- by ownership sector","All establishment sizes",1,16,16,16,357376,0,0,1718
"06071",1,"54171",77,0,2013,1,"","San Bernardino County, California","Federal Government","Physical, engineering and biological research","County, NAICS 5-digit -- by ownership sector","All establishment sizes",1,16,16,16,296793,0,0,1427
"06071",1,"54171",77,0,2013,2,"","San Bernardino County, California","Federal Government","Physical, engineering and biological research","County, NAICS 5-digit -- by ownership sector","All establishment sizes",1,17,16,16,407350,0,0,1918
"06071",1,"54171",77,0,2013,3,"","San Bernardino County, California","Federal Government","Physical, engineering and biological research","County, NAICS 5-digit -- by ownership sector","All establishment sizes",1,16,16,16,357376,0,0,1718
"06071",1,"541712",78,0,2013,1,"","San Bernardino County, California","Federal Government","Other physical and biological research","County, NAICS 6-digit -- by ownership sector","All establishment sizes",1,16,16,16,296793,0,0,1427
"06071",1,"541712",78,0,2013,2,"","San Bernardino County, California","Federal Government","Other physical and biological research","County, NAICS 6-digit -- by ownership sector","All establishment sizes",1,17,16,16,407350,0,0,1918
"06071",1,"541712",78,0,2013,3,"","San Bernardino County, California","Federal Government","Other physical and biological research","County, NAICS 6-digit -- by ownership sector","All establishment sizes",1,16,16,16,357376,0,0,1718
"06071",1,"5419",76,0,2013,1,"","San Bernardino County, California","Federal Government","Other professional and technical services","County, NAICS 4-digit -- by ownership sector","All establishment sizes",1,2,3,3,14468,0,0,417
"06071",1,"5419",76,0,2013,2,"","San Bernardino County, California","Federal Government","Other professional and technical services","County, NAICS 4-digit -- by ownership sector","All establishment sizes",1,1,4,4,21834,0,0,560
"06071",1,"5419",76,0,2013,3,"","San Bernardino County, California","Federal Government","Other professional and technical services","County, NAICS 4-digit -- by ownership sector","All establishment sizes",1,3,3,0,11007,0,0,423
"06071",1,"54194",77,0,2013,1,"","San Bernardino County, California","Federal Government","Veterinary services","County, NAICS 5-digit -- by ownership sector","All establishment sizes",1,2,3,3,14468,0,0,417
"06071",1,"54194",77,0,2013,2,"","San Bernardino County, California","Federal Government","Veterinary services","County, NAICS 5-digit -- by ownership sector","All establishment sizes",1,1,4,4,21834,0,0,560
"06071",1,"54194",77,0,2013,3,"","San Bernardino County, California","Federal Government","Veterinary services","County, NAICS 5-digit -- by ownership sector","All establishment sizes",1,3,3,0,11007,0,0,423
"06071",1,"541940",78,0,2013,1,"","San Bernardino County, California","Federal Government","Veterinary services","County, NAICS 6-digit -- by ownership sector","All establishment sizes",1,2,3,3,14468,0,0,417
"06071",1,"541940",78,0,2013,2,"","San Bernardino County, California","Federal Government","Veterinary services","County, NAICS 6-digit -- by ownership sector","All establishment sizes",1,1,4,4,21834,0,0,560
"06071",1,"541940",78,0,2013,3,"","San Bernardino County, California","Federal Government","Veterinary services","County, NAICS 6-digit -- by ownership sector","All establishment sizes",1,3,3,0,11007,0,0,423
"06071",1,"61",74,0,2013,1,"","San Bernardino County, California","Federal Government","Educational services","County, NAICS Sector -- by ownership sector","All establishment sizes",1,7,7,6,73119,0,0,844
"06071",1,"61",74,0,2013,2,"","San Bernardino County, California","Federal Government","Educational services","County, NAICS Sector -- by ownership sector","All establishment sizes",1,6,7,7,90297,0,0,1042
"06071",1,"61",74,0,2013,3,"","San Bernardino County, California","Federal Government","Educational services","County, NAICS Sector -- by ownership sector","All establishment sizes",1,7,7,8,74302,0,0,779
"06071",1,"611",75,0,2013,1,"","San Bernardino County, California","Federal Government","Educational services","County, NAICS 3-digit -- by ownership sector","All establishment sizes",1,7,7,6,73119,0,0,844
"06071",1,"611",75,0,2013,2,"","San Bernardino County, California","Federal Government","Educational services","County, NAICS 3-digit -- by ownership sector","All establishment sizes",1,6,7,7,90297,0,0,1042
"06071",1,"611",75,0,2013,3,"","San Bernardino County, California","Federal Government","Educational services","County, NAICS 3-digit -- by ownership sector","All establishment sizes",1,7,7,8,74302,0,0,779
"06071",1,"6116",76,0,2013,1,"","San Bernardino County, California","Federal Government","Other schools and instruction","County, NAICS 4-digit -- by ownership sector","All establishment sizes",1,7,7,6,73119,0,0,844
"06071",1,"6116",76,0,2013,2,"","San Bernardino County, California","Federal Government","Other schools and instruction","County, NAICS 4-digit -- by ownership sector","All establishment sizes",1,6,7,7,90297,0,0,1042
"06071",1,"6116",76,0,2013,3,"","San Bernardino County, California","Federal Government","Other schools and instruction","County, NAICS 4-digit -- by ownership sector","All establishment sizes",1,7,7,8,74302,0,0,779
"06071",1,"61169",77,0,2013,1,"","San Bernardino County, California","Federal Government","All other schools and instruction","County, NAICS 5-digit -- by ownership sector","All establishment sizes",1,7,7,6,73119,0,0,844
"06071",1,"61169",77,0,2013,2,"","San Bernardino County, California","Federal Government","All other schools and instruction","County, NAICS 5-digit -- by ownership sector","All establishment sizes",1,6,7,7,90297,0,0,1042
"06071",1,"61169",77,0,2013,3,"","San Bernardino County, California","Federal Government","All other schools and instruction","County, NAICS 5-digit -- by ownership sector","All establishment sizes",1,7,7,8,74302,0,0,779
"06071",1,"611699",78,0,2013,1,"","San Bernardino County, California","Federal Government","Miscellaneous schools and instruction","County, NAICS 6-digit -- by ownership sector","All establishment sizes",1,7,7,6,73119,0,0,844
"06071",1,"611699",78,0,2013,2,"","San Bernardino County, California","Federal Government","Miscellaneous schools and instruction","County, NAICS 6-digit -- by ownership sector","All establishment sizes",1,6,7,7,90297,0,0,1042
"06071",1,"611699",78,0,2013,3,"","San Bernardino County, California","Federal Government","Miscellaneous schools and instruction","County, NAICS 6-digit -- by ownership sector","All establishment sizes",1,7,7,8,74302,0,0,779
"06071",1,"62",74,0,2013,1,"","San Bernardino County, California","Federal Government","Health care and social assistance","County, NAICS Sector -- by ownership sector","All establishment sizes",7,3081,3088,3087,62393185,0,0,1556
"06071",1,"62",74,0,2013,2,"","San Bernardino County, California","Federal Government","Health care and social assistance","County, NAICS Sector -- by ownership sector","All establishment sizes",7,3078,3078,3076,54814746,0,0,1370
"06071",1,"62",74,0,2013,3,"","San Bernardino County, California","Federal Government","Health care and social assistance","County, NAICS Sector -- by ownership sector","All establishment sizes",7,3087,3090,3113,61958393,0,0,1539
"06071",1,"621",75,0,2013,1,"","San Bernardino County, California","Federal Government","Ambulatory health care services","County, NAICS 3-digit -- by ownership sector","All establishment sizes",1,5,5,5,138844,0,0,2136
"06071",1,"621",75,0,2013,2,"","San Bernardino County, California","Federal Government","Ambulatory health care services","County, NAICS 3-digit -- by ownership sector","All establishment sizes",1,5,5,5,118459,0,0,1822
"06071",1,"621",75,0,2013,3,"","San Bernardino County, California","Federal Government","Ambulatory health care services","County, NAICS 3-digit -- by ownership sector","All establishment sizes",1,5,5,5,126136,0,0,1941
"06071",1,"6214",76,0,2013,1,"","San Bernardino County, California","Federal Government","Outpatient care centers","County, NAICS 4-digit -- by ownership sector","All establishment sizes",1,5,5,5,138844,0,0,2136
"06071",1,"6214",76,0,2013,2,"","San Bernardino County, California","Federal Government","Outpatient care centers","County, NAICS 4-digit -- by ownership sector","All establishment sizes",1,5,5,5,118459,0,0,1822
"06071",1,"6214",76,0,2013,3,"","San Bernardino County, California","Federal Government","Outpatient care centers","County, NAICS 4-digit -- by ownership sector","All establishment sizes",1,5,5,5,126136,0,0,1941
"06071",1,"62149",77,0,2013,1,"","San Bernardino County, California","Federal Government","Other outpatient care centers","County, NAICS 5-digit -- by ownership sector","All establishment sizes",1,5,5,5,138844,0,0,2136
"06071",1,"62149",77,0,2013,2,"","San Bernardino County, California","Federal Government","Other outpatient care centers","County, NAICS 5-digit -- by ownership sector","All establishment sizes",1,5,5,5,118459,0,0,1822
"06071",1,"62149",77,0,2013,3,"","San Bernardino County, California","Federal Government","Other outpatient care centers","County, NAICS 5-digit -- by ownership sector","All establishment sizes",1,5,5,5,126136,0,0,1941
"06071",1,"621493",78,0,2013,1,"","San Bernardino County, California","Federal Government","Freestanding emergency medical centers","County, NAICS 6-digit -- by ownership sector","All establishment sizes",1,5,5,5,138844,0,0,2136
"06071",1,"621493",78,0,2013,2,"","San Bernardino County, California","Federal Government","Freestanding emergency medical centers","County, NAICS 6-digit -- by ownership sector","All establishment sizes",1,5,5,5,118459,0,0,1822
"06071",1,"621493",78,0,2013,3,"","San Bernardino County, California","Federal Government","Freestanding emergency medical centers","County, NAICS 6-digit -- by ownership sector","All establishment sizes",1,5,5,5,126136,0,0,1941
"06071",1,"622",75,0,2013,1,"","San Bernardino County, California","Federal Government","Hospitals","County, NAICS 3-digit -- by ownership sector","All establishment sizes",3,2992,2997,2997,61677696,0,0,1584
"06071",1,"622",75,0,2013,2,"","San Bernardino County, California","Federal Government","Hospitals","County, NAICS 3-digit -- by ownership sector","All establishment sizes",3,2986,2992,2988,53975489,0,0,1389
"06071",1,"622",75,0,2013,3,"","San Bernardino County, California","Federal Government","Hospitals","County, NAICS 3-digit -- by ownership sector","All establishment sizes",3,2999,3002,3018,61233054,0,0,1567
"06071",1,"6221",76,0,2013,1,"","San Bernardino County, California","Federal Government","General medical and surgical hospitals","County, NAICS 4-digit -- by ownership sector","All establishment sizes",3,2992,2997,2997,61677696,0,0,1584
"06071",1,"6221",76,0,2013,2,"","San Bernardino County, California","Federal Government","General medical and surgical hospitals","County, NAICS 4-digit -- by ownership sector","All establishment sizes",3,2986,2992,2988,53975489,0,0,1389
"06071",1,"6221",76,0,2013,3,"","San Bernardino County, California","Federal Government","General medical and surgical hospitals","County, NAICS 4-digit -- by ownership sector","All establishment sizes",3,2999,3002,3018,61233054,0,0,1567
"06071",1,"62211",77,0,2013,1,"","San Bernardino County, California","Federal Government","General medical and surgical hospitals","County, NAICS 5-digit -- by ownership sector","All establishment sizes",3,2992,2997,2997,61677696,0,0,1584
"06071",1,"62211",77,0,2013,2,"","San Bernardino County, California","Federal Government","General medical and surgical hospitals","County, NAICS 5-digit -- by ownership sector","All establishment sizes",3,2986,2992,2988,53975489,0,0,1389
"06071",1,"62211",77,0,2013,3,"","San Bernardino County, California","Federal Government","General medical and surgical hospitals","County, NAICS 5-digit -- by ownership sector","All establishment sizes",3,2999,3002,3018,61233054,0,0,1567
"06071",1,"622110",78,0,2013,1,"","San Bernardino County, California","Federal Government","General medical and surgical hospitals","County, NAICS 6-digit -- by ownership sector","All establishment sizes",3,2992,2997,2997,61677696,0,0,1584
"06071",1,"622110",78,0,2013,2,"","San Bernardino County, California","Federal Government","General medical and surgical hospitals","County, NAICS 6-digit -- by ownership sector","All establishment sizes",3,2986,2992,2988,53975489,0,0,1389
"06071",1,"622110",78,0,2013,3,"","San Bernardino County, California","Federal Government","General medical and surgical hospitals","County, NAICS 6-digit -- by ownership sector","All establishment sizes",3,2999,3002,3018,61233054,0,0,1567
"06071",1,"624",75,0,2013,1,"","San Bernardino County, California","Federal Government","Social assistance","County, NAICS 3-digit -- by ownership sector","All establishment sizes",3,84,86,85,576645,0,0,522
"06071",1,"624",75,0,2013,2,"","San Bernardino County, California","Federal Government","Social assistance","County, NAICS 3-digit -- by ownership sector","All establishment sizes",3,87,81,83,720798,0,0,663
"06071",1,"624",75,0,2013,3,"","San Bernardino County, California","Federal Government","Social assistance","County, NAICS 3-digit -- by ownership sector","All establishment sizes",3,83,83,90,599203,0,0,540
"06071",1,"6241",76,0,2013,1,"","San Bernardino County, California","Federal Government","Individual and family services","County, NAICS 4-digit -- by ownership sector","All establishment sizes",2,24,24,24,176947,0,0,567
"06071",1,"6241",76,0,2013,2,"","San Bernardino County, California","Federal Government","Individual and family services","County, NAICS 4-digit -- by ownership sector","All establishment sizes",2,24,21,24,222413,0,0,744
"06071",1,"6241",76,0,2013,3,"","San Bernardino County, California","Federal Government","Individual and family services","County, NAICS 4-digit -- by ownership sector","All establishment sizes",2,24,23,27,185701,0,0,579
"06071",1,"62411",77,0,2013,1,"","San Bernardino County, California","Federal Government","Child and youth services","County, NAICS 5-digit -- by ownership sector","All establishment sizes",1,18,18,18,111626,0,0,477
"06071",1,"62411",77,0,2013,2,"","San Bernardino County, California","Federal Government","Child and youth services","County, NAICS 5-digit -- by ownership sector","All establishment sizes",1,18,15,18,150632,0,0,682
"06071",1,"62411",77,0,2013,3,"","San Bernardino County, California","Federal Government","Child and youth services","County, NAICS 5-digit -- by ownership sector","All establishment sizes",1,18,18,22,131366,0,0,523
"06071",1,"624110",78,0,2013,1,"","San Bernardino County, California","Federal Government","Child and youth services","County, NAICS 6-digit -- by ownership sector","All establishment sizes",1,18,18,18,111626,0,0,477
"06071",1,"624110",78,0,2013,2,"","San Bernardino County, California","Federal Government","Child and youth services","County, NAICS 6-digit -- by ownership sector","All establishment sizes",1,18,15,18,150632,0,0,682
"06071",1,"624110",78,0,2013,3,"","San Bernardino County, California","Federal Government","Child and youth services","County, NAICS 6-digit -- by ownership sector","All establishment sizes",1,18,18,22,131366,0,0,523
"06071",1,"62419",77,0,2013,1,"","San Bernardino County, California","Federal Government","Other individual and family services","County, NAICS 5-digit -- by ownership sector","All establishment sizes",1,6,6,6,65321,0,0,837
"06071",1,"62419",77,0,2013,2,"","San Bernardino County, California","Federal Government","Other individual and family services","County, NAICS 5-digit -- by ownership sector","All establishment sizes",1,6,6,6,71781,0,0,920
"06071",1,"62419",77,0,2013,3,"","San Bernardino County, California","Federal Government","Other individual and family services","County, NAICS 5-digit -- by ownership sector","All establishment sizes",1,6,5,5,54335,0,0,784
"06071",1,"624190",78,0,2013,1,"","San Bernardino County, California","Federal Government","Other individual and family services","County, NAICS 6-digit -- by ownership sector","All establishment sizes",1,6,6,6,65321,0,0,837
"06071",1,"624190",78,0,2013,2,"","San Bernardino County, California","Federal Government","Other individual and family services","County, NAICS 6-digit -- by ownership sector","All establishment sizes",1,6,6,6,71781,0,0,920
"06071",1,"624190",78,0,2013,3,"","San Bernardino County, California","Federal Government","Other individual and family services","County, NAICS 6-digit -- by ownership sector","All establishment sizes",1,6,5,5,54335,0,0,784
"06071",1,"6244",76,0,2013,1,"","San Bernardino County, California","Federal Government","Child day care services","County, NAICS 4-digit -- by ownership sector","All establishment sizes",1,60,62,61,399698,0,0,504
"06071",1,"6244",76,0,2013,2,"","San Bernardino County, California","Federal Government","Child day care services","County, NAICS 4-digit -- by ownership sector","All establishment sizes",1,63,60,59,498385,0,0,632
"06071",1,"6244",76,0,2013,3,"","San Bernardino County, California","Federal Government","Child day care services","County, NAICS 4-digit -- by ownership sector","All establishment sizes",1,59,60,63,413502,0,0,524
"06071",1,"62441",77,0,2013,1,"","San Bernardino County, California","Federal Government","Child day care services","County, NAICS 5-digit -- by ownership sector","All establishment sizes",1,60,62,61,399698,0,0,504
"06071",1,"62441",77,0,2013,2,"","San Bernardino County, California","Federal Government","Child day care services","County, NAICS 5-digit -- by ownership sector","All establishment sizes",1,63,60,59,498385,0,0,632
"06071",1,"62441",77,0,2013,3,"","San Bernardino County, California","Federal Government","Child day care services","County, NAICS 5-digit -- by ownership sector","All establishment sizes",1,59,60,63,413502,0,0,524
"06071",1,"624410",78,0,2013,1,"","San Bernardino County, California","Federal Government","Child day care services","County, NAICS 6-digit -- by ownership sector","All establishment sizes",1,60,62,61,399698,0,0,504
"06071",1,"624410",78,0,2013,2,"","San Bernardino County, California","Federal Government","Child day care services","County, NAICS 6-digit -- by ownership sector","All establishment sizes",1,63,60,59,498385,0,0,632
"06071",1,"624410",78,0,2013,3,"","San Bernardino County, California","Federal Government","Child day care services","County, NAICS 6-digit -- by ownership sector","All establishment sizes",1,59,60,63,413502,0,0,524
"06071",1,"71",74,0,2013,1,"","San Bernardino County, California","Federal Government","Arts, entertainment, and recreation","County, NAICS Sector -- by ownership sector","All establishment sizes",6,228,229,238,2584135,0,0,858
"06071",1,"71",74,0,2013,2,"","San Bernardino County, California","Federal Government","Arts, entertainment, and recreation","County, NAICS Sector -- by ownership sector","All establishment sizes",6,235,231,240,3022020,0,0,988
"06071",1,"71",74,0,2013,3,"","San Bernardino County, California","Federal Government","Arts, entertainment, and recreation","County, NAICS Sector -- by ownership sector","All establishment sizes",6,237,239,241,2719833,0,0,875
"06071",1,"712",75,0,2013,1,"","San Bernardino County, California","Federal Government","Museums, historical sites, zoos, and parks","County, NAICS 3-digit -- by ownership sector","All establishment sizes",3,156,158,163,2023749,0,0,979
"06071",1,"712",75,0,2013,2,"","San Bernardino County, California","Federal Government","Museums, historical sites, zoos, and parks","County, NAICS 3-digit -- by ownership sector","All establishment sizes",3,160,162,161,2327235,0,0,1112
"06071",1,"712",75,0,2013,3,"","San Bernardino County, California","Federal Government","Museums, historical sites, zoos, and parks","County, NAICS 3-digit -- by ownership sector","All establishment sizes",3,159,156,157,2089150,0,0,1021
"06071",1,"7121",76,0,2013,1,"","San Bernardino County, California","Federal Government","Museums, historical sites, zoos, and parks","County, NAICS 4-digit -- by ownership sector","All establishment sizes",3,156,158,163,2023749,0,0,979
"06071",1,"7121",76,0,2013,2,"","San Bernardino County, California","Federal Government","Museums, historical sites, zoos, and parks","County, NAICS 4-digit -- by ownership sector","All establishment sizes",3,160,162,161,2327235,0,0,1112
"06071",1,"7121",76,0,2013,3,"","San Bernardino County, California","Federal Government","Museums, historical sites, zoos, and parks","County, NAICS 4-digit -- by ownership sector","All establishment sizes",3,159,156,157,2089150,0,0,1021
"06071",1,"71219",77,0,2013,1,"","San Bernardino County, California","Federal Government","Nature parks and other similar institutions","County, NAICS 5-digit -- by ownership sector","All establishment sizes",3,156,158,163,2023749,0,0,979
"06071",1,"71219",77,0,2013,2,"","San Bernardino County, California","Federal Government","Nature parks and other similar institutions","County, NAICS 5-digit -- by ownership sector","All establishment sizes",3,160,162,161,2327235,0,0,1112
"06071",1,"71219",77,0,2013,3,"","San Bernardino County, California","Federal Government","Nature parks and other similar institutions","County, NAICS 5-digit -- by ownership sector","All establishment sizes",3,159,156,157,2089150,0,0,1021
"06071",1,"712190",78,0,2013,1,"","San Bernardino County, California","Federal Government","Nature parks and other similar institutions","County, NAICS 6-digit -- by ownership sector","All establishment sizes",3,156,158,163,2023749,0,0,979
"06071",1,"712190",78,0,2013,2,"","San Bernardino County, California","Federal Government","Nature parks and other similar institutions","County, NAICS 6-digit -- by ownership sector","All establishment sizes",3,160,162,161,2327235,0,0,1112
"06071",1,"712190",78,0,2013,3,"","San Bernardino County, California","Federal Government","Nature parks and other similar institutions","County, NAICS 6-digit -- by ownership sector","All establishment sizes",3,159,156,157,2089150,0,0,1021
"06071",1,"713",75,0,2013,1,"","San Bernardino County, California","Federal Government","Amusements, gambling, and recreation","County, NAICS 3-digit -- by ownership sector","All establishment sizes",3,72,71,75,560386,0,0,593
"06071",1,"713",75,0,2013,2,"","San Bernardino County, California","Federal Government","Amusements, gambling, and recreation","County, NAICS 3-digit -- by ownership sector","All establishment sizes",3,75,69,79,694785,0,0,719
"06071",1,"713",75,0,2013,3,"","San Bernardino County, California","Federal Government","Amusements, gambling, and recreation","County, NAICS 3-digit -- by ownership sector","All establishment sizes",3,78,83,84,630683,0,0,594
"06071",1,"7139",76,0,2013,1,"","San Bernardino County, California","Federal Government","Other amusement and recreation industries","County, NAICS 4-digit -- by ownership sector","All establishment sizes",3,72,71,75,560386,0,0,593
"06071",1,"7139",76,0,2013,2,"","San Bernardino County, California","Federal Government","Other amusement and recreation industries","County, NAICS 4-digit -- by ownership sector","All establishment sizes",3,75,69,79,694785,0,0,719
"06071",1,"7139",76,0,2013,3,"","San Bernardino County, California","Federal Government","Other amusement and recreation industries","County, NAICS 4-digit -- by ownership sector","All establishment sizes",3,78,83,84,630683,0,0,594
"06071",1,"71394",77,0,2013,1,"","San Bernardino County, California","Federal Government","Fitness and recreational sports centers","County, NAICS 5-digit -- by ownership sector","All establishment sizes",1,12,11,12,58282,0,0,384
"06071",1,"71394",77,0,2013,2,"","San Bernardino County, California","Federal Government","Fitness and recreational sports centers","County, NAICS 5-digit -- by ownership sector","All establishment sizes",1,11,11,11,72490,0,0,507
"06071",1,"71394",77,0,2013,3,"","San Bernardino County, California","Federal Government","Fitness and recreational sports centers","County, NAICS 5-digit -- by ownership sector","All establishment sizes",1,12,14,16,73643,0,0,405
"06071",1,"713940",78,0,2013,1,"","San Bernardino County, California","Federal Government","Fitness and recreational sports centers","County, NAICS 6-digit -- by ownership sector","All establishment sizes",1,12,11,12,58282,0,0,384
"06071",1,"713940",78,0,2013,2,"","San Bernardino County, California","Federal Government","Fitness and recreational sports centers","County, NAICS 6-digit -- by ownership sector","All establishment sizes",1,11,11,11,72490,0,0,507
"06071",1,"713940",78,0,2013,3,"","San Bernardino County, California","Federal Government","Fitness and recreational sports centers","County, NAICS 6-digit -- by ownership sector","All establishment sizes",1,12,14,16,73643,0,0,405
"06071",1,"71395",77,0,2013,1,"","San Bernardino County, California","Federal Government","Bowling centers","County, NAICS 5-digit -- by ownership sector","All establishment sizes",1,17,15,16,85405,0,0,411
"06071",1,"71395",77,0,2013,2,"","San Bernardino County, California","Federal Government","Bowling centers","County, NAICS 5-digit -- by ownership sector","All establishment sizes",1,16,14,18,89211,0,0,429
"06071",1,"71395",77,0,2013,3,"","San Bernardino County, California","Federal Government","Bowling centers","County, NAICS 5-digit -- by ownership sector","All establishment sizes",1,17,18,17,74584,0,0,331
"06071",1,"713950",78,0,2013,1,"","San Bernardino County, California","Federal Government","Bowling centers","County, NAICS 6-digit -- by ownership sector","All establishment sizes",1,17,15,16,85405,0,0,411
"06071",1,"713950",78,0,2013,2,"","San Bernardino County, California","Federal Government","Bowling centers","County, NAICS 6-digit -- by ownership sector","All establishment sizes",1,16,14,18,89211,0,0,429
"06071",1,"713950",78,0,2013,3,"","San Bernardino County, California","Federal Government","Bowling centers","County, NAICS 6-digit -- by ownership sector","All establishment sizes",1,17,18,17,74584,0,0,331
"06071",1,"71399",77,0,2013,1,"","San Bernardino County, California","Federal Government","All other amusement and recreation industries","County, NAICS 5-digit -- by ownership sector","All establishment sizes",1,43,45,47,416699,0,0,712
"06071",1,"71399",77,0,2013,2,"","San Bernardino County, California","Federal Government","All other amusement and recreation industries","County, NAICS 5-digit -- by ownership sector","All establishment sizes",1,48,44,50,533084,0,0,866
"06071",1,"71399",77,0,2013,3,"","San Bernardino County, California","Federal Government","All other amusement and recreation industries","County, NAICS 5-digit -- by ownership sector","All establishment sizes",1,49,51,51,482456,0,0,737
"06071",1,"713990",78,0,2013,1,"","San Bernardino County, California","Federal Government","All other amusement and recreation industries","County, NAICS 6-digit -- by ownership sector","All establishment sizes",1,43,45,47,416699,0,0,712
"06071",1,"713990",78,0,2013,2,"","San Bernardino County, California","Federal Government","All other amusement and recreation industries","County, NAICS 6-digit -- by ownership sector","All establishment sizes",1,48,44,50,533084,0,0,866
"06071",1,"713990",78,0,2013,3,"","San Bernardino County, California","Federal Government","All other amusement and recreation industries","County, NAICS 6-digit -- by ownership sector","All establishment sizes",1,49,51,51,482456,0,0,737
"06071",1,"72",74,0,2013,1,"","San Bernardino County, California","Federal Government","Accommodation and food services","County, NAICS Sector -- by ownership sector","All establishment sizes",2,60,63,63,261566,0,0,325
"06071",1,"72",74,0,2013,2,"","San Bernardino County, California","Federal Government","Accommodation and food services","County, NAICS Sector -- by ownership sector","All establishment sizes",2,61,60,65,318032,0,0,395
"06071",1,"72",74,0,2013,3,"","San Bernardino County, California","Federal Government","Accommodation and food services","County, NAICS Sector -- by ownership sector","All establishment sizes",2,58,48,52,204624,0,0,299
"06071",1,"721",75,0,2013,1,"","San Bernardino County, California","Federal Government","Accommodation","County, NAICS 3-digit -- by ownership sector","All establishment sizes",1,0,0,0,0,0,0,0
"06071",1,"721",75,0,2013,2,"","San Bernardino County, California","Federal Government","Accommodation","County, NAICS 3-digit -- by ownership sector","All establishment sizes",1,0,0,0,0,0,0,0
"06071",1,"721",75,0,2013,3,"","San Bernardino County, California","Federal Government","Accommodation","County, NAICS 3-digit -- by ownership sector","All establishment sizes",1,0,0,0,0,0,0,0
"06071",1,"7211",76,0,2013,1,"","San Bernardino County, California","Federal Government","Traveler accommodation","County, NAICS 4-digit -- by ownership sector","All establishment sizes",1,0,0,0,0,0,0,0
"06071",1,"7211",76,0,2013,2,"","San Bernardino County, California","Federal Government","Traveler accommodation","County, NAICS 4-digit -- by ownership sector","All establishment sizes",1,0,0,0,0,0,0,0
"06071",1,"7211",76,0,2013,3,"","San Bernardino County, California","Federal Government","Traveler accommodation","County, NAICS 4-digit -- by ownership sector","All establishment sizes",1,0,0,0,0,0,0,0
"06071",1,"72111",77,0,2013,1,"","San Bernardino County, California","Federal Government","Hotels and motels, except casino hotels","County, NAICS 5-digit -- by ownership sector","All establishment sizes",1,0,0,0,0,0,0,0
"06071",1,"72111",77,0,2013,2,"","San Bernardino County, California","Federal Government","Hotels and motels, except casino hotels","County, NAICS 5-digit -- by ownership sector","All establishment sizes",1,0,0,0,0,0,0,0
"06071",1,"72111",77,0,2013,3,"","San Bernardino County, California","Federal Government","Hotels and motels, except casino hotels","County, NAICS 5-digit -- by ownership sector","All establishment sizes",1,0,0,0,0,0,0,0
"06071",1,"721110",78,0,2013,1,"","San Bernardino County, California","Federal Government","Hotels and motels, except casino hotels","County, NAICS 6-digit -- by ownership sector","All establishment sizes",1,0,0,0,0,0,0,0
"06071",1,"721110",78,0,2013,2,"","San Bernardino County, California","Federal Government","Hotels and motels, except casino hotels","County, NAICS 6-digit -- by ownership sector","All establishment sizes",1,0,0,0,0,0,0,0
"06071",1,"721110",78,0,2013,3,"","San Bernardino County, California","Federal Government","Hotels and motels, except casino hotels","County, NAICS 6-digit -- by ownership sector","All establishment sizes",1,0,0,0,0,0,0,0
"06071",1,"722",75,0,2013,1,"","San Bernardino County, California","Federal Government","Food services and drinking places","County, NAICS 3-digit -- by ownership sector","All establishment sizes",1,60,63,63,261566,0,0,325
"06071",1,"722",75,0,2013,2,"","San Bernardino County, California","Federal Government","Food services and drinking places","County, NAICS 3-digit -- by ownership sector","All establishment sizes",1,61,60,65,318032,0,0,395
"06071",1,"722",75,0,2013,3,"","San Bernardino County, California","Federal Government","Food services and drinking places","County, NAICS 3-digit -- by ownership sector","All establishment sizes",1,58,48,52,204624,0,0,299
"06071",1,"7225",76,0,2013,1,"","San Bernardino County, California","Federal Government","Restaurants","County, NAICS 4-digit -- by ownership sector","All establishment sizes",1,60,63,63,261566,0,0,325
"06071",1,"7225",76,0,2013,2,"","San Bernardino County, California","Federal Government","Restaurants","County, NAICS 4-digit -- by ownership sector","All establishment sizes",1,61,60,65,318032,0,0,395
"06071",1,"7225",76,0,2013,3,"","San Bernardino County, California","Federal Government","Restaurants","County, NAICS 4-digit -- by ownership sector","All establishment sizes",1,58,48,52,204624,0,0,299
"06071",1,"72251",77,0,2013,1,"","San Bernardino County, California","Federal Government","Restaurants","County, NAICS 5-digit -- by ownership sector","All establishment sizes",1,60,63,63,261566,0,0,325
"06071",1,"72251",77,0,2013,2,"","San Bernardino County, California","Federal Government","Restaurants","County, NAICS 5-digit -- by ownership sector","All establishment sizes",1,61,60,65,318032,0,0,395
"06071",1,"72251",77,0,2013,3,"","San Bernardino County, California","Federal Government","Restaurants","County, NAICS 5-digit -- by ownership sector","All establishment sizes",1,58,48,52,204624,0,0,299
"06071",1,"722513",78,0,2013,1,"","San Bernardino County, California","Federal Government","Limited-service restaurants","County, NAICS 6-digit -- by ownership sector","All establishment sizes",1,60,63,63,261566,0,0,325
"06071",1,"722513",78,0,2013,2,"","San Bernardino County, California","Federal Government","Limited-service restaurants","County, NAICS 6-digit -- by ownership sector","All establishment sizes",1,61,60,65,318032,0,0,395
"06071",1,"722513",78,0,2013,3,"","San Bernardino County, California","Federal Government","Limited-service restaurants","County, NAICS 6-digit -- by ownership sector","All establishment sizes",1,58,48,52,204624,0,0,299
"06071",1,"92",74,0,2013,1,"","San Bernardino County, California","Federal Government","Public administration","County, NAICS Sector -- by ownership sector","All establishment sizes",52,5717,5699,5628,98701300,0,0,1336
"06071",1,"92",74,0,2013,2,"","San Bernardino County, California","Federal Government","Public administration","County, NAICS Sector -- by ownership sector","All establishment sizes",52,5641,5624,5678,99465221,0,0,1355
"06071",1,"92",74,0,2013,3,"","San Bernardino County, California","Federal Government","Public administration","County, NAICS Sector -- by ownership sector","All establishment sizes",51,5672,5646,5632,102614781,0,0,1397
"06071",1,"921",75,0,2013,1,"","San Bernardino County, California","Federal Government","Executive, legislative and general government","County, NAICS 3-digit -- by ownership sector","All establishment sizes",5,249,247,249,4694188,0,0,1454
"06071",1,"921",75,0,2013,2,"","San Bernardino County, California","Federal Government","Executive, legislative and general government","County, NAICS 3-digit -- by ownership sector","All establishment sizes",5,249,246,243,5121877,0,0,1602
"06071",1,"921",75,0,2013,3,"","San Bernardino County, California","Federal Government","Executive, legislative and general government","County, NAICS 3-digit -- by ownership sector","All establishment sizes",5,243,240,239,5168075,0,0,1652
"06071",1,"9211",76,0,2013,1,"","San Bernardino County, California","Federal Government","Executive, legislative and general government","County, NAICS 4-digit -- by ownership sector","All establishment sizes",5,249,247,249,4694188,0,0,1454
"06071",1,"9211",76,0,2013,2,"","San Bernardino County, California","Federal Government","Executive, legislative and general government","County, NAICS 4-digit -- by ownership sector","All establishment sizes",5,249,246,243,5121877,0,0,1602
"06071",1,"9211",76,0,2013,3,"","San Bernardino County, California","Federal Government","Executive, legislative and general government","County, NAICS 4-digit -- by ownership sector","All establishment sizes",5,243,240,239,5168075,0,0,1652
"06071",1,"92119",77,0,2013,1,"","San Bernardino County, California","Federal Government","Other general government support","County, NAICS 5-digit -- by ownership sector","All establishment sizes",5,249,247,249,4694188,0,0,1454
"06071",1,"92119",77,0,2013,2,"","San Bernardino County, California","Federal Government","Other general government support","County, NAICS 5-digit -- by ownership sector","All establishment sizes",5,249,246,243,5121877,0,0,1602
"06071",1,"92119",77,0,2013,3,"","San Bernardino County, California","Federal Government","Other general government support","County, NAICS 5-digit -- by ownership sector","All establishment sizes",5,243,240,239,5168075,0,0,1652
"06071",1,"921190",78,0,2013,1,"","San Bernardino County, California","Federal Government","Other general government support","County, NAICS 6-digit -- by ownership sector","All establishment sizes",5,249,247,249,4694188,0,0,1454
"06071",1,"921190",78,0,2013,2,"","San Bernardino County, California","Federal Government","Other general government support","County, NAICS 6-digit -- by ownership sector","All establishment sizes",5,249,246,243,5121877,0,0,1602
"06071",1,"921190",78,0,2013,3,"","San Bernardino County, California","Federal Government","Other general government support","County, NAICS 6-digit -- by ownership sector","All establishment sizes",5,243,240,239,5168075,0,0,1652
"06071",1,"922",75,0,2013,1,"","San Bernardino County, California","Federal Government","Justice, public order, and safety activities","County, NAICS 3-digit -- by ownership sector","All establishment sizes",9,1065,1066,1063,19788757,0,0,1430
"06071",1,"922",75,0,2013,2,"","San Bernardino County, California","Federal Government","Justice, public order, and safety activities","County, NAICS 3-digit -- by ownership sector","All establishment sizes",9,1071,1070,1067,22147913,0,0,1593
"06071",1,"922",75,0,2013,3,"","San Bernardino County, California","Federal Government","Justice, public order, and safety activities","County, NAICS 3-digit -- by ownership sector","All establishment sizes",9,1066,1074,1073,23026532,0,0,1654
"06071",1,"9221",76,0,2013,1,"","San Bernardino County, California","Federal Government","Justice, public order, and safety activities","County, NAICS 4-digit -- by ownership sector","All establishment sizes",9,1065,1066,1063,19788757,0,0,1430
"06071",1,"9221",76,0,2013,2,"","San Bernardino County, California","Federal Government","Justice, public order, and safety activities","County, NAICS 4-digit -- by ownership sector","All establishment sizes",9,1071,1070,1067,22147913,0,0,1593
"06071",1,"9221",76,0,2013,3,"","San Bernardino County, California","Federal Government","Justice, public order, and safety activities","County, NAICS 4-digit -- by ownership sector","All establishment sizes",9,1066,1074,1073,23026532,0,0,1654
"06071",1,"92211",77,0,2013,1,"","San Bernardino County, California","Federal Government","Courts","County, NAICS 5-digit -- by ownership sector","All establishment sizes",2,30,30,30,687569,0,0,1763
"06071",1,"92211",77,0,2013,2,"","San Bernardino County, California","Federal Government","Courts","County, NAICS 5-digit -- by ownership sector","All establishment sizes",2,29,29,29,568977,0,0,1509
"06071",1,"92211",77,0,2013,3,"","San Bernardino County, California","Federal Government","Courts","County, NAICS 5-digit -- by ownership sector","All establishment sizes",2,29,29,28,662924,0,0,1779
"06071",1,"922110",78,0,2013,1,"","San Bernardino County, California","Federal Government","Courts","County, NAICS 6-digit -- by ownership sector","All establishment sizes",2,30,30,30,687569,0,0,1763
"06071",1,"922110",78,0,2013,2,"","San Bernardino County, California","Federal Government","Courts","County, NAICS 6-digit -- by ownership sector","All establishment sizes",2,29,29,29,568977,0,0,1509
"06071",1,"922110",78,0,2013,3,"","San Bernardino County, California","Federal Government","Courts","County, NAICS 6-digit -- by ownership sector","All establishment sizes",2,29,29,28,662924,0,0,1779
"06071",1,"92212",77,0,2013,1,"","San Bernardino County, California","Federal Government","Police protection","County, NAICS 5-digit -- by ownership sector","All establishment sizes",4,135,131,129,3178577,0,0,1857
"06071",1,"92212",77,0,2013,2,"","San Bernardino County, California","Federal Government","Police protection","County, NAICS 5-digit -- by ownership sector","All establishment sizes",4,125,124,126,3503894,0,0,2156
"06071",1,"92212",77,0,2013,3,"","San Bernardino County, California","Federal Government","Police protection","County, NAICS 5-digit -- by ownership sector","All establishment sizes",4,129,132,131,3630797,0,0,2137
"06071",1,"922120",78,0,2013,1,"","San Bernardino County, California","Federal Government","Police protection","County, NAICS 6-digit -- by ownership sector","All establishment sizes",4,135,131,129,3178577,0,0,1857
"06071",1,"922120",78,0,2013,2,"","San Bernardino County, California","Federal Government","Police protection","County, NAICS 6-digit -- by ownership sector","All establishment sizes",4,125,124,126,3503894,0,0,2156
"06071",1,"922120",78,0,2013,3,"","San Bernardino County, California","Federal Government","Police protection","County, NAICS 6-digit -- by ownership sector","All establishment sizes",4,129,132,131,3630797,0,0,2137
"06071",1,"92214",77,0,2013,1,"","San Bernardino County, California","Federal Government","Correctional institutions","County, NAICS 5-digit -- by ownership sector","All establishment sizes",1,890,896,897,15810009,0,0,1360
"06071",1,"92214",77,0,2013,2,"","San Bernardino County, California","Federal Government","Correctional institutions","County, NAICS 5-digit -- by ownership sector","All establishment sizes",1,909,908,899,17880221,0,0,1519
"06071",1,"92214",77,0,2013,3,"","San Bernardino County, California","Federal Government","Correctional institutions","County, NAICS 5-digit -- by ownership sector","All establishment sizes",1,901,906,907,18578979,0,0,1580
"06071",1,"922140",78,0,2013,1,"","San Bernardino County, California","Federal Government","Correctional institutions","County, NAICS 6-digit -- by ownership sector","All establishment sizes",1,890,896,897,15810009,0,0,1360
"06071",1,"922140",78,0,2013,2,"","San Bernardino County, California","Federal Government","Correctional institutions","County, NAICS 6-digit -- by ownership sector","All establishment sizes",1,909,908,899,17880221,0,0,1519
"06071",1,"922140",78,0,2013,3,"","San Bernardino County, California","Federal Government","Correctional institutions","County, NAICS 6-digit -- by ownership sector","All establishment sizes",1,901,906,907,18578979,0,0,1580
"06071",1,"92219",77,0,2013,1,"","San Bernardino County, California","Federal Government","Other justice and safety activities","County, NAICS 5-digit -- by ownership sector","All establishment sizes",2,10,9,7,112602,0,0,999
"06071",1,"92219",77,0,2013,2,"","San Bernardino County, California","Federal Government","Other justice and safety activities","County, NAICS 5-digit -- by ownership sector","All establishment sizes",2,8,9,13,194821,0,0,1499
"06071",1,"92219",77,0,2013,3,"","San Bernardino County, California","Federal Government","Other justice and safety activities","County, NAICS 5-digit -- by ownership sector","All establishment sizes",2,7,7,7,153832,0,0,1690
"06071",1,"922190",78,0,2013,1,"","San Bernardino County, California","Federal Government","Other justice and safety activities","County, NAICS 6-digit -- by ownership sector","All establishment sizes",2,10,9,7,112602,0,0,999
"06071",1,"922190",78,0,2013,2,"","San Bernardino County, California","Federal Government","Other justice and safety activities","County, NAICS 6-digit -- by ownership sector","All establishment sizes",2,8,9,13,194821,0,0,1499
"06071",1,"922190",78,0,2013,3,"","San Bernardino County, California","Federal Government","Other justice and safety activities","County, NAICS 6-digit -- by ownership sector","All establishment sizes",2,7,7,7,153832,0,0,1690
"06071",1,"923",75,0,2013,1,"","San Bernardino County, California","Federal Government","Administration of human resource programs","County, NAICS 3-digit -- by ownership sector","All establishment sizes",9,388,395,357,5625764,0,0,1139
"06071",1,"923",75,0,2013,2,"","San Bernardino County, California","Federal Government","Administration of human resource programs","County, NAICS 3-digit -- by ownership sector","All establishment sizes",9,364,342,352,6355767,0,0,1386
"06071",1,"923",75,0,2013,3,"","San Bernardino County, California","Federal Government","Administration of human resource programs","County, NAICS 3-digit -- by ownership sector","All establishment sizes",9,344,335,340,5448463,0,0,1234
"06071",1,"9231",76,0,2013,1,"","San Bernardino County, California","Federal Government","Administration of human resource programs","County, NAICS 4-digit -- by ownership sector","All establishment sizes",9,388,395,357,5625764,0,0,1139
"06071",1,"9231",76,0,2013,2,"","San Bernardino County, California","Federal Government","Administration of human resource programs","County, NAICS 4-digit -- by ownership sector","All establishment sizes",9,364,342,352,6355767,0,0,1386
"06071",1,"9231",76,0,2013,3,"","San Bernardino County, California","Federal Government","Administration of human resource programs","County, NAICS 4-digit -- by ownership sector","All establishment sizes",9,344,335,340,5448463,0,0,1234
"06071",1,"92312",77,0,2013,1,"","San Bernardino County, California","Federal Government","Administration of public health programs","County, NAICS 5-digit -- by ownership sector","All establishment sizes",1,69,77,41,390923,0,0,482
"06071",1,"92312",77,0,2013,2,"","San Bernardino County, California","Federal Government","Administration of public health programs","County, NAICS 5-digit -- by ownership sector","All establishment sizes",1,53,33,43,295441,0,0,529
"06071",1,"92312",77,0,2013,3,"","San Bernardino County, California","Federal Government","Administration of public health programs","County, NAICS 5-digit -- by ownership sector","All establishment sizes",1,40,31,36,169567,0,0,366
"06071",1,"923120",78,0,2013,1,"","San Bernardino County, California","Federal Government","Administration of public health programs","County, NAICS 6-digit -- by ownership sector","All establishment sizes",1,69,77,41,390923,0,0,482
"06071",1,"923120",78,0,2013,2,"","San Bernardino County, California","Federal Government","Administration of public health programs","County, NAICS 6-digit -- by ownership sector","All establishment sizes",1,53,33,43,295441,0,0,529
"06071",1,"923120",78,0,2013,3,"","San Bernardino County, California","Federal Government","Administration of public health programs","County, NAICS 6-digit -- by ownership sector","All establishment sizes",1,40,31,36,169567,0,0,366
"06071",1,"92313",77,0,2013,1,"","San Bernardino County, California","Federal Government","Other human resource programs administration","County, NAICS 5-digit -- by ownership sector","All establishment sizes",8,319,318,316,5234841,0,0,1268
"06071",1,"92313",77,0,2013,2,"","San Bernardino County, California","Federal Government","Other human resource programs administration","County, NAICS 5-digit -- by ownership sector","All establishment sizes",8,311,309,309,6060326,0,0,1505
"06071",1,"92313",77,0,2013,3,"","San Bernardino County, California","Federal Government","Other human resource programs administration","County, NAICS 5-digit -- by ownership sector","All establishment sizes",8,304,304,304,5278896,0,0,1336
"06071",1,"923130",78,0,2013,1,"","San Bernardino County, California","Federal Government","Other human resource programs administration","County, NAICS 6-digit -- by ownership sector","All establishment sizes",8,319,318,316,5234841,0,0,1268
"06071",1,"923130",78,0,2013,2,"","San Bernardino County, California","Federal Government","Other human resource programs administration","County, NAICS 6-digit -- by ownership sector","All establishment sizes",8,311,309,309,6060326,0,0,1505
"06071",1,"923130",78,0,2013,3,"","San Bernardino County, California","Federal Government","Other human resource programs administration","County, NAICS 6-digit -- by ownership sector","All establishment sizes",8,304,304,304,5278896,0,0,1336
"06071",1,"924",75,0,2013,1,"","San Bernardino County, California","Federal Government","Administration of environmental programs","County, NAICS 3-digit -- by ownership sector","All establishment sizes",14,430,405,403,5975361,0,0,1114
"06071",1,"924",75,0,2013,2,"","San Bernardino County, California","Federal Government","Administration of environmental programs","County, NAICS 3-digit -- by ownership sector","All establishment sizes",14,400,400,471,7963794,0,0,1446
"06071",1,"924",75,0,2013,3,"","San Bernardino County, California","Federal Government","Administration of environmental programs","County, NAICS 3-digit -- by ownership sector","All establishment sizes",14,484,498,493,11374686,0,0,1780
"06071",1,"9241",76,0,2013,1,"","San Bernardino County, California","Federal Government","Administration of environmental programs","County, NAICS 4-digit -- by ownership sector","All establishment sizes",14,430,405,403,5975361,0,0,1114
"06071",1,"9241",76,0,2013,2,"","San Bernardino County, California","Federal Government","Administration of environmental programs","County, NAICS 4-digit -- by ownership sector","All establishment sizes",14,400,400,471,7963794,0,0,1446
"06071",1,"9241",76,0,2013,3,"","San Bernardino County, California","Federal Government","Administration of environmental programs","County, NAICS 4-digit -- by ownership sector","All establishment sizes",14,484,498,493,11374686,0,0,1780
"06071",1,"92412",77,0,2013,1,"","San Bernardino County, California","Federal Government","Administration of conservation programs","County, NAICS 5-digit -- by ownership sector","All establishment sizes",14,430,405,403,5975361,0,0,1114
"06071",1,"92412",77,0,2013,2,"","San Bernardino County, California","Federal Government","Administration of conservation programs","County, NAICS 5-digit -- by ownership sector","All establishment sizes",14,400,400,471,7963794,0,0,1446
"06071",1,"92412",77,0,2013,3,"","San Bernardino County, California","Federal Government","Administration of conservation programs","County, NAICS 5-digit -- by ownership sector","All establishment sizes",14,484,498,493,11374686,0,0,1780
"06071",1,"924120",78,0,2013,1,"","San Bernardino County, California","Federal Government","Administration of conservation programs","County, NAICS 6-digit -- by ownership sector","All establishment sizes",14,430,405,403,5975361,0,0,1114
"06071",1,"924120",78,0,2013,2,"","San Bernardino County, California","Federal Government","Administration of conservation programs","County, NAICS 6-digit -- by ownership sector","All establishment sizes",14,400,400,471,7963794,0,0,1446
"06071",1,"924120",78,0,2013,3,"","San Bernardino County, California","Federal Government","Administration of conservation programs","County, NAICS 6-digit -- by ownership sector","All establishment sizes",14,484,498,493,11374686,0,0,1780
"06071",1,"926",75,0,2013,1,"","San Bernardino County, California","Federal Government","Administration of economic programs","County, NAICS 3-digit -- by ownership sector","All establishment sizes",8,361,362,347,4554292,0,0,982
"06071",1,"926",75,0,2013,2,"","San Bernardino County, California","Federal Government","Administration of economic programs","County, NAICS 3-digit -- by ownership sector","All establishment sizes",8,351,353,344,4906671,0,0,1080
"06071",1,"926",75,0,2013,3,"","San Bernardino County, California","Federal Government","Administration of economic programs","County, NAICS 3-digit -- by ownership sector","All establishment sizes",7,349,345,338,4901929,0,0,1096
"06071",1,"9261",76,0,2013,1,"","San Bernardino County, California","Federal Government","Administration of economic programs","County, NAICS 4-digit -- by ownership sector","All establishment sizes",8,361,362,347,4554292,0,0,982
"06071",1,"9261",76,0,2013,2,"","San Bernardino County, California","Federal Government","Administration of economic programs","County, NAICS 4-digit -- by ownership sector","All establishment sizes",8,351,353,344,4906671,0,0,1080
"06071",1,"9261",76,0,2013,3,"","San Bernardino County, California","Federal Government","Administration of economic programs","County, NAICS 4-digit -- by ownership sector","All establishment sizes",7,349,345,338,4901929,0,0,1096
"06071",1,"92611",77,0,2013,1,"","San Bernardino County, California","Federal Government","Administration of general economic programs","County, NAICS 5-digit -- by ownership sector","All establishment sizes",4,52,52,49,518795,0,0,782
"06071",1,"92611",77,0,2013,2,"","San Bernardino County, California","Federal Government","Administration of general economic programs","County, NAICS 5-digit -- by ownership sector","All establishment sizes",4,51,51,51,600542,0,0,906
"06071",1,"92611",77,0,2013,3,"","San Bernardino County, California","Federal Government","Administration of general economic programs","County, NAICS 5-digit -- by ownership sector","All establishment sizes",3,54,52,49,589624,0,0,878
"06071",1,"926110",78,0,2013,1,"","San Bernardino County, California","Federal Government","Administration of general economic programs","County, NAICS 6-digit -- by ownership sector","All establishment sizes",4,52,52,49,518795,0,0,782
"06071",1,"926110",78,0,2013,2,"","San Bernardino County, California","Federal Government","Administration of general economic programs","County, NAICS 6-digit -- by ownership sector","All establishment sizes",4,51,51,51,600542,0,0,906
"06071",1,"926110",78,0,2013,3,"","San Bernardino County, California","Federal Government","Administration of general economic programs","County, NAICS 6-digit -- by ownership sector","All establishment sizes",3,54,52,49,589624,0,0,878
"06071",1,"92612",77,0,2013,1,"","San Bernardino County, California","Federal Government","Transportation program administration","County, NAICS 5-digit -- by ownership sector","All establishment sizes",3,275,278,269,3453549,0,0,970
"06071",1,"92612",77,0,2013,2,"","San Bernardino County, California","Federal Government","Transportation program administration","County, NAICS 5-digit -- by ownership sector","All establishment sizes",3,267,269,260,3672091,0,0,1065
"06071",1,"92612",77,0,2013,3,"","San Bernardino County, California","Federal Government","Transportation program administration","County, NAICS 5-digit -- by ownership sector","All establishment sizes",3,263,260,258,3660272,0,0,1082
"06071",1,"926120",78,0,2013,1,"","San Bernardino County, California","Federal Government","Transportation program administration","County, NAICS 6-digit -- by ownership sector","All establishment sizes",3,275,278,269,3453549,0,0,970
"06071",1,"926120",78,0,2013,2,"","San Bernardino County, California","Federal Government","Transportation program administration","County, NAICS 6-digit -- by ownership sector","All establishment sizes",3,267,269,260,3672091,0,0,1065
"06071",1,"926120",78,0,2013,3,"","San Bernardino County, California","Federal Government","Transportation program administration","County, NAICS 6-digit -- by ownership sector","All establishment sizes",3,263,260,258,3660272,0,0,1082
"06071",1,"92614",77,0,2013,1,"","San Bernardino County, California","Federal Government","Agricultural market and commodity regulation","County, NAICS 5-digit -- by ownership sector","All establishment sizes",1,34,32,29,581948,0,0,1414
"06071",1,"92614",77,0,2013,2,"","San Bernardino County, California","Federal Government","Agricultural market and commodity regulation","County, NAICS 5-digit -- by ownership sector","All establishment sizes",1,33,33,33,634038,0,0,1478
"06071",1,"92614",77,0,2013,3,"","San Bernardino County, California","Federal Government","Agricultural market and commodity regulation","County, NAICS 5-digit -- by ownership sector","All establishment sizes",1,32,33,31,652033,0,0,1567
"06071",1,"926140",78,0,2013,1,"","San Bernardino County, California","Federal Government","Agricultural market and commodity regulation","County, NAICS 6-digit -- by ownership sector","All establishment sizes",1,34,32,29,581948,0,0,1414
"06071",1,"926140",78,0,2013,2,"","San Bernardino County, California","Federal Government","Agricultural market and commodity regulation","County, NAICS 6-digit -- by ownership sector","All establishment sizes",1,33,33,33,634038,0,0,1478
"06071",1,"926140",78,0,2013,3,"","San Bernardino County, California","Federal Government","Agricultural market and commodity regulation","County, NAICS 6-digit -- by ownership sector","All establishment sizes",1,32,33,31,652033,0,0,1567
"06071",1,"928",75,0,2013,1,"","San Bernardino County, California","Federal Government","National security and international affairs","County, NAICS 3-digit -- by ownership sector","All establishment sizes",7,3224,3224,3209,58062938,0,0,1388
"06071",1,"928",75,0,2013,2,"","San Bernardino County, California","Federal Government","National security and international affairs","County, NAICS 3-digit -- by ownership sector","All establishment sizes",7,3206,3213,3201,52969199,0,0,1271
"06071",1,"928",75,0,2013,3,"","San Bernardino County, California","Federal Government","National security and international affairs","County, NAICS 3-digit -- by ownership sector","All establishment sizes",7,3186,3154,3149,52695096,0,0,1282
"06071",1,"9281",76,0,2013,1,"","San Bernardino County, California","Federal Government","National security and international affairs","County, NAICS 4-digit -- by ownership sector","All establishment sizes",7,3224,3224,3209,58062938,0,0,1388
"06071",1,"9281",76,0,2013,2,"","San Bernardino County, California","Federal Government","National security and international affairs","County, NAICS 4-digit -- by ownership sector","All establishment sizes",7,3206,3213,3201,52969199,0,0,1271
"06071",1,"9281",76,0,2013,3,"","San Bernardino County, California","Federal Government","National security and international affairs","County, NAICS 4-digit -- by ownership sector","All establishment sizes",7,3186,3154,3149,52695096,0,0,1282
"06071",1,"92811",77,0,2013,1,"","San Bernardino County, California","Federal Government","National security","County, NAICS 5-digit -- by ownership sector","All establishment sizes",6,3164,3163,3148,56834468,0,0,1384
"06071",1,"92811",77,0,2013,2,"","San Bernardino County, California","Federal Government","National security","County, NAICS 5-digit -- by ownership sector","All establishment sizes",6,3145,3152,3141,51571062,0,0,1261
"06071",1,"92811",77,0,2013,3,"","San Bernardino County, California","Federal Government","National security","County, NAICS 5-digit -- by ownership sector","All establishment sizes",6,3125,3094,3090,51326597,0,0,1272
"06071",1,"928110",78,0,2013,1,"","San Bernardino County, California","Federal Government","National security","County, NAICS 6-digit -- by ownership sector","All establishment sizes",6,3164,3163,3148,56834468,0,0,1384
"06071",1,"928110",78,0,2013,2,"","San Bernardino County, California","Federal Government","National security","County, NAICS 6-digit -- by ownership sector","All establishment sizes",6,3145,3152,3141,51571062,0,0,1261
"06071",1,"928110",78,0,2013,3,"","San Bernardino County, California","Federal Government","National security","County, NAICS 6-digit -- by ownership sector","All establishment sizes",6,3125,3094,3090,51326597,0,0,1272
"06071",1,"92812",77,0,2013,1,"","San Bernardino County, California","Federal Government","International affairs","County, NAICS 5-digit -- by ownership sector","All establishment sizes",1,60,61,61,1228470,0,0,1558
"06071",1,"92812",77,0,2013,2,"","San Bernardino County, California","Federal Government","International affairs","County, NAICS 5-digit -- by ownership sector","All establishment sizes",1,61,61,60,1398137,0,0,1773
"06071",1,"92812",77,0,2013,3,"","San Bernardino County, California","Federal Government","International affairs","County, NAICS 5-digit -- by ownership sector","All establishment sizes",1,61,60,59,1368499,0,0,1754
"06071",1,"928120",78,0,2013,1,"","San Bernardino County, California","Federal Government","International affairs","County, NAICS 6-digit -- by ownership sector","All establishment sizes",1,60,61,61,1228470,0,0,1558
"06071",1,"928120",78,0,2013,2,"","San Bernardino County, California","Federal Government","International affairs","County, NAICS 6-digit -- by ownership sector","All establishment sizes",1,61,61,60,1398137,0,0,1773
"06071",1,"928120",78,0,2013,3,"","San Bernardino County, California","Federal Government","International affairs","County, NAICS 6-digit -- by ownership sector","All establishment sizes",1,61,60,59,1368499,0,0,1754
"06071",2,"10",71,0,2013,1,"","San Bernardino County, California","State Government","Total, all industries","County, Total -- by ownership sector","All establishment sizes",462,10272,10134,10040,155210623,0,0,1176
"06071",2,"10",71,0,2013,2,"","San Bernardino County, California","State Government","Total, all industries","County, Total -- by ownership sector","All establishment sizes",463,10001,10084,10165,155192298,0,0,1184
"06071",2,"10",71,0,2013,3,"","San Bernardino County, California","State Government","Total, all industries","County, Total -- by ownership sector","All establishment sizes",464,10581,10594,10751,163734847,0,0,1184
"06071",2,"102",72,0,2013,1,"","San Bernardino County, California","State Government","Service-providing","County, by Domain -- by ownership sector","All establishment sizes",462,10272,10134,10040,155210623,0,0,1176
"06071",2,"102",72,0,2013,2,"","San Bernardino County, California","State Government","Service-providing","County, by Domain -- by ownership sector","All establishment sizes",463,10001,10084,10165,155192298,0,0,1184
"06071",2,"102",72,0,2013,3,"","San Bernardino County, California","State Government","Service-providing","County, by Domain -- by ownership sector","All establishment sizes",464,10581,10594,10751,163734847,0,0,1184
"06071",2,"1021",73,0,2013,1,"","San Bernardino County, California","State Government","Trade, transportation, and utilities","County, by Supersector -- by ownership sector","All establishment sizes",14,303,302,300,6791834,0,0,1732
"06071",2,"1021",73,0,2013,2,"","San Bernardino County, California","State Government","Trade, transportation, and utilities","County, by Supersector -- by ownership sector","All establishment sizes",14,301,304,302,6539301,0,0,1664
"06071",2,"1021",73,0,2013,3,"","San Bernardino County, California","State Government","Trade, transportation, and utilities","County, by Supersector -- by ownership sector","All establishment sizes",14,301,297,297,7054140,0,0,1819
"06071",2,"1025",73,0,2013,1,"","San Bernardino County, California","State Government","Education and health services","County, by Supersector -- by ownership sector","All establishment sizes",243,5139,5075,5039,74935770,0,0,1134
"06071",2,"1025",73,0,2013,2,"","San Bernardino County, California","State Government","Education and health services","County, by Supersector -- by ownership sector","All establishment sizes",246,4969,5009,5091,73946039,0,0,1132
"06071",2,"1025",73,0,2013,3,"","San Bernardino County, California","State Government","Education and health services","County, by Supersector -- by ownership sector","All establishment sizes",248,5112,5093,5191,76247927,0,0,1143
"06071",2,"1028",73,0,2013,1,"","San Bernardino County, California","State Government","Public administration","County, by Supersector -- by ownership sector","All establishment sizes",205,4830,4757,4701,73483019,0,0,1187
"06071",2,"1028",73,0,2013,2,"","San Bernardino County, California","State Government","Public administration","County, by Supersector -- by ownership sector","All establishment sizes",203,4731,4771,4772,74706958,0,0,1208
"06071",2,"1028",73,0,2013,3,"","San Bernardino County, California","State Government","Public administration","County, by Supersector -- by ownership sector","All establishment sizes",202,5168,5204,5263,80432780,0,0,1187
"06071",2,"48-49",74,0,2013,1,"","San Bernardino County, California","State Government","Transportation and warehousing","County, NAICS Sector -- by ownership sector","All establishment sizes",14,303,302,300,6791834,0,0,1732
"06071",2,"48-49",74,0,2013,2,"","San Bernardino County, California","State Government","Transportation and warehousing","County, NAICS Sector -- by ownership sector","All establishment sizes",14,301,304,302,6539301,0,0,1664
"06071",2,"48-49",74,0,2013,3,"","San Bernardino County, California","State Government","Transportation and warehousing","County, NAICS Sector -- by ownership sector","All establishment sizes",14,301,297,297,7054140,0,0,1819
"06071",2,"488",75,0,2013,1,"","San Bernardino County, California","State Government","Support activities for transportation","County, NAICS 3-digit -- by ownership sector","All establishment sizes",14,303,302,300,6791834,0,0,1732
"06071",2,"488",75,0,2013,2,"","San Bernardino County, California","State Government","Support activities for transportation","County, NAICS 3-digit -- by ownership sector","All establishment sizes",14,301,304,302,6539301,0,0,1664
"06071",2,"488",75,0,2013,3,"","San Bernardino County, California","State Government","Support activities for transportation","County, NAICS 3-digit -- by ownership sector","All establishment sizes",14,301,297,297,7054140,0,0,1819
"06071",2,"4881",76,0,2013,1,"","San Bernardino County, California","State Government","Support activities for air transportation","County, NAICS 4-digit -- by ownership sector","All establishment sizes",14,303,302,300,6791834,0,0,1732
"06071",2,"4881",76,0,2013,2,"","San Bernardino County, California","State Government","Support activities for air transportation","County, NAICS 4-digit -- by ownership sector","All establishment sizes",14,301,304,302,6539301,0,0,1664
"06071",2,"4881",76,0,2013,3,"","San Bernardino County, California","State Government","Support activities for air transportation","County, NAICS 4-digit -- by ownership sector","All establishment sizes",14,301,297,297,7054140,0,0,1819
"06071",2,"48811",77,0,2013,1,"","San Bernardino County, California","State Government","Airport operations","County, NAICS 5-digit -- by ownership sector","All establishment sizes",14,303,302,300,6791834,0,0,1732
"06071",2,"48811",77,0,2013,2,"","San Bernardino County, California","State Government","Airport operations","County, NAICS 5-digit -- by ownership sector","All establishment sizes",14,301,304,302,6539301,0,0,1664
"06071",2,"48811",77,0,2013,3,"","San Bernardino County, California","State Government","Airport operations","County, NAICS 5-digit -- by ownership sector","All establishment sizes",14,301,297,297,7054140,0,0,1819
"06071",2,"488111",78,0,2013,1,"","San Bernardino County, California","State Government","Air traffic control","County, NAICS 6-digit -- by ownership sector","All establishment sizes",14,303,302,300,6791834,0,0,1732
"06071",2,"488111",78,0,2013,2,"","San Bernardino County, California","State Government","Air traffic control","County, NAICS 6-digit -- by ownership sector","All establishment sizes",14,301,304,302,6539301,0,0,1664
"06071",2,"488111",78,0,2013,3,"","San Bernardino County, California","State Government","Air traffic control","County, NAICS 6-digit -- by ownership sector","All establishment sizes",14,301,297,297,7054140,0,0,1819
"06071",2,"61",74,0,2013,1,"","San Bernardino County, California","State Government","Educational services","County, NAICS Sector -- by ownership sector","All establishment sizes",107,2261,2295,2296,31605222,0,0,1064
"06071",2,"61",74,0,2013,2,"","San Bernardino County, California","State Government","Educational services","County, NAICS Sector -- by ownership sector","All establishment sizes",108,2240,2274,2357,32053759,0,0,1077
"06071",2,"61",74,0,2013,3,"","San Bernardino County, California","State Government","Educational services","County, NAICS Sector -- by ownership sector","All establishment sizes",110,2321,2350,2441,33522957,0,0,1088
"06071",2,"611",75,0,2013,1,"","San Bernardino County, California","State Government","Educational services","County, NAICS 3-digit -- by ownership sector","All establishment sizes",107,2261,2295,2296,31605222,0,0,1064
"06071",2,"611",75,0,2013,2,"","San Bernardino County, California","State Government","Educational services","County, NAICS 3-digit -- by ownership sector","All establishment sizes",108,2240,2274,2357,32053759,0,0,1077
"06071",2,"611",75,0,2013,3,"","San Bernardino County, California","State Government","Educational services","County, NAICS 3-digit -- by ownership sector","All establishment sizes",110,2321,2350,2441,33522957,0,0,1088
"06071",2,"6113",76,0,2013,1,"","San Bernardino County, California","State Government","Colleges and universities","County, NAICS 4-digit -- by ownership sector","All establishment sizes",107,2261,2295,2296,31605222,0,0,1064
"06071",2,"6113",76,0,2013,2,"","San Bernardino County, California","State Government","Colleges and universities","County, NAICS 4-digit -- by ownership sector","All establishment sizes",108,2240,2274,2357,32053759,0,0,1077
"06071",2,"6113",76,0,2013,3,"","San Bernardino County, California","State Government","Colleges and universities","County, NAICS 4-digit -- by ownership sector","All establishment sizes",110,2321,2350,2441,33522957,0,0,1088
"06071",2,"61131",77,0,2013,1,"","San Bernardino County, California","State Government","Colleges and universities","County, NAICS 5-digit -- by ownership sector","All establishment sizes",107,2261,2295,2296,31605222,0,0,1064
"06071",2,"61131",77,0,2013,2,"","San Bernardino County, California","State Government","Colleges and universities","County, NAICS 5-digit -- by ownership sector","All establishment sizes",108,2240,2274,2357,32053759,0,0,1077
"06071",2,"61131",77,0,2013,3,"","San Bernardino County, California","State Government","Colleges and universities","County, NAICS 5-digit -- by ownership sector","All establishment sizes",110,2321,2350,2441,33522957,0,0,1088
"06071",2,"611310",78,0,2013,1,"","San Bernardino County, California","State Government","Colleges and universities","County, NAICS 6-digit -- by ownership sector","All establishment sizes",107,2261,2295,2296,31605222,0,0,1064
"06071",2,"611310",78,0,2013,2,"","San Bernardino County, California","State Government","Colleges and universities","County, NAICS 6-digit -- by ownership sector","All establishment sizes",108,2240,2274,2357,32053759,0,0,1077
"06071",2,"611310",78,0,2013,3,"","San Bernardino County, California","State Government","Colleges and universities","County, NAICS 6-digit -- by ownership sector","All establishment sizes",110,2321,2350,2441,33522957,0,0,1088
"06071",2,"62",74,0,2013,1,"","San Bernardino County, California","State Government","Health care and social assistance","County, NAICS Sector -- by ownership sector","All establishment sizes",136,2878,2780,2743,43330548,0,0,1190
"06071",2,"62",74,0,2013,2,"","San Bernardino County, California","State Government","Health care and social assistance","County, NAICS Sector -- by ownership sector","All establishment sizes",138,2729,2735,2734,41892280,0,0,1179
"06071",2,"62",74,0,2013,3,"","San Bernardino County, California","State Government","Health care and social assistance","County, NAICS Sector -- by ownership sector","All establishment sizes",138,2791,2743,2750,42724970,0,0,1190
"06071",2,"622",75,0,2013,1,"","San Bernardino County, California","State Government","Hospitals","County, NAICS 3-digit -- by ownership sector","All establishment sizes",109,2757,2661,2624,41897226,0,0,1202
"06071",2,"622",75,0,2013,2,"","San Bernardino County, California","State Government","Hospitals","County, NAICS 3-digit -- by ownership sector","All establishment sizes",111,2611,2615,2613,40484844,0,0,1192
"06071",2,"622",75,0,2013,3,"","San Bernardino County, California","State Government","Hospitals","County, NAICS 3-digit -- by ownership sector","All establishment sizes",111,2668,2620,2627,41343942,0,0,1205
"06071",2,"6222",76,0,2013,1,"","San Bernardino County, California","State Government","Psychiatric and substance abuse hospitals","County, NAICS 4-digit -- by ownership sector","All establishment sizes",109,2757,2661,2624,41897226,0,0,1202
"06071",2,"6222",76,0,2013,2,"","San Bernardino County, California","State Government","Psychiatric and substance abuse hospitals","County, NAICS 4-digit -- by ownership sector","All establishment sizes",111,2611,2615,2613,40484844,0,0,1192
"06071",2,"6222",76,0,2013,3,"","San Bernardino County, California","State Government","Psychiatric and substance abuse hospitals","County, NAICS 4-digit -- by ownership sector","All establishment sizes",111,2668,2620,2627,41343942,0,0,1205
"06071",2,"62221",77,0,2013,1,"","San Bernardino County, California","State Government","Psychiatric and substance abuse hospitals","County, NAICS 5-digit -- by ownership sector","All establishment sizes",109,2757,2661,2624,41897226,0,0,1202
"06071",2,"62221",77,0,2013,2,"","San Bernardino County, California","State Government","Psychiatric and substance abuse hospitals","County, NAICS 5-digit -- by ownership sector","All establishment sizes",111,2611,2615,2613,40484844,0,0,1192
"06071",2,"62221",77,0,2013,3,"","San Bernardino County, California","State Government","Psychiatric and substance abuse hospitals","County, NAICS 5-digit -- by ownership sector","All establishment sizes",111,2668,2620,2627,41343942,0,0,1205
"06071",2,"622210",78,0,2013,1,"","San Bernardino County, California","State Government","Psychiatric and substance abuse hospitals","County, NAICS 6-digit -- by ownership sector","All establishment sizes",109,2757,2661,2624,41897226,0,0,1202
"06071",2,"622210",78,0,2013,2,"","San Bernardino County, California","State Government","Psychiatric and substance abuse hospitals","County, NAICS 6-digit -- by ownership sector","All establishment sizes",111,2611,2615,2613,40484844,0,0,1192
"06071",2,"622210",78,0,2013,3,"","San Bernardino County, California","State Government","Psychiatric and substance abuse hospitals","County, NAICS 6-digit -- by ownership sector","All establishment sizes",111,2668,2620,2627,41343942,0,0,1205
"06071",2,"623",75,0,2013,1,"","San Bernardino County, California","State Government","Nursing and residential care facilities","County, NAICS 3-digit -- by ownership sector","All establishment sizes",27,121,119,119,1433322,0,0,921
"06071",2,"623",75,0,2013,2,"","San Bernardino County, California","State Government","Nursing and residential care facilities","County, NAICS 3-digit -- by ownership sector","All establishment sizes",27,118,120,121,1407436,0,0,905
"06071",2,"623",75,0,2013,3,"","San Bernardino County, California","State Government","Nursing and residential care facilities","County, NAICS 3-digit -- by ownership sector","All establishment sizes",27,123,123,123,1381028,0,0,864
"06071",2,"6232",76,0,2013,1,"N","San Bernardino County, California","State Government","Residential mental health facilities","County, NAICS 4-digit -- by ownership sector","All establishment sizes",1,0,0,0,0,0,0,0
"06071",2,"6232",76,0,2013,2,"N","San Bernardino County, California","State Government","Residential mental health facilities","County, NAICS 4-digit -- by ownership sector","All establishment sizes",1,0,0,0,0,0,0,0
"06071",2,"6232",76,0,2013,3,"N","San Bernardino County, California","State Government","Residential mental health facilities","County, NAICS 4-digit -- by ownership sector","All establishment sizes",1,0,0,0,0,0,0,0
"06071",2,"62321",77,0,2013,1,"N","San Bernardino County, California","State Government","Residential disability facilities","County, NAICS 5-digit -- by ownership sector","All establishment sizes",1,0,0,0,0,0,0,0
"06071",2,"62321",77,0,2013,2,"N","San Bernardino County, California","State Government","Residential disability facilities","County, NAICS 5-digit -- by ownership sector","All establishment sizes",1,0,0,0,0,0,0,0
"06071",2,"62321",77,0,2013,3,"N","San Bernardino County, California","State Government","Residential disability facilities","County, NAICS 5-digit -- by ownership sector","All establishment sizes",1,0,0,0,0,0,0,0
"06071",2,"623210",78,0,2013,1,"N","San Bernardino County, California","State Government","Residential disability facilities","County, NAICS 6-digit -- by ownership sector","All establishment sizes",1,0,0,0,0,0,0,0
"06071",2,"623210",78,0,2013,2,"N","San Bernardino County, California","State Government","Residential disability facilities","County, NAICS 6-digit -- by ownership sector","All establishment sizes",1,0,0,0,0,0,0,0
"06071",2,"623210",78,0,2013,3,"N","San Bernardino County, California","State Government","Residential disability facilities","County, NAICS 6-digit -- by ownership sector","All establishment sizes",1,0,0,0,0,0,0,0
"06071",2,"6233",76,0,2013,1,"","San Bernardino County, California","State Government","Community care facilities for the elderly","County, NAICS 4-digit -- by ownership sector","All establishment sizes",24,118,116,116,1368624,0,0,902
"06071",2,"6233",76,0,2013,2,"","San Bernardino County, California","State Government","Community care facilities for the elderly","County, NAICS 4-digit -- by ownership sector","All establishment sizes",24,115,116,117,1319430,0,0,875
"06071",2,"6233",76,0,2013,3,"","San Bernardino County, California","State Government","Community care facilities for the elderly","County, NAICS 4-digit -- by ownership sector","All establishment sizes",24,119,119,119,1277544,0,0,826
"06071",2,"62331",77,0,2013,1,"","San Bernardino County, California","State Government","Community care facilities for the elderly","County, NAICS 5-digit -- by ownership sector","All establishment sizes",24,118,116,116,1368624,0,0,902
"06071",2,"62331",77,0,2013,2,"","San Bernardino County, California","State Government","Community care facilities for the elderly","County, NAICS 5-digit -- by ownership sector","All establishment sizes",24,115,116,117,1319430,0,0,875
"06071",2,"62331",77,0,2013,3,"","San Bernardino County, California","State Government","Community care facilities for the elderly","County, NAICS 5-digit -- by ownership sector","All establishment sizes",24,119,119,119,1277544,0,0,826
"06071",2,"623312",78,0,2013,1,"","San Bernardino County, California","State Government","Assisted living facilities for the elderly","County, NAICS 6-digit -- by ownership sector","All establishment sizes",24,118,116,116,1368624,0,0,902
"06071",2,"623312",78,0,2013,2,"","San Bernardino County, California","State Government","Assisted living facilities for the elderly","County, NAICS 6-digit -- by ownership sector","All establishment sizes",24,115,116,117,1319430,0,0,875
"06071",2,"623312",78,0,2013,3,"","San Bernardino County, California","State Government","Assisted living facilities for the elderly","County, NAICS 6-digit -- by ownership sector","All establishment sizes",24,119,119,119,1277544,0,0,826
"06071",2,"6239",76,0,2013,1,"N","San Bernardino County, California","State Government","Other residential care facilities","County, NAICS 4-digit -- by ownership sector","All establishment sizes",2,0,0,0,0,0,0,0
"06071",2,"6239",76,0,2013,2,"N","San Bernardino County, California","State Government","Other residential care facilities","County, NAICS 4-digit -- by ownership sector","All establishment sizes",2,0,0,0,0,0,0,0
"06071",2,"6239",76,0,2013,3,"N","San Bernardino County, California","State Government","Other residential care facilities","County, NAICS 4-digit -- by ownership sector","All establishment sizes",2,0,0,0,0,0,0,0
"06071",2,"62399",77,0,2013,1,"N","San Bernardino County, California","State Government","Other residential care facilities","County, NAICS 5-digit -- by ownership sector","All establishment sizes",2,0,0,0,0,0,0,0
"06071",2,"62399",77,0,2013,2,"N","San Bernardino County, California","State Government","Other residential care facilities","County, NAICS 5-digit -- by ownership sector","All establishment sizes",2,0,0,0,0,0,0,0
"06071",2,"62399",77,0,2013,3,"N","San Bernardino County, California","State Government","Other residential care facilities","County, NAICS 5-digit -- by ownership sector","All establishment sizes",2,0,0,0,0,0,0,0
"06071",2,"623990",78,0,2013,1,"N","San Bernardino County, California","State Government","Other residential care facilities","County, NAICS 6-digit -- by ownership sector","All establishment sizes",2,0,0,0,0,0,0,0
"06071",2,"623990",78,0,2013,2,"N","San Bernardino County, California","State Government","Other residential care facilities","County, NAICS 6-digit -- by ownership sector","All establishment sizes",2,0,0,0,0,0,0,0
"06071",2,"623990",78,0,2013,3,"N","San Bernardino County, California","State Government","Other residential care facilities","County, NAICS 6-digit -- by ownership sector","All establishment sizes",2,0,0,0,0,0,0,0
"06071",2,"92",74,0,2013,1,"","San Bernardino County, California","State Government","Public administration","County, NAICS Sector -- by ownership sector","All establishment sizes",205,4830,4757,4701,73483019,0,0,1187
"06071",2,"92",74,0,2013,2,"","San Bernardino County, California","State Government","Public administration","County, NAICS Sector -- by ownership sector","All establishment sizes",203,4731,4771,4772,74706958,0,0,1208
"06071",2,"92",74,0,2013,3,"","San Bernardino County, California","State Government","Public administration","County, NAICS Sector -- by ownership sector","All establishment sizes",202,5168,5204,5263,80432780,0,0,1187
"06071",2,"921",75,0,2013,1,"N","San Bernardino County, California","State Government","Executive, legislative and general government","County, NAICS 3-digit -- by ownership sector","All establishment sizes",2,0,0,0,0,0,0,0
"06071",2,"921",75,0,2013,2,"N","San Bernardino County, California","State Government","Executive, legislative and general government","County, NAICS 3-digit -- by ownership sector","All establishment sizes",2,0,0,0,0,0,0,0
"06071",2,"921",75,0,2013,3,"N","San Bernardino County, California","State Government","Executive, legislative and general government","County, NAICS 3-digit -- by ownership sector","All establishment sizes",2,0,0,0,0,0,0,0
"06071",2,"9211",76,0,2013,1,"N","San Bernardino County, California","State Government","Executive, legislative and general government","County, NAICS 4-digit -- by ownership sector","All establishment sizes",2,0,0,0,0,0,0,0
"06071",2,"9211",76,0,2013,2,"N","San Bernardino County, California","State Government","Executive, legislative and general government","County, NAICS 4-digit -- by ownership sector","All establishment sizes",2,0,0,0,0,0,0,0
"06071",2,"9211",76,0,2013,3,"N","San Bernardino County, California","State Government","Executive, legislative and general government","County, NAICS 4-digit -- by ownership sector","All establishment sizes",2,0,0,0,0,0,0,0
"06071",2,"92113",77,0,2013,1,"N","San Bernardino County, California","State Government","Public finance activities","County, NAICS 5-digit -- by ownership sector","All establishment sizes",1,0,0,0,0,0,0,0
"06071",2,"92113",77,0,2013,2,"N","San Bernardino County, California","State Government","Public finance activities","County, NAICS 5-digit -- by ownership sector","All establishment sizes",1,0,0,0,0,0,0,0
"06071",2,"92113",77,0,2013,3,"N","San Bernardino County, California","State Government","Public finance activities","County, NAICS 5-digit -- by ownership sector","All establishment sizes",1,0,0,0,0,0,0,0
"06071",2,"921130",78,0,2013,1,"N","San Bernardino County, California","State Government","Public finance activities","County, NAICS 6-digit -- by ownership sector","All establishment sizes",1,0,0,0,0,0,0,0
"06071",2,"921130",78,0,2013,2,"N","San Bernardino County, California","State Government","Public finance activities","County, NAICS 6-digit -- by ownership sector","All establishment sizes",1,0,0,0,0,0,0,0
"06071",2,"921130",78,0,2013,3,"N","San Bernardino County, California","State Government","Public finance activities","County, NAICS 6-digit -- by ownership sector","All establishment sizes",1,0,0,0,0,0,0,0
"06071",2,"92119",77,0,2013,1,"N","San Bernardino County, California","State Government","Other general government support","County, NAICS 5-digit -- by ownership sector","All establishment sizes",1,0,0,0,0,0,0,0
"06071",2,"92119",77,0,2013,2,"N","San Bernardino County, California","State Government","Other general government support","County, NAICS 5-digit -- by ownership sector","All establishment sizes",1,0,0,0,0,0,0,0
"06071",2,"92119",77,0,2013,3,"N","San Bernardino County, California","State Government","Other general government support","County, NAICS 5-digit -- by ownership sector","All establishment sizes",1,0,0,0,0,0,0,0
"06071",2,"921190",78,0,2013,1,"N","San Bernardino County, California","State Government","Other general government support","County, NAICS 6-digit -- by ownership sector","All establishment sizes",1,0,0,0,0,0,0,0
"06071",2,"921190",78,0,2013,2,"N","San Bernardino County, California","State Government","Other general government support","County, NAICS 6-digit -- by ownership sector","All establishment sizes",1,0,0,0,0,0,0,0
"06071",2,"921190",78,0,2013,3,"N","San Bernardino County, California","State Government","Other general government support","County, NAICS 6-digit -- by ownership sector","All establishment sizes",1,0,0,0,0,0,0,0
"06071",2,"922",75,0,2013,1,"","San Bernardino County, California","State Government","Justice, public order, and safety activities","County, NAICS 3-digit -- by ownership sector","All establishment sizes",89,2773,2667,2630,45760723,0,0,1309
"06071",2,"922",75,0,2013,2,"","San Bernardino County, California","State Government","Justice, public order, and safety activities","County, NAICS 3-digit -- by ownership sector","All establishment sizes",89,2656,2697,2688,45422981,0,0,1304
"06071",2,"922",75,0,2013,3,"","San Bernardino County, California","State Government","Justice, public order, and safety activities","County, NAICS 3-digit -- by ownership sector","All establishment sizes",89,2982,3127,3197,50149461,0,0,1244
"06071",2,"9221",76,0,2013,1,"","San Bernardino County, California","State Government","Justice, public order, and safety activities","County, NAICS 4-digit -- by ownership sector","All establishment sizes",89,2773,2667,2630,45760723,0,0,1309
"06071",2,"9221",76,0,2013,2,"","San Bernardino County, California","State Government","Justice, public order, and safety activities","County, NAICS 4-digit -- by ownership sector","All establishment sizes",89,2656,2697,2688,45422981,0,0,1304
"06071",2,"9221",76,0,2013,3,"","San Bernardino County, California","State Government","Justice, public order, and safety activities","County, NAICS 4-digit -- by ownership sector","All establishment sizes",89,2982,3127,3197,50149461,0,0,1244
"06071",2,"92212",77,0,2013,1,"","San Bernardino County, California","State Government","Police protection","County, NAICS 5-digit -- by ownership sector","All establishment sizes",16,617,613,611,7726607,0,0,969
"06071",2,"92212",77,0,2013,2,"","San Bernardino County, California","State Government","Police protection","County, NAICS 5-digit -- by ownership sector","All establishment sizes",16,618,614,618,9384629,0,0,1171
"06071",2,"92212",77,0,2013,3,"","San Bernardino County, California","State Government","Police protection","County, NAICS 5-digit -- by ownership sector","All establishment sizes",16,623,619,620,8816080,0,0,1093
"06071",2,"922120",78,0,2013,1,"","San Bernardino County, California","State Government","Police protection","County, NAICS 6-digit -- by ownership sector","All establishment sizes",16,617,613,611,7726607,0,0,969
"06071",2,"922120",78,0,2013,2,"","San Bernardino County, California","State Government","Police protection","County, NAICS 6-digit -- by ownership sector","All establishment sizes",16,618,614,618,9384629,0,0,1171
"06071",2,"922120",78,0,2013,3,"","San Bernardino County, California","State Government","Police protection","County, NAICS 6-digit -- by ownership sector","All establishment sizes",16,623,619,620,8816080,0,0,1093
"06071",2,"92214",77,0,2013,1,"","San Bernardino County, California","State Government","Correctional institutions","County, NAICS 5-digit -- by ownership sector","All establishment sizes",73,2156,2054,2019,38034116,0,0,1409
"06071",2,"92214",77,0,2013,2,"","San Bernardino County, California","State Government","Correctional institutions","County, NAICS 5-digit -- by ownership sector","All establishment sizes",73,2038,2083,2070,36038352,0,0,1343
"06071",2,"92214",77,0,2013,3,"","San Bernardino County, California","State Government","Correctional institutions","County, NAICS 5-digit -- by ownership sector","All establishment sizes",73,2359,2508,2577,41333381,0,0,1281
"06071",2,"922140",78,0,2013,1,"","San Bernardino County, California","State Government","Correctional institutions","County, NAICS 6-digit -- by ownership sector","All establishment sizes",73,2156,2054,2019,38034116,0,0,1409
"06071",2,"922140",78,0,2013,2,"","San Bernardino County, California","State Government","Correctional institutions","County, NAICS 6-digit -- by ownership sector","All establishment sizes",73,2038,2083,2070,36038352,0,0,1343
"06071",2,"922140",78,0,2013,3,"","San Bernardino County, California","State Government","Correctional institutions","County, NAICS 6-digit -- by ownership sector","All establishment sizes",73,2359,2508,2577,41333381,0,0,1281
"06071",2,"923",75,0,2013,1,"","San Bernardino County, California","State Government","Administration of human resource programs","County, NAICS 3-digit -- by ownership sector","All establishment sizes",16,479,471,465,5938732,0,0,969
"06071",2,"923",75,0,2013,2,"","San Bernardino County, California","State Government","Administration of human resource programs","County, NAICS 3-digit -- by ownership sector","All establishment sizes",15,461,461,456,6132520,0,0,1027
"06071",2,"923",75,0,2013,3,"","San Bernardino County, California","State Government","Administration of human resource programs","County, NAICS 3-digit -- by ownership sector","All establishment sizes",15,503,459,452,6182352,0,0,1009
"06071",2,"9231",76,0,2013,1,"","San Bernardino County, California","State Government","Administration of human resource programs","County, NAICS 4-digit -- by ownership sector","All establishment sizes",16,479,471,465,5938732,0,0,969
"06071",2,"9231",76,0,2013,2,"","San Bernardino County, California","State Government","Administration of human resource programs","County, NAICS 4-digit -- by ownership sector","All establishment sizes",15,461,461,456,6132520,0,0,1027
"06071",2,"9231",76,0,2013,3,"","San Bernardino County, California","State Government","Administration of human resource programs","County, NAICS 4-digit -- by ownership sector","All establishment sizes",15,503,459,452,6182352,0,0,1009
"06071",2,"92312",77,0,2013,1,"","San Bernardino County, California","State Government","Administration of public health programs","County, NAICS 5-digit -- by ownership sector","All establishment sizes",3,28,29,29,721196,0,0,1935
"06071",2,"92312",77,0,2013,2,"","San Bernardino County, California","State Government","Administration of public health programs","County, NAICS 5-digit -- by ownership sector","All establishment sizes",3,27,26,26,680954,0,0,1989
"06071",2,"92312",77,0,2013,3,"","San Bernardino County, California","State Government","Administration of public health programs","County, NAICS 5-digit -- by ownership sector","All establishment sizes",3,28,28,30,685631,0,0,1840
"06071",2,"923120",78,0,2013,1,"","San Bernardino County, California","State Government","Administration of public health programs","County, NAICS 6-digit -- by ownership sector","All establishment sizes",3,28,29,29,721196,0,0,1935
"06071",2,"923120",78,0,2013,2,"","San Bernardino County, California","State Government","Administration of public health programs","County, NAICS 6-digit -- by ownership sector","All establishment sizes",3,27,26,26,680954,0,0,1989
"06071",2,"923120",78,0,2013,3,"","San Bernardino County, California","State Government","Administration of public health programs","County, NAICS 6-digit -- by ownership sector","All establishment sizes",3,28,28,30,685631,0,0,1840
"06071",2,"92313",77,0,2013,1,"","San Bernardino County, California","State Government","Other human resource programs administration","County, NAICS 5-digit -- by ownership sector","All establishment sizes",9,363,353,349,4531718,0,0,982
"06071",2,"92313",77,0,2013,2,"","San Bernardino County, California","State Government","Other human resource programs administration","County, NAICS 5-digit -- by ownership sector","All establishment sizes",8,345,341,336,4616839,0,0,1042
"06071",2,"92313",77,0,2013,3,"","San Bernardino County, California","State Government","Other human resource programs administration","County, NAICS 5-digit -- by ownership sector","All establishment sizes",8,379,337,329,4644625,0,0,1026
"06071",2,"923130",78,0,2013,1,"","San Bernardino County, California","State Government","Other human resource programs administration","County, NAICS 6-digit -- by ownership sector","All establishment sizes",9,363,353,349,4531718,0,0,982
"06071",2,"923130",78,0,2013,2,"","San Bernardino County, California","State Government","Other human resource programs administration","County, NAICS 6-digit -- by ownership sector","All establishment sizes",8,345,341,336,4616839,0,0,1042
"06071",2,"923130",78,0,2013,3,"","San Bernardino County, California","State Government","Other human resource programs administration","County, NAICS 6-digit -- by ownership sector","All establishment sizes",8,379,337,329,4644625,0,0,1026
"06071",2,"92314",77,0,2013,1,"","San Bernardino County, California","State Government","Administration of veterans' affairs","County, NAICS 5-digit -- by ownership sector","All establishment sizes",4,88,89,87,685818,0,0,599
"06071",2,"92314",77,0,2013,2,"","San Bernardino County, California","State Government","Administration of veterans' affairs","County, NAICS 5-digit -- by ownership sector","All establishment sizes",4,89,94,94,834727,0,0,695
"06071",2,"92314",77,0,2013,3,"","San Bernardino County, California","State Government","Administration of veterans' affairs","County, NAICS 5-digit -- by ownership sector","All establishment sizes",4,96,94,93,852096,0,0,695
"06071",2,"923140",78,0,2013,1,"","San Bernardino County, California","State Government","Administration of veterans' affairs","County, NAICS 6-digit -- by ownership sector","All establishment sizes",4,88,89,87,685818,0,0,599
"06071",2,"923140",78,0,2013,2,"","San Bernardino County, California","State Government","Administration of veterans' affairs","County, NAICS 6-digit -- by ownership sector","All establishment sizes",4,89,94,94,834727,0,0,695
"06071",2,"923140",78,0,2013,3,"","San Bernardino County, California","State Government","Administration of veterans' affairs","County, NAICS 6-digit -- by ownership sector","All establishment sizes",4,96,94,93,852096,0,0,695
"06071",2,"924",75,0,2013,1,"","San Bernardino County, California","State Government","Administration of environmental programs","County, NAICS 3-digit -- by ownership sector","All establishment sizes",4,143,178,152,1735560,0,0,847
"06071",2,"924",75,0,2013,2,"","San Bernardino County, California","State Government","Administration of environmental programs","County, NAICS 3-digit -- by ownership sector","All establishment sizes",3,173,193,203,2607818,0,0,1058
"06071",2,"924",75,0,2013,3,"","San Bernardino County, California","State Government","Administration of environmental programs","County, NAICS 3-digit -- by ownership sector","All establishment sizes",3,202,202,201,2937331,0,0,1120
"06071",2,"9241",76,0,2013,1,"","San Bernardino County, California","State Government","Administration of environmental programs","County, NAICS 4-digit -- by ownership sector","All establishment sizes",4,143,178,152,1735560,0,0,847
"06071",2,"9241",76,0,2013,2,"","San Bernardino County, California","State Government","Administration of environmental programs","County, NAICS 4-digit -- by ownership sector","All establishment sizes",3,173,193,203,2607818,0,0,1058
"06071",2,"9241",76,0,2013,3,"","San Bernardino County, California","State Government","Administration of environmental programs","County, NAICS 4-digit -- by ownership sector","All establishment sizes",3,202,202,201,2937331,0,0,1120
"06071",2,"92412",77,0,2013,1,"","San Bernardino County, California","State Government","Administration of conservation programs","County, NAICS 5-digit -- by ownership sector","All establishment sizes",4,143,178,152,1735560,0,0,847
"06071",2,"92412",77,0,2013,2,"","San Bernardino County, California","State Government","Administration of conservation programs","County, NAICS 5-digit -- by ownership sector","All establishment sizes",3,173,193,203,2607818,0,0,1058
"06071",2,"92412",77,0,2013,3,"","San Bernardino County, California","State Government","Administration of conservation programs","County, NAICS 5-digit -- by ownership sector","All establishment sizes",3,202,202,201,2937331,0,0,1120
"06071",2,"924120",78,0,2013,1,"","San Bernardino County, California","State Government","Administration of conservation programs","County, NAICS 6-digit -- by ownership sector","All establishment sizes",4,143,178,152,1735560,0,0,847
"06071",2,"924120",78,0,2013,2,"","San Bernardino County, California","State Government","Administration of conservation programs","County, NAICS 6-digit -- by ownership sector","All establishment sizes",3,173,193,203,2607818,0,0,1058
"06071",2,"924120",78,0,2013,3,"","San Bernardino County, California","State Government","Administration of conservation programs","County, NAICS 6-digit -- by ownership sector","All establishment sizes",3,202,202,201,2937331,0,0,1120
"06071",2,"925",75,0,2013,1,"N","San Bernardino County, California","State Government","Community and housing program administration","County, NAICS 3-digit -- by ownership sector","All establishment sizes",1,0,0,0,0,0,0,0
"06071",2,"925",75,0,2013,2,"N","San Bernardino County, California","State Government","Community and housing program administration","County, NAICS 3-digit -- by ownership sector","All establishment sizes",1,0,0,0,0,0,0,0
"06071",2,"925",75,0,2013,3,"N","San Bernardino County, California","State Government","Community and housing program administration","County, NAICS 3-digit -- by ownership sector","All establishment sizes",1,0,0,0,0,0,0,0
"06071",2,"9251",76,0,2013,1,"N","San Bernardino County, California","State Government","Community and housing program administration","County, NAICS 4-digit -- by ownership sector","All establishment sizes",1,0,0,0,0,0,0,0
"06071",2,"9251",76,0,2013,2,"N","San Bernardino County, California","State Government","Community and housing program administration","County, NAICS 4-digit -- by ownership sector","All establishment sizes",1,0,0,0,0,0,0,0
"06071",2,"9251",76,0,2013,3,"N","San Bernardino County, California","State Government","Community and housing program administration","County, NAICS 4-digit -- by ownership sector","All establishment sizes",1,0,0,0,0,0,0,0
"06071",2,"92512",77,0,2013,1,"N","San Bernardino County, California","State Government","Urban and rural development administration","County, NAICS 5-digit -- by ownership sector","All establishment sizes",1,0,0,0,0,0,0,0
"06071",2,"92512",77,0,2013,2,"N","San Bernardino County, California","State Government","Urban and rural development administration","County, NAICS 5-digit -- by ownership sector","All establishment sizes",1,0,0,0,0,0,0,0
"06071",2,"92512",77,0,2013,3,"N","San Bernardino County, California","State Government","Urban and rural development administration","County, NAICS 5-digit -- by ownership sector","All establishment sizes",1,0,0,0,0,0,0,0
"06071",2,"925120",78,0,2013,1,"N","San Bernardino County, California","State Government","Urban and rural development administration","County, NAICS 6-digit -- by ownership sector","All establishment sizes",1,0,0,0,0,0,0,0
"06071",2,"925120",78,0,2013,2,"N","San Bernardino County, California","State Government","Urban and rural development administration","County, NAICS 6-digit -- by ownership sector","All establishment sizes",1,0,0,0,0,0,0,0
"06071",2,"925120",78,0,2013,3,"N","San Bernardino County, California","State Government","Urban and rural development administration","County, NAICS 6-digit -- by ownership sector","All establishment sizes",1,0,0,0,0,0,0,0
"06071",2,"926",75,0,2013,1,"","San Bernardino County, California","State Government","Administration of economic programs","County, NAICS 3-digit -- by ownership sector","All establishment sizes",93,1420,1426,1439,19864955,0,0,1070
"06071",2,"926",75,0,2013,2,"","San Bernardino County, California","State Government","Administration of economic programs","County, NAICS 3-digit -- by ownership sector","All establishment sizes",93,1427,1405,1410,20324210,0,0,1106
"06071",2,"926",75,0,2013,3,"","San Bernardino County, California","State Government","Administration of economic programs","County, NAICS 3-digit -- by ownership sector","All establishment sizes",92,1465,1401,1398,20983457,0,0,1136
"06071",2,"9261",76,0,2013,1,"","San Bernardino County, California","State Government","Administration of economic programs","County, NAICS 4-digit -- by ownership sector","All establishment sizes",93,1420,1426,1439,19864955,0,0,1070
"06071",2,"9261",76,0,2013,2,"","San Bernardino County, California","State Government","Administration of economic programs","County, NAICS 4-digit -- by ownership sector","All establishment sizes",93,1427,1405,1410,20324210,0,0,1106
"06071",2,"9261",76,0,2013,3,"","San Bernardino County, California","State Government","Administration of economic programs","County, NAICS 4-digit -- by ownership sector","All establishment sizes",92,1465,1401,1398,20983457,0,0,1136
"06071",2,"92612",77,0,2013,1,"","San Bernardino County, California","State Government","Transportation program administration","County, NAICS 5-digit -- by ownership sector","All establishment sizes",88,1354,1361,1373,19207906,0,0,1084
"06071",2,"92612",77,0,2013,2,"","San Bernardino County, California","State Government","Transportation program administration","County, NAICS 5-digit -- by ownership sector","All establishment sizes",88,1364,1342,1349,19734103,0,0,1123
"06071",2,"92612",77,0,2013,3,"","San Bernardino County, California","State Government","Transportation program administration","County, NAICS 5-digit -- by ownership sector","All establishment sizes",87,1399,1339,1337,20389351,0,0,1155
"06071",2,"926120",78,0,2013,1,"","San Bernardino County, California","State Government","Transportation program administration","County, NAICS 6-digit -- by ownership sector","All establishment sizes",88,1354,1361,1373,19207906,0,0,1084
"06071",2,"926120",78,0,2013,2,"","San Bernardino County, California","State Government","Transportation program administration","County, NAICS 6-digit -- by ownership sector","All establishment sizes",88,1364,1342,1349,19734103,0,0,1123
"06071",2,"926120",78,0,2013,3,"","San Bernardino County, California","State Government","Transportation program administration","County, NAICS 6-digit -- by ownership sector","All establishment sizes",87,1399,1339,1337,20389351,0,0,1155
"06071",2,"92614",77,0,2013,1,"N","San Bernardino County, California","State Government","Agricultural market and commodity regulation","County, NAICS 5-digit -- by ownership sector","All establishment sizes",4,0,0,0,0,0,0,0
"06071",2,"92614",77,0,2013,2,"N","San Bernardino County, California","State Government","Agricultural market and commodity regulation","County, NAICS 5-digit -- by ownership sector","All establishment sizes",4,0,0,0,0,0,0,0
"06071",2,"92614",77,0,2013,3,"N","San Bernardino County, California","State Government","Agricultural market and commodity regulation","County, NAICS 5-digit -- by ownership sector","All establishment sizes",4,0,0,0,0,0,0,0
"06071",2,"926140",78,0,2013,1,"N","San Bernardino County, California","State Government","Agricultural market and commodity regulation","County, NAICS 6-digit -- by ownership sector","All establishment sizes",4,0,0,0,0,0,0,0
"06071",2,"926140",78,0,2013,2,"N","San Bernardino County, California","State Government","Agricultural market and commodity regulation","County, NAICS 6-digit -- by ownership sector","All establishment sizes",4,0,0,0,0,0,0,0
"06071",2,"926140",78,0,2013,3,"N","San Bernardino County, California","State Government","Agricultural market and commodity regulation","County, NAICS 6-digit -- by ownership sector","All establishment sizes",4,0,0,0,0,0,0,0
"06071",2,"92615",77,0,2013,1,"N","San Bernardino County, California","State Government","Licensing and regulating commercial sectors","County, NAICS 5-digit -- by ownership sector","All establishment sizes",1,0,0,0,0,0,0,0
"06071",2,"92615",77,0,2013,2,"N","San Bernardino County, California","State Government","Licensing and regulating commercial sectors","County, NAICS 5-digit -- by ownership sector","All establishment sizes",1,0,0,0,0,0,0,0
"06071",2,"92615",77,0,2013,3,"N","San Bernardino County, California","State Government","Licensing and regulating commercial sectors","County, NAICS 5-digit -- by ownership sector","All establishment sizes",1,0,0,0,0,0,0,0
"06071",2,"926150",78,0,2013,1,"N","San Bernardino County, California","State Government","Licensing and regulating commercial sectors","County, NAICS 6-digit -- by ownership sector","All establishment sizes",1,0,0,0,0,0,0,0
"06071",2,"926150",78,0,2013,2,"N","San Bernardino County, California","State Government","Licensing and regulating commercial sectors","County, NAICS 6-digit -- by ownership sector","All establishment sizes",1,0,0,0,0,0,0,0
"06071",2,"926150",78,0,2013,3,"N","San Bernardino County, California","State Government","Licensing and regulating commercial sectors","County, NAICS 6-digit -- by ownership sector","All establishment sizes",1,0,0,0,0,0,0,0
"06071",3,"10",71,0,2013,1,"","San Bernardino County, California","Local Government","Total, all industries","County, Total -- by ownership sector","All establishment sizes",871,86429,85504,87046,1075058368,11583425,575908,958
"06071",3,"10",71,0,2013,2,"","San Bernardino County, California","Local Government","Total, all industries","County, Total -- by ownership sector","All establishment sizes",870,86464,86695,86492,1120889188,1130520,62628,996
"06071",3,"10",71,0,2013,3,"","San Bernardino County, California","Local Government","Total, all industries","County, Total -- by ownership sector","All establishment sizes",872,81895,74918,81535,927951600,758679,40510,898
"06071",3,"101",72,0,2013,1,"N","San Bernardino County, California","Local Government","Goods-producing","County, by Domain -- by ownership sector","All establishment sizes",3,0,0,0,0,0,0,0
"06071",3,"101",72,0,2013,2,"N","San Bernardino County, California","Local Government","Goods-producing","County, by Domain -- by ownership sector","All establishment sizes",3,0,0,0,0,0,0,0
"06071",3,"101",72,0,2013,3,"N","San Bernardino County, California","Local Government","Goods-producing","County, by Domain -- by ownership sector","All establishment sizes",3,0,0,0,0,0,0,0
"06071",3,"1012",73,0,2013,1,"N","San Bernardino County, California","Local Government","Construction","County, by Supersector -- by ownership sector","All establishment sizes",3,0,0,0,0,0,0,0
"06071",3,"1012",73,0,2013,2,"N","San Bernardino County, California","Local Government","Construction","County, by Supersector -- by ownership sector","All establishment sizes",3,0,0,0,0,0,0,0
"06071",3,"1012",73,0,2013,3,"N","San Bernardino County, California","Local Government","Construction","County, by Supersector -- by ownership sector","All establishment sizes",3,0,0,0,0,0,0,0
"06071",3,"102",72,0,2013,1,"N","San Bernardino County, California","Local Government","Service-providing","County, by Domain -- by ownership sector","All establishment sizes",868,0,0,0,0,0,0,0
"06071",3,"102",72,0,2013,2,"N","San Bernardino County, California","Local Government","Service-providing","County, by Domain -- by ownership sector","All establishment sizes",867,0,0,0,0,0,0,0
"06071",3,"102",72,0,2013,3,"N","San Bernardino County, California","Local Government","Service-providing","County, by Domain -- by ownership sector","All establishment sizes",869,0,0,0,0,0,0,0
"06071",3,"1021",73,0,2013,1,"","San Bernardino County, California","Local Government","Trade, transportation, and utilities","County, by Supersector -- by ownership sector","All establishment sizes",65,3055,3053,3040,43530218,976571,52343,1098
"06071",3,"1021",73,0,2013,2,"","San Bernardino County, California","Local Government","Trade, transportation, and utilities","County, by Supersector -- by ownership sector","All establishment sizes",65,3054,3063,3085,43140630,175409,9627,1082
"06071",3,"1021",73,0,2013,3,"","San Bernardino County, California","Local Government","Trade, transportation, and utilities","County, by Supersector -- by ownership sector","All establishment sizes",65,3064,3035,3048,42127935,111874,6509,1063
"06071",3,"1022",73,0,2013,1,"","San Bernardino County, California","Local Government","Information","County, by Supersector -- by ownership sector","All establishment sizes",3,331,337,330,2553072,0,0,590
"06071",3,"1022",73,0,2013,2,"","San Bernardino County, California","Local Government","Information","County, by Supersector -- by ownership sector","All establishment sizes",3,331,339,337,2580307,0,0,591
"06071",3,"1022",73,0,2013,3,"","San Bernardino County, California","Local Government","Information","County, by Supersector -- by ownership sector","All establishment sizes",3,344,342,341,2564094,0,0,576
"06071",3,"1023",73,0,2013,1,"","San Bernardino County, California","Local Government","Financial activities","County, by Supersector -- by ownership sector","All establishment sizes",19,286,278,278,2551818,1649544,102272,699
"06071",3,"1023",73,0,2013,2,"","San Bernardino County, California","Local Government","Financial activities","County, by Supersector -- by ownership sector","All establishment sizes",19,278,286,271,2861059,303696,18830,791
"06071",3,"1023",73,0,2013,3,"","San Bernardino County, California","Local Government","Financial activities","County, by Supersector -- by ownership sector","All establishment sizes",19,269,262,268,2931882,109027,6760,847
"06071",3,"1024",73,0,2013,1,"","San Bernardino County, California","Local Government","Professional and business services","County, by Supersector -- by ownership sector","All establishment sizes",7,251,250,247,2869224,143344,8245,885
"06071",3,"1024",73,0,2013,2,"","San Bernardino County, California","Local Government","Professional and business services","County, by Supersector -- by ownership sector","All establishment sizes",7,244,244,239,2838512,23838,1063,901
"06071",3,"1024",73,0,2013,3,"","San Bernardino County, California","Local Government","Professional and business services","County, by Supersector -- by ownership sector","All establishment sizes",7,238,234,238,2602337,5504,341,846
"06071",3,"1025",73,0,2013,1,"","San Bernardino County, California","Local Government","Education and health services","County, by Supersector -- by ownership sector","All establishment sizes",664,55336,54575,56214,648954119,317276,17486,901
"06071",3,"1025",73,0,2013,2,"","San Bernardino County, California","Local Government","Education and health services","County, by Supersector -- by ownership sector","All establishment sizes",663,56043,56205,55965,663864421,35671,1951,911
"06071",3,"1025",73,0,2013,3,"","San Bernardino County, California","Local Government","Education and health services","County, by Supersector -- by ownership sector","All establishment sizes",665,51176,44099,51086,505206708,16430,903,797
"06071",3,"1026",73,0,2013,1,"","San Bernardino County, California","Local Government","Leisure and hospitality","County, by Supersector -- by ownership sector","All establishment sizes",18,3572,3600,3617,32499419,543013,31983,695
"06071",3,"1026",73,0,2013,2,"","San Bernardino County, California","Local Government","Leisure and hospitality","County, by Supersector -- by ownership sector","All establishment sizes",18,3648,3689,3797,36050755,182414,10960,747
"06071",3,"1026",73,0,2013,3,"","San Bernardino County, California","Local Government","Leisure and hospitality","County, by Supersector -- by ownership sector","All establishment sizes",18,3816,3858,3846,33210385,83938,4776,665
"06071",3,"1027",73,0,2013,1,"N","San Bernardino County, California","Local Government","Other services","County, by Supersector -- by ownership sector","All establishment sizes",9,0,0,0,0,0,0,0
"06071",3,"1027",73,0,2013,2,"N","San Bernardino County, California","Local Government","Other services","County, by Supersector -- by ownership sector","All establishment sizes",9,0,0,0,0,0,0,0
"06071",3,"1027",73,0,2013,3,"N","San Bernardino County, California","Local Government","Other services","County, by Supersector -- by ownership sector","All establishment sizes",9,0,0,0,0,0,0,0
"06071",3,"1028",73,0,2013,1,"","San Bernardino County, California","Local Government","Public administration","County, by Supersector -- by ownership sector","All establishment sizes",83,23093,22904,22815,335102828,7831756,358718,1124
"06071",3,"1028",73,0,2013,2,"","San Bernardino County, California","Local Government","Public administration","County, by Supersector -- by ownership sector","All establishment sizes",83,22385,22388,22306,362418602,387904,19408,1247
"06071",3,"1028",73,0,2013,3,"","San Bernardino County, California","Local Government","Public administration","County, by Supersector -- by ownership sector","All establishment sizes",83,22494,22586,22211,332717255,414057,20661,1141
"06071",3,"22",74,0,2013,1,"","San Bernardino County, California","Local Government","Utilities","County, NAICS Sector -- by ownership sector","All establishment sizes",30,1281,1286,1278,24548591,567306,30862,1473
"06071",3,"22",74,0,2013,2,"","San Bernardino County, California","Local Government","Utilities","County, NAICS Sector -- by ownership sector","All establishment sizes",30,1288,1300,1324,22861418,101079,6075,1349
"06071",3,"22",74,0,2013,3,"","San Bernardino County, California","Local Government","Utilities","County, NAICS Sector -- by ownership sector","All establishment sizes",30,1305,1307,1299,23980907,80234,4749,1415
"06071",3,"221",75,0,2013,1,"","San Bernardino County, California","Local Government","Utilities","County, NAICS 3-digit -- by ownership sector","All establishment sizes",30,1281,1286,1278,24548591,567306,30862,1473
"06071",3,"221",75,0,2013,2,"","San Bernardino County, California","Local Government","Utilities","County, NAICS 3-digit -- by ownership sector","All establishment sizes",30,1288,1300,1324,22861418,101079,6075,1349
"06071",3,"221",75,0,2013,3,"","San Bernardino County, California","Local Government","Utilities","County, NAICS 3-digit -- by ownership sector","All establishment sizes",30,1305,1307,1299,23980907,80234,4749,1415
"06071",3,"2213",76,0,2013,1,"","San Bernardino County, California","Local Government","Water, sewage and other systems","County, NAICS 4-digit -- by ownership sector","All establishment sizes",30,1281,1286,1278,24548591,567306,30862,1473
"06071",3,"2213",76,0,2013,2,"","San Bernardino County, California","Local Government","Water, sewage and other systems","County, NAICS 4-digit -- by ownership sector","All establishment sizes",30,1288,1300,1324,22861418,101079,6075,1349
"06071",3,"2213",76,0,2013,3,"","San Bernardino County, California","Local Government","Water, sewage and other systems","County, NAICS 4-digit -- by ownership sector","All establishment sizes",30,1305,1307,1299,23980907,80234,4749,1415
"06071",3,"22131",77,0,2013,1,"N","San Bernardino County, California","Local Government","Water supply and irrigation systems","County, NAICS 5-digit -- by ownership sector","All establishment sizes",28,0,0,0,0,0,0,0
"06071",3,"22131",77,0,2013,2,"N","San Bernardino County, California","Local Government","Water supply and irrigation systems","County, NAICS 5-digit -- by ownership sector","All establishment sizes",28,0,0,0,0,0,0,0
"06071",3,"22131",77,0,2013,3,"N","San Bernardino County, California","Local Government","Water supply and irrigation systems","County, NAICS 5-digit -- by ownership sector","All establishment sizes",28,0,0,0,0,0,0,0
"06071",3,"221310",78,0,2013,1,"N","San Bernardino County, California","Local Government","Water supply and irrigation systems","County, NAICS 6-digit -- by ownership sector","All establishment sizes",28,0,0,0,0,0,0,0
"06071",3,"221310",78,0,2013,2,"N","San Bernardino County, California","Local Government","Water supply and irrigation systems","County, NAICS 6-digit -- by ownership sector","All establishment sizes",28,0,0,0,0,0,0,0
"06071",3,"221310",78,0,2013,3,"N","San Bernardino County, California","Local Government","Water supply and irrigation systems","County, NAICS 6-digit -- by ownership sector","All establishment sizes",28,0,0,0,0,0,0,0
"06071",3,"22132",77,0,2013,1,"N","San Bernardino County, California","Local Government","Sewage treatment facilities","County, NAICS 5-digit -- by ownership sector","All establishment sizes",2,0,0,0,0,0,0,0
"06071",3,"22132",77,0,2013,2,"N","San Bernardino County, California","Local Government","Sewage treatment facilities","County, NAICS 5-digit -- by ownership sector","All establishment sizes",2,0,0,0,0,0,0,0
"06071",3,"22132",77,0,2013,3,"N","San Bernardino County, California","Local Government","Sewage treatment facilities","County, NAICS 5-digit -- by ownership sector","All establishment sizes",2,0,0,0,0,0,0,0
"06071",3,"221320",78,0,2013,1,"N","San Bernardino County, California","Local Government","Sewage treatment facilities","County, NAICS 6-digit -- by ownership sector","All establishment sizes",2,0,0,0,0,0,0,0
"06071",3,"221320",78,0,2013,2,"N","San Bernardino County, California","Local Government","Sewage treatment facilities","County, NAICS 6-digit -- by ownership sector","All establishment sizes",2,0,0,0,0,0,0,0
"06071",3,"221320",78,0,2013,3,"N","San Bernardino County, California","Local Government","Sewage treatment facilities","County, NAICS 6-digit -- by ownership sector","All establishment sizes",2,0,0,0,0,0,0,0
"06071",3,"23",74,0,2013,1,"N","San Bernardino County, California","Local Government","Construction","County, NAICS Sector -- by ownership sector","All establishment sizes",3,0,0,0,0,0,0,0
"06071",3,"23",74,0,2013,2,"N","San Bernardino County, California","Local Government","Construction","County, NAICS Sector -- by ownership sector","All establishment sizes",3,0,0,0,0,0,0,0
"06071",3,"23",74,0,2013,3,"N","San Bernardino County, California","Local Government","Construction","County, NAICS Sector -- by ownership sector","All establishment sizes",3,0,0,0,0,0,0,0
"06071",3,"237",75,0,2013,1,"N","San Bernardino County, California","Local Government","Heavy and civil engineering construction","County, NAICS 3-digit -- by ownership sector","All establishment sizes",3,0,0,0,0,0,0,0
"06071",3,"237",75,0,2013,2,"N","San Bernardino County, California","Local Government","Heavy and civil engineering construction","County, NAICS 3-digit -- by ownership sector","All establishment sizes",3,0,0,0,0,0,0,0
"06071",3,"237",75,0,2013,3,"N","San Bernardino County, California","Local Government","Heavy and civil engineering construction","County, NAICS 3-digit -- by ownership sector","All establishment sizes",3,0,0,0,0,0,0,0
"06071",3,"2373",76,0,2013,1,"N","San Bernardino County, California","Local Government","Highway, street, and bridge construction","County, NAICS 4-digit -- by ownership sector","All establishment sizes",3,0,0,0,0,0,0,0
"06071",3,"2373",76,0,2013,2,"N","San Bernardino County, California","Local Government","Highway, street, and bridge construction","County, NAICS 4-digit -- by ownership sector","All establishment sizes",3,0,0,0,0,0,0,0
"06071",3,"2373",76,0,2013,3,"N","San Bernardino County, California","Local Government","Highway, street, and bridge construction","County, NAICS 4-digit -- by ownership sector","All establishment sizes",3,0,0,0,0,0,0,0
"06071",3,"23731",77,0,2013,1,"N","San Bernardino County, California","Local Government","Highway, street, and bridge construction","County, NAICS 5-digit -- by ownership sector","All establishment sizes",3,0,0,0,0,0,0,0
"06071",3,"23731",77,0,2013,2,"N","San Bernardino County, California","Local Government","Highway, street, and bridge construction","County, NAICS 5-digit -- by ownership sector","All establishment sizes",3,0,0,0,0,0,0,0
"06071",3,"23731",77,0,2013,3,"N","San Bernardino County, California","Local Government","Highway, street, and bridge construction","County, NAICS 5-digit -- by ownership sector","All establishment sizes",3,0,0,0,0,0,0,0
"06071",3,"237310",78,0,2013,1,"N","San Bernardino County, California","Local Government","Highway, street, and bridge construction","County, NAICS 6-digit -- by ownership sector","All establishment sizes",3,0,0,0,0,0,0,0
"06071",3,"237310",78,0,2013,2,"N","San Bernardino County, California","Local Government","Highway, street, and bridge construction","County, NAICS 6-digit -- by ownership sector","All establishment sizes",3,0,0,0,0,0,0,0
"06071",3,"237310",78,0,2013,3,"N","San Bernardino County, California","Local Government","Highway, street, and bridge construction","County, NAICS 6-digit -- by ownership sector","All establishment sizes",3,0,0,0,0,0,0,0
"06071",3,"48-49",74,0,2013,1,"","San Bernardino County, California","Local Government","Transportation and warehousing","County, NAICS Sector -- by ownership sector","All establishment sizes",35,1774,1767,1762,18981627,409265,21481,826
"06071",3,"48-49",74,0,2013,2,"","San Bernardino County, California","Local Government","Transportation and warehousing","County, NAICS Sector -- by ownership sector","All establishment sizes",35,1766,1763,1761,20279212,74330,3552,885
"06071",3,"48-49",74,0,2013,3,"","San Bernardino County, California","Local Government","Transportation and warehousing","County, NAICS Sector -- by ownership sector","All establishment sizes",35,1759,1728,1749,18147028,31640,1760,800
"06071",3,"485",75,0,2013,1,"","San Bernardino County, California","Local Government","Transit and ground passenger transportation","County, NAICS 3-digit -- by ownership sector","All establishment sizes",17,1110,1111,1106,11318662,409265,21481,785
"06071",3,"485",75,0,2013,2,"","San Bernardino County, California","Local Government","Transit and ground passenger transportation","County, NAICS 3-digit -- by ownership sector","All establishment sizes",17,1105,1107,1109,12415289,74330,3552,863
"06071",3,"485",75,0,2013,3,"","San Bernardino County, California","Local Government","Transit and ground passenger transportation","County, NAICS 3-digit -- by ownership sector","All establishment sizes",17,1112,1086,1103,10694855,31640,1760,748
"06071",3,"4851",76,0,2013,1,"N","San Bernardino County, California","Local Government","Urban transit systems","County, NAICS 4-digit -- by ownership sector","All establishment sizes",3,0,0,0,0,0,0,0
"06071",3,"4851",76,0,2013,2,"","San Bernardino County, California","Local Government","Urban transit systems","County, NAICS 4-digit -- by ownership sector","All establishment sizes",3,666,670,669,8541994,18707,1160,983
"06071",3,"4851",76,0,2013,3,"","San Bernardino County, California","Local Government","Urban transit systems","County, NAICS 4-digit -- by ownership sector","All establishment sizes",3,669,664,658,7370890,21040,1304,854
"06071",3,"48511",77,0,2013,1,"N","San Bernardino County, California","Local Government","Urban transit systems","County, NAICS 5-digit -- by ownership sector","All establishment sizes",3,0,0,0,0,0,0,0
"06071",3,"48511",77,0,2013,2,"","San Bernardino County, California","Local Government","Urban transit systems","County, NAICS 5-digit -- by ownership sector","All establishment sizes",3,666,670,669,8541994,18707,1160,983
"06071",3,"48511",77,0,2013,3,"","San Bernardino County, California","Local Government","Urban transit systems","County, NAICS 5-digit -- by ownership sector","All establishment sizes",3,669,664,658,7370890,21040,1304,854
"06071",3,"485113",78,0,2013,1,"N","San Bernardino County, California","Local Government","Bus and other motor vehicle transit systems","County, NAICS 6-digit -- by ownership sector","All establishment sizes",3,0,0,0,0,0,0,0
"06071",3,"485113",78,0,2013,2,"","San Bernardino County, California","Local Government","Bus and other motor vehicle transit systems","County, NAICS 6-digit -- by ownership sector","All establishment sizes",3,666,670,669,8541994,18707,1160,983
"06071",3,"485113",78,0,2013,3,"","San Bernardino County, California","Local Government","Bus and other motor vehicle transit systems","County, NAICS 6-digit -- by ownership sector","All establishment sizes",3,669,664,658,7370890,21040,1304,854
"06071",3,"4852",76,0,2013,1,"N","San Bernardino County, California","Local Government","Interurban and rural bus transportation","County, NAICS 4-digit -- by ownership sector","All establishment sizes",1,0,0,0,0,0,0,0
"06071",3,"4852",76,0,2013,2,"N","San Bernardino County, California","Local Government","Interurban and rural bus transportation","County, NAICS 4-digit -- by ownership sector","All establishment sizes",1,0,0,0,0,0,0,0
"06071",3,"4852",76,0,2013,3,"N","San Bernardino County, California","Local Government","Interurban and rural bus transportation","County, NAICS 4-digit -- by ownership sector","All establishment sizes",1,0,0,0,0,0,0,0
"06071",3,"48521",77,0,2013,1,"N","San Bernardino County, California","Local Government","Interurban and rural bus transportation","County, NAICS 5-digit -- by ownership sector","All establishment sizes",1,0,0,0,0,0,0,0
"06071",3,"48521",77,0,2013,2,"N","San Bernardino County, California","Local Government","Interurban and rural bus transportation","County, NAICS 5-digit -- by ownership sector","All establishment sizes",1,0,0,0,0,0,0,0
"06071",3,"48521",77,0,2013,3,"N","San Bernardino County, California","Local Government","Interurban and rural bus transportation","County, NAICS 5-digit -- by ownership sector","All establishment sizes",1,0,0,0,0,0,0,0
"06071",3,"485210",78,0,2013,1,"N","San Bernardino County, California","Local Government","Interurban and rural bus transportation","County, NAICS 6-digit -- by ownership sector","All establishment sizes",1,0,0,0,0,0,0,0
"06071",3,"485210",78,0,2013,2,"N","San Bernardino County, California","Local Government","Interurban and rural bus transportation","County, NAICS 6-digit -- by ownership sector","All establishment sizes",1,0,0,0,0,0,0,0
"06071",3,"485210",78,0,2013,3,"N","San Bernardino County, California","Local Government","Interurban and rural bus transportation","County, NAICS 6-digit -- by ownership sector","All establishment sizes",1,0,0,0,0,0,0,0
"06071",3,"4854",76,0,2013,1,"","San Bernardino County, California","Local Government","School and employee bus transportation","County, NAICS 4-digit -- by ownership sector","All establishment sizes",12,401,402,401,3718520,0,0,713
"06071",3,"4854",76,0,2013,2,"","San Bernardino County, California","Local Government","School and employee bus transportation","County, NAICS 4-digit -- by ownership sector","All establishment sizes",12,400,398,399,3563280,0,0,687
"06071",3,"4854",76,0,2013,3,"","San Bernardino County, California","Local Government","School and employee bus transportation","County, NAICS 4-digit -- by ownership sector","All establishment sizes",12,403,384,407,3048566,0,0,589
"06071",3,"48541",77,0,2013,1,"","San Bernardino County, California","Local Government","School and employee bus transportation","County, NAICS 5-digit -- by ownership sector","All establishment sizes",12,401,402,401,3718520,0,0,713
"06071",3,"48541",77,0,2013,2,"","San Bernardino County, California","Local Government","School and employee bus transportation","County, NAICS 5-digit -- by ownership sector","All establishment sizes",12,400,398,399,3563280,0,0,687
"06071",3,"48541",77,0,2013,3,"","San Bernardino County, California","Local Government","School and employee bus transportation","County, NAICS 5-digit -- by ownership sector","All establishment sizes",12,403,384,407,3048566,0,0,589
"06071",3,"485410",78,0,2013,1,"","San Bernardino County, California","Local Government","School and employee bus transportation","County, NAICS 6-digit -- by ownership sector","All establishment sizes",12,401,402,401,3718520,0,0,713
"06071",3,"485410",78,0,2013,2,"","San Bernardino County, California","Local Government","School and employee bus transportation","County, NAICS 6-digit -- by ownership sector","All establishment sizes",12,400,398,399,3563280,0,0,687
"06071",3,"485410",78,0,2013,3,"","San Bernardino County, California","Local Government","School and employee bus transportation","County, NAICS 6-digit -- by ownership sector","All establishment sizes",12,403,384,407,3048566,0,0,589
"06071",3,"4859",76,0,2013,1,"N","San Bernardino County, California","Local Government","Other ground passenger transportation","County, NAICS 4-digit -- by ownership sector","All establishment sizes",1,0,0,0,0,0,0,0
"06071",3,"4859",76,0,2013,2,"N","San Bernardino County, California","Local Government","Other ground passenger transportation","County, NAICS 4-digit -- by ownership sector","All establishment sizes",1,0,0,0,0,0,0,0
"06071",3,"4859",76,0,2013,3,"N","San Bernardino County, California","Local Government","Other ground passenger transportation","County, NAICS 4-digit -- by ownership sector","All establishment sizes",1,0,0,0,0,0,0,0
"06071",3,"48599",77,0,2013,1,"N","San Bernardino County, California","Local Government","Other ground passenger transportation","County, NAICS 5-digit -- by ownership sector","All establishment sizes",1,0,0,0,0,0,0,0
"06071",3,"48599",77,0,2013,2,"N","San Bernardino County, California","Local Government","Other ground passenger transportation","County, NAICS 5-digit -- by ownership sector","All establishment sizes",1,0,0,0,0,0,0,0
"06071",3,"48599",77,0,2013,3,"N","San Bernardino County, California","Local Government","Other ground passenger transportation","County, NAICS 5-digit -- by ownership sector","All establishment sizes",1,0,0,0,0,0,0,0
"06071",3,"485991",78,0,2013,1,"N","San Bernardino County, California","Local Government","Special needs transportation","County, NAICS 6-digit -- by ownership sector","All establishment sizes",1,0,0,0,0,0,0,0
"06071",3,"485991",78,0,2013,2,"N","San Bernardino County, California","Local Government","Special needs transportation","County, NAICS 6-digit -- by ownership sector","All establishment sizes",1,0,0,0,0,0,0,0
"06071",3,"485991",78,0,2013,3,"N","San Bernardino County, California","Local Government","Special needs transportation","County, NAICS 6-digit -- by ownership sector","All establishment sizes",1,0,0,0,0,0,0,0
"06071",3,"488",75,0,2013,1,"N","San Bernardino County, California","Local Government","Support activities for transportation","County, NAICS 3-digit -- by ownership sector","All establishment sizes",1,0,0,0,0,0,0,0
"06071",3,"488",75,0,2013,2,"N","San Bernardino County, California","Local Government","Support activities for transportation","County, NAICS 3-digit -- by ownership sector","All establishment sizes",1,0,0,0,0,0,0,0
"06071",3,"488",75,0,2013,3,"N","San Bernardino County, California","Local Government","Support activities for transportation","County, NAICS 3-digit -- by ownership sector","All establishment sizes",1,0,0,0,0,0,0,0
"06071",3,"4881",76,0,2013,1,"N","San Bernardino County, California","Local Government","Support activities for air transportation","County, NAICS 4-digit -- by ownership sector","All establishment sizes",1,0,0,0,0,0,0,0
"06071",3,"4881",76,0,2013,2,"N","San Bernardino County, California","Local Government","Support activities for air transportation","County, NAICS 4-digit -- by ownership sector","All establishment sizes",1,0,0,0,0,0,0,0
"06071",3,"4881",76,0,2013,3,"N","San Bernardino County, California","Local Government","Support activities for air transportation","County, NAICS 4-digit -- by ownership sector","All establishment sizes",1,0,0,0,0,0,0,0
"06071",3,"48811",77,0,2013,1,"N","San Bernardino County, California","Local Government","Airport operations","County, NAICS 5-digit -- by ownership sector","All establishment sizes",1,0,0,0,0,0,0,0
"06071",3,"48811",77,0,2013,2,"N","San Bernardino County, California","Local Government","Airport operations","County, NAICS 5-digit -- by ownership sector","All establishment sizes",1,0,0,0,0,0,0,0
"06071",3,"48811",77,0,2013,3,"N","San Bernardino County, California","Local Government","Airport operations","County, NAICS 5-digit -- by ownership sector","All establishment sizes",1,0,0,0,0,0,0,0
"06071",3,"488119",78,0,2013,1,"N","San Bernardino County, California","Local Government","Other airport operations","County, NAICS 6-digit -- by ownership sector","All establishment sizes",1,0,0,0,0,0,0,0
"06071",3,"488119",78,0,2013,2,"N","San Bernardino County, California","Local Government","Other airport operations","County, NAICS 6-digit -- by ownership sector","All establishment sizes",1,0,0,0,0,0,0,0
"06071",3,"488119",78,0,2013,3,"N","San Bernardino County, California","Local Government","Other airport operations","County, NAICS 6-digit -- by ownership sector","All establishment sizes",1,0,0,0,0,0,0,0
"06071",3,"493",75,0,2013,1,"N","San Bernardino County, California","Local Government","Warehousing and storage","County, NAICS 3-digit -- by ownership sector","All establishment sizes",17,0,0,0,0,0,0,0
"06071",3,"493",75,0,2013,2,"N","San Bernardino County, California","Local Government","Warehousing and storage","County, NAICS 3-digit -- by ownership sector","All establishment sizes",17,0,0,0,0,0,0,0
"06071",3,"493",75,0,2013,3,"N","San Bernardino County, California","Local Government","Warehousing and storage","County, NAICS 3-digit -- by ownership sector","All establishment sizes",17,0,0,0,0,0,0,0
"06071",3,"4931",76,0,2013,1,"N","San Bernardino County, California","Local Government","Warehousing and storage","County, NAICS 4-digit -- by ownership sector","All establishment sizes",17,0,0,0,0,0,0,0
"06071",3,"4931",76,0,2013,2,"N","San Bernardino County, California","Local Government","Warehousing and storage","County, NAICS 4-digit -- by ownership sector","All establishment sizes",17,0,0,0,0,0,0,0
"06071",3,"4931",76,0,2013,3,"N","San Bernardino County, California","Local Government","Warehousing and storage","County, NAICS 4-digit -- by ownership sector","All establishment sizes",17,0,0,0,0,0,0,0
"06071",3,"49311",77,0,2013,1,"N","San Bernardino County, California","Local Government","General warehousing and storage","County, NAICS 5-digit -- by ownership sector","All establishment sizes",17,0,0,0,0,0,0,0
"06071",3,"49311",77,0,2013,2,"N","San Bernardino County, California","Local Government","General warehousing and storage","County, NAICS 5-digit -- by ownership sector","All establishment sizes",17,0,0,0,0,0,0,0
"06071",3,"49311",77,0,2013,3,"N","San Bernardino County, California","Local Government","General warehousing and storage","County, NAICS 5-digit -- by ownership sector","All establishment sizes",17,0,0,0,0,0,0,0
"06071",3,"493110",78,0,2013,1,"N","San Bernardino County, California","Local Government","General warehousing and storage","County, NAICS 6-digit -- by ownership sector","All establishment sizes",17,0,0,0,0,0,0,0
"06071",3,"493110",78,0,2013,2,"N","San Bernardino County, California","Local Government","General warehousing and storage","County, NAICS 6-digit -- by ownership sector","All establishment sizes",17,0,0,0,0,0,0,0
"06071",3,"493110",78,0,2013,3,"N","San Bernardino County, California","Local Government","General warehousing and storage","County, NAICS 6-digit -- by ownership sector","All establishment sizes",17,0,0,0,0,0,0,0
"06071",3,"51",74,0,2013,1,"","San Bernardino County, California","Local Government","Information","County, NAICS Sector -- by ownership sector","All establishment sizes",3,331,337,330,2553072,0,0,590
"06071",3,"51",74,0,2013,2,"","San Bernardino County, California","Local Government","Information","County, NAICS Sector -- by ownership sector","All establishment sizes",3,331,339,337,2580307,0,0,591
"06071",3,"51",74,0,2013,3,"","San Bernardino County, California","Local Government","Information","County, NAICS Sector -- by ownership sector","All establishment sizes",3,344,342,341,2564094,0,0,576
"06071",3,"519",75,0,2013,1,"","San Bernardino County, California","Local Government","Other information services","County, NAICS 3-digit -- by ownership sector","All establishment sizes",3,331,337,330,2553072,0,0,590
"06071",3,"519",75,0,2013,2,"","San Bernardino County, California","Local Government","Other information services","County, NAICS 3-digit -- by ownership sector","All establishment sizes",3,331,339,337,2580307,0,0,591
"06071",3,"519",75,0,2013,3,"","San Bernardino County, California","Local Government","Other information services","County, NAICS 3-digit -- by ownership sector","All establishment sizes",3,344,342,341,2564094,0,0,576
"06071",3,"5191",76,0,2013,1,"","San Bernardino County, California","Local Government","Other information services","County, NAICS 4-digit -- by ownership sector","All establishment sizes",3,331,337,330,2553072,0,0,590
"06071",3,"5191",76,0,2013,2,"","San Bernardino County, California","Local Government","Other information services","County, NAICS 4-digit -- by ownership sector","All establishment sizes",3,331,339,337,2580307,0,0,591
"06071",3,"5191",76,0,2013,3,"","San Bernardino County, California","Local Government","Other information services","County, NAICS 4-digit -- by ownership sector","All establishment sizes",3,344,342,341,2564094,0,0,576
"06071",3,"51912",77,0,2013,1,"","San Bernardino County, California","Local Government","Libraries and archives","County, NAICS 5-digit -- by ownership sector","All establishment sizes",3,331,337,330,2553072,0,0,590
"06071",3,"51912",77,0,2013,2,"","San Bernardino County, California","Local Government","Libraries and archives","County, NAICS 5-digit -- by ownership sector","All establishment sizes",3,331,339,337,2580307,0,0,591
"06071",3,"51912",77,0,2013,3,"","San Bernardino County, California","Local Government","Libraries and archives","County, NAICS 5-digit -- by ownership sector","All establishment sizes",3,344,342,341,2564094,0,0,576
"06071",3,"519120",78,0,2013,1,"","San Bernardino County, California","Local Government","Libraries and archives","County, NAICS 6-digit -- by ownership sector","All establishment sizes",3,331,337,330,2553072,0,0,590
"06071",3,"519120",78,0,2013,2,"","San Bernardino County, California","Local Government","Libraries and archives","County, NAICS 6-digit -- by ownership sector","All establishment sizes",3,331,339,337,2580307,0,0,591
"06071",3,"519120",78,0,2013,3,"","San Bernardino County, California","Local Government","Libraries and archives","County, NAICS 6-digit -- by ownership sector","All establishment sizes",3,344,342,341,2564094,0,0,576
"06071",3,"53",74,0,2013,1,"","San Bernardino County, California","Local Government","Real estate and rental and leasing","County, NAICS Sector -- by ownership sector","All establishment sizes",19,286,278,278,2551818,1649544,102272,699
"06071",3,"53",74,0,2013,2,"","San Bernardino County, California","Local Government","Real estate and rental and leasing","County, NAICS Sector -- by ownership sector","All establishment sizes",19,278,286,271,2861059,303696,18830,791
"06071",3,"53",74,0,2013,3,"","San Bernardino County, California","Local Government","Real estate and rental and leasing","County, NAICS Sector -- by ownership sector","All establishment sizes",19,269,262,268,2931882,109027,6760,847
"06071",3,"531",75,0,2013,1,"","San Bernardino County, California","Local Government","Real estate","County, NAICS 3-digit -- by ownership sector","All establishment sizes",19,286,278,278,2551818,1649544,102272,699
"06071",3,"531",75,0,2013,2,"","San Bernardino County, California","Local Government","Real estate","County, NAICS 3-digit -- by ownership sector","All establishment sizes",19,278,286,271,2861059,303696,18830,791
"06071",3,"531",75,0,2013,3,"","San Bernardino County, California","Local Government","Real estate","County, NAICS 3-digit -- by ownership sector","All establishment sizes",19,269,262,268,2931882,109027,6760,847
"06071",3,"5311",76,0,2013,1,"","San Bernardino County, California","Local Government","Lessors of real estate","County, NAICS 4-digit -- by ownership sector","All establishment sizes",19,286,278,278,2551818,1649544,102272,699
"06071",3,"5311",76,0,2013,2,"","San Bernardino County, California","Local Government","Lessors of real estate","County, NAICS 4-digit -- by ownership sector","All establishment sizes",19,278,286,271,2861059,303696,18830,791
"06071",3,"5311",76,0,2013,3,"","San Bernardino County, California","Local Government","Lessors of real estate","County, NAICS 4-digit -- by ownership sector","All establishment sizes",19,269,262,268,2931882,109027,6760,847
"06071",3,"53111",77,0,2013,1,"","San Bernardino County, California","Local Government","Lessors of residential buildings","County, NAICS 5-digit -- by ownership sector","All establishment sizes",19,286,278,278,2551818,1649544,102272,699
"06071",3,"53111",77,0,2013,2,"","San Bernardino County, California","Local Government","Lessors of residential buildings","County, NAICS 5-digit -- by ownership sector","All establishment sizes",19,278,286,271,2861059,303696,18830,791
"06071",3,"53111",77,0,2013,3,"","San Bernardino County, California","Local Government","Lessors of residential buildings","County, NAICS 5-digit -- by ownership sector","All establishment sizes",19,269,262,268,2931882,109027,6760,847
"06071",3,"531110",78,0,2013,1,"","San Bernardino County, California","Local Government","Lessors of residential buildings","County, NAICS 6-digit -- by ownership sector","All establishment sizes",19,286,278,278,2551818,1649544,102272,699
"06071",3,"531110",78,0,2013,2,"","San Bernardino County, California","Local Government","Lessors of residential buildings","County, NAICS 6-digit -- by ownership sector","All establishment sizes",19,278,286,271,2861059,303696,18830,791
"06071",3,"531110",78,0,2013,3,"","San Bernardino County, California","Local Government","Lessors of residential buildings","County, NAICS 6-digit -- by ownership sector","All establishment sizes",19,269,262,268,2931882,109027,6760,847
"06071",3,"54",74,0,2013,1,"N","San Bernardino County, California","Local Government","Professional and technical services","County, NAICS Sector -- by ownership sector","All establishment sizes",2,0,0,0,0,0,0,0
"06071",3,"54",74,0,2013,2,"N","San Bernardino County, California","Local Government","Professional and technical services","County, NAICS Sector -- by ownership sector","All establishment sizes",2,0,0,0,0,0,0,0
"06071",3,"54",74,0,2013,3,"N","San Bernardino County, California","Local Government","Professional and technical services","County, NAICS Sector -- by ownership sector","All establishment sizes",2,0,0,0,0,0,0,0
"06071",3,"541",75,0,2013,1,"N","San Bernardino County, California","Local Government","Professional and technical services","County, NAICS 3-digit -- by ownership sector","All establishment sizes",2,0,0,0,0,0,0,0
"06071",3,"541",75,0,2013,2,"N","San Bernardino County, California","Local Government","Professional and technical services","County, NAICS 3-digit -- by ownership sector","All establishment sizes",2,0,0,0,0,0,0,0
"06071",3,"541",75,0,2013,3,"N","San Bernardino County, California","Local Government","Professional and technical services","County, NAICS 3-digit -- by ownership sector","All establishment sizes",2,0,0,0,0,0,0,0
"06071",3,"5416",76,0,2013,1,"N","San Bernardino County, California","Local Government","Management and technical consulting services","County, NAICS 4-digit -- by ownership sector","All establishment sizes",2,0,0,0,0,0,0,0
"06071",3,"5416",76,0,2013,2,"N","San Bernardino County, California","Local Government","Management and technical consulting services","County, NAICS 4-digit -- by ownership sector","All establishment sizes",2,0,0,0,0,0,0,0
"06071",3,"5416",76,0,2013,3,"N","San Bernardino County, California","Local Government","Management and technical consulting services","County, NAICS 4-digit -- by ownership sector","All establishment sizes",2,0,0,0,0,0,0,0
"06071",3,"54162",77,0,2013,1,"N","San Bernardino County, California","Local Government","Environmental consulting services","County, NAICS 5-digit -- by ownership sector","All establishment sizes",1,0,0,0,0,0,0,0
"06071",3,"54162",77,0,2013,2,"N","San Bernardino County, California","Local Government","Environmental consulting services","County, NAICS 5-digit -- by ownership sector","All establishment sizes",1,0,0,0,0,0,0,0
"06071",3,"54162",77,0,2013,3,"N","San Bernardino County, California","Local Government","Environmental consulting services","County, NAICS 5-digit -- by ownership sector","All establishment sizes",1,0,0,0,0,0,0,0
"06071",3,"541620",78,0,2013,1,"N","San Bernardino County, California","Local Government","Environmental consulting services","County, NAICS 6-digit -- by ownership sector","All establishment sizes",1,0,0,0,0,0,0,0
"06071",3,"541620",78,0,2013,2,"N","San Bernardino County, California","Local Government","Environmental consulting services","County, NAICS 6-digit -- by ownership sector","All establishment sizes",1,0,0,0,0,0,0,0
"06071",3,"541620",78,0,2013,3,"N","San Bernardino County, California","Local Government","Environmental consulting services","County, NAICS 6-digit -- by ownership sector","All establishment sizes",1,0,0,0,0,0,0,0
"06071",3,"54169",77,0,2013,1,"N","San Bernardino County, California","Local Government","Other technical consulting services","County, NAICS 5-digit -- by ownership sector","All establishment sizes",1,0,0,0,0,0,0,0
"06071",3,"54169",77,0,2013,2,"N","San Bernardino County, California","Local Government","Other technical consulting services","County, NAICS 5-digit -- by ownership sector","All establishment sizes",1,0,0,0,0,0,0,0
"06071",3,"54169",77,0,2013,3,"N","San Bernardino County, California","Local Government","Other technical consulting services","County, NAICS 5-digit -- by ownership sector","All establishment sizes",1,0,0,0,0,0,0,0
"06071",3,"541690",78,0,2013,1,"N","San Bernardino County, California","Local Government","Other technical consulting services","County, NAICS 6-digit -- by ownership sector","All establishment sizes",1,0,0,0,0,0,0,0
"06071",3,"541690",78,0,2013,2,"N","San Bernardino County, California","Local Government","Other technical consulting services","County, NAICS 6-digit -- by ownership sector","All establishment sizes",1,0,0,0,0,0,0,0
"06071",3,"541690",78,0,2013,3,"N","San Bernardino County, California","Local Government","Other technical consulting services","County, NAICS 6-digit -- by ownership sector","All establishment sizes",1,0,0,0,0,0,0,0
"06071",3,"56",74,0,2013,1,"N","San Bernardino County, California","Local Government","Administrative and waste services","County, NAICS Sector -- by ownership sector","All establishment sizes",5,0,0,0,0,0,0,0
"06071",3,"56",74,0,2013,2,"N","San Bernardino County, California","Local Government","Administrative and waste services","County, NAICS Sector -- by ownership sector","All establishment sizes",5,0,0,0,0,0,0,0
"06071",3,"56",74,0,2013,3,"N","San Bernardino County, California","Local Government","Administrative and waste services","County, NAICS Sector -- by ownership sector","All establishment sizes",5,0,0,0,0,0,0,0
"06071",3,"561",75,0,2013,1,"","San Bernardino County, California","Local Government","Administrative and support services","County, NAICS 3-digit -- by ownership sector","All establishment sizes",4,79,79,79,913272,7579,220,889
"06071",3,"561",75,0,2013,2,"","San Bernardino County, California","Local Government","Administrative and support services","County, NAICS 3-digit -- by ownership sector","All establishment sizes",4,79,79,80,919854,12604,366,892
"06071",3,"561",75,0,2013,3,"","San Bernardino County, California","Local Government","Administrative and support services","County, NAICS 3-digit -- by ownership sector","All establishment sizes",4,78,74,79,642322,0,0,642
"06071",3,"5617",76,0,2013,1,"N","San Bernardino County, California","Local Government","Services to buildings and dwellings","County, NAICS 4-digit -- by ownership sector","All establishment sizes",3,0,0,0,0,0,0,0
"06071",3,"5617",76,0,2013,2,"N","San Bernardino County, California","Local Government","Services to buildings and dwellings","County, NAICS 4-digit -- by ownership sector","All establishment sizes",3,0,0,0,0,0,0,0
"06071",3,"5617",76,0,2013,3,"N","San Bernardino County, California","Local Government","Services to buildings and dwellings","County, NAICS 4-digit -- by ownership sector","All establishment sizes",3,0,0,0,0,0,0,0
"06071",3,"56172",77,0,2013,1,"N","San Bernardino County, California","Local Government","Janitorial services","County, NAICS 5-digit -- by ownership sector","All establishment sizes",2,0,0,0,0,0,0,0
"06071",3,"56172",77,0,2013,2,"N","San Bernardino County, California","Local Government","Janitorial services","County, NAICS 5-digit -- by ownership sector","All establishment sizes",2,0,0,0,0,0,0,0
"06071",3,"56172",77,0,2013,3,"N","San Bernardino County, California","Local Government","Janitorial services","County, NAICS 5-digit -- by ownership sector","All establishment sizes",2,0,0,0,0,0,0,0
"06071",3,"561720",78,0,2013,1,"N","San Bernardino County, California","Local Government","Janitorial services","County, NAICS 6-digit -- by ownership sector","All establishment sizes",2,0,0,0,0,0,0,0
"06071",3,"561720",78,0,2013,2,"N","San Bernardino County, California","Local Government","Janitorial services","County, NAICS 6-digit -- by ownership sector","All establishment sizes",2,0,0,0,0,0,0,0
"06071",3,"561720",78,0,2013,3,"N","San Bernardino County, California","Local Government","Janitorial services","County, NAICS 6-digit -- by ownership sector","All establishment sizes",2,0,0,0,0,0,0,0
"06071",3,"56179",77,0,2013,1,"N","San Bernardino County, California","Local Government","Other services to buildings and dwellings","County, NAICS 5-digit -- by ownership sector","All establishment sizes",1,0,0,0,0,0,0,0
"06071",3,"56179",77,0,2013,2,"N","San Bernardino County, California","Local Government","Other services to buildings and dwellings","County, NAICS 5-digit -- by ownership sector","All establishment sizes",1,0,0,0,0,0,0,0
"06071",3,"56179",77,0,2013,3,"N","San Bernardino County, California","Local Government","Other services to buildings and dwellings","County, NAICS 5-digit -- by ownership sector","All establishment sizes",1,0,0,0,0,0,0,0
"06071",3,"561790",78,0,2013,1,"N","San Bernardino County, California","Local Government","Other services to buildings and dwellings","County, NAICS 6-digit -- by ownership sector","All establishment sizes",1,0,0,0,0,0,0,0
"06071",3,"561790",78,0,2013,2,"N","San Bernardino County, California","Local Government","Other services to buildings and dwellings","County, NAICS 6-digit -- by ownership sector","All establishment sizes",1,0,0,0,0,0,0,0
"06071",3,"561790",78,0,2013,3,"N","San Bernardino County, California","Local Government","Other services to buildings and dwellings","County, NAICS 6-digit -- by ownership sector","All establishment sizes",1,0,0,0,0,0,0,0
"06071",3,"5619",76,0,2013,1,"N","San Bernardino County, California","Local Government","Other support services","County, NAICS 4-digit -- by ownership sector","All establishment sizes",1,0,0,0,0,0,0,0
"06071",3,"5619",76,0,2013,2,"N","San Bernardino County, California","Local Government","Other support services","County, NAICS 4-digit -- by ownership sector","All establishment sizes",1,0,0,0,0,0,0,0
"06071",3,"5619",76,0,2013,3,"N","San Bernardino County, California","Local Government","Other support services","County, NAICS 4-digit -- by ownership sector","All establishment sizes",1,0,0,0,0,0,0,0
"06071",3,"56199",77,0,2013,1,"N","San Bernardino County, California","Local Government","All other support services","County, NAICS 5-digit -- by ownership sector","All establishment sizes",1,0,0,0,0,0,0,0
"06071",3,"56199",77,0,2013,2,"N","San Bernardino County, California","Local Government","All other support services","County, NAICS 5-digit -- by ownership sector","All establishment sizes",1,0,0,0,0,0,0,0
"06071",3,"56199",77,0,2013,3,"N","San Bernardino County, California","Local Government","All other support services","County, NAICS 5-digit -- by ownership sector","All establishment sizes",1,0,0,0,0,0,0,0
"06071",3,"561990",78,0,2013,1,"N","San Bernardino County, California","Local Government","All other support services","County, NAICS 6-digit -- by ownership sector","All establishment sizes",1,0,0,0,0,0,0,0
"06071",3,"561990",78,0,2013,2,"N","San Bernardino County, California","Local Government","All other support services","County, NAICS 6-digit -- by ownership sector","All establishment sizes",1,0,0,0,0,0,0,0
"06071",3,"561990",78,0,2013,3,"N","San Bernardino County, California","Local Government","All other support services","County, NAICS 6-digit -- by ownership sector","All establishment sizes",1,0,0,0,0,0,0,0
"06071",3,"562",75,0,2013,1,"N","San Bernardino County, California","Local Government","Waste management and remediation services","County, NAICS 3-digit -- by ownership sector","All establishment sizes",1,0,0,0,0,0,0,0
"06071",3,"562",75,0,2013,2,"N","San Bernardino County, California","Local Government","Waste management and remediation services","County, NAICS 3-digit -- by ownership sector","All establishment sizes",1,0,0,0,0,0,0,0
"06071",3,"562",75,0,2013,3,"N","San Bernardino County, California","Local Government","Waste management and remediation services","County, NAICS 3-digit -- by ownership sector","All establishment sizes",1,0,0,0,0,0,0,0
"06071",3,"5622",76,0,2013,1,"N","San Bernardino County, California","Local Government","Waste treatment and disposal","County, NAICS 4-digit -- by ownership sector","All establishment sizes",1,0,0,0,0,0,0,0
"06071",3,"5622",76,0,2013,2,"N","San Bernardino County, California","Local Government","Waste treatment and disposal","County, NAICS 4-digit -- by ownership sector","All establishment sizes",1,0,0,0,0,0,0,0
"06071",3,"5622",76,0,2013,3,"N","San Bernardino County, California","Local Government","Waste treatment and disposal","County, NAICS 4-digit -- by ownership sector","All establishment sizes",1,0,0,0,0,0,0,0
"06071",3,"56221",77,0,2013,1,"N","San Bernardino County, California","Local Government","Waste treatment and disposal","County, NAICS 5-digit -- by ownership sector","All establishment sizes",1,0,0,0,0,0,0,0
"06071",3,"56221",77,0,2013,2,"N","San Bernardino County, California","Local Government","Waste treatment and disposal","County, NAICS 5-digit -- by ownership sector","All establishment sizes",1,0,0,0,0,0,0,0
"06071",3,"56221",77,0,2013,3,"N","San Bernardino County, California","Local Government","Waste treatment and disposal","County, NAICS 5-digit -- by ownership sector","All establishment sizes",1,0,0,0,0,0,0,0
"06071",3,"562211",78,0,2013,1,"N","San Bernardino County, California","Local Government","Hazardous waste treatment and disposal","County, NAICS 6-digit -- by ownership sector","All establishment sizes",1,0,0,0,0,0,0,0
"06071",3,"562211",78,0,2013,2,"N","San Bernardino County, California","Local Government","Hazardous waste treatment and disposal","County, NAICS 6-digit -- by ownership sector","All establishment sizes",1,0,0,0,0,0,0,0
"06071",3,"562211",78,0,2013,3,"N","San Bernardino County, California","Local Government","Hazardous waste treatment and disposal","County, NAICS 6-digit -- by ownership sector","All establishment sizes",1,0,0,0,0,0,0,0
"06071",3,"61",74,0,2013,1,"","San Bernardino County, California","Local Government","Educational services","County, NAICS Sector -- by ownership sector","All establishment sizes",655,49885,49093,50721,578561671,0,0,892
"06071",3,"61",74,0,2013,2,"N","San Bernardino County, California","Local Government","Educational services","County, NAICS Sector -- by ownership sector","All establishment sizes",654,0,0,0,0,0,0,0
"06071",3,"61",74,0,2013,3,"","San Bernardino County, California","Local Government","Educational services","County, NAICS Sector -- by ownership sector","All establishment sizes",657,45626,38559,45483,434767750,0,0,774
"06071",3,"611",75,0,2013,1,"","San Bernardino County, California","Local Government","Educational services","County, NAICS 3-digit -- by ownership sector","All establishment sizes",655,49885,49093,50721,578561671,0,0,892
"06071",3,"611",75,0,2013,2,"N","San Bernardino County, California","Local Government","Educational services","County, NAICS 3-digit -- by ownership sector","All establishment sizes",654,0,0,0,0,0,0,0
"06071",3,"611",75,0,2013,3,"","San Bernardino County, California","Local Government","Educational services","County, NAICS 3-digit -- by ownership sector","All establishment sizes",657,45626,38559,45483,434767750,0,0,774
"06071",3,"6111",76,0,2013,1,"","San Bernardino County, California","Local Government","Elementary and secondary schools","County, NAICS 4-digit -- by ownership sector","All establishment sizes",641,45772,45459,46572,535842431,0,0,897
"06071",3,"6111",76,0,2013,2,"","San Bernardino County, California","Local Government","Elementary and secondary schools","County, NAICS 4-digit -- by ownership sector","All establishment sizes",640,46330,46357,46345,539722966,0,0,896
"06071",3,"6111",76,0,2013,3,"","San Bernardino County, California","Local Government","Elementary and secondary schools","County, NAICS 4-digit -- by ownership sector","All establishment sizes",643,42492,35788,41710,400116505,0,0,770
"06071",3,"61111",77,0,2013,1,"","San Bernardino County, California","Local Government","Elementary and secondary schools","County, NAICS 5-digit -- by ownership sector","All establishment sizes",641,45772,45459,46572,535842431,0,0,897
"06071",3,"61111",77,0,2013,2,"","San Bernardino County, California","Local Government","Elementary and secondary schools","County, NAICS 5-digit -- by ownership sector","All establishment sizes",640,46330,46357,46345,539722966,0,0,896
"06071",3,"61111",77,0,2013,3,"","San Bernardino County, California","Local Government","Elementary and secondary schools","County, NAICS 5-digit -- by ownership sector","All establishment sizes",643,42492,35788,41710,400116505,0,0,770
"06071",3,"611110",78,0,2013,1,"","San Bernardino County, California","Local Government","Elementary and secondary schools","County, NAICS 6-digit -- by ownership sector","All establishment sizes",641,45772,45459,46572,535842431,0,0,897
"06071",3,"611110",78,0,2013,2,"","San Bernardino County, California","Local Government","Elementary and secondary schools","County, NAICS 6-digit -- by ownership sector","All establishment sizes",640,46330,46357,46345,539722966,0,0,896
"06071",3,"611110",78,0,2013,3,"","San Bernardino County, California","Local Government","Elementary and secondary schools","County, NAICS 6-digit -- by ownership sector","All establishment sizes",643,42492,35788,41710,400116505,0,0,770
"06071",3,"6112",76,0,2013,1,"","San Bernardino County, California","Local Government","Junior colleges","County, NAICS 4-digit -- by ownership sector","All establishment sizes",12,4051,3571,4084,42101818,0,0,830
"06071",3,"6112",76,0,2013,2,"","San Bernardino County, California","Local Government","Junior colleges","County, NAICS 4-digit -- by ownership sector","All establishment sizes",12,4169,4286,4103,44533106,0,0,818
"06071",3,"6112",76,0,2013,3,"","San Bernardino County, California","Local Government","Junior colleges","County, NAICS 4-digit -- by ownership sector","All establishment sizes",12,3070,2710,3704,34204378,0,0,832
"06071",3,"61121",77,0,2013,1,"","San Bernardino County, California","Local Government","Junior colleges","County, NAICS 5-digit -- by ownership sector","All establishment sizes",12,4051,3571,4084,42101818,0,0,830
"06071",3,"61121",77,0,2013,2,"","San Bernardino County, California","Local Government","Junior colleges","County, NAICS 5-digit -- by ownership sector","All establishment sizes",12,4169,4286,4103,44533106,0,0,818
"06071",3,"61121",77,0,2013,3,"","San Bernardino County, California","Local Government","Junior colleges","County, NAICS 5-digit -- by ownership sector","All establishment sizes",12,3070,2710,3704,34204378,0,0,832
"06071",3,"611210",78,0,2013,1,"","San Bernardino County, California","Local Government","Junior colleges","County, NAICS 6-digit -- by ownership sector","All establishment sizes",12,4051,3571,4084,42101818,0,0,830
"06071",3,"611210",78,0,2013,2,"","San Bernardino County, California","Local Government","Junior colleges","County, NAICS 6-digit -- by ownership sector","All establishment sizes",12,4169,4286,4103,44533106,0,0,818
"06071",3,"611210",78,0,2013,3,"","San Bernardino County, California","Local Government","Junior colleges","County, NAICS 6-digit -- by ownership sector","All establishment sizes",12,3070,2710,3704,34204378,0,0,832
"06071",3,"6116",76,0,2013,1,"N","San Bernardino County, California","Local Government","Other schools and instruction","County, NAICS 4-digit -- by ownership sector","All establishment sizes",1,0,0,0,0,0,0,0
"06071",3,"6116",76,0,2013,2,"N","San Bernardino County, California","Local Government","Other schools and instruction","County, NAICS 4-digit -- by ownership sector","All establishment sizes",1,0,0,0,0,0,0,0
"06071",3,"6116",76,0,2013,3,"N","San Bernardino County, California","Local Government","Other schools and instruction","County, NAICS 4-digit -- by ownership sector","All establishment sizes",1,0,0,0,0,0,0,0
"06071",3,"61169",77,0,2013,1,"N","San Bernardino County, California","Local Government","All other schools and instruction","County, NAICS 5-digit -- by ownership sector","All establishment sizes",1,0,0,0,0,0,0,0
"06071",3,"61169",77,0,2013,2,"N","San Bernardino County, California","Local Government","All other schools and instruction","County, NAICS 5-digit -- by ownership sector","All establishment sizes",1,0,0,0,0,0,0,0
"06071",3,"61169",77,0,2013,3,"N","San Bernardino County, California","Local Government","All other schools and instruction","County, NAICS 5-digit -- by ownership sector","All establishment sizes",1,0,0,0,0,0,0,0
"06071",3,"611691",78,0,2013,1,"N","San Bernardino County, California","Local Government","Exam preparation and tutoring","County, NAICS 6-digit -- by ownership sector","All establishment sizes",1,0,0,0,0,0,0,0
"06071",3,"611691",78,0,2013,2,"N","San Bernardino County, California","Local Government","Exam preparation and tutoring","County, NAICS 6-digit -- by ownership sector","All establishment sizes",1,0,0,0,0,0,0,0
"06071",3,"611691",78,0,2013,3,"N","San Bernardino County, California","Local Government","Exam preparation and tutoring","County, NAICS 6-digit -- by ownership sector","All establishment sizes",1,0,0,0,0,0,0,0
"06071",3,"6117",76,0,2013,1,"N","San Bernardino County, California","Local Government","Educational support services","County, NAICS 4-digit -- by ownership sector","All establishment sizes",1,0,0,0,0,0,0,0
"06071",3,"6117",76,0,2013,2,"N","San Bernardino County, California","Local Government","Educational support services","County, NAICS 4-digit -- by ownership sector","All establishment sizes",1,0,0,0,0,0,0,0
"06071",3,"6117",76,0,2013,3,"N","San Bernardino County, California","Local Government","Educational support services","County, NAICS 4-digit -- by ownership sector","All establishment sizes",1,0,0,0,0,0,0,0
"06071",3,"61171",77,0,2013,1,"N","San Bernardino County, California","Local Government","Educational support services","County, NAICS 5-digit -- by ownership sector","All establishment sizes",1,0,0,0,0,0,0,0
"06071",3,"61171",77,0,2013,2,"N","San Bernardino County, California","Local Government","Educational support services","County, NAICS 5-digit -- by ownership sector","All establishment sizes",1,0,0,0,0,0,0,0
"06071",3,"61171",77,0,2013,3,"N","San Bernardino County, California","Local Government","Educational support services","County, NAICS 5-digit -- by ownership sector","All establishment sizes",1,0,0,0,0,0,0,0
"06071",3,"611710",78,0,2013,1,"N","San Bernardino County, California","Local Government","Educational support services","County, NAICS 6-digit -- by ownership sector","All establishment sizes",1,0,0,0,0,0,0,0
"06071",3,"611710",78,0,2013,2,"N","San Bernardino County, California","Local Government","Educational support services","County, NAICS 6-digit -- by ownership sector","All establishment sizes",1,0,0,0,0,0,0,0
"06071",3,"611710",78,0,2013,3,"N","San Bernardino County, California","Local Government","Educational support services","County, NAICS 6-digit -- by ownership sector","All establishment sizes",1,0,0,0,0,0,0,0
"06071",3,"62",74,0,2013,1,"","San Bernardino County, California","Local Government","Health care and social assistance","County, NAICS Sector -- by ownership sector","All establishment sizes",9,5451,5482,5493,70392448,317276,17486,989
"06071",3,"62",74,0,2013,2,"N","San Bernardino County, California","Local Government","Health care and social assistance","County, NAICS Sector -- by ownership sector","All establishment sizes",9,0,0,0,0,0,0,0
"06071",3,"62",74,0,2013,3,"","San Bernardino County, California","Local Government","Health care and social assistance","County, NAICS Sector -- by ownership sector","All establishment sizes",8,5550,5540,5603,70438958,16430,903,974
"06071",3,"621",75,0,2013,1,"N","San Bernardino County, California","Local Government","Ambulatory health care services","County, NAICS 3-digit -- by ownership sector","All establishment sizes",2,0,0,0,0,0,0,0
"06071",3,"621",75,0,2013,2,"N","San Bernardino County, California","Local Government","Ambulatory health care services","County, NAICS 3-digit -- by ownership sector","All establishment sizes",2,0,0,0,0,0,0,0
"06071",3,"621",75,0,2013,3,"N","San Bernardino County, California","Local Government","Ambulatory health care services","County, NAICS 3-digit -- by ownership sector","All establishment sizes",2,0,0,0,0,0,0,0
"06071",3,"6211",76,0,2013,1,"N","San Bernardino County, California","Local Government","Offices of physicians","County, NAICS 4-digit -- by ownership sector","All establishment sizes",1,0,0,0,0,0,0,0
"06071",3,"6211",76,0,2013,2,"N","San Bernardino County, California","Local Government","Offices of physicians","County, NAICS 4-digit -- by ownership sector","All establishment sizes",1,0,0,0,0,0,0,0
"06071",3,"6211",76,0,2013,3,"N","San Bernardino County, California","Local Government","Offices of physicians","County, NAICS 4-digit -- by ownership sector","All establishment sizes",1,0,0,0,0,0,0,0
"06071",3,"62111",77,0,2013,1,"N","San Bernardino County, California","Local Government","Offices of physicians","County, NAICS 5-digit -- by ownership sector","All establishment sizes",1,0,0,0,0,0,0,0
"06071",3,"62111",77,0,2013,2,"N","San Bernardino County, California","Local Government","Offices of physicians","County, NAICS 5-digit -- by ownership sector","All establishment sizes",1,0,0,0,0,0,0,0
"06071",3,"62111",77,0,2013,3,"N","San Bernardino County, California","Local Government","Offices of physicians","County, NAICS 5-digit -- by ownership sector","All establishment sizes",1,0,0,0,0,0,0,0
"06071",3,"621111",78,0,2013,1,"N","San Bernardino County, California","Local Government","Offices of physicians, except mental health","County, NAICS 6-digit -- by ownership sector","All establishment sizes",1,0,0,0,0,0,0,0
"06071",3,"621111",78,0,2013,2,"N","San Bernardino County, California","Local Government","Offices of physicians, except mental health","County, NAICS 6-digit -- by ownership sector","All establishment sizes",1,0,0,0,0,0,0,0
"06071",3,"621111",78,0,2013,3,"N","San Bernardino County, California","Local Government","Offices of physicians, except mental health","County, NAICS 6-digit -- by ownership sector","All establishment sizes",1,0,0,0,0,0,0,0
"06071",3,"6216",76,0,2013,1,"N","San Bernardino County, California","Local Government","Home health care services","County, NAICS 4-digit -- by ownership sector","All establishment sizes",1,0,0,0,0,0,0,0
"06071",3,"6216",76,0,2013,2,"N","San Bernardino County, California","Local Government","Home health care services","County, NAICS 4-digit -- by ownership sector","All establishment sizes",1,0,0,0,0,0,0,0
"06071",3,"6216",76,0,2013,3,"N","San Bernardino County, California","Local Government","Home health care services","County, NAICS 4-digit -- by ownership sector","All establishment sizes",1,0,0,0,0,0,0,0
"06071",3,"62161",77,0,2013,1,"N","San Bernardino County, California","Local Government","Home health care services","County, NAICS 5-digit -- by ownership sector","All establishment sizes",1,0,0,0,0,0,0,0
"06071",3,"62161",77,0,2013,2,"N","San Bernardino County, California","Local Government","Home health care services","County, NAICS 5-digit -- by ownership sector","All establishment sizes",1,0,0,0,0,0,0,0
"06071",3,"62161",77,0,2013,3,"N","San Bernardino County, California","Local Government","Home health care services","County, NAICS 5-digit -- by ownership sector","All establishment sizes",1,0,0,0,0,0,0,0
"06071",3,"621610",78,0,2013,1,"N","San Bernardino County, California","Local Government","Home health care services","County, NAICS 6-digit -- by ownership sector","All establishment sizes",1,0,0,0,0,0,0,0
"06071",3,"621610",78,0,2013,2,"N","San Bernardino County, California","Local Government","Home health care services","County, NAICS 6-digit -- by ownership sector","All establishment sizes",1,0,0,0,0,0,0,0
"06071",3,"621610",78,0,2013,3,"N","San Bernardino County, California","Local Government","Home health care services","County, NAICS 6-digit -- by ownership sector","All establishment sizes",1,0,0,0,0,0,0,0
"06071",3,"622",75,0,2013,1,"N","San Bernardino County, California","Local Government","Hospitals","County, NAICS 3-digit -- by ownership sector","All establishment sizes",4,0,0,0,0,0,0,0
"06071",3,"622",75,0,2013,2,"N","San Bernardino County, California","Local Government","Hospitals","County, NAICS 3-digit -- by ownership sector","All establishment sizes",4,0,0,0,0,0,0,0
"06071",3,"622",75,0,2013,3,"N","San Bernardino County, California","Local Government","Hospitals","County, NAICS 3-digit -- by ownership sector","All establishment sizes",3,0,0,0,0,0,0,0
"06071",3,"6221",76,0,2013,1,"N","San Bernardino County, California","Local Government","General medical and surgical hospitals","County, NAICS 4-digit -- by ownership sector","All establishment sizes",4,0,0,0,0,0,0,0
"06071",3,"6221",76,0,2013,2,"N","San Bernardino County, California","Local Government","General medical and surgical hospitals","County, NAICS 4-digit -- by ownership sector","All establishment sizes",4,0,0,0,0,0,0,0
"06071",3,"6221",76,0,2013,3,"N","San Bernardino County, California","Local Government","General medical and surgical hospitals","County, NAICS 4-digit -- by ownership sector","All establishment sizes",3,0,0,0,0,0,0,0
"06071",3,"62211",77,0,2013,1,"N","San Bernardino County, California","Local Government","General medical and surgical hospitals","County, NAICS 5-digit -- by ownership sector","All establishment sizes",4,0,0,0,0,0,0,0
"06071",3,"62211",77,0,2013,2,"N","San Bernardino County, California","Local Government","General medical and surgical hospitals","County, NAICS 5-digit -- by ownership sector","All establishment sizes",4,0,0,0,0,0,0,0
"06071",3,"62211",77,0,2013,3,"N","San Bernardino County, California","Local Government","General medical and surgical hospitals","County, NAICS 5-digit -- by ownership sector","All establishment sizes",3,0,0,0,0,0,0,0
"06071",3,"622110",78,0,2013,1,"N","San Bernardino County, California","Local Government","General medical and surgical hospitals","County, NAICS 6-digit -- by ownership sector","All establishment sizes",4,0,0,0,0,0,0,0
"06071",3,"622110",78,0,2013,2,"N","San Bernardino County, California","Local Government","General medical and surgical hospitals","County, NAICS 6-digit -- by ownership sector","All establishment sizes",4,0,0,0,0,0,0,0
"06071",3,"622110",78,0,2013,3,"N","San Bernardino County, California","Local Government","General medical and surgical hospitals","County, NAICS 6-digit -- by ownership sector","All establishment sizes",3,0,0,0,0,0,0,0
"06071",3,"624",75,0,2013,1,"","San Bernardino County, California","Local Government","Social assistance","County, NAICS 3-digit -- by ownership sector","All establishment sizes",3,31,31,32,354056,44166,2738,869
"06071",3,"624",75,0,2013,2,"","San Bernardino County, California","Local Government","Social assistance","County, NAICS 3-digit -- by ownership sector","All establishment sizes",3,31,32,34,343127,3101,192,816
"06071",3,"624",75,0,2013,3,"","San Bernardino County, California","Local Government","Social assistance","County, NAICS 3-digit -- by ownership sector","All establishment sizes",3,35,41,87,440019,1968,122,623
"06071",3,"6241",76,0,2013,1,"N","San Bernardino County, California","Local Government","Individual and family services","County, NAICS 4-digit -- by ownership sector","All establishment sizes",1,0,0,0,0,0,0,0
"06071",3,"6241",76,0,2013,2,"N","San Bernardino County, California","Local Government","Individual and family services","County, NAICS 4-digit -- by ownership sector","All establishment sizes",1,0,0,0,0,0,0,0
"06071",3,"6241",76,0,2013,3,"N","San Bernardino County, California","Local Government","Individual and family services","County, NAICS 4-digit -- by ownership sector","All establishment sizes",1,0,0,0,0,0,0,0
"06071",3,"62419",77,0,2013,1,"N","San Bernardino County, California","Local Government","Other individual and family services","County, NAICS 5-digit -- by ownership sector","All establishment sizes",1,0,0,0,0,0,0,0
"06071",3,"62419",77,0,2013,2,"N","San Bernardino County, California","Local Government","Other individual and family services","County, NAICS 5-digit -- by ownership sector","All establishment sizes",1,0,0,0,0,0,0,0
"06071",3,"62419",77,0,2013,3,"N","San Bernardino County, California","Local Government","Other individual and family services","County, NAICS 5-digit -- by ownership sector","All establishment sizes",1,0,0,0,0,0,0,0
"06071",3,"624190",78,0,2013,1,"N","San Bernardino County, California","Local Government","Other individual and family services","County, NAICS 6-digit -- by ownership sector","All establishment sizes",1,0,0,0,0,0,0,0
"06071",3,"624190",78,0,2013,2,"N","San Bernardino County, California","Local Government","Other individual and family services","County, NAICS 6-digit -- by ownership sector","All establishment sizes",1,0,0,0,0,0,0,0
"06071",3,"624190",78,0,2013,3,"N","San Bernardino County, California","Local Government","Other individual and family services","County, NAICS 6-digit -- by ownership sector","All establishment sizes",1,0,0,0,0,0,0,0
"06071",3,"6242",76,0,2013,1,"N","San Bernardino County, California","Local Government","Emergency and other relief services","County, NAICS 4-digit -- by ownership sector","All establishment sizes",1,0,0,0,0,0,0,0
"06071",3,"6242",76,0,2013,2,"N","San Bernardino County, California","Local Government","Emergency and other relief services","County, NAICS 4-digit -- by ownership sector","All establishment sizes",1,0,0,0,0,0,0,0
"06071",3,"6242",76,0,2013,3,"N","San Bernardino County, California","Local Government","Emergency and other relief services","County, NAICS 4-digit -- by ownership sector","All establishment sizes",1,0,0,0,0,0,0,0
"06071",3,"62421",77,0,2013,1,"N","San Bernardino County, California","Local Government","Community food services","County, NAICS 5-digit -- by ownership sector","All establishment sizes",1,0,0,0,0,0,0,0
"06071",3,"62421",77,0,2013,2,"N","San Bernardino County, California","Local Government","Community food services","County, NAICS 5-digit -- by ownership sector","All establishment sizes",1,0,0,0,0,0,0,0
"06071",3,"62421",77,0,2013,3,"N","San Bernardino County, California","Local Government","Community food services","County, NAICS 5-digit -- by ownership sector","All establishment sizes",1,0,0,0,0,0,0,0
"06071",3,"624210",78,0,2013,1,"N","San Bernardino County, California","Local Government","Community food services","County, NAICS 6-digit -- by ownership sector","All establishment sizes",1,0,0,0,0,0,0,0
"06071",3,"624210",78,0,2013,2,"N","San Bernardino County, California","Local Government","Community food services","County, NAICS 6-digit -- by ownership sector","All establishment sizes",1,0,0,0,0,0,0,0
"06071",3,"624210",78,0,2013,3,"N","San Bernardino County, California","Local Government","Community food services","County, NAICS 6-digit -- by ownership sector","All establishment sizes",1,0,0,0,0,0,0,0
"06071",3,"6243",76,0,2013,1,"N","San Bernardino County, California","Local Government","Vocational rehabilitation services","County, NAICS 4-digit -- by ownership sector","All establishment sizes",1,0,0,0,0,0,0,0
"06071",3,"6243",76,0,2013,2,"N","San Bernardino County, California","Local Government","Vocational rehabilitation services","County, NAICS 4-digit -- by ownership sector","All establishment sizes",1,0,0,0,0,0,0,0
"06071",3,"6243",76,0,2013,3,"N","San Bernardino County, California","Local Government","Vocational rehabilitation services","County, NAICS 4-digit -- by ownership sector","All establishment sizes",1,0,0,0,0,0,0,0
"06071",3,"62431",77,0,2013,1,"N","San Bernardino County, California","Local Government","Vocational rehabilitation services","County, NAICS 5-digit -- by ownership sector","All establishment sizes",1,0,0,0,0,0,0,0
"06071",3,"62431",77,0,2013,2,"N","San Bernardino County, California","Local Government","Vocational rehabilitation services","County, NAICS 5-digit -- by ownership sector","All establishment sizes",1,0,0,0,0,0,0,0
"06071",3,"62431",77,0,2013,3,"N","San Bernardino County, California","Local Government","Vocational rehabilitation services","County, NAICS 5-digit -- by ownership sector","All establishment sizes",1,0,0,0,0,0,0,0
"06071",3,"624310",78,0,2013,1,"N","San Bernardino County, California","Local Government","Vocational rehabilitation services","County, NAICS 6-digit -- by ownership sector","All establishment sizes",1,0,0,0,0,0,0,0
"06071",3,"624310",78,0,2013,2,"N","San Bernardino County, California","Local Government","Vocational rehabilitation services","County, NAICS 6-digit -- by ownership sector","All establishment sizes",1,0,0,0,0,0,0,0
"06071",3,"624310",78,0,2013,3,"N","San Bernardino County, California","Local Government","Vocational rehabilitation services","County, NAICS 6-digit -- by ownership sector","All establishment sizes",1,0,0,0,0,0,0,0
"06071",3,"71",74,0,2013,1,"","San Bernardino County, California","Local Government","Arts, entertainment, and recreation","County, NAICS Sector -- by ownership sector","All establishment sizes",14,3431,3459,3477,31206670,543013,31983,695
"06071",3,"71",74,0,2013,2,"","San Bernardino County, California","Local Government","Arts, entertainment, and recreation","County, NAICS Sector -- by ownership sector","All establishment sizes",14,3502,3543,3651,34738803,182414,10960,749
"06071",3,"71",74,0,2013,3,"","San Bernardino County, California","Local Government","Arts, entertainment, and recreation","County, NAICS Sector -- by ownership sector","All establishment sizes",14,3664,3709,3693,31829962,83938,4776,664
"06071",3,"711",75,0,2013,1,"N","San Bernardino County, California","Local Government","Performing arts and spectator sports","County, NAICS 3-digit -- by ownership sector","All establishment sizes",2,0,0,0,0,0,0,0
"06071",3,"711",75,0,2013,2,"N","San Bernardino County, California","Local Government","Performing arts and spectator sports","County, NAICS 3-digit -- by ownership sector","All establishment sizes",2,0,0,0,0,0,0,0
"06071",3,"711",75,0,2013,3,"N","San Bernardino County, California","Local Government","Performing arts and spectator sports","County, NAICS 3-digit -- by ownership sector","All establishment sizes",2,0,0,0,0,0,0,0
"06071",3,"7113",76,0,2013,1,"N","San Bernardino County, California","Local Government","Promoters of performing arts and sports","County, NAICS 4-digit -- by ownership sector","All establishment sizes",2,0,0,0,0,0,0,0
"06071",3,"7113",76,0,2013,2,"N","San Bernardino County, California","Local Government","Promoters of performing arts and sports","County, NAICS 4-digit -- by ownership sector","All establishment sizes",2,0,0,0,0,0,0,0
"06071",3,"7113",76,0,2013,3,"N","San Bernardino County, California","Local Government","Promoters of performing arts and sports","County, NAICS 4-digit -- by ownership sector","All establishment sizes",2,0,0,0,0,0,0,0
"06071",3,"71131",77,0,2013,1,"N","San Bernardino County, California","Local Government","Promoters with facilities","County, NAICS 5-digit -- by ownership sector","All establishment sizes",1,0,0,0,0,0,0,0
"06071",3,"71131",77,0,2013,2,"N","San Bernardino County, California","Local Government","Promoters with facilities","County, NAICS 5-digit -- by ownership sector","All establishment sizes",1,0,0,0,0,0,0,0
"06071",3,"71131",77,0,2013,3,"N","San Bernardino County, California","Local Government","Promoters with facilities","County, NAICS 5-digit -- by ownership sector","All establishment sizes",1,0,0,0,0,0,0,0
"06071",3,"711310",78,0,2013,1,"N","San Bernardino County, California","Local Government","Promoters with facilities","County, NAICS 6-digit -- by ownership sector","All establishment sizes",1,0,0,0,0,0,0,0
"06071",3,"711310",78,0,2013,2,"N","San Bernardino County, California","Local Government","Promoters with facilities","County, NAICS 6-digit -- by ownership sector","All establishment sizes",1,0,0,0,0,0,0,0
"06071",3,"711310",78,0,2013,3,"N","San Bernardino County, California","Local Government","Promoters with facilities","County, NAICS 6-digit -- by ownership sector","All establishment sizes",1,0,0,0,0,0,0,0
"06071",3,"71132",77,0,2013,1,"N","San Bernardino County, California","Local Government","Promoters without facilities","County, NAICS 5-digit -- by ownership sector","All establishment sizes",1,0,0,0,0,0,0,0
"06071",3,"71132",77,0,2013,2,"N","San Bernardino County, California","Local Government","Promoters without facilities","County, NAICS 5-digit -- by ownership sector","All establishment sizes",1,0,0,0,0,0,0,0
"06071",3,"71132",77,0,2013,3,"N","San Bernardino County, California","Local Government","Promoters without facilities","County, NAICS 5-digit -- by ownership sector","All establishment sizes",1,0,0,0,0,0,0,0
"06071",3,"711320",78,0,2013,1,"N","San Bernardino County, California","Local Government","Promoters without facilities","County, NAICS 6-digit -- by ownership sector","All establishment sizes",1,0,0,0,0,0,0,0
"06071",3,"711320",78,0,2013,2,"N","San Bernardino County, California","Local Government","Promoters without facilities","County, NAICS 6-digit -- by ownership sector","All establishment sizes",1,0,0,0,0,0,0,0
"06071",3,"711320",78,0,2013,3,"N","San Bernardino County, California","Local Government","Promoters without facilities","County, NAICS 6-digit -- by ownership sector","All establishment sizes",1,0,0,0,0,0,0,0
"06071",3,"712",75,0,2013,1,"N","San Bernardino County, California","Local Government","Museums, historical sites, zoos, and parks","County, NAICS 3-digit -- by ownership sector","All establishment sizes",2,0,0,0,0,0,0,0
"06071",3,"712",75,0,2013,2,"N","San Bernardino County, California","Local Government","Museums, historical sites, zoos, and parks","County, NAICS 3-digit -- by ownership sector","All establishment sizes",2,0,0,0,0,0,0,0
"06071",3,"712",75,0,2013,3,"N","San Bernardino County, California","Local Government","Museums, historical sites, zoos, and parks","County, NAICS 3-digit -- by ownership sector","All establishment sizes",2,0,0,0,0,0,0,0
"06071",3,"7121",76,0,2013,1,"N","San Bernardino County, California","Local Government","Museums, historical sites, zoos, and parks","County, NAICS 4-digit -- by ownership sector","All establishment sizes",2,0,0,0,0,0,0,0
"06071",3,"7121",76,0,2013,2,"N","San Bernardino County, California","Local Government","Museums, historical sites, zoos, and parks","County, NAICS 4-digit -- by ownership sector","All establishment sizes",2,0,0,0,0,0,0,0
"06071",3,"7121",76,0,2013,3,"N","San Bernardino County, California","Local Government","Museums, historical sites, zoos, and parks","County, NAICS 4-digit -- by ownership sector","All establishment sizes",2,0,0,0,0,0,0,0
"06071",3,"71219",77,0,2013,1,"N","San Bernardino County, California","Local Government","Nature parks and other similar institutions","County, NAICS 5-digit -- by ownership sector","All establishment sizes",2,0,0,0,0,0,0,0
"06071",3,"71219",77,0,2013,2,"N","San Bernardino County, California","Local Government","Nature parks and other similar institutions","County, NAICS 5-digit -- by ownership sector","All establishment sizes",2,0,0,0,0,0,0,0
"06071",3,"71219",77,0,2013,3,"N","San Bernardino County, California","Local Government","Nature parks and other similar institutions","County, NAICS 5-digit -- by ownership sector","All establishment sizes",2,0,0,0,0,0,0,0
"06071",3,"712190",78,0,2013,1,"N","San Bernardino County, California","Local Government","Nature parks and other similar institutions","County, NAICS 6-digit -- by ownership sector","All establishment sizes",2,0,0,0,0,0,0,0
"06071",3,"712190",78,0,2013,2,"N","San Bernardino County, California","Local Government","Nature parks and other similar institutions","County, NAICS 6-digit -- by ownership sector","All establishment sizes",2,0,0,0,0,0,0,0
"06071",3,"712190",78,0,2013,3,"N","San Bernardino County, California","Local Government","Nature parks and other similar institutions","County, NAICS 6-digit -- by ownership sector","All establishment sizes",2,0,0,0,0,0,0,0
"06071",3,"713",75,0,2013,1,"","San Bernardino County, California","Local Government","Amusements, gambling, and recreation","County, NAICS 3-digit -- by ownership sector","All establishment sizes",10,3197,3200,3221,29583599,507554,29997,710
"06071",3,"713",75,0,2013,2,"","San Bernardino County, California","Local Government","Amusements, gambling, and recreation","County, NAICS 3-digit -- by ownership sector","All establishment sizes",10,3239,3282,3327,32837525,172463,10403,769
"06071",3,"713",75,0,2013,3,"","San Bernardino County, California","Local Government","Amusements, gambling, and recreation","County, NAICS 3-digit -- by ownership sector","All establishment sizes",10,3339,3371,3354,30150827,82592,4701,691
"06071",3,"7132",76,0,2013,1,"N","San Bernardino County, California","Local Government","Gambling industries","County, NAICS 4-digit -- by ownership sector","All establishment sizes",2,0,0,0,0,0,0,0
"06071",3,"7132",76,0,2013,2,"N","San Bernardino County, California","Local Government","Gambling industries","County, NAICS 4-digit -- by ownership sector","All establishment sizes",2,0,0,0,0,0,0,0
"06071",3,"7132",76,0,2013,3,"N","San Bernardino County, California","Local Government","Gambling industries","County, NAICS 4-digit -- by ownership sector","All establishment sizes",2,0,0,0,0,0,0,0
"06071",3,"71321",77,0,2013,1,"N","San Bernardino County, California","Local Government","Casinos, except casino hotels","County, NAICS 5-digit -- by ownership sector","All establishment sizes",2,0,0,0,0,0,0,0
"06071",3,"71321",77,0,2013,2,"N","San Bernardino County, California","Local Government","Casinos, except casino hotels","County, NAICS 5-digit -- by ownership sector","All establishment sizes",2,0,0,0,0,0,0,0
"06071",3,"71321",77,0,2013,3,"N","San Bernardino County, California","Local Government","Casinos, except casino hotels","County, NAICS 5-digit -- by ownership sector","All establishment sizes",2,0,0,0,0,0,0,0
"06071",3,"713210",78,0,2013,1,"N","San Bernardino County, California","Local Government","Casinos, except casino hotels","County, NAICS 6-digit -- by ownership sector","All establishment sizes",2,0,0,0,0,0,0,0
"06071",3,"713210",78,0,2013,2,"N","San Bernardino County, California","Local Government","Casinos, except casino hotels","County, NAICS 6-digit -- by ownership sector","All establishment sizes",2,0,0,0,0,0,0,0
"06071",3,"713210",78,0,2013,3,"N","San Bernardino County, California","Local Government","Casinos, except casino hotels","County, NAICS 6-digit -- by ownership sector","All establishment sizes",2,0,0,0,0,0,0,0
"06071",3,"7139",76,0,2013,1,"N","San Bernardino County, California","Local Government","Other amusement and recreation industries","County, NAICS 4-digit -- by ownership sector","All establishment sizes",8,0,0,0,0,0,0,0
"06071",3,"7139",76,0,2013,2,"N","San Bernardino County, California","Local Government","Other amusement and recreation industries","County, NAICS 4-digit -- by ownership sector","All establishment sizes",8,0,0,0,0,0,0,0
"06071",3,"7139",76,0,2013,3,"N","San Bernardino County, California","Local Government","Other amusement and recreation industries","County, NAICS 4-digit -- by ownership sector","All establishment sizes",8,0,0,0,0,0,0,0
"06071",3,"71394",77,0,2013,1,"N","San Bernardino County, California","Local Government","Fitness and recreational sports centers","County, NAICS 5-digit -- by ownership sector","All establishment sizes",2,0,0,0,0,0,0,0
"06071",3,"71394",77,0,2013,2,"N","San Bernardino County, California","Local Government","Fitness and recreational sports centers","County, NAICS 5-digit -- by ownership sector","All establishment sizes",2,0,0,0,0,0,0,0
"06071",3,"71394",77,0,2013,3,"N","San Bernardino County, California","Local Government","Fitness and recreational sports centers","County, NAICS 5-digit -- by ownership sector","All establishment sizes",2,0,0,0,0,0,0,0
"06071",3,"713940",78,0,2013,1,"N","San Bernardino County, California","Local Government","Fitness and recreational sports centers","County, NAICS 6-digit -- by ownership sector","All establishment sizes",2,0,0,0,0,0,0,0
"06071",3,"713940",78,0,2013,2,"N","San Bernardino County, California","Local Government","Fitness and recreational sports centers","County, NAICS 6-digit -- by ownership sector","All establishment sizes",2,0,0,0,0,0,0,0
"06071",3,"713940",78,0,2013,3,"N","San Bernardino County, California","Local Government","Fitness and recreational sports centers","County, NAICS 6-digit -- by ownership sector","All establishment sizes",2,0,0,0,0,0,0,0
"06071",3,"71399",77,0,2013,1,"N","San Bernardino County, California","Local Government","All other amusement and recreation industries","County, NAICS 5-digit -- by ownership sector","All establishment sizes",6,0,0,0,0,0,0,0
"06071",3,"71399",77,0,2013,2,"N","San Bernardino County, California","Local Government","All other amusement and recreation industries","County, NAICS 5-digit -- by ownership sector","All establishment sizes",6,0,0,0,0,0,0,0
"06071",3,"71399",77,0,2013,3,"N","San Bernardino County, California","Local Government","All other amusement and recreation industries","County, NAICS 5-digit -- by ownership sector","All establishment sizes",6,0,0,0,0,0,0,0
"06071",3,"713990",78,0,2013,1,"N","San Bernardino County, California","Local Government","All other amusement and recreation industries","County, NAICS 6-digit -- by ownership sector","All establishment sizes",6,0,0,0,0,0,0,0
"06071",3,"713990",78,0,2013,2,"N","San Bernardino County, California","Local Government","All other amusement and recreation industries","County, NAICS 6-digit -- by ownership sector","All establishment sizes",6,0,0,0,0,0,0,0
"06071",3,"713990",78,0,2013,3,"N","San Bernardino County, California","Local Government","All other amusement and recreation industries","County, NAICS 6-digit -- by ownership sector","All establishment sizes",6,0,0,0,0,0,0,0
"06071",3,"72",74,0,2013,1,"","San Bernardino County, California","Local Government","Accommodation and food services","County, NAICS Sector -- by ownership sector","All establishment sizes",4,141,141,140,1292749,0,0,707
"06071",3,"72",74,0,2013,2,"","San Bernardino County, California","Local Government","Accommodation and food services","County, NAICS Sector -- by ownership sector","All establishment sizes",4,146,146,146,1311952,0,0,691
"06071",3,"72",74,0,2013,3,"","San Bernardino County, California","Local Government","Accommodation and food services","County, NAICS Sector -- by ownership sector","All establishment sizes",4,152,149,153,1380423,0,0,702
"06071",3,"722",75,0,2013,1,"","San Bernardino County, California","Local Government","Food services and drinking places","County, NAICS 3-digit -- by ownership sector","All establishment sizes",4,141,141,140,1292749,0,0,707
"06071",3,"722",75,0,2013,2,"","San Bernardino County, California","Local Government","Food services and drinking places","County, NAICS 3-digit -- by ownership sector","All establishment sizes",4,146,146,146,1311952,0,0,691
"06071",3,"722",75,0,2013,3,"","San Bernardino County, California","Local Government","Food services and drinking places","County, NAICS 3-digit -- by ownership sector","All establishment sizes",4,152,149,153,1380423,0,0,702
"06071",3,"7223",76,0,2013,1,"N","San Bernardino County, California","Local Government","Special food services","County, NAICS 4-digit -- by ownership sector","All establishment sizes",3,0,0,0,0,0,0,0
"06071",3,"7223",76,0,2013,2,"N","San Bernardino County, California","Local Government","Special food services","County, NAICS 4-digit -- by ownership sector","All establishment sizes",3,0,0,0,0,0,0,0
"06071",3,"7223",76,0,2013,3,"N","San Bernardino County, California","Local Government","Special food services","County, NAICS 4-digit -- by ownership sector","All establishment sizes",3,0,0,0,0,0,0,0
"06071",3,"72231",77,0,2013,1,"N","San Bernardino County, California","Local Government","Food service contractors","County, NAICS 5-digit -- by ownership sector","All establishment sizes",3,0,0,0,0,0,0,0
"06071",3,"72231",77,0,2013,2,"N","San Bernardino County, California","Local Government","Food service contractors","County, NAICS 5-digit -- by ownership sector","All establishment sizes",3,0,0,0,0,0,0,0
"06071",3,"72231",77,0,2013,3,"N","San Bernardino County, California","Local Government","Food service contractors","County, NAICS 5-digit -- by ownership sector","All establishment sizes",3,0,0,0,0,0,0,0
"06071",3,"722310",78,0,2013,1,"N","San Bernardino County, California","Local Government","Food service contractors","County, NAICS 6-digit -- by ownership sector","All establishment sizes",3,0,0,0,0,0,0,0
"06071",3,"722310",78,0,2013,2,"N","San Bernardino County, California","Local Government","Food service contractors","County, NAICS 6-digit -- by ownership sector","All establishment sizes",3,0,0,0,0,0,0,0
"06071",3,"722310",78,0,2013,3,"N","San Bernardino County, California","Local Government","Food service contractors","County, NAICS 6-digit -- by ownership sector","All establishment sizes",3,0,0,0,0,0,0,0
"06071",3,"7225",76,0,2013,1,"N","San Bernardino County, California","Local Government","Restaurants","County, NAICS 4-digit -- by ownership sector","All establishment sizes",1,0,0,0,0,0,0,0
"06071",3,"7225",76,0,2013,2,"N","San Bernardino County, California","Local Government","Restaurants","County, NAICS 4-digit -- by ownership sector","All establishment sizes",1,0,0,0,0,0,0,0
"06071",3,"7225",76,0,2013,3,"N","San Bernardino County, California","Local Government","Restaurants","County, NAICS 4-digit -- by ownership sector","All establishment sizes",1,0,0,0,0,0,0,0
"06071",3,"72251",77,0,2013,1,"N","San Bernardino County, California","Local Government","Restaurants","County, NAICS 5-digit -- by ownership sector","All establishment sizes",1,0,0,0,0,0,0,0
"06071",3,"72251",77,0,2013,2,"N","San Bernardino County, California","Local Government","Restaurants","County, NAICS 5-digit -- by ownership sector","All establishment sizes",1,0,0,0,0,0,0,0
"06071",3,"72251",77,0,2013,3,"N","San Bernardino County, California","Local Government","Restaurants","County, NAICS 5-digit -- by ownership sector","All establishment sizes",1,0,0,0,0,0,0,0
"06071",3,"722514",78,0,2013,1,"N","San Bernardino County, California","Local Government","Cafeterias, grill buffets, and buffets","County, NAICS 6-digit -- by ownership sector","All establishment sizes",1,0,0,0,0,0,0,0
"06071",3,"722514",78,0,2013,2,"N","San Bernardino County, California","Local Government","Cafeterias, grill buffets, and buffets","County, NAICS 6-digit -- by ownership sector","All establishment sizes",1,0,0,0,0,0,0,0
"06071",3,"722514",78,0,2013,3,"N","San Bernardino County, California","Local Government","Cafeterias, grill buffets, and buffets","County, NAICS 6-digit -- by ownership sector","All establishment sizes",1,0,0,0,0,0,0,0
"06071",3,"81",74,0,2013,1,"N","San Bernardino County, California","Local Government","Other services, except public administration","County, NAICS Sector -- by ownership sector","All establishment sizes",9,0,0,0,0,0,0,0
"06071",3,"81",74,0,2013,2,"N","San Bernardino County, California","Local Government","Other services, except public administration","County, NAICS Sector -- by ownership sector","All establishment sizes",9,0,0,0,0,0,0,0
"06071",3,"81",74,0,2013,3,"N","San Bernardino County, California","Local Government","Other services, except public administration","County, NAICS Sector -- by ownership sector","All establishment sizes",9,0,0,0,0,0,0,0
"06071",3,"811",75,0,2013,1,"N","San Bernardino County, California","Local Government","Repair and maintenance","County, NAICS 3-digit -- by ownership sector","All establishment sizes",2,0,0,0,0,0,0,0
"06071",3,"811",75,0,2013,2,"N","San Bernardino County, California","Local Government","Repair and maintenance","County, NAICS 3-digit -- by ownership sector","All establishment sizes",2,0,0,0,0,0,0,0
"06071",3,"811",75,0,2013,3,"N","San Bernardino County, California","Local Government","Repair and maintenance","County, NAICS 3-digit -- by ownership sector","All establishment sizes",2,0,0,0,0,0,0,0
"06071",3,"8111",76,0,2013,1,"N","San Bernardino County, California","Local Government","Automotive repair and maintenance","County, NAICS 4-digit -- by ownership sector","All establishment sizes",2,0,0,0,0,0,0,0
"06071",3,"8111",76,0,2013,2,"N","San Bernardino County, California","Local Government","Automotive repair and maintenance","County, NAICS 4-digit -- by ownership sector","All establishment sizes",2,0,0,0,0,0,0,0
"06071",3,"8111",76,0,2013,3,"N","San Bernardino County, California","Local Government","Automotive repair and maintenance","County, NAICS 4-digit -- by ownership sector","All establishment sizes",2,0,0,0,0,0,0,0
"06071",3,"81111",77,0,2013,1,"N","San Bernardino County, California","Local Government","Automotive mechanical and electrical repair","County, NAICS 5-digit -- by ownership sector","All establishment sizes",2,0,0,0,0,0,0,0
"06071",3,"81111",77,0,2013,2,"N","San Bernardino County, California","Local Government","Automotive mechanical and electrical repair","County, NAICS 5-digit -- by ownership sector","All establishment sizes",2,0,0,0,0,0,0,0
"06071",3,"81111",77,0,2013,3,"N","San Bernardino County, California","Local Government","Automotive mechanical and electrical repair","County, NAICS 5-digit -- by ownership sector","All establishment sizes",2,0,0,0,0,0,0,0
"06071",3,"811111",78,0,2013,1,"N","San Bernardino County, California","Local Government","General automotive repair","County, NAICS 6-digit -- by ownership sector","All establishment sizes",2,0,0,0,0,0,0,0
"06071",3,"811111",78,0,2013,2,"N","San Bernardino County, California","Local Government","General automotive repair","County, NAICS 6-digit -- by ownership sector","All establishment sizes",2,0,0,0,0,0,0,0
"06071",3,"811111",78,0,2013,3,"N","San Bernardino County, California","Local Government","General automotive repair","County, NAICS 6-digit -- by ownership sector","All establishment sizes",2,0,0,0,0,0,0,0
"06071",3,"812",75,0,2013,1,"N","San Bernardino County, California","Local Government","Personal and laundry services","County, NAICS 3-digit -- by ownership sector","All establishment sizes",2,0,0,0,0,0,0,0
"06071",3,"812",75,0,2013,2,"N","San Bernardino County, California","Local Government","Personal and laundry services","County, NAICS 3-digit -- by ownership sector","All establishment sizes",2,0,0,0,0,0,0,0
"06071",3,"812",75,0,2013,3,"N","San Bernardino County, California","Local Government","Personal and laundry services","County, NAICS 3-digit -- by ownership sector","All establishment sizes",2,0,0,0,0,0,0,0
"06071",3,"8122",76,0,2013,1,"N","San Bernardino County, California","Local Government","Death care services","County, NAICS 4-digit -- by ownership sector","All establishment sizes",2,0,0,0,0,0,0,0
"06071",3,"8122",76,0,2013,2,"N","San Bernardino County, California","Local Government","Death care services","County, NAICS 4-digit -- by ownership sector","All establishment sizes",2,0,0,0,0,0,0,0
"06071",3,"8122",76,0,2013,3,"N","San Bernardino County, California","Local Government","Death care services","County, NAICS 4-digit -- by ownership sector","All establishment sizes",2,0,0,0,0,0,0,0
"06071",3,"81222",77,0,2013,1,"N","San Bernardino County, California","Local Government","Cemeteries and crematories","County, NAICS 5-digit -- by ownership sector","All establishment sizes",2,0,0,0,0,0,0,0
"06071",3,"81222",77,0,2013,2,"N","San Bernardino County, California","Local Government","Cemeteries and crematories","County, NAICS 5-digit -- by ownership sector","All establishment sizes",2,0,0,0,0,0,0,0
"06071",3,"81222",77,0,2013,3,"N","San Bernardino County, California","Local Government","Cemeteries and crematories","County, NAICS 5-digit -- by ownership sector","All establishment sizes",2,0,0,0,0,0,0,0
"06071",3,"812220",78,0,2013,1,"N","San Bernardino County, California","Local Government","Cemeteries and crematories","County, NAICS 6-digit -- by ownership sector","All establishment sizes",2,0,0,0,0,0,0,0
"06071",3,"812220",78,0,2013,2,"N","San Bernardino County, California","Local Government","Cemeteries and crematories","County, NAICS 6-digit -- by ownership sector","All establishment sizes",2,0,0,0,0,0,0,0
"06071",3,"812220",78,0,2013,3,"N","San Bernardino County, California","Local Government","Cemeteries and crematories","County, NAICS 6-digit -- by ownership sector","All establishment sizes",2,0,0,0,0,0,0,0
"06071",3,"813",75,0,2013,1,"","San Bernardino County, California","Local Government","Membership associations and organizations","County, NAICS 3-digit -- by ownership sector","All establishment sizes",5,122,126,125,1794302,121365,4847,1110
"06071",3,"813",75,0,2013,2,"","San Bernardino County, California","Local Government","Membership associations and organizations","County, NAICS 3-digit -- by ownership sector","All establishment sizes",5,118,118,131,1673228,20881,771,1052
"06071",3,"813",75,0,2013,3,"","San Bernardino County, California","Local Government","Membership associations and organizations","County, NAICS 3-digit -- by ownership sector","All establishment sizes",5,128,137,131,1731011,7981,303,1009
"06071",3,"8133",76,0,2013,1,"N","San Bernardino County, California","Local Government","Social advocacy organizations","County, NAICS 4-digit -- by ownership sector","All establishment sizes",4,0,0,0,0,0,0,0
"06071",3,"8133",76,0,2013,2,"N","San Bernardino County, California","Local Government","Social advocacy organizations","County, NAICS 4-digit -- by ownership sector","All establishment sizes",4,0,0,0,0,0,0,0
"06071",3,"8133",76,0,2013,3,"N","San Bernardino County, California","Local Government","Social advocacy organizations","County, NAICS 4-digit -- by ownership sector","All establishment sizes",4,0,0,0,0,0,0,0
"06071",3,"81331",77,0,2013,1,"N","San Bernardino County, California","Local Government","Social advocacy organizations","County, NAICS 5-digit -- by ownership sector","All establishment sizes",4,0,0,0,0,0,0,0
"06071",3,"81331",77,0,2013,2,"N","San Bernardino County, California","Local Government","Social advocacy organizations","County, NAICS 5-digit -- by ownership sector","All establishment sizes",4,0,0,0,0,0,0,0
"06071",3,"81331",77,0,2013,3,"N","San Bernardino County, California","Local Government","Social advocacy organizations","County, NAICS 5-digit -- by ownership sector","All establishment sizes",4,0,0,0,0,0,0,0
"06071",3,"813312",78,0,2013,1,"","San Bernardino County, California","Local Government","Environment and conservation organizations","County, NAICS 6-digit -- by ownership sector","All establishment sizes",3,21,27,26,267379,121365,4847,834
"06071",3,"813312",78,0,2013,2,"N","San Bernardino County, California","Local Government","Environment and conservation organizations","County, NAICS 6-digit -- by ownership sector","All establishment sizes",3,0,0,0,0,0,0,0
"06071",3,"813312",78,0,2013,3,"N","San Bernardino County, California","Local Government","Environment and conservation organizations","County, NAICS 6-digit -- by ownership sector","All establishment sizes",3,0,0,0,0,0,0,0
"06071",3,"813319",78,0,2013,1,"N","San Bernardino County, California","Local Government","Other social advocacy organizations","County, NAICS 6-digit -- by ownership sector","All establishment sizes",1,0,0,0,0,0,0,0
"06071",3,"813319",78,0,2013,2,"N","San Bernardino County, California","Local Government","Other social advocacy organizations","County, NAICS 6-digit -- by ownership sector","All establishment sizes",1,0,0,0,0,0,0,0
"06071",3,"813319",78,0,2013,3,"N","San Bernardino County, California","Local Government","Other social advocacy organizations","County, NAICS 6-digit -- by ownership sector","All establishment sizes",1,0,0,0,0,0,0,0
"06071",3,"8139",76,0,2013,1,"N","San Bernardino County, California","Local Government","Professional and similar organizations","County, NAICS 4-digit -- by ownership sector","All establishment sizes",1,0,0,0,0,0,0,0
"06071",3,"8139",76,0,2013,2,"N","San Bernardino County, California","Local Government","Professional and similar organizations","County, NAICS 4-digit -- by ownership sector","All establishment sizes",1,0,0,0,0,0,0,0
"06071",3,"8139",76,0,2013,3,"N","San Bernardino County, California","Local Government","Professional and similar organizations","County, NAICS 4-digit -- by ownership sector","All establishment sizes",1,0,0,0,0,0,0,0
"06071",3,"81391",77,0,2013,1,"N","San Bernardino County, California","Local Government","Business associations","County, NAICS 5-digit -- by ownership sector","All establishment sizes",1,0,0,0,0,0,0,0
"06071",3,"81391",77,0,2013,2,"N","San Bernardino County, California","Local Government","Business associations","County, NAICS 5-digit -- by ownership sector","All establishment sizes",1,0,0,0,0,0,0,0
"06071",3,"81391",77,0,2013,3,"N","San Bernardino County, California","Local Government","Business associations","County, NAICS 5-digit -- by ownership sector","All establishment sizes",1,0,0,0,0,0,0,0
"06071",3,"813910",78,0,2013,1,"N","San Bernardino County, California","Local Government","Business associations","County, NAICS 6-digit -- by ownership sector","All establishment sizes",1,0,0,0,0,0,0,0
"06071",3,"813910",78,0,2013,2,"N","San Bernardino County, California","Local Government","Business associations","County, NAICS 6-digit -- by ownership sector","All establishment sizes",1,0,0,0,0,0,0,0
"06071",3,"813910",78,0,2013,3,"N","San Bernardino County, California","Local Government","Business associations","County, NAICS 6-digit -- by ownership sector","All establishment sizes",1,0,0,0,0,0,0,0
"06071",3,"92",74,0,2013,1,"","San Bernardino County, California","Local Government","Public administration","County, NAICS Sector -- by ownership sector","All establishment sizes",83,23093,22904,22815,335102828,7831756,358718,1124
"06071",3,"92",74,0,2013,2,"","San Bernardino County, California","Local Government","Public administration","County, NAICS Sector -- by ownership sector","All establishment sizes",83,22385,22388,22306,362418602,387904,19408,1247
"06071",3,"92",74,0,2013,3,"","San Bernardino County, California","Local Government","Public administration","County, NAICS Sector -- by ownership sector","All establishment sizes",83,22494,22586,22211,332717255,414057,20661,1141
"06071",3,"921",75,0,2013,1,"","San Bernardino County, California","Local Government","Executive, legislative and general government","County, NAICS 3-digit -- by ownership sector","All establishment sizes",37,8915,8903,8852,126744173,1855512,76249,1097
"06071",3,"921",75,0,2013,2,"","San Bernardino County, California","Local Government","Executive, legislative and general government","County, NAICS 3-digit -- by ownership sector","All establishment sizes",37,8858,8902,8816,131072525,149280,7175,1138
"06071",3,"921",75,0,2013,3,"","San Bernardino County, California","Local Government","Executive, legislative and general government","County, NAICS 3-digit -- by ownership sector","All establishment sizes",37,8860,8890,8539,124092669,69387,3227,1089
"06071",3,"9211",76,0,2013,1,"","San Bernardino County, California","Local Government","Executive, legislative and general government","County, NAICS 4-digit -- by ownership sector","All establishment sizes",37,8915,8903,8852,126744173,1855512,76249,1097
"06071",3,"9211",76,0,2013,2,"","San Bernardino County, California","Local Government","Executive, legislative and general government","County, NAICS 4-digit -- by ownership sector","All establishment sizes",37,8858,8902,8816,131072525,149280,7175,1138
"06071",3,"9211",76,0,2013,3,"","San Bernardino County, California","Local Government","Executive, legislative and general government","County, NAICS 4-digit -- by ownership sector","All establishment sizes",37,8860,8890,8539,124092669,69387,3227,1089
"06071",3,"92112",77,0,2013,1,"N","San Bernardino County, California","Local Government","Legislative bodies","County, NAICS 5-digit -- by ownership sector","All establishment sizes",1,0,0,0,0,0,0,0
"06071",3,"92112",77,0,2013,2,"N","San Bernardino County, California","Local Government","Legislative bodies","County, NAICS 5-digit -- by ownership sector","All establishment sizes",1,0,0,0,0,0,0,0
"06071",3,"92112",77,0,2013,3,"N","San Bernardino County, California","Local Government","Legislative bodies","County, NAICS 5-digit -- by ownership sector","All establishment sizes",1,0,0,0,0,0,0,0
"06071",3,"921120",78,0,2013,1,"N","San Bernardino County, California","Local Government","Legislative bodies","County, NAICS 6-digit -- by ownership sector","All establishment sizes",1,0,0,0,0,0,0,0
"06071",3,"921120",78,0,2013,2,"N","San Bernardino County, California","Local Government","Legislative bodies","County, NAICS 6-digit -- by ownership sector","All establishment sizes",1,0,0,0,0,0,0,0
"06071",3,"921120",78,0,2013,3,"N","San Bernardino County, California","Local Government","Legislative bodies","County, NAICS 6-digit -- by ownership sector","All establishment sizes",1,0,0,0,0,0,0,0
"06071",3,"92113",77,0,2013,1,"N","San Bernardino County, California","Local Government","Public finance activities","County, NAICS 5-digit -- by ownership sector","All establishment sizes",3,0,0,0,0,0,0,0
"06071",3,"92113",77,0,2013,2,"N","San Bernardino County, California","Local Government","Public finance activities","County, NAICS 5-digit -- by ownership sector","All establishment sizes",3,0,0,0,0,0,0,0
"06071",3,"92113",77,0,2013,3,"N","San Bernardino County, California","Local Government","Public finance activities","County, NAICS 5-digit -- by ownership sector","All establishment sizes",3,0,0,0,0,0,0,0
"06071",3,"921130",78,0,2013,1,"N","San Bernardino County, California","Local Government","Public finance activities","County, NAICS 6-digit -- by ownership sector","All establishment sizes",3,0,0,0,0,0,0,0
"06071",3,"921130",78,0,2013,2,"N","San Bernardino County, California","Local Government","Public finance activities","County, NAICS 6-digit -- by ownership sector","All establishment sizes",3,0,0,0,0,0,0,0
"06071",3,"921130",78,0,2013,3,"N","San Bernardino County, California","Local Government","Public finance activities","County, NAICS 6-digit -- by ownership sector","All establishment sizes",3,0,0,0,0,0,0,0
"06071",3,"92114",77,0,2013,1,"","San Bernardino County, California","Local Government","Executive and legislative offices, combined","County, NAICS 5-digit -- by ownership sector","All establishment sizes",29,7569,7564,7512,102979115,1402234,60643,1049
"06071",3,"92114",77,0,2013,2,"","San Bernardino County, California","Local Government","Executive and legislative offices, combined","County, NAICS 5-digit -- by ownership sector","All establishment sizes",29,7531,7583,7501,110463818,129734,6435,1127
"06071",3,"92114",77,0,2013,3,"","San Bernardino County, California","Local Government","Executive and legislative offices, combined","County, NAICS 5-digit -- by ownership sector","All establishment sizes",29,7531,7568,7222,105997808,49943,2528,1096
"06071",3,"921140",78,0,2013,1,"","San Bernardino County, California","Local Government","Executive and legislative offices, combined","County, NAICS 6-digit -- by ownership sector","All establishment sizes",29,7569,7564,7512,102979115,1402234,60643,1049
"06071",3,"921140",78,0,2013,2,"","San Bernardino County, California","Local Government","Executive and legislative offices, combined","County, NAICS 6-digit -- by ownership sector","All establishment sizes",29,7531,7583,7501,110463818,129734,6435,1127
"06071",3,"921140",78,0,2013,3,"","San Bernardino County, California","Local Government","Executive and legislative offices, combined","County, NAICS 6-digit -- by ownership sector","All establishment sizes",29,7531,7568,7222,105997808,49943,2528,1096
"06071",3,"92115",77,0,2013,1,"N","San Bernardino County, California","Local Government","Tribal governments","County, NAICS 5-digit -- by ownership sector","All establishment sizes",2,0,0,0,0,0,0,0
"06071",3,"92115",77,0,2013,2,"N","San Bernardino County, California","Local Government","Tribal governments","County, NAICS 5-digit -- by ownership sector","All establishment sizes",2,0,0,0,0,0,0,0
"06071",3,"92115",77,0,2013,3,"N","San Bernardino County, California","Local Government","Tribal governments","County, NAICS 5-digit -- by ownership sector","All establishment sizes",2,0,0,0,0,0,0,0
"06071",3,"921150",78,0,2013,1,"N","San Bernardino County, California","Local Government","Tribal governments","County, NAICS 6-digit -- by ownership sector","All establishment sizes",2,0,0,0,0,0,0,0
"06071",3,"921150",78,0,2013,2,"N","San Bernardino County, California","Local Government","Tribal governments","County, NAICS 6-digit -- by ownership sector","All establishment sizes",2,0,0,0,0,0,0,0
"06071",3,"921150",78,0,2013,3,"N","San Bernardino County, California","Local Government","Tribal governments","County, NAICS 6-digit -- by ownership sector","All establishment sizes",2,0,0,0,0,0,0,0
"06071",3,"92119",77,0,2013,1,"N","San Bernardino County, California","Local Government","Other general government support","County, NAICS 5-digit -- by ownership sector","All establishment sizes",2,0,0,0,0,0,0,0
"06071",3,"92119",77,0,2013,2,"N","San Bernardino County, California","Local Government","Other general government support","County, NAICS 5-digit -- by ownership sector","All establishment sizes",2,0,0,0,0,0,0,0
"06071",3,"92119",77,0,2013,3,"N","San Bernardino County, California","Local Government","Other general government support","County, NAICS 5-digit -- by ownership sector","All establishment sizes",2,0,0,0,0,0,0,0
"06071",3,"921190",78,0,2013,1,"N","San Bernardino County, California","Local Government","Other general government support","County, NAICS 6-digit -- by ownership sector","All establishment sizes",2,0,0,0,0,0,0,0
"06071",3,"921190",78,0,2013,2,"N","San Bernardino County, California","Local Government","Other general government support","County, NAICS 6-digit -- by ownership sector","All establishment sizes",2,0,0,0,0,0,0,0
"06071",3,"921190",78,0,2013,3,"N","San Bernardino County, California","Local Government","Other general government support","County, NAICS 6-digit -- by ownership sector","All establishment sizes",2,0,0,0,0,0,0,0
"06071",3,"922",75,0,2013,1,"","San Bernardino County, California","Local Government","Justice, public order, and safety activities","County, NAICS 3-digit -- by ownership sector","All establishment sizes",25,9116,8957,8921,149988658,5221990,237817,1282
"06071",3,"922",75,0,2013,2,"","San Bernardino County, California","Local Government","Justice, public order, and safety activities","County, NAICS 3-digit -- by ownership sector","All establishment sizes",25,8434,8406,8431,164011562,127648,5817,1498
"06071",3,"922",75,0,2013,3,"","San Bernardino County, California","Local Government","Justice, public order, and safety activities","County, NAICS 3-digit -- by ownership sector","All establishment sizes",25,8526,8614,8602,149634570,237141,10885,1341
"06071",3,"9221",76,0,2013,1,"","San Bernardino County, California","Local Government","Justice, public order, and safety activities","County, NAICS 4-digit -- by ownership sector","All establishment sizes",25,9116,8957,8921,149988658,5221990,237817,1282
"06071",3,"9221",76,0,2013,2,"","San Bernardino County, California","Local Government","Justice, public order, and safety activities","County, NAICS 4-digit -- by ownership sector","All establishment sizes",25,8434,8406,8431,164011562,127648,5817,1498
"06071",3,"9221",76,0,2013,3,"","San Bernardino County, California","Local Government","Justice, public order, and safety activities","County, NAICS 4-digit -- by ownership sector","All establishment sizes",25,8526,8614,8602,149634570,237141,10885,1341
"06071",3,"92211",77,0,2013,1,"N","San Bernardino County, California","Local Government","Courts","County, NAICS 5-digit -- by ownership sector","All establishment sizes",1,0,0,0,0,0,0,0
"06071",3,"92211",77,0,2013,2,"N","San Bernardino County, California","Local Government","Courts","County, NAICS 5-digit -- by ownership sector","All establishment sizes",1,0,0,0,0,0,0,0
"06071",3,"92211",77,0,2013,3,"N","San Bernardino County, California","Local Government","Courts","County, NAICS 5-digit -- by ownership sector","All establishment sizes",1,0,0,0,0,0,0,0
"06071",3,"922110",78,0,2013,1,"N","San Bernardino County, California","Local Government","Courts","County, NAICS 6-digit -- by ownership sector","All establishment sizes",1,0,0,0,0,0,0,0
"06071",3,"922110",78,0,2013,2,"N","San Bernardino County, California","Local Government","Courts","County, NAICS 6-digit -- by ownership sector","All establishment sizes",1,0,0,0,0,0,0,0
"06071",3,"922110",78,0,2013,3,"N","San Bernardino County, California","Local Government","Courts","County, NAICS 6-digit -- by ownership sector","All establishment sizes",1,0,0,0,0,0,0,0
"06071",3,"92212",77,0,2013,1,"N","San Bernardino County, California","Local Government","Police protection","County, NAICS 5-digit -- by ownership sector","All establishment sizes",1,0,0,0,0,0,0,0
"06071",3,"92212",77,0,2013,2,"N","San Bernardino County, California","Local Government","Police protection","County, NAICS 5-digit -- by ownership sector","All establishment sizes",1,0,0,0,0,0,0,0
"06071",3,"92212",77,0,2013,3,"N","San Bernardino County, California","Local Government","Police protection","County, NAICS 5-digit -- by ownership sector","All establishment sizes",1,0,0,0,0,0,0,0
"06071",3,"922120",78,0,2013,1,"N","San Bernardino County, California","Local Government","Police protection","County, NAICS 6-digit -- by ownership sector","All establishment sizes",1,0,0,0,0,0,0,0
"06071",3,"922120",78,0,2013,2,"N","San Bernardino County, California","Local Government","Police protection","County, NAICS 6-digit -- by ownership sector","All establishment sizes",1,0,0,0,0,0,0,0
"06071",3,"922120",78,0,2013,3,"N","San Bernardino County, California","Local Government","Police protection","County, NAICS 6-digit -- by ownership sector","All establishment sizes",1,0,0,0,0,0,0,0
"06071",3,"92213",77,0,2013,1,"N","San Bernardino County, California","Local Government","Legal counsel and prosecution","County, NAICS 5-digit -- by ownership sector","All establishment sizes",1,0,0,0,0,0,0,0
"06071",3,"92213",77,0,2013,2,"N","San Bernardino County, California","Local Government","Legal counsel and prosecution","County, NAICS 5-digit -- by ownership sector","All establishment sizes",1,0,0,0,0,0,0,0
"06071",3,"92213",77,0,2013,3,"N","San Bernardino County, California","Local Government","Legal counsel and prosecution","County, NAICS 5-digit -- by ownership sector","All establishment sizes",1,0,0,0,0,0,0,0
"06071",3,"922130",78,0,2013,1,"N","San Bernardino County, California","Local Government","Legal counsel and prosecution","County, NAICS 6-digit -- by ownership sector","All establishment sizes",1,0,0,0,0,0,0,0
"06071",3,"922130",78,0,2013,2,"N","San Bernardino County, California","Local Government","Legal counsel and prosecution","County, NAICS 6-digit -- by ownership sector","All establishment sizes",1,0,0,0,0,0,0,0
"06071",3,"922130",78,0,2013,3,"N","San Bernardino County, California","Local Government","Legal counsel and prosecution","County, NAICS 6-digit -- by ownership sector","All establishment sizes",1,0,0,0,0,0,0,0
"06071",3,"92216",77,0,2013,1,"","San Bernardino County, California","Local Government","Fire protection","County, NAICS 5-digit -- by ownership sector","All establishment sizes",18,1264,1160,1128,27442039,5159357,236189,1783
"06071",3,"92216",77,0,2013,2,"","San Bernardino County, California","Local Government","Fire protection","County, NAICS 5-digit -- by ownership sector","All establishment sizes",18,1125,1141,1139,31190490,111359,5393,2114
"06071",3,"92216",77,0,2013,3,"","San Bernardino County, California","Local Government","Fire protection","County, NAICS 5-digit -- by ownership sector","All establishment sizes",18,1138,1246,1252,28892347,218719,10406,1834
"06071",3,"922160",78,0,2013,1,"","San Bernardino County, California","Local Government","Fire protection","County, NAICS 6-digit -- by ownership sector","All establishment sizes",18,1264,1160,1128,27442039,5159357,236189,1783
"06071",3,"922160",78,0,2013,2,"","San Bernardino County, California","Local Government","Fire protection","County, NAICS 6-digit -- by ownership sector","All establishment sizes",18,1125,1141,1139,31190490,111359,5393,2114
"06071",3,"922160",78,0,2013,3,"","San Bernardino County, California","Local Government","Fire protection","County, NAICS 6-digit -- by ownership sector","All establishment sizes",18,1138,1246,1252,28892347,218719,10406,1834
"06071",3,"92219",77,0,2013,1,"N","San Bernardino County, California","Local Government","Other justice and safety activities","County, NAICS 5-digit -- by ownership sector","All establishment sizes",4,0,0,0,0,0,0,0
"06071",3,"92219",77,0,2013,2,"N","San Bernardino County, California","Local Government","Other justice and safety activities","County, NAICS 5-digit -- by ownership sector","All establishment sizes",4,0,0,0,0,0,0,0
"06071",3,"92219",77,0,2013,3,"N","San Bernardino County, California","Local Government","Other justice and safety activities","County, NAICS 5-digit -- by ownership sector","All establishment sizes",4,0,0,0,0,0,0,0
"06071",3,"922190",78,0,2013,1,"N","San Bernardino County, California","Local Government","Other justice and safety activities","County, NAICS 6-digit -- by ownership sector","All establishment sizes",4,0,0,0,0,0,0,0
"06071",3,"922190",78,0,2013,2,"N","San Bernardino County, California","Local Government","Other justice and safety activities","County, NAICS 6-digit -- by ownership sector","All establishment sizes",4,0,0,0,0,0,0,0
"06071",3,"922190",78,0,2013,3,"N","San Bernardino County, California","Local Government","Other justice and safety activities","County, NAICS 6-digit -- by ownership sector","All establishment sizes",4,0,0,0,0,0,0,0
"06071",3,"923",75,0,2013,1,"N","San Bernardino County, California","Local Government","Administration of human resource programs","County, NAICS 3-digit -- by ownership sector","All establishment sizes",3,0,0,0,0,0,0,0
"06071",3,"923",75,0,2013,2,"N","San Bernardino County, California","Local Government","Administration of human resource programs","County, NAICS 3-digit -- by ownership sector","All establishment sizes",3,0,0,0,0,0,0,0
"06071",3,"923",75,0,2013,3,"N","San Bernardino County, California","Local Government","Administration of human resource programs","County, NAICS 3-digit -- by ownership sector","All establishment sizes",3,0,0,0,0,0,0,0
"06071",3,"9231",76,0,2013,1,"N","San Bernardino County, California","Local Government","Administration of human resource programs","County, NAICS 4-digit -- by ownership sector","All establishment sizes",3,0,0,0,0,0,0,0
"06071",3,"9231",76,0,2013,2,"N","San Bernardino County, California","Local Government","Administration of human resource programs","County, NAICS 4-digit -- by ownership sector","All establishment sizes",3,0,0,0,0,0,0,0
"06071",3,"9231",76,0,2013,3,"N","San Bernardino County, California","Local Government","Administration of human resource programs","County, NAICS 4-digit -- by ownership sector","All establishment sizes",3,0,0,0,0,0,0,0
"06071",3,"92311",77,0,2013,1,"N","San Bernardino County, California","Local Government","Administration of education programs","County, NAICS 5-digit -- by ownership sector","All establishment sizes",1,0,0,0,0,0,0,0
"06071",3,"92311",77,0,2013,2,"N","San Bernardino County, California","Local Government","Administration of education programs","County, NAICS 5-digit -- by ownership sector","All establishment sizes",1,0,0,0,0,0,0,0
"06071",3,"92311",77,0,2013,3,"N","San Bernardino County, California","Local Government","Administration of education programs","County, NAICS 5-digit -- by ownership sector","All establishment sizes",1,0,0,0,0,0,0,0
"06071",3,"923110",78,0,2013,1,"N","San Bernardino County, California","Local Government","Administration of education programs","County, NAICS 6-digit -- by ownership sector","All establishment sizes",1,0,0,0,0,0,0,0
"06071",3,"923110",78,0,2013,2,"N","San Bernardino County, California","Local Government","Administration of education programs","County, NAICS 6-digit -- by ownership sector","All establishment sizes",1,0,0,0,0,0,0,0
"06071",3,"923110",78,0,2013,3,"N","San Bernardino County, California","Local Government","Administration of education programs","County, NAICS 6-digit -- by ownership sector","All establishment sizes",1,0,0,0,0,0,0,0
"06071",3,"92312",77,0,2013,1,"N","San Bernardino County, California","Local Government","Administration of public health programs","County, NAICS 5-digit -- by ownership sector","All establishment sizes",1,0,0,0,0,0,0,0
"06071",3,"92312",77,0,2013,2,"N","San Bernardino County, California","Local Government","Administration of public health programs","County, NAICS 5-digit -- by ownership sector","All establishment sizes",1,0,0,0,0,0,0,0
"06071",3,"92312",77,0,2013,3,"N","San Bernardino County, California","Local Government","Administration of public health programs","County, NAICS 5-digit -- by ownership sector","All establishment sizes",1,0,0,0,0,0,0,0
"06071",3,"923120",78,0,2013,1,"N","San Bernardino County, California","Local Government","Administration of public health programs","County, NAICS 6-digit -- by ownership sector","All establishment sizes",1,0,0,0,0,0,0,0
"06071",3,"923120",78,0,2013,2,"N","San Bernardino County, California","Local Government","Administration of public health programs","County, NAICS 6-digit -- by ownership sector","All establishment sizes",1,0,0,0,0,0,0,0
"06071",3,"923120",78,0,2013,3,"N","San Bernardino County, California","Local Government","Administration of public health programs","County, NAICS 6-digit -- by ownership sector","All establishment sizes",1,0,0,0,0,0,0,0
"06071",3,"92313",77,0,2013,1,"N","San Bernardino County, California","Local Government","Other human resource programs administration","County, NAICS 5-digit -- by ownership sector","All establishment sizes",1,0,0,0,0,0,0,0
"06071",3,"92313",77,0,2013,2,"N","San Bernardino County, California","Local Government","Other human resource programs administration","County, NAICS 5-digit -- by ownership sector","All establishment sizes",1,0,0,0,0,0,0,0
"06071",3,"92313",77,0,2013,3,"N","San Bernardino County, California","Local Government","Other human resource programs administration","County, NAICS 5-digit -- by ownership sector","All establishment sizes",1,0,0,0,0,0,0,0
"06071",3,"923130",78,0,2013,1,"N","San Bernardino County, California","Local Government","Other human resource programs administration","County, NAICS 6-digit -- by ownership sector","All establishment sizes",1,0,0,0,0,0,0,0
"06071",3,"923130",78,0,2013,2,"N","San Bernardino County, California","Local Government","Other human resource programs administration","County, NAICS 6-digit -- by ownership sector","All establishment sizes",1,0,0,0,0,0,0,0
"06071",3,"923130",78,0,2013,3,"N","San Bernardino County, California","Local Government","Other human resource programs administration","County, NAICS 6-digit -- by ownership sector","All establishment sizes",1,0,0,0,0,0,0,0
"06071",3,"924",75,0,2013,1,"","San Bernardino County, California","Local Government","Administration of environmental programs","County, NAICS 3-digit -- by ownership sector","All establishment sizes",12,737,731,744,11267449,496499,30784,1175
"06071",3,"924",75,0,2013,2,"","San Bernardino County, California","Local Government","Administration of environmental programs","County, NAICS 3-digit -- by ownership sector","All establishment sizes",12,740,735,740,12366721,79154,4908,1288
"06071",3,"924",75,0,2013,3,"","San Bernardino County, California","Local Government","Administration of environmental programs","County, NAICS 3-digit -- by ownership sector","All establishment sizes",12,717,718,697,11372814,93974,5827,1231
"06071",3,"9241",76,0,2013,1,"","San Bernardino County, California","Local Government","Administration of environmental programs","County, NAICS 4-digit -- by ownership sector","All establishment sizes",12,737,731,744,11267449,496499,30784,1175
"06071",3,"9241",76,0,2013,2,"","San Bernardino County, California","Local Government","Administration of environmental programs","County, NAICS 4-digit -- by ownership sector","All establishment sizes",12,740,735,740,12366721,79154,4908,1288
"06071",3,"9241",76,0,2013,3,"","San Bernardino County, California","Local Government","Administration of environmental programs","County, NAICS 4-digit -- by ownership sector","All establishment sizes",12,717,718,697,11372814,93974,5827,1231
"06071",3,"92411",77,0,2013,1,"N","San Bernardino County, California","Local Government","Air, water, and waste program administration","County, NAICS 5-digit -- by ownership sector","All establishment sizes",10,0,0,0,0,0,0,0
"06071",3,"92411",77,0,2013,2,"N","San Bernardino County, California","Local Government","Air, water, and waste program administration","County, NAICS 5-digit -- by ownership sector","All establishment sizes",10,0,0,0,0,0,0,0
"06071",3,"92411",77,0,2013,3,"N","San Bernardino County, California","Local Government","Air, water, and waste program administration","County, NAICS 5-digit -- by ownership sector","All establishment sizes",10,0,0,0,0,0,0,0
"06071",3,"924110",78,0,2013,1,"N","San Bernardino County, California","Local Government","Air, water, and waste program administration","County, NAICS 6-digit -- by ownership sector","All establishment sizes",10,0,0,0,0,0,0,0
"06071",3,"924110",78,0,2013,2,"N","San Bernardino County, California","Local Government","Air, water, and waste program administration","County, NAICS 6-digit -- by ownership sector","All establishment sizes",10,0,0,0,0,0,0,0
"06071",3,"924110",78,0,2013,3,"N","San Bernardino County, California","Local Government","Air, water, and waste program administration","County, NAICS 6-digit -- by ownership sector","All establishment sizes",10,0,0,0,0,0,0,0
"06071",3,"92412",77,0,2013,1,"N","San Bernardino County, California","Local Government","Administration of conservation programs","County, NAICS 5-digit -- by ownership sector","All establishment sizes",2,0,0,0,0,0,0,0
"06071",3,"92412",77,0,2013,2,"N","San Bernardino County, California","Local Government","Administration of conservation programs","County, NAICS 5-digit -- by ownership sector","All establishment sizes",2,0,0,0,0,0,0,0
"06071",3,"92412",77,0,2013,3,"N","San Bernardino County, California","Local Government","Administration of conservation programs","County, NAICS 5-digit -- by ownership sector","All establishment sizes",2,0,0,0,0,0,0,0
"06071",3,"924120",78,0,2013,1,"N","San Bernardino County, California","Local Government","Administration of conservation programs","County, NAICS 6-digit -- by ownership sector","All establishment sizes",2,0,0,0,0,0,0,0
"06071",3,"924120",78,0,2013,2,"N","San Bernardino County, California","Local Government","Administration of conservation programs","County, NAICS 6-digit -- by ownership sector","All establishment sizes",2,0,0,0,0,0,0,0
"06071",3,"924120",78,0,2013,3,"N","San Bernardino County, California","Local Government","Administration of conservation programs","County, NAICS 6-digit -- by ownership sector","All establishment sizes",2,0,0,0,0,0,0,0
"06071",3,"925",75,0,2013,1,"","San Bernardino County, California","Local Government","Community and housing program administration","County, NAICS 3-digit -- by ownership sector","All establishment sizes",4,39,39,37,376105,189650,9939,755
"06071",3,"925",75,0,2013,2,"","San Bernardino County, California","Local Government","Community and housing program administration","County, NAICS 3-digit -- by ownership sector","All establishment sizes",4,37,37,38,421944,29195,1345,869
"06071",3,"925",75,0,2013,3,"N","San Bernardino County, California","Local Government","Community and housing program administration","County, NAICS 3-digit -- by ownership sector","All establishment sizes",4,0,0,0,0,0,0,0
"06071",3,"9251",76,0,2013,1,"","San Bernardino County, California","Local Government","Community and housing program administration","County, NAICS 4-digit -- by ownership sector","All establishment sizes",4,39,39,37,376105,189650,9939,755
"06071",3,"9251",76,0,2013,2,"","San Bernardino County, California","Local Government","Community and housing program administration","County, NAICS 4-digit -- by ownership sector","All establishment sizes",4,37,37,38,421944,29195,1345,869
"06071",3,"9251",76,0,2013,3,"N","San Bernardino County, California","Local Government","Community and housing program administration","County, NAICS 4-digit -- by ownership sector","All establishment sizes",4,0,0,0,0,0,0,0
"06071",3,"92511",77,0,2013,1,"N","San Bernardino County, California","Local Government","Administration of housing programs","County, NAICS 5-digit -- by ownership sector","All establishment sizes",1,0,0,0,0,0,0,0
"06071",3,"92511",77,0,2013,2,"N","San Bernardino County, California","Local Government","Administration of housing programs","County, NAICS 5-digit -- by ownership sector","All establishment sizes",1,0,0,0,0,0,0,0
"06071",3,"92511",77,0,2013,3,"N","San Bernardino County, California","Local Government","Administration of housing programs","County, NAICS 5-digit -- by ownership sector","All establishment sizes",1,0,0,0,0,0,0,0
"06071",3,"925110",78,0,2013,1,"N","San Bernardino County, California","Local Government","Administration of housing programs","County, NAICS 6-digit -- by ownership sector","All establishment sizes",1,0,0,0,0,0,0,0
"06071",3,"925110",78,0,2013,2,"N","San Bernardino County, California","Local Government","Administration of housing programs","County, NAICS 6-digit -- by ownership sector","All establishment sizes",1,0,0,0,0,0,0,0
"06071",3,"925110",78,0,2013,3,"N","San Bernardino County, California","Local Government","Administration of housing programs","County, NAICS 6-digit -- by ownership sector","All establishment sizes",1,0,0,0,0,0,0,0
"06071",3,"92512",77,0,2013,1,"N","San Bernardino County, California","Local Government","Urban and rural development administration","County, NAICS 5-digit -- by ownership sector","All establishment sizes",3,0,0,0,0,0,0,0
"06071",3,"92512",77,0,2013,2,"N","San Bernardino County, California","Local Government","Urban and rural development administration","County, NAICS 5-digit -- by ownership sector","All establishment sizes",3,0,0,0,0,0,0,0
"06071",3,"92512",77,0,2013,3,"N","San Bernardino County, California","Local Government","Urban and rural development administration","County, NAICS 5-digit -- by ownership sector","All establishment sizes",3,0,0,0,0,0,0,0
"06071",3,"925120",78,0,2013,1,"N","San Bernardino County, California","Local Government","Urban and rural development administration","County, NAICS 6-digit -- by ownership sector","All establishment sizes",3,0,0,0,0,0,0,0
"06071",3,"925120",78,0,2013,2,"N","San Bernardino County, California","Local Government","Urban and rural development administration","County, NAICS 6-digit -- by ownership sector","All establishment sizes",3,0,0,0,0,0,0,0
"06071",3,"925120",78,0,2013,3,"N","San Bernardino County, California","Local Government","Urban and rural development administration","County, NAICS 6-digit -- by ownership sector","All establishment sizes",3,0,0,0,0,0,0,0
"06071",3,"926",75,0,2013,1,"N","San Bernardino County, California","Local Government","Administration of economic programs","County, NAICS 3-digit -- by ownership sector","All establishment sizes",2,0,0,0,0,0,0,0
"06071",3,"926",75,0,2013,2,"N","San Bernardino County, California","Local Government","Administration of economic programs","County, NAICS 3-digit -- by ownership sector","All establishment sizes",2,0,0,0,0,0,0,0
"06071",3,"926",75,0,2013,3,"N","San Bernardino County, California","Local Government","Administration of economic programs","County, NAICS 3-digit -- by ownership sector","All establishment sizes",2,0,0,0,0,0,0,0
"06071",3,"9261",76,0,2013,1,"N","San Bernardino County, California","Local Government","Administration of economic programs","County, NAICS 4-digit -- by ownership sector","All establishment sizes",2,0,0,0,0,0,0,0
"06071",3,"9261",76,0,2013,2,"N","San Bernardino County, California","Local Government","Administration of economic programs","County, NAICS 4-digit -- by ownership sector","All establishment sizes",2,0,0,0,0,0,0,0
"06071",3,"9261",76,0,2013,3,"N","San Bernardino County, California","Local Government","Administration of economic programs","County, NAICS 4-digit -- by ownership sector","All establishment sizes",2,0,0,0,0,0,0,0
"06071",3,"92611",77,0,2013,1,"N","San Bernardino County, California","Local Government","Administration of general economic programs","County, NAICS 5-digit -- by ownership sector","All establishment sizes",2,0,0,0,0,0,0,0
"06071",3,"92611",77,0,2013,2,"N","San Bernardino County, California","Local Government","Administration of general economic programs","County, NAICS 5-digit -- by ownership sector","All establishment sizes",2,0,0,0,0,0,0,0
"06071",3,"92611",77,0,2013,3,"N","San Bernardino County, California","Local Government","Administration of general economic programs","County, NAICS 5-digit -- by ownership sector","All establishment sizes",2,0,0,0,0,0,0,0
"06071",3,"926110",78,0,2013,1,"N","San Bernardino County, California","Local Government","Administration of general economic programs","County, NAICS 6-digit -- by ownership sector","All establishment sizes",2,0,0,0,0,0,0,0
"06071",3,"926110",78,0,2013,2,"N","San Bernardino County, California","Local Government","Administration of general economic programs","County, NAICS 6-digit -- by ownership sector","All establishment sizes",2,0,0,0,0,0,0,0
"06071",3,"926110",78,0,2013,3,"N","San Bernardino County, California","Local Government","Administration of general economic programs","County, NAICS 6-digit -- by ownership sector","All establishment sizes",2,0,0,0,0,0,0,0
"06071",5,"10",71,0,2013,1,"","San Bernardino County, California","Private","Total, all industries","County, Total -- by ownership sector","All establishment sizes",45369,507938,510992,511590,4923057236,2450473971,126983211,742
"06071",5,"10",71,0,2013,2,"","San Bernardino County, California","Private","Total, all industries","County, Total -- by ownership sector","All establishment sizes",47480,514760,517902,519114,4961832406,727930093,36022261,738
"06071",5,"10",71,0,2013,3,"","San Bernardino County, California","Private","Total, all industries","County, Total -- by ownership sector","All establishment sizes",48479,519879,524612,526758,4994829032,459852247,22929023,734
"06071",5,"101",72,0,2013,1,"","San Bernardino County, California","Private","Goods-producing","County, by Domain -- by ownership sector","All establishment sizes",4633,75781,76526,76868,929257119,486843919,26774331,936
"06071",5,"101",72,0,2013,2,"","San Bernardino County, California","Private","Goods-producing","County, by Domain -- by ownership sector","All establishment sizes",4699,76414,77344,76940,931076807,97562756,5211999,931
"06071",5,"101",72,0,2013,3,"","San Bernardino County, California","Private","Goods-producing","County, by Domain -- by ownership sector","All establishment sizes",4721,77722,78039,78352,953924578,67351172,3635417,940
"06071",5,"1011",73,0,2013,1,"","San Bernardino County, California","Private","Natural resources and mining","County, by Supersector -- by ownership sector","All establishment sizes",217,3140,3169,3247,32480308,18645605,897626,784
"06071",5,"1011",73,0,2013,2,"","San Bernardino County, California","Private","Natural resources and mining","County, by Supersector -- by ownership sector","All establishment sizes",216,3234,3373,3345,31907765,4382606,203334,740
"06071",5,"1011",73,0,2013,3,"","San Bernardino County, California","Private","Natural resources and mining","County, by Supersector -- by ownership sector","All establishment sizes",216,3268,3129,3143,32220293,2293975,106478,779
"06071",5,"1012",73,0,2013,1,"","San Bernardino County, California","Private","Construction","County, by Supersector -- by ownership sector","All establishment sizes",2666,25709,26135,26148,341582048,173140413,10055444,1011
"06071",5,"1012",73,0,2013,2,"","San Bernardino County, California","Private","Construction","County, by Supersector -- by ownership sector","All establishment sizes",2727,25913,26449,26084,348647159,46848574,2604761,1026
"06071",5,"1012",73,0,2013,3,"","San Bernardino County, California","Private","Construction","County, by Supersector -- by ownership sector","All establishment sizes",2746,26888,27301,27547,364157851,40665061,2248857,1028
"06071",5,"1013",73,0,2013,1,"","San Bernardino County, California","Private","Manufacturing","County, by Supersector -- by ownership sector","All establishment sizes",1750,46932,47222,47473,555194763,295057901,15821261,905
"06071",5,"1013",73,0,2013,2,"","San Bernardino County, California","Private","Manufacturing","County, by Supersector -- by ownership sector","All establishment sizes",1756,47267,47522,47511,550521883,46331576,2403904,893
"06071",5,"1013",73,0,2013,3,"","San Bernardino County, California","Private","Manufacturing","County, by Supersector -- by ownership sector","All establishment sizes",1759,47566,47609,47662,557546434,24392136,1280082,901
"06071",5,"102",72,0,2013,1,"","San Bernardino County, California","Private","Service-providing","County, by Domain -- by ownership sector","All establishment sizes",40736,432157,434466,434722,3993800117,1963630052,100208880,708
"06071",5,"102",72,0,2013,2,"","San Bernardino County, California","Private","Service-providing","County, by Domain -- by ownership sector","All establishment sizes",42781,438346,440558,442174,4030755599,630367337,30810262,704
"06071",5,"102",72,0,2013,3,"","San Bernardino County, California","Private","Service-providing","County, by Domain -- by ownership sector","All establishment sizes",43758,442157,446573,448406,4040904454,392501075,19293606,697
"06071",5,"1021",73,0,2013,1,"","San Bernardino County, California","Private","Trade, transportation, and utilities","County, by Supersector -- by ownership sector","All establishment sizes",7927,163525,162877,163302,1586558160,866229325,45302159,748
"06071",5,"1021",73,0,2013,2,"","San Bernardino County, California","Private","Trade, transportation, and utilities","County, by Supersector -- by ownership sector","All establishment sizes",7994,164053,165145,166010,1573521559,218754172,11075177,733
"06071",5,"1021",73,0,2013,3,"","San Bernardino County, California","Private","Trade, transportation, and utilities","County, by Supersector -- by ownership sector","All establishment sizes",8035,166071,167923,168448,1622305263,130741697,6679863,745
"06071",5,"1022",73,0,2013,1,"","San Bernardino County, California","Private","Information","County, by Supersector -- by ownership sector","All establishment sizes",271,5059,5040,5010,82109029,25470591,1506940,1254
"06071",5,"1022",73,0,2013,2,"","San Bernardino County, California","Private","Information","County, by Supersector -- by ownership sector","All establishment sizes",273,5056,5094,5100,65965484,3867254,198251,998
"06071",5,"1022",73,0,2013,3,"","San Bernardino County, California","Private","Information","County, by Supersector -- by ownership sector","All establishment sizes",274,5033,4969,4922,68141510,2799999,142626,1054
"06071",5,"1023",73,0,2013,1,"","San Bernardino County, California","Private","Financial activities","County, by Supersector -- by ownership sector","All establishment sizes",2527,21713,21731,21721,284498116,108174357,6072982,1007
"06071",5,"1023",73,0,2013,2,"","San Bernardino County, California","Private","Financial activities","County, by Supersector -- by ownership sector","All establishment sizes",2573,21763,21897,21979,272256735,20642459,1085489,957
"06071",5,"1023",73,0,2013,3,"","San Bernardino County, California","Private","Financial activities","County, by Supersector -- by ownership sector","All establishment sizes",2572,21911,21858,21723,263830403,13241023,703776,930
"06071",5,"1024",73,0,2013,1,"","San Bernardino County, California","Private","Professional and business services","County, by Supersector -- by ownership sector","All establishment sizes",4177,70337,72663,71285,683773034,384693222,20240938,736
"06071",5,"1024",73,0,2013,2,"","San Bernardino County, California","Private","Professional and business services","County, by Supersector -- by ownership sector","All establishment sizes",4250,73620,73799,74674,696066617,138265682,7276109,723
"06071",5,"1024",73,0,2013,3,"","San Bernardino County, California","Private","Professional and business services","County, by Supersector -- by ownership sector","All establishment sizes",4299,74380,76199,77204,708424520,97181730,5124547,718
"06071",5,"1025",73,0,2013,1,"","San Bernardino County, California","Private","Education and health services","County, by Supersector -- by ownership sector","All establishment sizes",18695,94558,94871,95304,979784382,296427404,14175980,794
"06071",5,"1025",73,0,2013,2,"","San Bernardino County, California","Private","Education and health services","County, by Supersector -- by ownership sector","All establishment sizes",20264,95052,95265,94665,1035035171,98232572,4703838,838
"06071",5,"1025",73,0,2013,3,"","San Bernardino County, California","Private","Education and health services","County, by Supersector -- by ownership sector","All establishment sizes",21076,95111,95673,96438,983841267,58223306,2762981,790
"06071",5,"1026",73,0,2013,1,"","San Bernardino County, California","Private","Leisure and hospitality","County, by Supersector -- by ownership sector","All establishment sizes",3057,58923,58967,59572,235398502,196181914,8546874,306
"06071",5,"1026",73,0,2013,2,"","San Bernardino County, California","Private","Leisure and hospitality","County, by Supersector -- by ownership sector","All establishment sizes",3104,59986,60333,60540,239405533,121104841,5135170,305
"06071",5,"1026",73,0,2013,3,"","San Bernardino County, California","Private","Leisure and hospitality","County, by Supersector -- by ownership sector","All establishment sizes",3156,60605,60724,60642,244253698,71163055,3021075,310
"06071",5,"1027",73,0,2013,1,"","San Bernardino County, California","Private","Other services","County, by Supersector -- by ownership sector","All establishment sizes",2346,16933,17212,17505,131199038,79297329,4084180,586
"06071",5,"1027",73,0,2013,2,"","San Bernardino County, California","Private","Other services","County, by Supersector -- by ownership sector","All establishment sizes",2373,17599,17541,17819,136064285,24024242,1133223,593
"06071",5,"1027",73,0,2013,3,"","San Bernardino County, California","Private","Other services","County, by Supersector -- by ownership sector","All establishment sizes",2386,17655,17770,17594,137124597,14620397,694967,597
"06071",5,"1029",73,0,2013,1,"","San Bernardino County, California","Private","Unclassified","County, by Supersector -- by ownership sector","All establishment sizes",1736,1109,1105,1023,10479856,7155910,278827,747
"06071",5,"1029",73,0,2013,2,"","San Bernardino County, California","Private","Unclassified","County, by Supersector -- by ownership sector","All establishment sizes",1950,1217,1484,1387,12440215,5476115,203005,702
"06071",5,"1029",73,0,2013,3,"","San Bernardino County, California","Private","Unclassified","County, by Supersector -- by ownership sector","All establishment sizes",1960,1391,1457,1435,12983196,4529868,163771,700
"06071",5,"11",74,0,2013,1,"","San Bernardino County, California","Private","Agriculture, forestry, fishing and hunting","County, NAICS Sector -- by ownership sector","All establishment sizes",198,2287,2321,2358,16029832,12723124,532837,531
"06071",5,"11",74,0,2013,2,"","San Bernardino County, California","Private","Agriculture, forestry, fishing and hunting","County, NAICS Sector -- by ownership sector","All establishment sizes",197,2385,2509,2485,17320279,3994003,179474,542
"06071",5,"11",74,0,2013,3,"","San Bernardino County, California","Private","Agriculture, forestry, fishing and hunting","County, NAICS Sector -- by ownership sector","All establishment sizes",197,2428,2301,2315,16425800,2049010,91439,538
"06071",5,"111",75,0,2013,1,"","San Bernardino County, California","Private","Crop production","County, NAICS 3-digit -- by ownership sector","All establishment sizes",81,833,877,912,4631766,3938380,157208,408
"06071",5,"111",75,0,2013,2,"","San Bernardino County, California","Private","Crop production","County, NAICS 3-digit -- by ownership sector","All establishment sizes",83,947,1088,1063,5772394,2323438,105099,430
"06071",5,"111",75,0,2013,3,"","San Bernardino County, California","Private","Crop production","County, NAICS 3-digit -- by ownership sector","All establishment sizes",84,1003,882,888,5288913,731125,34246,440
"06071",5,"1111",76,0,2013,1,"N","San Bernardino County, California","Private","Oilseed and grain farming","County, NAICS 4-digit -- by ownership sector","All establishment sizes",2,0,0,0,0,0,0,0
"06071",5,"1111",76,0,2013,2,"N","San Bernardino County, California","Private","Oilseed and grain farming","County, NAICS 4-digit -- by ownership sector","All establishment sizes",2,0,0,0,0,0,0,0
"06071",5,"1111",76,0,2013,3,"N","San Bernardino County, California","Private","Oilseed and grain farming","County, NAICS 4-digit -- by ownership sector","All establishment sizes",2,0,0,0,0,0,0,0
"06071",5,"11115",77,0,2013,1,"N","San Bernardino County, California","Private","Corn farming","County, NAICS 5-digit -- by ownership sector","All establishment sizes",1,0,0,0,0,0,0,0
"06071",5,"11115",77,0,2013,2,"N","San Bernardino County, California","Private","Corn farming","County, NAICS 5-digit -- by ownership sector","All establishment sizes",1,0,0,0,0,0,0,0
"06071",5,"11115",77,0,2013,3,"N","San Bernardino County, California","Private","Corn farming","County, NAICS 5-digit -- by ownership sector","All establishment sizes",1,0,0,0,0,0,0,0
"06071",5,"111150",78,0,2013,1,"N","San Bernardino County, California","Private","Corn farming","County, NAICS 6-digit -- by ownership sector","All establishment sizes",1,0,0,0,0,0,0,0
"06071",5,"111150",78,0,2013,2,"N","San Bernardino County, California","Private","Corn farming","County, NAICS 6-digit -- by ownership sector","All establishment sizes",1,0,0,0,0,0,0,0
"06071",5,"111150",78,0,2013,3,"N","San Bernardino County, California","Private","Corn farming","County, NAICS 6-digit -- by ownership sector","All establishment sizes",1,0,0,0,0,0,0,0
"06071",5,"11119",77,0,2013,1,"N","San Bernardino County, California","Private","Other grain farming","County, NAICS 5-digit -- by ownership sector","All establishment sizes",1,0,0,0,0,0,0,0
"06071",5,"11119",77,0,2013,2,"N","San Bernardino County, California","Private","Other grain farming","County, NAICS 5-digit -- by ownership sector","All establishment sizes",1,0,0,0,0,0,0,0
"06071",5,"11119",77,0,2013,3,"N","San Bernardino County, California","Private","Other grain farming","County, NAICS 5-digit -- by ownership sector","All establishment sizes",1,0,0,0,0,0,0,0
"06071",5,"111199",78,0,2013,1,"N","San Bernardino County, California","Private","All other grain farming","County, NAICS 6-digit -- by ownership sector","All establishment sizes",1,0,0,0,0,0,0,0
"06071",5,"111199",78,0,2013,2,"N","San Bernardino County, California","Private","All other grain farming","County, NAICS 6-digit -- by ownership sector","All establishment sizes",1,0,0,0,0,0,0,0
"06071",5,"111199",78,0,2013,3,"N","San Bernardino County, California","Private","All other grain farming","County, NAICS 6-digit -- by ownership sector","All establishment sizes",1,0,0,0,0,0,0,0
"06071",5,"1112",76,0,2013,1,"","San Bernardino County, California","Private","Vegetable and melon farming","County, NAICS 4-digit -- by ownership sector","All establishment sizes",6,160,160,160,788584,631705,26591,379
"06071",5,"1112",76,0,2013,2,"","San Bernardino County, California","Private","Vegetable and melon farming","County, NAICS 4-digit -- by ownership sector","All establishment sizes",8,159,173,167,1025770,378026,16187,474
"06071",5,"1112",76,0,2013,3,"","San Bernardino County, California","Private","Vegetable and melon farming","County, NAICS 4-digit -- by ownership sector","All establishment sizes",8,164,154,153,1066962,144189,6363,523
"06071",5,"11121",77,0,2013,1,"","San Bernardino County, California","Private","Vegetable and melon farming","County, NAICS 5-digit -- by ownership sector","All establishment sizes",6,160,160,160,788584,631705,26591,379
"06071",5,"11121",77,0,2013,2,"","San Bernardino County, California","Private","Vegetable and melon farming","County, NAICS 5-digit -- by ownership sector","All establishment sizes",8,159,173,167,1025770,378026,16187,474
"06071",5,"11121",77,0,2013,3,"","San Bernardino County, California","Private","Vegetable and melon farming","County, NAICS 5-digit -- by ownership sector","All establishment sizes",8,164,154,153,1066962,144189,6363,523
"06071",5,"111211",78,0,2013,1,"-","San Bernardino County, California","Private","Potato farming","County, NAICS 6-digit -- by ownership sector","All establishment sizes",0,0,0,0,0,0,0,0
"06071",5,"111211",78,0,2013,2,"N","San Bernardino County, California","Private","Potato farming","County, NAICS 6-digit -- by ownership sector","All establishment sizes",1,0,0,0,0,0,0,0
"06071",5,"111211",78,0,2013,3,"N","San Bernardino County, California","Private","Potato farming","County, NAICS 6-digit -- by ownership sector","All establishment sizes",1,0,0,0,0,0,0,0
"06071",5,"111219",78,0,2013,1,"","San Bernardino County, California","Private","Other vegetable and melon farming","County, NAICS 6-digit -- by ownership sector","All establishment sizes",6,160,160,160,788584,631705,26591,379
"06071",5,"111219",78,0,2013,2,"N","San Bernardino County, California","Private","Other vegetable and melon farming","County, NAICS 6-digit -- by ownership sector","All establishment sizes",7,0,0,0,0,0,0,0
"06071",5,"111219",78,0,2013,3,"N","San Bernardino County, California","Private","Other vegetable and melon farming","County, NAICS 6-digit -- by ownership sector","All establishment sizes",7,0,0,0,0,0,0,0
"06071",5,"1113",76,0,2013,1,"","San Bernardino County, California","Private","Fruit and tree nut farming","County, NAICS 4-digit -- by ownership sector","All establishment sizes",38,225,265,283,1148433,1028692,42666,343
"06071",5,"1113",76,0,2013,2,"","San Bernardino County, California","Private","Fruit and tree nut farming","County, NAICS 4-digit -- by ownership sector","All establishment sizes",38,312,425,415,1622046,998633,49805,325
"06071",5,"1113",76,0,2013,3,"","San Bernardino County, California","Private","Fruit and tree nut farming","County, NAICS 4-digit -- by ownership sector","All establishment sizes",39,355,243,253,1152400,319248,16327,313
"06071",5,"11131",77,0,2013,1,"","San Bernardino County, California","Private","Orange groves","County, NAICS 5-digit -- by ownership sector","All establishment sizes",12,116,130,135,574291,547821,17785,348
"06071",5,"11131",77,0,2013,2,"","San Bernardino County, California","Private","Orange groves","County, NAICS 5-digit -- by ownership sector","All establishment sizes",12,118,93,95,561716,299279,9806,424
"06071",5,"11131",77,0,2013,3,"","San Bernardino County, California","Private","Orange groves","County, NAICS 5-digit -- by ownership sector","All establishment sizes",12,74,67,64,376060,64624,2061,423
"06071",5,"111310",78,0,2013,1,"","San Bernardino County, California","Private","Orange groves","County, NAICS 6-digit -- by ownership sector","All establishment sizes",12,116,130,135,574291,547821,17785,348
"06071",5,"111310",78,0,2013,2,"","San Bernardino County, California","Private","Orange groves","County, NAICS 6-digit -- by ownership sector","All establishment sizes",12,118,93,95,561716,299279,9806,424
"06071",5,"111310",78,0,2013,3,"","San Bernardino County, California","Private","Orange groves","County, NAICS 6-digit -- by ownership sector","All establishment sizes",12,74,67,64,376060,64624,2061,423
"06071",5,"11132",77,0,2013,1,"","San Bernardino County, California","Private","Citrus, except orange, groves","County, NAICS 5-digit -- by ownership sector","All establishment sizes",4,11,11,10,71247,60246,2366,514
"06071",5,"11132",77,0,2013,2,"","San Bernardino County, California","Private","Citrus, except orange, groves","County, NAICS 5-digit -- by ownership sector","All establishment sizes",4,12,12,12,80399,16490,864,515
"06071",5,"11132",77,0,2013,3,"","San Bernardino County, California","Private","Citrus, except orange, groves","County, NAICS 5-digit -- by ownership sector","All establishment sizes",4,13,13,13,76105,1133,17,450
"06071",5,"111320",78,0,2013,1,"","San Bernardino County, California","Private","Citrus, except orange, groves","County, NAICS 6-digit -- by ownership sector","All establishment sizes",4,11,11,10,71247,60246,2366,514
"06071",5,"111320",78,0,2013,2,"","San Bernardino County, California","Private","Citrus, except orange, groves","County, NAICS 6-digit -- by ownership sector","All establishment sizes",4,12,12,12,80399,16490,864,515
"06071",5,"111320",78,0,2013,3,"","San Bernardino County, California","Private","Citrus, except orange, groves","County, NAICS 6-digit -- by ownership sector","All establishment sizes",4,13,13,13,76105,1133,17,450
"06071",5,"11133",77,0,2013,1,"","San Bernardino County, California","Private","Noncitrus fruit and tree nut farming","County, NAICS 5-digit -- by ownership sector","All establishment sizes",22,98,124,138,502895,420625,22515,322
"06071",5,"11133",77,0,2013,2,"","San Bernardino County, California","Private","Noncitrus fruit and tree nut farming","County, NAICS 5-digit -- by ownership sector","All establishment sizes",22,182,320,308,979931,682864,39135,279
"06071",5,"11133",77,0,2013,3,"","San Bernardino County, California","Private","Noncitrus fruit and tree nut farming","County, NAICS 5-digit -- by ownership sector","All establishment sizes",23,268,163,176,700235,253491,14249,266
"06071",5,"111331",78,0,2013,1,"","San Bernardino County, California","Private","Apple orchards","County, NAICS 6-digit -- by ownership sector","All establishment sizes",3,33,31,32,115853,115853,5981,278
"06071",5,"111331",78,0,2013,2,"","San Bernardino County, California","Private","Apple orchards","County, NAICS 6-digit -- by ownership sector","All establishment sizes",3,32,34,33,125845,77245,3936,293
"06071",5,"111331",78,0,2013,3,"","San Bernardino County, California","Private","Apple orchards","County, NAICS 6-digit -- by ownership sector","All establishment sizes",3,35,45,69,174543,71119,3975,270
"06071",5,"111332",78,0,2013,1,"N","San Bernardino County, California","Private","Grape vineyards","County, NAICS 6-digit -- by ownership sector","All establishment sizes",2,0,0,0,0,0,0,0
"06071",5,"111332",78,0,2013,2,"N","San Bernardino County, California","Private","Grape vineyards","County, NAICS 6-digit -- by ownership sector","All establishment sizes",2,0,0,0,0,0,0,0
"06071",5,"111332",78,0,2013,3,"N","San Bernardino County, California","Private","Grape vineyards","County, NAICS 6-digit -- by ownership sector","All establishment sizes",2,0,0,0,0,0,0,0
"06071",5,"111333",78,0,2013,1,"","San Bernardino County, California","Private","Strawberry farming","County, NAICS 6-digit -- by ownership sector","All establishment sizes",11,26,43,56,108509,107709,5990,200
"06071",5,"111333",78,0,2013,2,"","San Bernardino County, California","Private","Strawberry farming","County, NAICS 6-digit -- by ownership sector","All establishment sizes",11,90,86,72,291504,252753,14071,271
"06071",5,"111333",78,0,2013,3,"","San Bernardino County, California","Private","Strawberry farming","County, NAICS 6-digit -- by ownership sector","All establishment sizes",11,61,62,57,173680,81277,4730,223
"06071",5,"111334",78,0,2013,1,"N","San Bernardino County, California","Private","Berry, except strawberry, farming","County, NAICS 6-digit -- by ownership sector","All establishment sizes",1,0,0,0,0,0,0,0
"06071",5,"111334",78,0,2013,2,"N","San Bernardino County, California","Private","Berry, except strawberry, farming","County, NAICS 6-digit -- by ownership sector","All establishment sizes",1,0,0,0,0,0,0,0
"06071",5,"111334",78,0,2013,3,"N","San Bernardino County, California","Private","Berry, except strawberry, farming","County, NAICS 6-digit -- by ownership sector","All establishment sizes",2,0,0,0,0,0,0,0
"06071",5,"111335",78,0,2013,1,"N","San Bernardino County, California","Private","Tree nut farming","County, NAICS 6-digit -- by ownership sector","All establishment sizes",2,0,0,0,0,0,0,0
"06071",5,"111335",78,0,2013,2,"N","San Bernardino County, California","Private","Tree nut farming","County, NAICS 6-digit -- by ownership sector","All establishment sizes",2,0,0,0,0,0,0,0
"06071",5,"111335",78,0,2013,3,"N","San Bernardino County, California","Private","Tree nut farming","County, NAICS 6-digit -- by ownership sector","All establishment sizes",2,0,0,0,0,0,0,0
"06071",5,"111339",78,0,2013,1,"","San Bernardino County, California","Private","Other noncitrus fruit farming","County, NAICS 6-digit -- by ownership sector","All establishment sizes",3,15,16,14,39615,39615,2223,203
"06071",5,"111339",78,0,2013,2,"","San Bernardino County, California","Private","Other noncitrus fruit farming","County, NAICS 6-digit -- by ownership sector","All establishment sizes",3,18,14,16,43891,40741,2287,211
"06071",5,"111339",78,0,2013,3,"","San Bernardino County, California","Private","Other noncitrus fruit farming","County, NAICS 6-digit -- by ownership sector","All establishment sizes",3,17,17,15,44444,22030,1315,209
"06071",5,"1114",76,0,2013,1,"","San Bernardino County, California","Private","Greenhouse and nursery production","County, NAICS 4-digit -- by ownership sector","All establishment sizes",22,334,338,355,2074440,1738371,65778,466
"06071",5,"1114",76,0,2013,2,"","San Bernardino County, California","Private","Greenhouse and nursery production","County, NAICS 4-digit -- by ownership sector","All establishment sizes",22,355,364,358,2364173,679681,27390,507
"06071",5,"1114",76,0,2013,3,"","San Bernardino County, California","Private","Greenhouse and nursery production","County, NAICS 4-digit -- by ownership sector","All establishment sizes",22,354,351,349,2317674,179096,7757,507
"06071",5,"11141",77,0,2013,1,"N","San Bernardino County, California","Private","Food crops grown under cover","County, NAICS 5-digit -- by ownership sector","All establishment sizes",2,0,0,0,0,0,0,0
"06071",5,"11141",77,0,2013,2,"N","San Bernardino County, California","Private","Food crops grown under cover","County, NAICS 5-digit -- by ownership sector","All establishment sizes",2,0,0,0,0,0,0,0
"06071",5,"11141",77,0,2013,3,"N","San Bernardino County, California","Private","Food crops grown under cover","County, NAICS 5-digit -- by ownership sector","All establishment sizes",2,0,0,0,0,0,0,0
"06071",5,"111411",78,0,2013,1,"N","San Bernardino County, California","Private","Mushroom production","County, NAICS 6-digit -- by ownership sector","All establishment sizes",1,0,0,0,0,0,0,0
"06071",5,"111411",78,0,2013,2,"N","San Bernardino County, California","Private","Mushroom production","County, NAICS 6-digit -- by ownership sector","All establishment sizes",1,0,0,0,0,0,0,0
"06071",5,"111411",78,0,2013,3,"N","San Bernardino County, California","Private","Mushroom production","County, NAICS 6-digit -- by ownership sector","All establishment sizes",1,0,0,0,0,0,0,0
"06071",5,"111419",78,0,2013,1,"N","San Bernardino County, California","Private","Other food crops grown under cover","County, NAICS 6-digit -- by ownership sector","All establishment sizes",1,0,0,0,0,0,0,0
"06071",5,"111419",78,0,2013,2,"N","San Bernardino County, California","Private","Other food crops grown under cover","County, NAICS 6-digit -- by ownership sector","All establishment sizes",1,0,0,0,0,0,0,0
"06071",5,"111419",78,0,2013,3,"N","San Bernardino County, California","Private","Other food crops grown under cover","County, NAICS 6-digit -- by ownership sector","All establishment sizes",1,0,0,0,0,0,0,0
"06071",5,"11142",77,0,2013,1,"N","San Bernardino County, California","Private","Nursery and floriculture production","County, NAICS 5-digit -- by ownership sector","All establishment sizes",20,0,0,0,0,0,0,0
"06071",5,"11142",77,0,2013,2,"N","San Bernardino County, California","Private","Nursery and floriculture production","County, NAICS 5-digit -- by ownership sector","All establishment sizes",20,0,0,0,0,0,0,0
"06071",5,"11142",77,0,2013,3,"N","San Bernardino County, California","Private","Nursery and floriculture production","County, NAICS 5-digit -- by ownership sector","All establishment sizes",20,0,0,0,0,0,0,0
"06071",5,"111421",78,0,2013,1,"","San Bernardino County, California","Private","Nursery and tree production","County, NAICS 6-digit -- by ownership sector","All establishment sizes",15,216,222,241,1284322,1104000,48939,436
"06071",5,"111421",78,0,2013,2,"","San Bernardino County, California","Private","Nursery and tree production","County, NAICS 6-digit -- by ownership sector","All establishment sizes",15,244,249,246,1585551,512689,22612,495
"06071",5,"111421",78,0,2013,3,"","San Bernardino County, California","Private","Nursery and tree production","County, NAICS 6-digit -- by ownership sector","All establishment sizes",15,239,238,237,1526073,126331,6370,493
"06071",5,"111422",78,0,2013,1,"N","San Bernardino County, California","Private","Floriculture production","County, NAICS 6-digit -- by ownership sector","All establishment sizes",5,0,0,0,0,0,0,0
"06071",5,"111422",78,0,2013,2,"N","San Bernardino County, California","Private","Floriculture production","County, NAICS 6-digit -- by ownership sector","All establishment sizes",5,0,0,0,0,0,0,0
"06071",5,"111422",78,0,2013,3,"N","San Bernardino County, California","Private","Floriculture production","County, NAICS 6-digit -- by ownership sector","All establishment sizes",5,0,0,0,0,0,0,0
"06071",5,"1119",76,0,2013,1,"N","San Bernardino County, California","Private","Other crop farming","County, NAICS 4-digit -- by ownership sector","All establishment sizes",13,0,0,0,0,0,0,0
"06071",5,"1119",76,0,2013,2,"N","San Bernardino County, California","Private","Other crop farming","County, NAICS 4-digit -- by ownership sector","All establishment sizes",13,0,0,0,0,0,0,0
"06071",5,"1119",76,0,2013,3,"N","San Bernardino County, California","Private","Other crop farming","County, NAICS 4-digit -- by ownership sector","All establishment sizes",13,0,0,0,0,0,0,0
"06071",5,"11194",77,0,2013,1,"N","San Bernardino County, California","Private","Hay farming","County, NAICS 5-digit -- by ownership sector","All establishment sizes",7,0,0,0,0,0,0,0
"06071",5,"11194",77,0,2013,2,"N","San Bernardino County, California","Private","Hay farming","County, NAICS 5-digit -- by ownership sector","All establishment sizes",7,0,0,0,0,0,0,0
"06071",5,"11194",77,0,2013,3,"N","San Bernardino County, California","Private","Hay farming","County, NAICS 5-digit -- by ownership sector","All establishment sizes",7,0,0,0,0,0,0,0
"06071",5,"111940",78,0,2013,1,"N","San Bernardino County, California","Private","Hay farming","County, NAICS 6-digit -- by ownership sector","All establishment sizes",7,0,0,0,0,0,0,0
"06071",5,"111940",78,0,2013,2,"N","San Bernardino County, California","Private","Hay farming","County, NAICS 6-digit -- by ownership sector","All establishment sizes",7,0,0,0,0,0,0,0
"06071",5,"111940",78,0,2013,3,"N","San Bernardino County, California","Private","Hay farming","County, NAICS 6-digit -- by ownership sector","All establishment sizes",7,0,0,0,0,0,0,0
"06071",5,"11199",77,0,2013,1,"","San Bernardino County, California","Private","All other crop farming","County, NAICS 5-digit -- by ownership sector","All establishment sizes",6,51,54,56,275456,248964,11071,395
"06071",5,"11199",77,0,2013,2,"","San Bernardino County, California","Private","All other crop farming","County, NAICS 5-digit -- by ownership sector","All establishment sizes",6,60,61,60,378728,158022,7287,483
"06071",5,"11199",77,0,2013,3,"","San Bernardino County, California","Private","All other crop farming","County, NAICS 5-digit -- by ownership sector","All establishment sizes",6,65,72,67,351010,34681,1561,397
"06071",5,"111998",78,0,2013,1,"","San Bernardino County, California","Private","All other miscellaneous crop farming","County, NAICS 6-digit -- by ownership sector","All establishment sizes",6,51,54,56,275456,248964,11071,395
"06071",5,"111998",78,0,2013,2,"","San Bernardino County, California","Private","All other miscellaneous crop farming","County, NAICS 6-digit -- by ownership sector","All establishment sizes",6,60,61,60,378728,158022,7287,483
"06071",5,"111998",78,0,2013,3,"","San Bernardino County, California","Private","All other miscellaneous crop farming","County, NAICS 6-digit -- by ownership sector","All establishment sizes",6,65,72,67,351010,34681,1561,397
"06071",5,"112",75,0,2013,1,"","San Bernardino County, California","Private","Animal production and aquaculture","County, NAICS 3-digit -- by ownership sector","All establishment sizes",80,941,948,938,7242539,5909595,222837,591
"06071",5,"112",75,0,2013,2,"","San Bernardino County, California","Private","Animal production and aquaculture","County, NAICS 3-digit -- by ownership sector","All establishment sizes",77,943,924,885,7138433,865170,31158,599
"06071",5,"112",75,0,2013,3,"","San Bernardino County, California","Private","Animal production and aquaculture","County, NAICS 3-digit -- by ownership sector","All establishment sizes",76,820,863,869,6774857,496942,16617,613
"06071",5,"1121",76,0,2013,1,"","San Bernardino County, California","Private","Cattle ranching and farming","County, NAICS 4-digit -- by ownership sector","All establishment sizes",55,681,679,674,5425389,4396334,157704,616
"06071",5,"1121",76,0,2013,2,"","San Bernardino County, California","Private","Cattle ranching and farming","County, NAICS 4-digit -- by ownership sector","All establishment sizes",53,679,674,645,5401129,488673,17610,624
"06071",5,"1121",76,0,2013,3,"","San Bernardino County, California","Private","Cattle ranching and farming","County, NAICS 4-digit -- by ownership sector","All establishment sizes",52,578,627,636,5120321,380049,11935,642
"06071",5,"11211",77,0,2013,1,"","San Bernardino County, California","Private","Beef cattle ranching, farming, and feedlots","County, NAICS 5-digit -- by ownership sector","All establishment sizes",11,216,211,202,1634851,1356839,46134,600
"06071",5,"11211",77,0,2013,2,"","San Bernardino County, California","Private","Beef cattle ranching, farming, and feedlots","County, NAICS 5-digit -- by ownership sector","All establishment sizes",11,217,210,195,1622570,182614,6917,602
"06071",5,"11211",77,0,2013,3,"","San Bernardino County, California","Private","Beef cattle ranching, farming, and feedlots","County, NAICS 5-digit -- by ownership sector","All establishment sizes",11,127,189,190,1563036,108282,3478,713
"06071",5,"112111",78,0,2013,1,"N","San Bernardino County, California","Private","Beef cattle ranching and farming","County, NAICS 6-digit -- by ownership sector","All establishment sizes",10,0,0,0,0,0,0,0
"06071",5,"112111",78,0,2013,2,"N","San Bernardino County, California","Private","Beef cattle ranching and farming","County, NAICS 6-digit -- by ownership sector","All establishment sizes",10,0,0,0,0,0,0,0
"06071",5,"112111",78,0,2013,3,"N","San Bernardino County, California","Private","Beef cattle ranching and farming","County, NAICS 6-digit -- by ownership sector","All establishment sizes",10,0,0,0,0,0,0,0
"06071",5,"112112",78,0,2013,1,"N","San Bernardino County, California","Private","Cattle feedlots","County, NAICS 6-digit -- by ownership sector","All establishment sizes",1,0,0,0,0,0,0,0
"06071",5,"112112",78,0,2013,2,"N","San Bernardino County, California","Private","Cattle feedlots","County, NAICS 6-digit -- by ownership sector","All establishment sizes",1,0,0,0,0,0,0,0
"06071",5,"112112",78,0,2013,3,"N","San Bernardino County, California","Private","Cattle feedlots","County, NAICS 6-digit -- by ownership sector","All establishment sizes",1,0,0,0,0,0,0,0
"06071",5,"11212",77,0,2013,1,"","San Bernardino County, California","Private","Dairy cattle and milk production","County, NAICS 5-digit -- by ownership sector","All establishment sizes",44,465,468,472,3790538,3039495,111570,623
"06071",5,"11212",77,0,2013,2,"","San Bernardino County, California","Private","Dairy cattle and milk production","County, NAICS 5-digit -- by ownership sector","All establishment sizes",42,462,464,450,3778559,306059,10693,634
"06071",5,"11212",77,0,2013,3,"","San Bernardino County, California","Private","Dairy cattle and milk production","County, NAICS 5-digit -- by ownership sector","All establishment sizes",41,451,438,446,3557285,271767,8457,615
"06071",5,"112120",78,0,2013,1,"","San Bernardino County, California","Private","Dairy cattle and milk production","County, NAICS 6-digit -- by ownership sector","All establishment sizes",44,465,468,472,3790538,3039495,111570,623
"06071",5,"112120",78,0,2013,2,"","San Bernardino County, California","Private","Dairy cattle and milk production","County, NAICS 6-digit -- by ownership sector","All establishment sizes",42,462,464,450,3778559,306059,10693,634
"06071",5,"112120",78,0,2013,3,"","San Bernardino County, California","Private","Dairy cattle and milk production","County, NAICS 6-digit -- by ownership sector","All establishment sizes",41,451,438,446,3557285,271767,8457,615
"06071",5,"1122",76,0,2013,1,"N","San Bernardino County, California","Private","Hog and pig farming","County, NAICS 4-digit -- by ownership sector","All establishment sizes",1,0,0,0,0,0,0,0
"06071",5,"1122",76,0,2013,2,"N","San Bernardino County, California","Private","Hog and pig farming","County, NAICS 4-digit -- by ownership sector","All establishment sizes",1,0,0,0,0,0,0,0
"06071",5,"1122",76,0,2013,3,"N","San Bernardino County, California","Private","Hog and pig farming","County, NAICS 4-digit -- by ownership sector","All establishment sizes",1,0,0,0,0,0,0,0
"06071",5,"11221",77,0,2013,1,"N","San Bernardino County, California","Private","Hog and pig farming","County, NAICS 5-digit -- by ownership sector","All establishment sizes",1,0,0,0,0,0,0,0
"06071",5,"11221",77,0,2013,2,"N","San Bernardino County, California","Private","Hog and pig farming","County, NAICS 5-digit -- by ownership sector","All establishment sizes",1,0,0,0,0,0,0,0
"06071",5,"11221",77,0,2013,3,"N","San Bernardino County, California","Private","Hog and pig farming","County, NAICS 5-digit -- by ownership sector","All establishment sizes",1,0,0,0,0,0,0,0
"06071",5,"112210",78,0,2013,1,"N","San Bernardino County, California","Private","Hog and pig farming","County, NAICS 6-digit -- by ownership sector","All establishment sizes",1,0,0,0,0,0,0,0
"06071",5,"112210",78,0,2013,2,"N","San Bernardino County, California","Private","Hog and pig farming","County, NAICS 6-digit -- by ownership sector","All establishment sizes",1,0,0,0,0,0,0,0
"06071",5,"112210",78,0,2013,3,"N","San Bernardino County, California","Private","Hog and pig farming","County, NAICS 6-digit -- by ownership sector","All establishment sizes",1,0,0,0,0,0,0,0
"06071",5,"1123",76,0,2013,1,"","San Bernardino County, California","Private","Poultry and egg production","County, NAICS 4-digit -- by ownership sector","All establishment sizes",13,216,224,222,1447794,1276081,55716,505
"06071",5,"1123",76,0,2013,2,"","San Bernardino County, California","Private","Poultry and egg production","County, NAICS 4-digit -- by ownership sector","All establishment sizes",12,218,209,205,1313507,307520,10588,480
"06071",5,"1123",76,0,2013,3,"","San Bernardino County, California","Private","Poultry and egg production","County, NAICS 4-digit -- by ownership sector","All establishment sizes",12,208,203,200,1321017,93330,3780,499
"06071",5,"11231",77,0,2013,1,"","San Bernardino County, California","Private","Chicken egg production","County, NAICS 5-digit -- by ownership sector","All establishment sizes",9,190,196,191,1291635,1131705,51296,517
"06071",5,"11231",77,0,2013,2,"","San Bernardino County, California","Private","Chicken egg production","County, NAICS 5-digit -- by ownership sector","All establishment sizes",9,185,175,171,1113197,218275,8038,484
"06071",5,"11231",77,0,2013,3,"","San Bernardino County, California","Private","Chicken egg production","County, NAICS 5-digit -- by ownership sector","All establishment sizes",9,176,171,169,1163121,71821,3169,520
"06071",5,"112310",78,0,2013,1,"","San Bernardino County, California","Private","Chicken egg production","County, NAICS 6-digit -- by ownership sector","All establishment sizes",9,190,196,191,1291635,1131705,51296,517
"06071",5,"112310",78,0,2013,2,"","San Bernardino County, California","Private","Chicken egg production","County, NAICS 6-digit -- by ownership sector","All establishment sizes",9,185,175,171,1113197,218275,8038,484
"06071",5,"112310",78,0,2013,3,"","San Bernardino County, California","Private","Chicken egg production","County, NAICS 6-digit -- by ownership sector","All establishment sizes",9,176,171,169,1163121,71821,3169,520
"06071",5,"11233",77,0,2013,1,"N","San Bernardino County, California","Private","Turkey production","County, NAICS 5-digit -- by ownership sector","All establishment sizes",2,0,0,0,0,0,0,0
"06071",5,"11233",77,0,2013,2,"N","San Bernardino County, California","Private","Turkey production","County, NAICS 5-digit -- by ownership sector","All establishment sizes",1,0,0,0,0,0,0,0
"06071",5,"11233",77,0,2013,3,"N","San Bernardino County, California","Private","Turkey production","County, NAICS 5-digit -- by ownership sector","All establishment sizes",1,0,0,0,0,0,0,0
"06071",5,"112330",78,0,2013,1,"N","San Bernardino County, California","Private","Turkey production","County, NAICS 6-digit -- by ownership sector","All establishment sizes",2,0,0,0,0,0,0,0
"06071",5,"112330",78,0,2013,2,"N","San Bernardino County, California","Private","Turkey production","County, NAICS 6-digit -- by ownership sector","All establishment sizes",1,0,0,0,0,0,0,0
"06071",5,"112330",78,0,2013,3,"N","San Bernardino County, California","Private","Turkey production","County, NAICS 6-digit -- by ownership sector","All establishment sizes",1,0,0,0,0,0,0,0
"06071",5,"11234",77,0,2013,1,"N","San Bernardino County, California","Private","Poultry hatcheries","County, NAICS 5-digit -- by ownership sector","All establishment sizes",2,0,0,0,0,0,0,0
"06071",5,"11234",77,0,2013,2,"N","San Bernardino County, California","Private","Poultry hatcheries","County, NAICS 5-digit -- by ownership sector","All establishment sizes",2,0,0,0,0,0,0,0
"06071",5,"11234",77,0,2013,3,"N","San Bernardino County, California","Private","Poultry hatcheries","County, NAICS 5-digit -- by ownership sector","All establishment sizes",2,0,0,0,0,0,0,0
"06071",5,"112340",78,0,2013,1,"N","San Bernardino County, California","Private","Poultry hatcheries","County, NAICS 6-digit -- by ownership sector","All establishment sizes",2,0,0,0,0,0,0,0
"06071",5,"112340",78,0,2013,2,"N","San Bernardino County, California","Private","Poultry hatcheries","County, NAICS 6-digit -- by ownership sector","All establishment sizes",2,0,0,0,0,0,0,0
"06071",5,"112340",78,0,2013,3,"N","San Bernardino County, California","Private","Poultry hatcheries","County, NAICS 6-digit -- by ownership sector","All establishment sizes",2,0,0,0,0,0,0,0
"06071",5,"1124",76,0,2013,1,"N","San Bernardino County, California","Private","Sheep and goat farming","County, NAICS 4-digit -- by ownership sector","All establishment sizes",2,0,0,0,0,0,0,0
"06071",5,"1124",76,0,2013,2,"N","San Bernardino County, California","Private","Sheep and goat farming","County, NAICS 4-digit -- by ownership sector","All establishment sizes",2,0,0,0,0,0,0,0
"06071",5,"1124",76,0,2013,3,"N","San Bernardino County, California","Private","Sheep and goat farming","County, NAICS 4-digit -- by ownership sector","All establishment sizes",2,0,0,0,0,0,0,0
"06071",5,"11242",77,0,2013,1,"N","San Bernardino County, California","Private","Goat farming","County, NAICS 5-digit -- by ownership sector","All establishment sizes",2,0,0,0,0,0,0,0
"06071",5,"11242",77,0,2013,2,"N","San Bernardino County, California","Private","Goat farming","County, NAICS 5-digit -- by ownership sector","All establishment sizes",2,0,0,0,0,0,0,0
"06071",5,"11242",77,0,2013,3,"N","San Bernardino County, California","Private","Goat farming","County, NAICS 5-digit -- by ownership sector","All establishment sizes",2,0,0,0,0,0,0,0
"06071",5,"112420",78,0,2013,1,"N","San Bernardino County, California","Private","Goat farming","County, NAICS 6-digit -- by ownership sector","All establishment sizes",2,0,0,0,0,0,0,0
"06071",5,"112420",78,0,2013,2,"N","San Bernardino County, California","Private","Goat farming","County, NAICS 6-digit -- by ownership sector","All establishment sizes",2,0,0,0,0,0,0,0
"06071",5,"112420",78,0,2013,3,"N","San Bernardino County, California","Private","Goat farming","County, NAICS 6-digit -- by ownership sector","All establishment sizes",2,0,0,0,0,0,0,0
"06071",5,"1125",76,0,2013,1,"","San Bernardino County, California","Private","Aquaculture","County, NAICS 4-digit -- by ownership sector","All establishment sizes",3,12,13,12,41540,39309,1683,259
"06071",5,"1125",76,0,2013,2,"","San Bernardino County, California","Private","Aquaculture","County, NAICS 4-digit -- by ownership sector","All establishment sizes",3,12,13,13,43525,22222,914,264
"06071",5,"1125",76,0,2013,3,"","San Bernardino County, California","Private","Aquaculture","County, NAICS 4-digit -- by ownership sector","All establishment sizes",3,13,13,13,42237,11289,422,250
"06071",5,"11251",77,0,2013,1,"","San Bernardino County, California","Private","Aquaculture","County, NAICS 5-digit -- by ownership sector","All establishment sizes",3,12,13,12,41540,39309,1683,259
"06071",5,"11251",77,0,2013,2,"","San Bernardino County, California","Private","Aquaculture","County, NAICS 5-digit -- by ownership sector","All establishment sizes",3,12,13,13,43525,22222,914,264
"06071",5,"11251",77,0,2013,3,"","San Bernardino County, California","Private","Aquaculture","County, NAICS 5-digit -- by ownership sector","All establishment sizes",3,13,13,13,42237,11289,422,250
"06071",5,"112511",78,0,2013,1,"","San Bernardino County, California","Private","Finfish farming and fish hatcheries","County, NAICS 6-digit -- by ownership sector","All establishment sizes",3,12,13,12,41540,39309,1683,259
"06071",5,"112511",78,0,2013,2,"","San Bernardino County, California","Private","Finfish farming and fish hatcheries","County, NAICS 6-digit -- by ownership sector","All establishment sizes",3,12,13,13,43525,22222,914,264
"06071",5,"112511",78,0,2013,3,"","San Bernardino County, California","Private","Finfish farming and fish hatcheries","County, NAICS 6-digit -- by ownership sector","All establishment sizes",3,13,13,13,42237,11289,422,250
"06071",5,"1129",76,0,2013,1,"","San Bernardino County, California","Private","Other animal production","County, NAICS 4-digit -- by ownership sector","All establishment sizes",6,23,23,19,249626,138159,5549,886
"06071",5,"1129",76,0,2013,2,"","San Bernardino County, California","Private","Other animal production","County, NAICS 4-digit -- by ownership sector","All establishment sizes",6,23,17,11,287719,34268,1399,1302
"06071",5,"1129",76,0,2013,3,"","San Bernardino County, California","Private","Other animal production","County, NAICS 4-digit -- by ownership sector","All establishment sizes",6,11,9,9,200647,9187,321,1597
"06071",5,"11291",77,0,2013,1,"N","San Bernardino County, California","Private","Apiculture","County, NAICS 5-digit -- by ownership sector","All establishment sizes",5,0,0,0,0,0,0,0
"06071",5,"11291",77,0,2013,2,"N","San Bernardino County, California","Private","Apiculture","County, NAICS 5-digit -- by ownership sector","All establishment sizes",5,0,0,0,0,0,0,0
"06071",5,"11291",77,0,2013,3,"N","San Bernardino County, California","Private","Apiculture","County, NAICS 5-digit -- by ownership sector","All establishment sizes",5,0,0,0,0,0,0,0
"06071",5,"112910",78,0,2013,1,"N","San Bernardino County, California","Private","Apiculture","County, NAICS 6-digit -- by ownership sector","All establishment sizes",5,0,0,0,0,0,0,0
"06071",5,"112910",78,0,2013,2,"N","San Bernardino County, California","Private","Apiculture","County, NAICS 6-digit -- by ownership sector","All establishment sizes",5,0,0,0,0,0,0,0
"06071",5,"112910",78,0,2013,3,"N","San Bernardino County, California","Private","Apiculture","County, NAICS 6-digit -- by ownership sector","All establishment sizes",5,0,0,0,0,0,0,0
"06071",5,"11292",77,0,2013,1,"N","San Bernardino County, California","Private","Horses and other equine production","County, NAICS 5-digit -- by ownership sector","All establishment sizes",1,0,0,0,0,0,0,0
"06071",5,"11292",77,0,2013,2,"N","San Bernardino County, California","Private","Horses and other equine production","County, NAICS 5-digit -- by ownership sector","All establishment sizes",1,0,0,0,0,0,0,0
"06071",5,"11292",77,0,2013,3,"N","San Bernardino County, California","Private","Horses and other equine production","County, NAICS 5-digit -- by ownership sector","All establishment sizes",1,0,0,0,0,0,0,0
"06071",5,"112920",78,0,2013,1,"N","San Bernardino County, California","Private","Horses and other equine production","County, NAICS 6-digit -- by ownership sector","All establishment sizes",1,0,0,0,0,0,0,0
"06071",5,"112920",78,0,2013,2,"N","San Bernardino County, California","Private","Horses and other equine production","County, NAICS 6-digit -- by ownership sector","All establishment sizes",1,0,0,0,0,0,0,0
"06071",5,"112920",78,0,2013,3,"N","San Bernardino County, California","Private","Horses and other equine production","County, NAICS 6-digit -- by ownership sector","All establishment sizes",1,0,0,0,0,0,0,0
"06071",5,"113",75,0,2013,1,"N","San Bernardino County, California","Private","Forestry and logging","County, NAICS 3-digit -- by ownership sector","All establishment sizes",3,0,0,0,0,0,0,0
"06071",5,"113",75,0,2013,2,"N","San Bernardino County, California","Private","Forestry and logging","County, NAICS 3-digit -- by ownership sector","All establishment sizes",3,0,0,0,0,0,0,0
"06071",5,"113",75,0,2013,3,"N","San Bernardino County, California","Private","Forestry and logging","County, NAICS 3-digit -- by ownership sector","All establishment sizes",3,0,0,0,0,0,0,0
"06071",5,"1131",76,0,2013,1,"N","San Bernardino County, California","Private","Timber tract operations","County, NAICS 4-digit -- by ownership sector","All establishment sizes",1,0,0,0,0,0,0,0
"06071",5,"1131",76,0,2013,2,"N","San Bernardino County, California","Private","Timber tract operations","County, NAICS 4-digit -- by ownership sector","All establishment sizes",1,0,0,0,0,0,0,0
"06071",5,"1131",76,0,2013,3,"N","San Bernardino County, California","Private","Timber tract operations","County, NAICS 4-digit -- by ownership sector","All establishment sizes",1,0,0,0,0,0,0,0
"06071",5,"11311",77,0,2013,1,"N","San Bernardino County, California","Private","Timber tract operations","County, NAICS 5-digit -- by ownership sector","All establishment sizes",1,0,0,0,0,0,0,0
"06071",5,"11311",77,0,2013,2,"N","San Bernardino County, California","Private","Timber tract operations","County, NAICS 5-digit -- by ownership sector","All establishment sizes",1,0,0,0,0,0,0,0
"06071",5,"11311",77,0,2013,3,"N","San Bernardino County, California","Private","Timber tract operations","County, NAICS 5-digit -- by ownership sector","All establishment sizes",1,0,0,0,0,0,0,0
"06071",5,"113110",78,0,2013,1,"N","San Bernardino County, California","Private","Timber tract operations","County, NAICS 6-digit -- by ownership sector","All establishment sizes",1,0,0,0,0,0,0,0
"06071",5,"113110",78,0,2013,2,"N","San Bernardino County, California","Private","Timber tract operations","County, NAICS 6-digit -- by ownership sector","All establishment sizes",1,0,0,0,0,0,0,0
"06071",5,"113110",78,0,2013,3,"N","San Bernardino County, California","Private","Timber tract operations","County, NAICS 6-digit -- by ownership sector","All establishment sizes",1,0,0,0,0,0,0,0
"06071",5,"1133",76,0,2013,1,"N","San Bernardino County, California","Private","Logging","County, NAICS 4-digit -- by ownership sector","All establishment sizes",2,0,0,0,0,0,0,0
"06071",5,"1133",76,0,2013,2,"N","San Bernardino County, California","Private","Logging","County, NAICS 4-digit -- by ownership sector","All establishment sizes",2,0,0,0,0,0,0,0
"06071",5,"1133",76,0,2013,3,"N","San Bernardino County, California","Private","Logging","County, NAICS 4-digit -- by ownership sector","All establishment sizes",2,0,0,0,0,0,0,0
"06071",5,"11331",77,0,2013,1,"N","San Bernardino County, California","Private","Logging","County, NAICS 5-digit -- by ownership sector","All establishment sizes",2,0,0,0,0,0,0,0
"06071",5,"11331",77,0,2013,2,"N","San Bernardino County, California","Private","Logging","County, NAICS 5-digit -- by ownership sector","All establishment sizes",2,0,0,0,0,0,0,0
"06071",5,"11331",77,0,2013,3,"N","San Bernardino County, California","Private","Logging","County, NAICS 5-digit -- by ownership sector","All establishment sizes",2,0,0,0,0,0,0,0
"06071",5,"113310",78,0,2013,1,"N","San Bernardino County, California","Private","Logging","County, NAICS 6-digit -- by ownership sector","All establishment sizes",2,0,0,0,0,0,0,0
"06071",5,"113310",78,0,2013,2,"N","San Bernardino County, California","Private","Logging","County, NAICS 6-digit -- by ownership sector","All establishment sizes",2,0,0,0,0,0,0,0
"06071",5,"113310",78,0,2013,3,"N","San Bernardino County, California","Private","Logging","County, NAICS 6-digit -- by ownership sector","All establishment sizes",2,0,0,0,0,0,0,0
"06071",5,"115",75,0,2013,1,"N","San Bernardino County, California","Private","Agriculture and forestry support activities","County, NAICS 3-digit -- by ownership sector","All establishment sizes",34,0,0,0,0,0,0,0
"06071",5,"115",75,0,2013,2,"N","San Bernardino County, California","Private","Agriculture and forestry support activities","County, NAICS 3-digit -- by ownership sector","All establishment sizes",34,0,0,0,0,0,0,0
"06071",5,"115",75,0,2013,3,"N","San Bernardino County, California","Private","Agriculture and forestry support activities","County, NAICS 3-digit -- by ownership sector","All establishment sizes",34,0,0,0,0,0,0,0
"06071",5,"1151",76,0,2013,1,"","San Bernardino County, California","Private","Support activities for crop production","County, NAICS 4-digit -- by ownership sector","All establishment sizes",17,366,331,345,3017669,2078586,106123,668
"06071",5,"1151",76,0,2013,2,"","San Bernardino County, California","Private","Support activities for crop production","County, NAICS 4-digit -- by ownership sector","All establishment sizes",18,322,320,359,3210948,558954,29212,740
"06071",5,"1151",76,0,2013,3,"","San Bernardino County, California","Private","Support activities for crop production","County, NAICS 4-digit -- by ownership sector","All establishment sizes",18,409,369,381,3155993,656230,30711,628
"06071",5,"11511",77,0,2013,1,"","San Bernardino County, California","Private","Support activities for crop production","County, NAICS 5-digit -- by ownership sector","All establishment sizes",17,366,331,345,3017669,2078586,106123,668
"06071",5,"11511",77,0,2013,2,"","San Bernardino County, California","Private","Support activities for crop production","County, NAICS 5-digit -- by ownership sector","All establishment sizes",18,322,320,359,3210948,558954,29212,740
"06071",5,"11511",77,0,2013,3,"","San Bernardino County, California","Private","Support activities for crop production","County, NAICS 5-digit -- by ownership sector","All establishment sizes",18,409,369,381,3155993,656230,30711,628
"06071",5,"115112",78,0,2013,1,"","San Bernardino County, California","Private","Soil preparation, planting, and cultivating","County, NAICS 6-digit -- by ownership sector","All establishment sizes",6,20,19,21,174378,126320,6365,671
"06071",5,"115112",78,0,2013,2,"","San Bernardino County, California","Private","Soil preparation, planting, and cultivating","County, NAICS 6-digit -- by ownership sector","All establishment sizes",6,28,30,28,229838,57048,3346,617
"06071",5,"115112",78,0,2013,3,"N","San Bernardino County, California","Private","Soil preparation, planting, and cultivating","County, NAICS 6-digit -- by ownership sector","All establishment sizes",6,0,0,0,0,0,0,0
"06071",5,"115113",78,0,2013,1,"N","San Bernardino County, California","Private","Crop harvesting, primarily by machine","County, NAICS 6-digit -- by ownership sector","All establishment sizes",1,0,0,0,0,0,0,0
"06071",5,"115113",78,0,2013,2,"N","San Bernardino County, California","Private","Crop harvesting, primarily by machine","County, NAICS 6-digit -- by ownership sector","All establishment sizes",1,0,0,0,0,0,0,0
"06071",5,"115113",78,0,2013,3,"N","San Bernardino County, California","Private","Crop harvesting, primarily by machine","County, NAICS 6-digit -- by ownership sector","All establishment sizes",1,0,0,0,0,0,0,0
"06071",5,"115114",78,0,2013,1,"N","San Bernardino County, California","Private","Other postharvest crop activities","County, NAICS 6-digit -- by ownership sector","All establishment sizes",3,0,0,0,0,0,0,0
"06071",5,"115114",78,0,2013,2,"N","San Bernardino County, California","Private","Other postharvest crop activities","County, NAICS 6-digit -- by ownership sector","All establishment sizes",3,0,0,0,0,0,0,0
"06071",5,"115114",78,0,2013,3,"N","San Bernardino County, California","Private","Other postharvest crop activities","County, NAICS 6-digit -- by ownership sector","All establishment sizes",3,0,0,0,0,0,0,0
"06071",5,"115115",78,0,2013,1,"","San Bernardino County, California","Private","Farm labor contractors and crew leaders","County, NAICS 6-digit -- by ownership sector","All establishment sizes",5,92,56,65,537623,360107,17203,582
"06071",5,"115115",78,0,2013,2,"","San Bernardino County, California","Private","Farm labor contractors and crew leaders","County, NAICS 6-digit -- by ownership sector","All establishment sizes",6,22,23,58,245386,103872,3778,550
"06071",5,"115115",78,0,2013,3,"","San Bernardino County, California","Private","Farm labor contractors and crew leaders","County, NAICS 6-digit -- by ownership sector","All establishment sizes",6,94,53,66,459297,314423,12657,498
"06071",5,"115116",78,0,2013,1,"N","San Bernardino County, California","Private","Farm management services","County, NAICS 6-digit -- by ownership sector","All establishment sizes",2,0,0,0,0,0,0,0
"06071",5,"115116",78,0,2013,2,"N","San Bernardino County, California","Private","Farm management services","County, NAICS 6-digit -- by ownership sector","All establishment sizes",2,0,0,0,0,0,0,0
"06071",5,"115116",78,0,2013,3,"N","San Bernardino County, California","Private","Farm management services","County, NAICS 6-digit -- by ownership sector","All establishment sizes",2,0,0,0,0,0,0,0
"06071",5,"1152",76,0,2013,1,"","San Bernardino County, California","Private","Support activities for animal production","County, NAICS 4-digit -- by ownership sector","All establishment sizes",11,80,81,83,531215,431700,24228,502
"06071",5,"1152",76,0,2013,2,"N","San Bernardino County, California","Private","Support activities for animal production","County, NAICS 4-digit -- by ownership sector","All establishment sizes",10,0,0,0,0,0,0,0
"06071",5,"1152",76,0,2013,3,"N","San Bernardino County, California","Private","Support activities for animal production","County, NAICS 4-digit -- by ownership sector","All establishment sizes",10,0,0,0,0,0,0,0
"06071",5,"11521",77,0,2013,1,"","San Bernardino County, California","Private","Support activities for animal production","County, NAICS 5-digit -- by ownership sector","All establishment sizes",11,80,81,83,531215,431700,24228,502
"06071",5,"11521",77,0,2013,2,"N","San Bernardino County, California","Private","Support activities for animal production","County, NAICS 5-digit -- by ownership sector","All establishment sizes",10,0,0,0,0,0,0,0
"06071",5,"11521",77,0,2013,3,"N","San Bernardino County, California","Private","Support activities for animal production","County, NAICS 5-digit -- by ownership sector","All establishment sizes",10,0,0,0,0,0,0,0
"06071",5,"115210",78,0,2013,1,"","San Bernardino County, California","Private","Support activities for animal production","County, NAICS 6-digit -- by ownership sector","All establishment sizes",11,80,81,83,531215,431700,24228,502
"06071",5,"115210",78,0,2013,2,"N","San Bernardino County, California","Private","Support activities for animal production","County, NAICS 6-digit -- by ownership sector","All establishment sizes",10,0,0,0,0,0,0,0
"06071",5,"115210",78,0,2013,3,"N","San Bernardino County, California","Private","Support activities for animal production","County, NAICS 6-digit -- by ownership sector","All establishment sizes",10,0,0,0,0,0,0,0
"06071",5,"1153",76,0,2013,1,"N","San Bernardino County, California","Private","Support activities for forestry","County, NAICS 4-digit -- by ownership sector","All establishment sizes",6,0,0,0,0,0,0,0
"06071",5,"1153",76,0,2013,2,"","San Bernardino County, California","Private","Support activities for forestry","County, NAICS 4-digit -- by ownership sector","All establishment sizes",6,83,87,90,523579,101115,6270,465
"06071",5,"1153",76,0,2013,3,"","San Bernardino County, California","Private","Support activities for forestry","County, NAICS 4-digit -- by ownership sector","All establishment sizes",6,107,99,103,569813,122681,7607,426
"06071",5,"11531",77,0,2013,1,"N","San Bernardino County, California","Private","Support activities for forestry","County, NAICS 5-digit -- by ownership sector","All establishment sizes",6,0,0,0,0,0,0,0
"06071",5,"11531",77,0,2013,2,"","San Bernardino County, California","Private","Support activities for forestry","County, NAICS 5-digit -- by ownership sector","All establishment sizes",6,83,87,90,523579,101115,6270,465
"06071",5,"11531",77,0,2013,3,"","San Bernardino County, California","Private","Support activities for forestry","County, NAICS 5-digit -- by ownership sector","All establishment sizes",6,107,99,103,569813,122681,7607,426
"06071",5,"115310",78,0,2013,1,"N","San Bernardino County, California","Private","Support activities for forestry","County, NAICS 6-digit -- by ownership sector","All establishment sizes",6,0,0,0,0,0,0,0
"06071",5,"115310",78,0,2013,2,"","San Bernardino County, California","Private","Support activities for forestry","County, NAICS 6-digit -- by ownership sector","All establishment sizes",6,83,87,90,523579,101115,6270,465
"06071",5,"115310",78,0,2013,3,"","San Bernardino County, California","Private","Support activities for forestry","County, NAICS 6-digit -- by ownership sector","All establishment sizes",6,107,99,103,569813,122681,7607,426
"06071",5,"21",74,0,2013,1,"","San Bernardino County, California","Private","Mining, quarrying, and oil and gas extraction","County, NAICS Sector -- by ownership sector","All establishment sizes",19,853,848,889,16450476,5922481,364789,1466
"06071",5,"21",74,0,2013,2,"","San Bernardino County, California","Private","Mining, quarrying, and oil and gas extraction","County, NAICS Sector -- by ownership sector","All establishment sizes",19,849,864,860,14587486,388603,23860,1308
"06071",5,"21",74,0,2013,3,"","San Bernardino County, California","Private","Mining, quarrying, and oil and gas extraction","County, NAICS Sector -- by ownership sector","All establishment sizes",19,840,828,828,15794493,244965,15039,1460
"06071",5,"212",75,0,2013,1,"N","San Bernardino County, California","Private","Mining, except oil and gas","County, NAICS 3-digit -- by ownership sector","All establishment sizes",16,0,0,0,0,0,0,0
"06071",5,"212",75,0,2013,2,"N","San Bernardino County, California","Private","Mining, except oil and gas","County, NAICS 3-digit -- by ownership sector","All establishment sizes",16,0,0,0,0,0,0,0
"06071",5,"212",75,0,2013,3,"N","San Bernardino County, California","Private","Mining, except oil and gas","County, NAICS 3-digit -- by ownership sector","All establishment sizes",16,0,0,0,0,0,0,0
"06071",5,"2121",76,0,2013,1,"N","San Bernardino County, California","Private","Coal mining","County, NAICS 4-digit -- by ownership sector","All establishment sizes",1,0,0,0,0,0,0,0
"06071",5,"2121",76,0,2013,2,"N","San Bernardino County, California","Private","Coal mining","County, NAICS 4-digit -- by ownership sector","All establishment sizes",1,0,0,0,0,0,0,0
"06071",5,"2121",76,0,2013,3,"N","San Bernardino County, California","Private","Coal mining","County, NAICS 4-digit -- by ownership sector","All establishment sizes",1,0,0,0,0,0,0,0
"06071",5,"21211",77,0,2013,1,"N","San Bernardino County, California","Private","Coal mining","County, NAICS 5-digit -- by ownership sector","All establishment sizes",1,0,0,0,0,0,0,0
"06071",5,"21211",77,0,2013,2,"N","San Bernardino County, California","Private","Coal mining","County, NAICS 5-digit -- by ownership sector","All establishment sizes",1,0,0,0,0,0,0,0
"06071",5,"21211",77,0,2013,3,"N","San Bernardino County, California","Private","Coal mining","County, NAICS 5-digit -- by ownership sector","All establishment sizes",1,0,0,0,0,0,0,0
"06071",5,"212112",78,0,2013,1,"N","San Bernardino County, California","Private","Bituminous coal underground mining","County, NAICS 6-digit -- by ownership sector","All establishment sizes",1,0,0,0,0,0,0,0
"06071",5,"212112",78,0,2013,2,"N","San Bernardino County, California","Private","Bituminous coal underground mining","County, NAICS 6-digit -- by ownership sector","All establishment sizes",1,0,0,0,0,0,0,0
"06071",5,"212112",78,0,2013,3,"N","San Bernardino County, California","Private","Bituminous coal underground mining","County, NAICS 6-digit -- by ownership sector","All establishment sizes",1,0,0,0,0,0,0,0
"06071",5,"2122",76,0,2013,1,"N","San Bernardino County, California","Private","Metal ore mining","County, NAICS 4-digit -- by ownership sector","All establishment sizes",2,0,0,0,0,0,0,0
"06071",5,"2122",76,0,2013,2,"N","San Bernardino County, California","Private","Metal ore mining","County, NAICS 4-digit -- by ownership sector","All establishment sizes",2,0,0,0,0,0,0,0
"06071",5,"2122",76,0,2013,3,"N","San Bernardino County, California","Private","Metal ore mining","County, NAICS 4-digit -- by ownership sector","All establishment sizes",2,0,0,0,0,0,0,0
"06071",5,"21221",77,0,2013,1,"N","San Bernardino County, California","Private","Iron ore mining","County, NAICS 5-digit -- by ownership sector","All establishment sizes",1,0,0,0,0,0,0,0
"06071",5,"21221",77,0,2013,2,"N","San Bernardino County, California","Private","Iron ore mining","County, NAICS 5-digit -- by ownership sector","All establishment sizes",1,0,0,0,0,0,0,0
"06071",5,"21221",77,0,2013,3,"N","San Bernardino County, California","Private","Iron ore mining","County, NAICS 5-digit -- by ownership sector","All establishment sizes",1,0,0,0,0,0,0,0
"06071",5,"212210",78,0,2013,1,"N","San Bernardino County, California","Private","Iron ore mining","County, NAICS 6-digit -- by ownership sector","All establishment sizes",1,0,0,0,0,0,0,0
"06071",5,"212210",78,0,2013,2,"N","San Bernardino County, California","Private","Iron ore mining","County, NAICS 6-digit -- by ownership sector","All establishment sizes",1,0,0,0,0,0,0,0
"06071",5,"212210",78,0,2013,3,"N","San Bernardino County, California","Private","Iron ore mining","County, NAICS 6-digit -- by ownership sector","All establishment sizes",1,0,0,0,0,0,0,0
"06071",5,"21222",77,0,2013,1,"N","San Bernardino County, California","Private","Gold ore and silver ore mining","County, NAICS 5-digit -- by ownership sector","All establishment sizes",1,0,0,0,0,0,0,0
"06071",5,"21222",77,0,2013,2,"N","San Bernardino County, California","Private","Gold ore and silver ore mining","County, NAICS 5-digit -- by ownership sector","All establishment sizes",1,0,0,0,0,0,0,0
"06071",5,"21222",77,0,2013,3,"N","San Bernardino County, California","Private","Gold ore and silver ore mining","County, NAICS 5-digit -- by ownership sector","All establishment sizes",1,0,0,0,0,0,0,0
"06071",5,"212221",78,0,2013,1,"N","San Bernardino County, California","Private","Gold ore mining","County, NAICS 6-digit -- by ownership sector","All establishment sizes",1,0,0,0,0,0,0,0
"06071",5,"212221",78,0,2013,2,"N","San Bernardino County, California","Private","Gold ore mining","County, NAICS 6-digit -- by ownership sector","All establishment sizes",1,0,0,0,0,0,0,0
"06071",5,"212221",78,0,2013,3,"N","San Bernardino County, California","Private","Gold ore mining","County, NAICS 6-digit -- by ownership sector","All establishment sizes",1,0,0,0,0,0,0,0
"06071",5,"2123",76,0,2013,1,"","San Bernardino County, California","Private","Nonmetallic mineral mining and quarrying","County, NAICS 4-digit -- by ownership sector","All establishment sizes",13,299,296,296,5225162,1934757,118308,1353
"06071",5,"2123",76,0,2013,2,"","San Bernardino County, California","Private","Nonmetallic mineral mining and quarrying","County, NAICS 4-digit -- by ownership sector","All establishment sizes",13,297,305,303,4918598,114427,7040,1254
"06071",5,"2123",76,0,2013,3,"","San Bernardino County, California","Private","Nonmetallic mineral mining and quarrying","County, NAICS 4-digit -- by ownership sector","All establishment sizes",13,285,283,286,5129381,75467,4641,1386
"06071",5,"21231",77,0,2013,1,"N","San Bernardino County, California","Private","Stone mining and quarrying","County, NAICS 5-digit -- by ownership sector","All establishment sizes",3,0,0,0,0,0,0,0
"06071",5,"21231",77,0,2013,2,"N","San Bernardino County, California","Private","Stone mining and quarrying","County, NAICS 5-digit -- by ownership sector","All establishment sizes",3,0,0,0,0,0,0,0
"06071",5,"21231",77,0,2013,3,"N","San Bernardino County, California","Private","Stone mining and quarrying","County, NAICS 5-digit -- by ownership sector","All establishment sizes",3,0,0,0,0,0,0,0
"06071",5,"212312",78,0,2013,1,"N","San Bernardino County, California","Private","Crushed and broken limestone mining","County, NAICS 6-digit -- by ownership sector","All establishment sizes",2,0,0,0,0,0,0,0
"06071",5,"212312",78,0,2013,2,"N","San Bernardino County, California","Private","Crushed and broken limestone mining","County, NAICS 6-digit -- by ownership sector","All establishment sizes",2,0,0,0,0,0,0,0
"06071",5,"212312",78,0,2013,3,"N","San Bernardino County, California","Private","Crushed and broken limestone mining","County, NAICS 6-digit -- by ownership sector","All establishment sizes",2,0,0,0,0,0,0,0
"06071",5,"212319",78,0,2013,1,"N","San Bernardino County, California","Private","Other crushed and broken stone mining","County, NAICS 6-digit -- by ownership sector","All establishment sizes",1,0,0,0,0,0,0,0
"06071",5,"212319",78,0,2013,2,"N","San Bernardino County, California","Private","Other crushed and broken stone mining","County, NAICS 6-digit -- by ownership sector","All establishment sizes",1,0,0,0,0,0,0,0
"06071",5,"212319",78,0,2013,3,"N","San Bernardino County, California","Private","Other crushed and broken stone mining","County, NAICS 6-digit -- by ownership sector","All establishment sizes",1,0,0,0,0,0,0,0
"06071",5,"21232",77,0,2013,1,"","San Bernardino County, California","Private","Sand, gravel, clay, and refractory mining","County, NAICS 5-digit -- by ownership sector","All establishment sizes",8,147,144,145,2342996,885355,54029,1240
"06071",5,"21232",77,0,2013,2,"","San Bernardino County, California","Private","Sand, gravel, clay, and refractory mining","County, NAICS 5-digit -- by ownership sector","All establishment sizes",8,148,152,154,2467118,82480,5059,1254
"06071",5,"21232",77,0,2013,3,"","San Bernardino County, California","Private","Sand, gravel, clay, and refractory mining","County, NAICS 5-digit -- by ownership sector","All establishment sizes",8,145,148,150,2427361,59369,3642,1264
"06071",5,"212321",78,0,2013,1,"","San Bernardino County, California","Private","Construction sand and gravel mining","County, NAICS 6-digit -- by ownership sector","All establishment sizes",6,95,93,93,1525058,546683,33894,1252
"06071",5,"212321",78,0,2013,2,"","San Bernardino County, California","Private","Construction sand and gravel mining","County, NAICS 6-digit -- by ownership sector","All establishment sizes",6,94,98,98,1622765,44282,2745,1291
"06071",5,"212321",78,0,2013,3,"","San Bernardino County, California","Private","Construction sand and gravel mining","County, NAICS 6-digit -- by ownership sector","All establishment sizes",6,88,91,91,1582987,35617,2207,1353
"06071",5,"212324",78,0,2013,1,"N","San Bernardino County, California","Private","Kaolin and ball clay mining","County, NAICS 6-digit -- by ownership sector","All establishment sizes",1,0,0,0,0,0,0,0
"06071",5,"212324",78,0,2013,2,"N","San Bernardino County, California","Private","Kaolin and ball clay mining","County, NAICS 6-digit -- by ownership sector","All establishment sizes",1,0,0,0,0,0,0,0
"06071",5,"212324",78,0,2013,3,"N","San Bernardino County, California","Private","Kaolin and ball clay mining","County, NAICS 6-digit -- by ownership sector","All establishment sizes",1,0,0,0,0,0,0,0
"06071",5,"212325",78,0,2013,1,"N","San Bernardino County, California","Private","Clay, ceramic, and refractory minerals mining","County, NAICS 6-digit -- by ownership sector","All establishment sizes",1,0,0,0,0,0,0,0
"06071",5,"212325",78,0,2013,2,"N","San Bernardino County, California","Private","Clay, ceramic, and refractory minerals mining","County, NAICS 6-digit -- by ownership sector","All establishment sizes",1,0,0,0,0,0,0,0
"06071",5,"212325",78,0,2013,3,"N","San Bernardino County, California","Private","Clay, ceramic, and refractory minerals mining","County, NAICS 6-digit -- by ownership sector","All establishment sizes",1,0,0,0,0,0,0,0
"06071",5,"21239",77,0,2013,1,"N","San Bernardino County, California","Private","Other nonmetallic mineral mining","County, NAICS 5-digit -- by ownership sector","All establishment sizes",2,0,0,0,0,0,0,0
"06071",5,"21239",77,0,2013,2,"N","San Bernardino County, California","Private","Other nonmetallic mineral mining","County, NAICS 5-digit -- by ownership sector","All establishment sizes",2,0,0,0,0,0,0,0
"06071",5,"21239",77,0,2013,3,"N","San Bernardino County, California","Private","Other nonmetallic mineral mining","County, NAICS 5-digit -- by ownership sector","All establishment sizes",2,0,0,0,0,0,0,0
"06071",5,"212391",78,0,2013,1,"N","San Bernardino County, California","Private","Potash, soda, and borate mineral mining","County, NAICS 6-digit -- by ownership sector","All establishment sizes",1,0,0,0,0,0,0,0
"06071",5,"212391",78,0,2013,2,"N","San Bernardino County, California","Private","Potash, soda, and borate mineral mining","County, NAICS 6-digit -- by ownership sector","All establishment sizes",1,0,0,0,0,0,0,0
"06071",5,"212391",78,0,2013,3,"N","San Bernardino County, California","Private","Potash, soda, and borate mineral mining","County, NAICS 6-digit -- by ownership sector","All establishment sizes",1,0,0,0,0,0,0,0
"06071",5,"212393",78,0,2013,1,"N","San Bernardino County, California","Private","Other chemical and fertilizer mineral mining","County, NAICS 6-digit -- by ownership sector","All establishment sizes",1,0,0,0,0,0,0,0
"06071",5,"212393",78,0,2013,2,"N","San Bernardino County, California","Private","Other chemical and fertilizer mineral mining","County, NAICS 6-digit -- by ownership sector","All establishment sizes",1,0,0,0,0,0,0,0
"06071",5,"212393",78,0,2013,3,"N","San Bernardino County, California","Private","Other chemical and fertilizer mineral mining","County, NAICS 6-digit -- by ownership sector","All establishment sizes",1,0,0,0,0,0,0,0
"06071",5,"213",75,0,2013,1,"N","San Bernardino County, California","Private","Support activities for mining","County, NAICS 3-digit -- by ownership sector","All establishment sizes",3,0,0,0,0,0,0,0
"06071",5,"213",75,0,2013,2,"N","San Bernardino County, California","Private","Support activities for mining","County, NAICS 3-digit -- by ownership sector","All establishment sizes",3,0,0,0,0,0,0,0
"06071",5,"213",75,0,2013,3,"N","San Bernardino County, California","Private","Support activities for mining","County, NAICS 3-digit -- by ownership sector","All establishment sizes",3,0,0,0,0,0,0,0
"06071",5,"2131",76,0,2013,1,"N","San Bernardino County, California","Private","Support activities for mining","County, NAICS 4-digit -- by ownership sector","All establishment sizes",3,0,0,0,0,0,0,0
"06071",5,"2131",76,0,2013,2,"N","San Bernardino County, California","Private","Support activities for mining","County, NAICS 4-digit -- by ownership sector","All establishment sizes",3,0,0,0,0,0,0,0
"06071",5,"2131",76,0,2013,3,"N","San Bernardino County, California","Private","Support activities for mining","County, NAICS 4-digit -- by ownership sector","All establishment sizes",3,0,0,0,0,0,0,0
"06071",5,"21311",77,0,2013,1,"N","San Bernardino County, California","Private","Support activities for mining","County, NAICS 5-digit -- by ownership sector","All establishment sizes",3,0,0,0,0,0,0,0
"06071",5,"21311",77,0,2013,2,"N","San Bernardino County, California","Private","Support activities for mining","County, NAICS 5-digit -- by ownership sector","All establishment sizes",3,0,0,0,0,0,0,0
"06071",5,"21311",77,0,2013,3,"N","San Bernardino County, California","Private","Support activities for mining","County, NAICS 5-digit -- by ownership sector","All establishment sizes",3,0,0,0,0,0,0,0
"06071",5,"213111",78,0,2013,1,"N","San Bernardino County, California","Private","Drilling oil and gas wells","County, NAICS 6-digit -- by ownership sector","All establishment sizes",1,0,0,0,0,0,0,0
"06071",5,"213111",78,0,2013,2,"N","San Bernardino County, California","Private","Drilling oil and gas wells","County, NAICS 6-digit -- by ownership sector","All establishment sizes",1,0,0,0,0,0,0,0
"06071",5,"213111",78,0,2013,3,"N","San Bernardino County, California","Private","Drilling oil and gas wells","County, NAICS 6-digit -- by ownership sector","All establishment sizes",1,0,0,0,0,0,0,0
"06071",5,"213112",78,0,2013,1,"N","San Bernardino County, California","Private","Support activities for oil and gas operations","County, NAICS 6-digit -- by ownership sector","All establishment sizes",1,0,0,0,0,0,0,0
"06071",5,"213112",78,0,2013,2,"N","San Bernardino County, California","Private","Support activities for oil and gas operations","County, NAICS 6-digit -- by ownership sector","All establishment sizes",1,0,0,0,0,0,0,0
"06071",5,"213112",78,0,2013,3,"N","San Bernardino County, California","Private","Support activities for oil and gas operations","County, NAICS 6-digit -- by ownership sector","All establishment sizes",1,0,0,0,0,0,0,0
"06071",5,"213115",78,0,2013,1,"N","San Bernardino County, California","Private","Support activities for nonmetallic minerals","County, NAICS 6-digit -- by ownership sector","All establishment sizes",1,0,0,0,0,0,0,0
"06071",5,"213115",78,0,2013,2,"N","San Bernardino County, California","Private","Support activities for nonmetallic minerals","County, NAICS 6-digit -- by ownership sector","All establishment sizes",1,0,0,0,0,0,0,0
"06071",5,"213115",78,0,2013,3,"N","San Bernardino County, California","Private","Support activities for nonmetallic minerals","County, NAICS 6-digit -- by ownership sector","All establishment sizes",1,0,0,0,0,0,0,0
"06071",5,"22",74,0,2013,1,"","San Bernardino County, California","Private","Utilities","County, NAICS Sector -- by ownership sector","All establishment sizes",88,4128,4129,4067,113939845,21544125,884249,2134
"06071",5,"22",74,0,2013,2,"","San Bernardino County, California","Private","Utilities","County, NAICS Sector -- by ownership sector","All establishment sizes",89,4076,4057,4043,79567982,726626,31868,1508
"06071",5,"22",74,0,2013,3,"","San Bernardino County, California","Private","Utilities","County, NAICS Sector -- by ownership sector","All establishment sizes",91,4080,4029,3993,89710727,660250,28958,1711
"06071",5,"221",75,0,2013,1,"","San Bernardino County, California","Private","Utilities","County, NAICS 3-digit -- by ownership sector","All establishment sizes",88,4128,4129,4067,113939845,21544125,884249,2134
"06071",5,"221",75,0,2013,2,"","San Bernardino County, California","Private","Utilities","County, NAICS 3-digit -- by ownership sector","All establishment sizes",89,4076,4057,4043,79567982,726626,31868,1508
"06071",5,"221",75,0,2013,3,"","San Bernardino County, California","Private","Utilities","County, NAICS 3-digit -- by ownership sector","All establishment sizes",91,4080,4029,3993,89710727,660250,28958,1711
"06071",5,"2211",76,0,2013,1,"","San Bernardino County, California","Private","Power generation and supply","County, NAICS 4-digit -- by ownership sector","All establishment sizes",32,2685,2677,2618,86903216,14831885,623391,2513
"06071",5,"2211",76,0,2013,2,"","San Bernardino County, California","Private","Power generation and supply","County, NAICS 4-digit -- by ownership sector","All establishment sizes",32,2622,2615,2596,55590056,249581,11821,1638
"06071",5,"2211",76,0,2013,3,"","San Bernardino County, California","Private","Power generation and supply","County, NAICS 4-digit -- by ownership sector","All establishment sizes",34,2622,2576,2568,66469539,344138,16108,1975
"06071",5,"22111",77,0,2013,1,"N","San Bernardino County, California","Private","Electric power generation","County, NAICS 5-digit -- by ownership sector","All establishment sizes",26,0,0,0,0,0,0,0
"06071",5,"22111",77,0,2013,2,"N","San Bernardino County, California","Private","Electric power generation","County, NAICS 5-digit -- by ownership sector","All establishment sizes",26,0,0,0,0,0,0,0
"06071",5,"22111",77,0,2013,3,"N","San Bernardino County, California","Private","Electric power generation","County, NAICS 5-digit -- by ownership sector","All establishment sizes",26,0,0,0,0,0,0,0
"06071",5,"221111",78,0,2013,1,"N","San Bernardino County, California","Private","Hydroelectric power generation","County, NAICS 6-digit -- by ownership sector","All establishment sizes",1,0,0,0,0,0,0,0
"06071",5,"221111",78,0,2013,2,"N","San Bernardino County, California","Private","Hydroelectric power generation","County, NAICS 6-digit -- by ownership sector","All establishment sizes",1,0,0,0,0,0,0,0
"06071",5,"221111",78,0,2013,3,"N","San Bernardino County, California","Private","Hydroelectric power generation","County, NAICS 6-digit -- by ownership sector","All establishment sizes",1,0,0,0,0,0,0,0
"06071",5,"221112",78,0,2013,1,"N","San Bernardino County, California","Private","Fossil fuel electric power generation","County, NAICS 6-digit -- by ownership sector","All establishment sizes",18,0,0,0,0,0,0,0
"06071",5,"221112",78,0,2013,2,"N","San Bernardino County, California","Private","Fossil fuel electric power generation","County, NAICS 6-digit -- by ownership sector","All establishment sizes",18,0,0,0,0,0,0,0
"06071",5,"221112",78,0,2013,3,"N","San Bernardino County, California","Private","Fossil fuel electric power generation","County, NAICS 6-digit -- by ownership sector","All establishment sizes",18,0,0,0,0,0,0,0
"06071",5,"221114",78,0,2013,1,"N","San Bernardino County, California","Private","Solar electric power generation","County, NAICS 6-digit -- by ownership sector","All establishment sizes",3,0,0,0,0,0,0,0
"06071",5,"221114",78,0,2013,2,"N","San Bernardino County, California","Private","Solar electric power generation","County, NAICS 6-digit -- by ownership sector","All establishment sizes",3,0,0,0,0,0,0,0
"06071",5,"221114",78,0,2013,3,"N","San Bernardino County, California","Private","Solar electric power generation","County, NAICS 6-digit -- by ownership sector","All establishment sizes",3,0,0,0,0,0,0,0
"06071",5,"221117",78,0,2013,1,"N","San Bernardino County, California","Private","Biomass electric power generation","County, NAICS 6-digit -- by ownership sector","All establishment sizes",3,0,0,0,0,0,0,0
"06071",5,"221117",78,0,2013,2,"N","San Bernardino County, California","Private","Biomass electric power generation","County, NAICS 6-digit -- by ownership sector","All establishment sizes",3,0,0,0,0,0,0,0
"06071",5,"221117",78,0,2013,3,"N","San Bernardino County, California","Private","Biomass electric power generation","County, NAICS 6-digit -- by ownership sector","All establishment sizes",3,0,0,0,0,0,0,0
"06071",5,"221118",78,0,2013,1,"N","San Bernardino County, California","Private","Other electric power generation","County, NAICS 6-digit -- by ownership sector","All establishment sizes",1,0,0,0,0,0,0,0
"06071",5,"221118",78,0,2013,2,"N","San Bernardino County, California","Private","Other electric power generation","County, NAICS 6-digit -- by ownership sector","All establishment sizes",1,0,0,0,0,0,0,0
"06071",5,"221118",78,0,2013,3,"N","San Bernardino County, California","Private","Other electric power generation","County, NAICS 6-digit -- by ownership sector","All establishment sizes",1,0,0,0,0,0,0,0
"06071",5,"22112",77,0,2013,1,"N","San Bernardino County, California","Private","Electric power transmission and distribution","County, NAICS 5-digit -- by ownership sector","All establishment sizes",6,0,0,0,0,0,0,0
"06071",5,"22112",77,0,2013,2,"N","San Bernardino County, California","Private","Electric power transmission and distribution","County, NAICS 5-digit -- by ownership sector","All establishment sizes",6,0,0,0,0,0,0,0
"06071",5,"22112",77,0,2013,3,"N","San Bernardino County, California","Private","Electric power transmission and distribution","County, NAICS 5-digit -- by ownership sector","All establishment sizes",8,0,0,0,0,0,0,0
"06071",5,"221121",78,0,2013,1,"N","San Bernardino County, California","Private","Electric bulk power transmission and control","County, NAICS 6-digit -- by ownership sector","All establishment sizes",2,0,0,0,0,0,0,0
"06071",5,"221121",78,0,2013,2,"N","San Bernardino County, California","Private","Electric bulk power transmission and control","County, NAICS 6-digit -- by ownership sector","All establishment sizes",2,0,0,0,0,0,0,0
"06071",5,"221121",78,0,2013,3,"N","San Bernardino County, California","Private","Electric bulk power transmission and control","County, NAICS 6-digit -- by ownership sector","All establishment sizes",4,0,0,0,0,0,0,0
"06071",5,"221122",78,0,2013,1,"N","San Bernardino County, California","Private","Electric power distribution","County, NAICS 6-digit -- by ownership sector","All establishment sizes",4,0,0,0,0,0,0,0
"06071",5,"221122",78,0,2013,2,"N","San Bernardino County, California","Private","Electric power distribution","County, NAICS 6-digit -- by ownership sector","All establishment sizes",4,0,0,0,0,0,0,0
"06071",5,"221122",78,0,2013,3,"N","San Bernardino County, California","Private","Electric power distribution","County, NAICS 6-digit -- by ownership sector","All establishment sizes",4,0,0,0,0,0,0,0
"06071",5,"2212",76,0,2013,1,"N","San Bernardino County, California","Private","Natural gas distribution","County, NAICS 4-digit -- by ownership sector","All establishment sizes",14,0,0,0,0,0,0,0
"06071",5,"2212",76,0,2013,2,"","San Bernardino County, California","Private","Natural gas distribution","County, NAICS 4-digit -- by ownership sector","All establishment sizes",14,1058,1038,1041,18068610,271937,10620,1329
"06071",5,"2212",76,0,2013,3,"","San Bernardino County, California","Private","Natural gas distribution","County, NAICS 4-digit -- by ownership sector","All establishment sizes",14,1032,1030,1007,16431407,143670,5339,1236
"06071",5,"22121",77,0,2013,1,"N","San Bernardino County, California","Private","Natural gas distribution","County, NAICS 5-digit -- by ownership sector","All establishment sizes",14,0,0,0,0,0,0,0
"06071",5,"22121",77,0,2013,2,"","San Bernardino County, California","Private","Natural gas distribution","County, NAICS 5-digit -- by ownership sector","All establishment sizes",14,1058,1038,1041,18068610,271937,10620,1329
"06071",5,"22121",77,0,2013,3,"","San Bernardino County, California","Private","Natural gas distribution","County, NAICS 5-digit -- by ownership sector","All establishment sizes",14,1032,1030,1007,16431407,143670,5339,1236
"06071",5,"221210",78,0,2013,1,"N","San Bernardino County, California","Private","Natural gas distribution","County, NAICS 6-digit -- by ownership sector","All establishment sizes",14,0,0,0,0,0,0,0
"06071",5,"221210",78,0,2013,2,"","San Bernardino County, California","Private","Natural gas distribution","County, NAICS 6-digit -- by ownership sector","All establishment sizes",14,1058,1038,1041,18068610,271937,10620,1329
"06071",5,"221210",78,0,2013,3,"","San Bernardino County, California","Private","Natural gas distribution","County, NAICS 6-digit -- by ownership sector","All establishment sizes",14,1032,1030,1007,16431407,143670,5339,1236
"06071",5,"2213",76,0,2013,1,"N","San Bernardino County, California","Private","Water, sewage and other systems","County, NAICS 4-digit -- by ownership sector","All establishment sizes",42,0,0,0,0,0,0,0
"06071",5,"2213",76,0,2013,2,"","San Bernardino County, California","Private","Water, sewage and other systems","County, NAICS 4-digit -- by ownership sector","All establishment sizes",43,396,404,406,5909316,205108,9427,1131
"06071",5,"2213",76,0,2013,3,"","San Bernardino County, California","Private","Water, sewage and other systems","County, NAICS 4-digit -- by ownership sector","All establishment sizes",43,426,423,418,6809781,172442,7511,1240
"06071",5,"22131",77,0,2013,1,"N","San Bernardino County, California","Private","Water supply and irrigation systems","County, NAICS 5-digit -- by ownership sector","All establishment sizes",42,0,0,0,0,0,0,0
"06071",5,"22131",77,0,2013,2,"","San Bernardino County, California","Private","Water supply and irrigation systems","County, NAICS 5-digit -- by ownership sector","All establishment sizes",43,396,404,406,5909316,205108,9427,1131
"06071",5,"22131",77,0,2013,3,"","San Bernardino County, California","Private","Water supply and irrigation systems","County, NAICS 5-digit -- by ownership sector","All establishment sizes",43,426,423,418,6809781,172442,7511,1240
"06071",5,"221310",78,0,2013,1,"N","San Bernardino County, California","Private","Water supply and irrigation systems","County, NAICS 6-digit -- by ownership sector","All establishment sizes",42,0,0,0,0,0,0,0
"06071",5,"221310",78,0,2013,2,"","San Bernardino County, California","Private","Water supply and irrigation systems","County, NAICS 6-digit -- by ownership sector","All establishment sizes",43,396,404,406,5909316,205108,9427,1131
"06071",5,"221310",78,0,2013,3,"","San Bernardino County, California","Private","Water supply and irrigation systems","County, NAICS 6-digit -- by ownership sector","All establishment sizes",43,426,423,418,6809781,172442,7511,1240
"06071",5,"23",74,0,2013,1,"","San Bernardino County, California","Private","Construction","County, NAICS Sector -- by ownership sector","All establishment sizes",2666,25709,26135,26148,341582048,173140413,10055444,1011
"06071",5,"23",74,0,2013,2,"","San Bernardino County, California","Private","Construction","County, NAICS Sector -- by ownership sector","All establishment sizes",2727,25913,26449,26084,348647159,46848574,2604761,1026
"06071",5,"23",74,0,2013,3,"","San Bernardino County, California","Private","Construction","County, NAICS Sector -- by ownership sector","All establishment sizes",2746,26888,27301,27547,364157851,40665061,2248857,1028
"06071",5,"236",75,0,2013,1,"","San Bernardino County, California","Private","Construction of buildings","County, NAICS 3-digit -- by ownership sector","All establishment sizes",662,4551,4672,4573,57611214,29840645,1667256,964
"06071",5,"236",75,0,2013,2,"","San Bernardino County, California","Private","Construction of buildings","County, NAICS 3-digit -- by ownership sector","All establishment sizes",678,4623,4531,4538,61058339,7766076,412242,1029
"06071",5,"236",75,0,2013,3,"","San Bernardino County, California","Private","Construction of buildings","County, NAICS 3-digit -- by ownership sector","All establishment sizes",689,4768,4839,4849,66858621,6558646,337509,1067
"06071",5,"2361",76,0,2013,1,"","San Bernardino County, California","Private","Residential building construction","County, NAICS 4-digit -- by ownership sector","All establishment sizes",492,2472,2564,2490,26398688,15634575,837682,809
"06071",5,"2361",76,0,2013,2,"","San Bernardino County, California","Private","Residential building construction","County, NAICS 4-digit -- by ownership sector","All establishment sizes",507,2523,2464,2474,29172357,4961033,250240,902
"06071",5,"2361",76,0,2013,3,"","San Bernardino County, California","Private","Residential building construction","County, NAICS 4-digit -- by ownership sector","All establishment sizes",518,2675,2739,2773,28600983,3998699,194250,806
"06071",5,"23611",77,0,2013,1,"","San Bernardino County, California","Private","Residential building construction","County, NAICS 5-digit -- by ownership sector","All establishment sizes",492,2472,2564,2490,26398688,15634575,837682,809
"06071",5,"23611",77,0,2013,2,"","San Bernardino County, California","Private","Residential building construction","County, NAICS 5-digit -- by ownership sector","All establishment sizes",507,2523,2464,2474,29172357,4961033,250240,902
"06071",5,"23611",77,0,2013,3,"","San Bernardino County, California","Private","Residential building construction","County, NAICS 5-digit -- by ownership sector","All establishment sizes",518,2675,2739,2773,28600983,3998699,194250,806
"06071",5,"236115",78,0,2013,1,"","San Bernardino County, California","Private","New single-family general contractors","County, NAICS 6-digit -- by ownership sector","All establishment sizes",280,1459,1540,1515,17403761,9548825,507652,890
"06071",5,"236115",78,0,2013,2,"","San Bernardino County, California","Private","New single-family general contractors","County, NAICS 6-digit -- by ownership sector","All establishment sizes",290,1537,1468,1494,20217872,3244886,160716,1037
"06071",5,"236115",78,0,2013,3,"","San Bernardino County, California","Private","New single-family general contractors","County, NAICS 6-digit -- by ownership sector","All establishment sizes",297,1708,1716,1730,19260561,2689252,129260,862
"06071",5,"236116",78,0,2013,1,"N","San Bernardino County, California","Private","New multifamily general contractors","County, NAICS 6-digit -- by ownership sector","All establishment sizes",9,0,0,0,0,0,0,0
"06071",5,"236116",78,0,2013,2,"N","San Bernardino County, California","Private","New multifamily general contractors","County, NAICS 6-digit -- by ownership sector","All establishment sizes",9,0,0,0,0,0,0,0
"06071",5,"236116",78,0,2013,3,"N","San Bernardino County, California","Private","New multifamily general contractors","County, NAICS 6-digit -- by ownership sector","All establishment sizes",9,0,0,0,0,0,0,0
"06071",5,"236117",78,0,2013,1,"N","San Bernardino County, California","Private","New housing for-sale builders","County, NAICS 6-digit -- by ownership sector","All establishment sizes",2,0,0,0,0,0,0,0
"06071",5,"236117",78,0,2013,2,"N","San Bernardino County, California","Private","New housing for-sale builders","County, NAICS 6-digit -- by ownership sector","All establishment sizes",2,0,0,0,0,0,0,0
"06071",5,"236117",78,0,2013,3,"N","San Bernardino County, California","Private","New housing for-sale builders","County, NAICS 6-digit -- by ownership sector","All establishment sizes",2,0,0,0,0,0,0,0
"06071",5,"236118",78,0,2013,1,"","San Bernardino County, California","Private","Residential remodelers","County, NAICS 6-digit -- by ownership sector","All establishment sizes",201,982,988,940,8740835,5895257,320621,693
"06071",5,"236118",78,0,2013,2,"","San Bernardino County, California","Private","Residential remodelers","County, NAICS 6-digit -- by ownership sector","All establishment sizes",206,952,961,945,8674471,1651443,86231,700
"06071",5,"236118",78,0,2013,3,"","San Bernardino County, California","Private","Residential remodelers","County, NAICS 6-digit -- by ownership sector","All establishment sizes",210,937,995,1014,9074405,1300690,64520,711
"06071",5,"2362",76,0,2013,1,"","San Bernardino County, California","Private","Nonresidential building construction","County, NAICS 4-digit -- by ownership sector","All establishment sizes",170,2079,2108,2083,31212526,14206070,829574,1149
"06071",5,"2362",76,0,2013,2,"","San Bernardino County, California","Private","Nonresidential building construction","County, NAICS 4-digit -- by ownership sector","All establishment sizes",171,2100,2067,2064,31885982,2805043,162002,1181
"06071",5,"2362",76,0,2013,3,"","San Bernardino County, California","Private","Nonresidential building construction","County, NAICS 4-digit -- by ownership sector","All establishment sizes",171,2093,2100,2076,38257638,2559947,143259,1408
"06071",5,"23621",77,0,2013,1,"","San Bernardino County, California","Private","Industrial building construction","County, NAICS 5-digit -- by ownership sector","All establishment sizes",13,340,359,337,4690620,2347942,145006,1045
"06071",5,"23621",77,0,2013,2,"","San Bernardino County, California","Private","Industrial building construction","County, NAICS 5-digit -- by ownership sector","All establishment sizes",13,357,355,348,4568665,548343,33579,995
"06071",5,"23621",77,0,2013,3,"","San Bernardino County, California","Private","Industrial building construction","County, NAICS 5-digit -- by ownership sector","All establishment sizes",13,361,353,380,4941164,412643,25583,1042
"06071",5,"236210",78,0,2013,1,"","San Bernardino County, California","Private","Industrial building construction","County, NAICS 6-digit -- by ownership sector","All establishment sizes",13,340,359,337,4690620,2347942,145006,1045
"06071",5,"236210",78,0,2013,2,"","San Bernardino County, California","Private","Industrial building construction","County, NAICS 6-digit -- by ownership sector","All establishment sizes",13,357,355,348,4568665,548343,33579,995
"06071",5,"236210",78,0,2013,3,"","San Bernardino County, California","Private","Industrial building construction","County, NAICS 6-digit -- by ownership sector","All establishment sizes",13,361,353,380,4941164,412643,25583,1042
"06071",5,"23622",77,0,2013,1,"","San Bernardino County, California","Private","Commercial building construction","County, NAICS 5-digit -- by ownership sector","All establishment sizes",157,1739,1749,1746,26521906,11858128,684568,1169
"06071",5,"23622",77,0,2013,2,"","San Bernardino County, California","Private","Commercial building construction","County, NAICS 5-digit -- by ownership sector","All establishment sizes",158,1743,1712,1716,27317317,2256700,128423,1219
"06071",5,"23622",77,0,2013,3,"","San Bernardino County, California","Private","Commercial building construction","County, NAICS 5-digit -- by ownership sector","All establishment sizes",158,1732,1747,1696,33316474,2147304,117676,1486
"06071",5,"236220",78,0,2013,1,"","San Bernardino County, California","Private","Commercial building construction","County, NAICS 6-digit -- by ownership sector","All establishment sizes",157,1739,1749,1746,26521906,11858128,684568,1169
"06071",5,"236220",78,0,2013,2,"","San Bernardino County, California","Private","Commercial building construction","County, NAICS 6-digit -- by ownership sector","All establishment sizes",158,1743,1712,1716,27317317,2256700,128423,1219
"06071",5,"236220",78,0,2013,3,"","San Bernardino County, California","Private","Commercial building construction","County, NAICS 6-digit -- by ownership sector","All establishment sizes",158,1732,1747,1696,33316474,2147304,117676,1486
"06071",5,"237",75,0,2013,1,"","San Bernardino County, California","Private","Heavy and civil engineering construction","County, NAICS 3-digit -- by ownership sector","All establishment sizes",170,5425,5245,5162,106965086,41622462,2552314,1559
"06071",5,"237",75,0,2013,2,"","San Bernardino County, California","Private","Heavy and civil engineering construction","County, NAICS 3-digit -- by ownership sector","All establishment sizes",176,5010,5091,4790,96051938,6412862,382834,1489
"06071",5,"237",75,0,2013,3,"","San Bernardino County, California","Private","Heavy and civil engineering construction","County, NAICS 3-digit -- by ownership sector","All establishment sizes",177,4772,4725,4758,90779740,6351366,377244,1470
"06071",5,"2371",76,0,2013,1,"","San Bernardino County, California","Private","Utility system construction","County, NAICS 4-digit -- by ownership sector","All establishment sizes",93,2265,2332,2507,42823717,16970220,1028559,1391
"06071",5,"2371",76,0,2013,2,"","San Bernardino County, California","Private","Utility system construction","County, NAICS 4-digit -- by ownership sector","All establishment sizes",97,2539,2779,2642,49561221,3961536,233748,1437
"06071",5,"2371",76,0,2013,3,"","San Bernardino County, California","Private","Utility system construction","County, NAICS 4-digit -- by ownership sector","All establishment sizes",98,2714,2736,2785,52086745,3654068,212222,1460
"06071",5,"23711",77,0,2013,1,"","San Bernardino County, California","Private","Water and sewer system construction","County, NAICS 5-digit -- by ownership sector","All establishment sizes",55,653,657,712,10347061,4725901,277077,1181
"06071",5,"23711",77,0,2013,2,"","San Bernardino County, California","Private","Water and sewer system construction","County, NAICS 5-digit -- by ownership sector","All establishment sizes",56,744,742,775,11912918,1128252,64777,1216
"06071",5,"23711",77,0,2013,3,"","San Bernardino County, California","Private","Water and sewer system construction","County, NAICS 5-digit -- by ownership sector","All establishment sizes",56,795,794,839,12500293,1042820,59580,1188
"06071",5,"237110",78,0,2013,1,"","San Bernardino County, California","Private","Water and sewer system construction","County, NAICS 6-digit -- by ownership sector","All establishment sizes",55,653,657,712,10347061,4725901,277077,1181
"06071",5,"237110",78,0,2013,2,"","San Bernardino County, California","Private","Water and sewer system construction","County, NAICS 6-digit -- by ownership sector","All establishment sizes",56,744,742,775,11912918,1128252,64777,1216
"06071",5,"237110",78,0,2013,3,"","San Bernardino County, California","Private","Water and sewer system construction","County, NAICS 6-digit -- by ownership sector","All establishment sizes",56,795,794,839,12500293,1042820,59580,1188
"06071",5,"23712",77,0,2013,1,"","San Bernardino County, California","Private","Oil and gas pipeline construction","County, NAICS 5-digit -- by ownership sector","All establishment sizes",11,510,511,513,6578190,3471801,211634,990
"06071",5,"23712",77,0,2013,2,"","San Bernardino County, California","Private","Oil and gas pipeline construction","County, NAICS 5-digit -- by ownership sector","All establishment sizes",12,507,531,529,7818042,1065240,65112,1151
"06071",5,"23712",77,0,2013,3,"","San Bernardino County, California","Private","Oil and gas pipeline construction","County, NAICS 5-digit -- by ownership sector","All establishment sizes",12,517,515,519,8726169,949532,56432,1298
"06071",5,"237120",78,0,2013,1,"","San Bernardino County, California","Private","Oil and gas pipeline construction","County, NAICS 6-digit -- by ownership sector","All establishment sizes",11,510,511,513,6578190,3471801,211634,990
"06071",5,"237120",78,0,2013,2,"","San Bernardino County, California","Private","Oil and gas pipeline construction","County, NAICS 6-digit -- by ownership sector","All establishment sizes",12,507,531,529,7818042,1065240,65112,1151
"06071",5,"237120",78,0,2013,3,"","San Bernardino County, California","Private","Oil and gas pipeline construction","County, NAICS 6-digit -- by ownership sector","All establishment sizes",12,517,515,519,8726169,949532,56432,1298
"06071",5,"23713",77,0,2013,1,"","San Bernardino County, California","Private","Power and communication system construction","County, NAICS 5-digit -- by ownership sector","All establishment sizes",27,1102,1164,1282,25898466,8772518,539848,1684
"06071",5,"23713",77,0,2013,2,"","San Bernardino County, California","Private","Power and communication system construction","County, NAICS 5-digit -- by ownership sector","All establishment sizes",29,1288,1506,1338,29830261,1768044,103859,1666
"06071",5,"23713",77,0,2013,3,"","San Bernardino County, California","Private","Power and communication system construction","County, NAICS 5-digit -- by ownership sector","All establishment sizes",30,1402,1427,1427,30860283,1661716,96210,1673
"06071",5,"237130",78,0,2013,1,"","San Bernardino County, California","Private","Power and communication system construction","County, NAICS 6-digit -- by ownership sector","All establishment sizes",27,1102,1164,1282,25898466,8772518,539848,1684
"06071",5,"237130",78,0,2013,2,"","San Bernardino County, California","Private","Power and communication system construction","County, NAICS 6-digit -- by ownership sector","All establishment sizes",29,1288,1506,1338,29830261,1768044,103859,1666
"06071",5,"237130",78,0,2013,3,"","San Bernardino County, California","Private","Power and communication system construction","County, NAICS 6-digit -- by ownership sector","All establishment sizes",30,1402,1427,1427,30860283,1661716,96210,1673
"06071",5,"2372",76,0,2013,1,"","San Bernardino County, California","Private","Land subdivision","County, NAICS 4-digit -- by ownership sector","All establishment sizes",25,513,522,526,9056463,3528454,217697,1339
"06071",5,"2372",76,0,2013,2,"","San Bernardino County, California","Private","Land subdivision","County, NAICS 4-digit -- by ownership sector","All establishment sizes",26,521,532,554,8490340,445852,27162,1219
"06071",5,"2372",76,0,2013,3,"","San Bernardino County, California","Private","Land subdivision","County, NAICS 4-digit -- by ownership sector","All establishment sizes",27,558,575,579,10019347,581144,35316,1351
"06071",5,"23721",77,0,2013,1,"","San Bernardino County, California","Private","Land subdivision","County, NAICS 5-digit -- by ownership sector","All establishment sizes",25,513,522,526,9056463,3528454,217697,1339
"06071",5,"23721",77,0,2013,2,"","San Bernardino County, California","Private","Land subdivision","County, NAICS 5-digit -- by ownership sector","All establishment sizes",26,521,532,554,8490340,445852,27162,1219
"06071",5,"23721",77,0,2013,3,"","San Bernardino County, California","Private","Land subdivision","County, NAICS 5-digit -- by ownership sector","All establishment sizes",27,558,575,579,10019347,581144,35316,1351
"06071",5,"237210",78,0,2013,1,"","San Bernardino County, California","Private","Land subdivision","County, NAICS 6-digit -- by ownership sector","All establishment sizes",25,513,522,526,9056463,3528454,217697,1339
"06071",5,"237210",78,0,2013,2,"","San Bernardino County, California","Private","Land subdivision","County, NAICS 6-digit -- by ownership sector","All establishment sizes",26,521,532,554,8490340,445852,27162,1219
"06071",5,"237210",78,0,2013,3,"","San Bernardino County, California","Private","Land subdivision","County, NAICS 6-digit -- by ownership sector","All establishment sizes",27,558,575,579,10019347,581144,35316,1351
"06071",5,"2373",76,0,2013,1,"","San Bernardino County, California","Private","Highway, street, and bridge construction","County, NAICS 4-digit -- by ownership sector","All establishment sizes",36,800,768,815,12473901,5712391,353999,1208
"06071",5,"2373",76,0,2013,2,"","San Bernardino County, California","Private","Highway, street, and bridge construction","County, NAICS 4-digit -- by ownership sector","All establishment sizes",37,787,820,796,14253315,1119900,69263,1369
"06071",5,"2373",76,0,2013,3,"","San Bernardino County, California","Private","Highway, street, and bridge construction","County, NAICS 4-digit -- by ownership sector","All establishment sizes",36,830,866,833,15109384,914779,56713,1379
"06071",5,"23731",77,0,2013,1,"","San Bernardino County, California","Private","Highway, street, and bridge construction","County, NAICS 5-digit -- by ownership sector","All establishment sizes",36,800,768,815,12473901,5712391,353999,1208
"06071",5,"23731",77,0,2013,2,"","San Bernardino County, California","Private","Highway, street, and bridge construction","County, NAICS 5-digit -- by ownership sector","All establishment sizes",37,787,820,796,14253315,1119900,69263,1369
"06071",5,"23731",77,0,2013,3,"","San Bernardino County, California","Private","Highway, street, and bridge construction","County, NAICS 5-digit -- by ownership sector","All establishment sizes",36,830,866,833,15109384,914779,56713,1379
"06071",5,"237310",78,0,2013,1,"","San Bernardino County, California","Private","Highway, street, and bridge construction","County, NAICS 6-digit -- by ownership sector","All establishment sizes",36,800,768,815,12473901,5712391,353999,1208
"06071",5,"237310",78,0,2013,2,"","San Bernardino County, California","Private","Highway, street, and bridge construction","County, NAICS 6-digit -- by ownership sector","All establishment sizes",37,787,820,796,14253315,1119900,69263,1369
"06071",5,"237310",78,0,2013,3,"","San Bernardino County, California","Private","Highway, street, and bridge construction","County, NAICS 6-digit -- by ownership sector","All establishment sizes",36,830,866,833,15109384,914779,56713,1379
"06071",5,"2379",76,0,2013,1,"","San Bernardino County, California","Private","Other heavy construction","County, NAICS 4-digit -- by ownership sector","All establishment sizes",16,1847,1623,1314,42611005,15411397,952059,2055
"06071",5,"2379",76,0,2013,2,"","San Bernardino County, California","Private","Other heavy construction","County, NAICS 4-digit -- by ownership sector","All establishment sizes",16,1163,960,798,23747062,885574,52661,1876
"06071",5,"2379",76,0,2013,3,"","San Bernardino County, California","Private","Other heavy construction","County, NAICS 4-digit -- by ownership sector","All establishment sizes",16,670,548,561,13564264,1201375,72993,1760
"06071",5,"23799",77,0,2013,1,"","San Bernardino County, California","Private","Other heavy construction","County, NAICS 5-digit -- by ownership sector","All establishment sizes",16,1847,1623,1314,42611005,15411397,952059,2055
"06071",5,"23799",77,0,2013,2,"","San Bernardino County, California","Private","Other heavy construction","County, NAICS 5-digit -- by ownership sector","All establishment sizes",16,1163,960,798,23747062,885574,52661,1876
"06071",5,"23799",77,0,2013,3,"","San Bernardino County, California","Private","Other heavy construction","County, NAICS 5-digit -- by ownership sector","All establishment sizes",16,670,548,561,13564264,1201375,72993,1760
"06071",5,"237990",78,0,2013,1,"","San Bernardino County, California","Private","Other heavy construction","County, NAICS 6-digit -- by ownership sector","All establishment sizes",16,1847,1623,1314,42611005,15411397,952059,2055
"06071",5,"237990",78,0,2013,2,"","San Bernardino County, California","Private","Other heavy construction","County, NAICS 6-digit -- by ownership sector","All establishment sizes",16,1163,960,798,23747062,885574,52661,1876
"06071",5,"237990",78,0,2013,3,"","San Bernardino County, California","Private","Other heavy construction","County, NAICS 6-digit -- by ownership sector","All establishment sizes",16,670,548,561,13564264,1201375,72993,1760
"06071",5,"238",75,0,2013,1,"","San Bernardino County, California","Private","Specialty trade contractors","County, NAICS 3-digit -- by ownership sector","All establishment sizes",1834,15733,16218,16413,177005748,101677306,5835874,845
"06071",5,"238",75,0,2013,2,"","San Bernardino County, California","Private","Specialty trade contractors","County, NAICS 3-digit -- by ownership sector","All establishment sizes",1873,16280,16827,16756,191536882,32669636,1809685,886
"06071",5,"238",75,0,2013,3,"","San Bernardino County, California","Private","Specialty trade contractors","County, NAICS 3-digit -- by ownership sector","All establishment sizes",1880,17348,17737,17940,206519490,27755049,1534104,899
"06071",5,"2381",76,0,2013,1,"","San Bernardino County, California","Private","Building foundation and exterior contractors","County, NAICS 4-digit -- by ownership sector","All establishment sizes",404,4206,4409,4473,41833724,26259053,1533135,738
"06071",5,"2381",76,0,2013,2,"","San Bernardino County, California","Private","Building foundation and exterior contractors","County, NAICS 4-digit -- by ownership sector","All establishment sizes",408,4047,4139,4080,42231389,9304964,540154,795
"06071",5,"2381",76,0,2013,3,"","San Bernardino County, California","Private","Building foundation and exterior contractors","County, NAICS 4-digit -- by ownership sector","All establishment sizes",411,4431,4689,4851,48161062,8376101,487017,796
"06071",5,"23811",77,0,2013,1,"","San Bernardino County, California","Private","Poured concrete structure contractors","County, NAICS 5-digit -- by ownership sector","All establishment sizes",87,927,998,925,9017314,5820190,338084,730
"06071",5,"23811",77,0,2013,2,"","San Bernardino County, California","Private","Poured concrete structure contractors","County, NAICS 5-digit -- by ownership sector","All establishment sizes",89,981,1091,1032,10353029,2432994,143102,770
"06071",5,"23811",77,0,2013,3,"","San Bernardino County, California","Private","Poured concrete structure contractors","County, NAICS 5-digit -- by ownership sector","All establishment sizes",89,1081,1121,1111,11950574,1952049,117300,832
"06071",5,"238111",78,0,2013,1,"","San Bernardino County, California","Private","Residential poured foundation contractors","County, NAICS 6-digit -- by ownership sector","All establishment sizes",54,466,506,474,3659771,2749953,155009,584
"06071",5,"238111",78,0,2013,2,"","San Bernardino County, California","Private","Residential poured foundation contractors","County, NAICS 6-digit -- by ownership sector","All establishment sizes",56,454,519,466,3862058,1126320,66540,619
"06071",5,"238111",78,0,2013,3,"","San Bernardino County, California","Private","Residential poured foundation contractors","County, NAICS 6-digit -- by ownership sector","All establishment sizes",56,489,496,453,4273583,783696,46199,686
"06071",5,"238112",78,0,2013,1,"","San Bernardino County, California","Private","Nonresidential poured foundation contractors","County, NAICS 6-digit -- by ownership sector","All establishment sizes",33,461,492,451,5357543,3070237,183075,881
"06071",5,"238112",78,0,2013,2,"","San Bernardino County, California","Private","Nonresidential poured foundation contractors","County, NAICS 6-digit -- by ownership sector","All establishment sizes",33,527,572,566,6490971,1306674,76562,900
"06071",5,"238112",78,0,2013,3,"","San Bernardino County, California","Private","Nonresidential poured foundation contractors","County, NAICS 6-digit -- by ownership sector","All establishment sizes",33,592,625,658,7676991,1168353,71101,945
"06071",5,"23812",77,0,2013,1,"","San Bernardino County, California","Private","Steel and precast concrete contractors","County, NAICS 5-digit -- by ownership sector","All establishment sizes",37,752,866,881,10736097,5568949,338673,991
"06071",5,"23812",77,0,2013,2,"","San Bernardino County, California","Private","Steel and precast concrete contractors","County, NAICS 5-digit -- by ownership sector","All establishment sizes",36,868,855,889,11723976,1345784,80572,1036
"06071",5,"23812",77,0,2013,3,"","San Bernardino County, California","Private","Steel and precast concrete contractors","County, NAICS 5-digit -- by ownership sector","All establishment sizes",37,912,1007,1032,13548213,1174681,69511,1059
"06071",5,"238121",78,0,2013,1,"","San Bernardino County, California","Private","Residential structural steel contractors","County, NAICS 6-digit -- by ownership sector","All establishment sizes",17,132,179,192,1810102,1110180,66370,830
"06071",5,"238121",78,0,2013,2,"","San Bernardino County, California","Private","Residential structural steel contractors","County, NAICS 6-digit -- by ownership sector","All establishment sizes",16,185,186,197,2115159,438674,25388,859
"06071",5,"238121",78,0,2013,3,"","San Bernardino County, California","Private","Residential structural steel contractors","County, NAICS 6-digit -- by ownership sector","All establishment sizes",16,211,237,234,2760058,545391,31868,934
"06071",5,"238122",78,0,2013,1,"","San Bernardino County, California","Private","Nonresidential structural steel contractors","County, NAICS 6-digit -- by ownership sector","All establishment sizes",20,620,687,689,8925995,4458769,272303,1032
"06071",5,"238122",78,0,2013,2,"","San Bernardino County, California","Private","Nonresidential structural steel contractors","County, NAICS 6-digit -- by ownership sector","All establishment sizes",20,683,669,692,9608817,907110,55184,1085
"06071",5,"238122",78,0,2013,3,"","San Bernardino County, California","Private","Nonresidential structural steel contractors","County, NAICS 6-digit -- by ownership sector","All establishment sizes",21,701,770,798,10788155,629290,37643,1097
"06071",5,"23813",77,0,2013,1,"","San Bernardino County, California","Private","Framing contractors","County, NAICS 5-digit -- by ownership sector","All establishment sizes",43,736,704,854,5334370,4352737,263647,537
"06071",5,"23813",77,0,2013,2,"","San Bernardino County, California","Private","Framing contractors","County, NAICS 5-digit -- by ownership sector","All establishment sizes",44,705,680,733,6049712,2596113,157195,659
"06071",5,"23813",77,0,2013,3,"","San Bernardino County, California","Private","Framing contractors","County, NAICS 5-digit -- by ownership sector","All establishment sizes",43,874,928,1007,7370072,2777767,170722,605
"06071",5,"238131",78,0,2013,1,"","San Bernardino County, California","Private","Residential framing contractors","County, NAICS 6-digit -- by ownership sector","All establishment sizes",28,627,598,742,4174495,3571313,218512,490
"06071",5,"238131",78,0,2013,2,"","San Bernardino County, California","Private","Residential framing contractors","County, NAICS 6-digit -- by ownership sector","All establishment sizes",29,576,554,577,4223244,1954582,119496,571
"06071",5,"238131",78,0,2013,3,"","San Bernardino County, California","Private","Residential framing contractors","County, NAICS 6-digit -- by ownership sector","All establishment sizes",29,743,837,874,6015370,2519423,155744,566
"06071",5,"238132",78,0,2013,1,"","San Bernardino County, California","Private","Nonresidential framing contractors","County, NAICS 6-digit -- by ownership sector","All establishment sizes",15,109,106,112,1159875,781424,45135,819
"06071",5,"238132",78,0,2013,2,"","San Bernardino County, California","Private","Nonresidential framing contractors","County, NAICS 6-digit -- by ownership sector","All establishment sizes",15,129,126,156,1826468,641531,37699,1026
"06071",5,"238132",78,0,2013,3,"","San Bernardino County, California","Private","Nonresidential framing contractors","County, NAICS 6-digit -- by ownership sector","All establishment sizes",14,131,91,133,1354702,258344,14978,881
"06071",5,"23814",77,0,2013,1,"","San Bernardino County, California","Private","Masonry contractors","County, NAICS 5-digit -- by ownership sector","All establishment sizes",53,663,700,658,6442805,3654164,220120,736
"06071",5,"23814",77,0,2013,2,"","San Bernardino County, California","Private","Masonry contractors","County, NAICS 5-digit -- by ownership sector","All establishment sizes",53,341,344,316,3402518,680949,39464,784
"06071",5,"23814",77,0,2013,3,"","San Bernardino County, California","Private","Masonry contractors","County, NAICS 5-digit -- by ownership sector","All establishment sizes",54,416,427,469,3771683,872347,46399,663
"06071",5,"238141",78,0,2013,1,"","San Bernardino County, California","Private","Residential masonry contractors","County, NAICS 6-digit -- by ownership sector","All establishment sizes",39,120,120,125,1032761,633707,35174,653
"06071",5,"238141",78,0,2013,2,"","San Bernardino County, California","Private","Residential masonry contractors","County, NAICS 6-digit -- by ownership sector","All establishment sizes",39,128,120,123,1021781,327257,18098,636
"06071",5,"238141",78,0,2013,3,"","San Bernardino County, California","Private","Residential masonry contractors","County, NAICS 6-digit -- by ownership sector","All establishment sizes",40,131,137,169,1349453,445433,20292,713
"06071",5,"238142",78,0,2013,1,"","San Bernardino County, California","Private","Nonresidential masonry contractors","County, NAICS 6-digit -- by ownership sector","All establishment sizes",14,543,580,533,5410044,3020457,184946,754
"06071",5,"238142",78,0,2013,2,"","San Bernardino County, California","Private","Nonresidential masonry contractors","County, NAICS 6-digit -- by ownership sector","All establishment sizes",14,213,224,193,2380737,353692,21366,872
"06071",5,"238142",78,0,2013,3,"","San Bernardino County, California","Private","Nonresidential masonry contractors","County, NAICS 6-digit -- by ownership sector","All establishment sizes",14,285,290,300,2422230,426914,26107,639
"06071",5,"23815",77,0,2013,1,"","San Bernardino County, California","Private","Glass and glazing contractors","County, NAICS 5-digit -- by ownership sector","All establishment sizes",38,312,309,341,3637682,2191745,131066,873
"06071",5,"23815",77,0,2013,2,"","San Bernardino County, California","Private","Glass and glazing contractors","County, NAICS 5-digit -- by ownership sector","All establishment sizes",37,330,334,336,3832112,457297,27182,884
"06071",5,"23815",77,0,2013,3,"","San Bernardino County, California","Private","Glass and glazing contractors","County, NAICS 5-digit -- by ownership sector","All establishment sizes",37,345,347,341,4221890,309884,18863,943
"06071",5,"238151",78,0,2013,1,"","San Bernardino County, California","Private","Residential glass and glazing contractors","County, NAICS 6-digit -- by ownership sector","All establishment sizes",20,167,163,195,1711522,1169250,68538,752
"06071",5,"238151",78,0,2013,2,"","San Bernardino County, California","Private","Residential glass and glazing contractors","County, NAICS 6-digit -- by ownership sector","All establishment sizes",20,186,175,180,1566992,221663,12656,668
"06071",5,"238151",78,0,2013,3,"","San Bernardino County, California","Private","Residential glass and glazing contractors","County, NAICS 6-digit -- by ownership sector","All establishment sizes",20,180,177,177,1791532,117884,7047,774
"06071",5,"238152",78,0,2013,1,"","San Bernardino County, California","Private","Nonresidential glass and glazing contractors","County, NAICS 6-digit -- by ownership sector","All establishment sizes",18,145,146,146,1926160,1022495,62528,1017
"06071",5,"238152",78,0,2013,2,"","San Bernardino County, California","Private","Nonresidential glass and glazing contractors","County, NAICS 6-digit -- by ownership sector","All establishment sizes",17,144,159,156,2265120,235634,14526,1139
"06071",5,"238152",78,0,2013,3,"","San Bernardino County, California","Private","Nonresidential glass and glazing contractors","County, NAICS 6-digit -- by ownership sector","All establishment sizes",17,165,170,164,2430358,192000,11816,1124
"06071",5,"23816",77,0,2013,1,"","San Bernardino County, California","Private","Roofing contractors","County, NAICS 5-digit -- by ownership sector","All establishment sizes",113,662,680,655,5567991,3870392,201138,643
"06071",5,"23816",77,0,2013,2,"","San Bernardino County, California","Private","Roofing contractors","County, NAICS 5-digit -- by ownership sector","All establishment sizes",117,647,652,594,5435741,1282437,67016,663
"06071",5,"23816",77,0,2013,3,"","San Bernardino County, California","Private","Roofing contractors","County, NAICS 5-digit -- by ownership sector","All establishment sizes",120,610,665,688,5891156,967672,48906,693
"06071",5,"238161",78,0,2013,1,"","San Bernardino County, California","Private","Residential roofing contractors","County, NAICS 6-digit -- by ownership sector","All establishment sizes",97,449,457,444,3335329,2583703,122640,570
"06071",5,"238161",78,0,2013,2,"","San Bernardino County, California","Private","Residential roofing contractors","County, NAICS 6-digit -- by ownership sector","All establishment sizes",101,459,469,415,3295783,818501,39131,566
"06071",5,"238161",78,0,2013,3,"","San Bernardino County, California","Private","Residential roofing contractors","County, NAICS 6-digit -- by ownership sector","All establishment sizes",104,409,461,496,3562408,609025,27271,602
"06071",5,"238162",78,0,2013,1,"","San Bernardino County, California","Private","Nonresidential roofing contractors","County, NAICS 6-digit -- by ownership sector","All establishment sizes",16,213,223,211,2232662,1286689,78498,796
"06071",5,"238162",78,0,2013,2,"","San Bernardino County, California","Private","Nonresidential roofing contractors","County, NAICS 6-digit -- by ownership sector","All establishment sizes",16,188,183,179,2139958,463936,27885,898
"06071",5,"238162",78,0,2013,3,"","San Bernardino County, California","Private","Nonresidential roofing contractors","County, NAICS 6-digit -- by ownership sector","All establishment sizes",16,201,204,192,2328748,358647,21635,900
"06071",5,"23817",77,0,2013,1,"N","San Bernardino County, California","Private","Siding contractors","County, NAICS 5-digit -- by ownership sector","All establishment sizes",4,0,0,0,0,0,0,0
"06071",5,"23817",77,0,2013,2,"N","San Bernardino County, California","Private","Siding contractors","County, NAICS 5-digit -- by ownership sector","All establishment sizes",4,0,0,0,0,0,0,0
"06071",5,"23817",77,0,2013,3,"N","San Bernardino County, California","Private","Siding contractors","County, NAICS 5-digit -- by ownership sector","All establishment sizes",3,0,0,0,0,0,0,0
"06071",5,"238172",78,0,2013,1,"N","San Bernardino County, California","Private","Nonresidential siding contractors","County, NAICS 6-digit -- by ownership sector","All establishment sizes",4,0,0,0,0,0,0,0
"06071",5,"238172",78,0,2013,2,"N","San Bernardino County, California","Private","Nonresidential siding contractors","County, NAICS 6-digit -- by ownership sector","All establishment sizes",4,0,0,0,0,0,0,0
"06071",5,"238172",78,0,2013,3,"N","San Bernardino County, California","Private","Nonresidential siding contractors","County, NAICS 6-digit -- by ownership sector","All establishment sizes",3,0,0,0,0,0,0,0
"06071",5,"23819",77,0,2013,1,"N","San Bernardino County, California","Private","Other building exterior contractors","County, NAICS 5-digit -- by ownership sector","All establishment sizes",29,0,0,0,0,0,0,0
"06071",5,"23819",77,0,2013,2,"N","San Bernardino County, California","Private","Other building exterior contractors","County, NAICS 5-digit -- by ownership sector","All establishment sizes",28,0,0,0,0,0,0,0
"06071",5,"23819",77,0,2013,3,"N","San Bernardino County, California","Private","Other building exterior contractors","County, NAICS 5-digit -- by ownership sector","All establishment sizes",28,0,0,0,0,0,0,0
"06071",5,"238191",78,0,2013,1,"","San Bernardino County, California","Private","Other residential exterior contractors","County, NAICS 6-digit -- by ownership sector","All establishment sizes",20,92,92,94,669834,474632,23588,556
"06071",5,"238191",78,0,2013,2,"","San Bernardino County, California","Private","Other residential exterior contractors","County, NAICS 6-digit -- by ownership sector","All establishment sizes",20,105,112,110,854281,288035,14887,603
"06071",5,"238191",78,0,2013,3,"","San Bernardino County, California","Private","Other residential exterior contractors","County, NAICS 6-digit -- by ownership sector","All establishment sizes",20,110,109,120,799410,127721,6520,544
"06071",5,"238192",78,0,2013,1,"N","San Bernardino County, California","Private","Other nonresidential exterior contractors","County, NAICS 6-digit -- by ownership sector","All establishment sizes",9,0,0,0,0,0,0,0
"06071",5,"238192",78,0,2013,2,"N","San Bernardino County, California","Private","Other nonresidential exterior contractors","County, NAICS 6-digit -- by ownership sector","All establishment sizes",8,0,0,0,0,0,0,0
"06071",5,"238192",78,0,2013,3,"N","San Bernardino County, California","Private","Other nonresidential exterior contractors","County, NAICS 6-digit -- by ownership sector","All establishment sizes",8,0,0,0,0,0,0,0
"06071",5,"2382",76,0,2013,1,"","San Bernardino County, California","Private","Building equipment contractors","County, NAICS 4-digit -- by ownership sector","All establishment sizes",687,5949,6037,6062,75958357,39245402,2283203,971
"06071",5,"2382",76,0,2013,2,"","San Bernardino County, California","Private","Building equipment contractors","County, NAICS 4-digit -- by ownership sector","All establishment sizes",703,6101,6249,6288,82021670,9202530,520125,1016
"06071",5,"2382",76,0,2013,3,"","San Bernardino County, California","Private","Building equipment contractors","County, NAICS 4-digit -- by ownership sector","All establishment sizes",704,6481,6474,6585,85806837,8424826,481265,1013
"06071",5,"23821",77,0,2013,1,"","San Bernardino County, California","Private","Electrical and wiring contractors","County, NAICS 5-digit -- by ownership sector","All establishment sizes",299,3057,3130,3143,42544864,20886682,1235821,1052
"06071",5,"23821",77,0,2013,2,"","San Bernardino County, California","Private","Electrical and wiring contractors","County, NAICS 5-digit -- by ownership sector","All establishment sizes",305,3114,3225,3211,45692905,4849388,278530,1104
"06071",5,"23821",77,0,2013,3,"","San Bernardino County, California","Private","Electrical and wiring contractors","County, NAICS 5-digit -- by ownership sector","All establishment sizes",307,3266,3262,3314,46672557,4392588,257444,1094
"06071",5,"238211",78,0,2013,1,"","San Bernardino County, California","Private","Residential electrical contractors","County, NAICS 6-digit -- by ownership sector","All establishment sizes",155,1154,1181,1196,14672979,7471229,432713,959
"06071",5,"238211",78,0,2013,2,"","San Bernardino County, California","Private","Residential electrical contractors","County, NAICS 6-digit -- by ownership sector","All establishment sizes",161,1218,1255,1254,16221265,2065371,115559,1004
"06071",5,"238211",78,0,2013,3,"","San Bernardino County, California","Private","Residential electrical contractors","County, NAICS 6-digit -- by ownership sector","All establishment sizes",164,1284,1271,1283,16588917,1888017,107548,997
"06071",5,"238212",78,0,2013,1,"","San Bernardino County, California","Private","Nonresidential electrical contractors","County, NAICS 6-digit -- by ownership sector","All establishment sizes",144,1903,1949,1947,27871885,13415453,803108,1109
"06071",5,"238212",78,0,2013,2,"","San Bernardino County, California","Private","Nonresidential electrical contractors","County, NAICS 6-digit -- by ownership sector","All establishment sizes",144,1896,1970,1957,29471640,2784017,162971,1168
"06071",5,"238212",78,0,2013,3,"","San Bernardino County, California","Private","Nonresidential electrical contractors","County, NAICS 6-digit -- by ownership sector","All establishment sizes",143,1982,1991,2031,30083640,2504571,149896,1156
"06071",5,"23822",77,0,2013,1,"","San Bernardino County, California","Private","Plumbing and hvac contractors","County, NAICS 5-digit -- by ownership sector","All establishment sizes",354,2462,2463,2464,27353899,15369019,872136,854
"06071",5,"23822",77,0,2013,2,"","San Bernardino County, California","Private","Plumbing and hvac contractors","County, NAICS 5-digit -- by ownership sector","All establishment sizes",363,2524,2558,2610,29998452,3826848,211122,900
"06071",5,"23822",77,0,2013,3,"","San Bernardino County, California","Private","Plumbing and hvac contractors","County, NAICS 5-digit -- by ownership sector","All establishment sizes",362,2719,2701,2750,32216024,3449978,189112,910
"06071",5,"238221",78,0,2013,1,"","San Bernardino County, California","Private","Residential plumbing and hvac contractors","County, NAICS 6-digit -- by ownership sector","All establishment sizes",235,1221,1223,1209,11302776,6989619,398466,714
"06071",5,"238221",78,0,2013,2,"","San Bernardino County, California","Private","Residential plumbing and hvac contractors","County, NAICS 6-digit -- by ownership sector","All establishment sizes",242,1234,1269,1286,12927115,2196583,122324,787
"06071",5,"238221",78,0,2013,3,"","San Bernardino County, California","Private","Residential plumbing and hvac contractors","County, NAICS 6-digit -- by ownership sector","All establishment sizes",242,1371,1342,1382,13897047,1929060,107780,783
"06071",5,"238222",78,0,2013,1,"","San Bernardino County, California","Private","Nonresidential plumbing and hvac contractors","County, NAICS 6-digit -- by ownership sector","All establishment sizes",119,1241,1240,1255,16051123,8379400,473670,991
"06071",5,"238222",78,0,2013,2,"","San Bernardino County, California","Private","Nonresidential plumbing and hvac contractors","County, NAICS 6-digit -- by ownership sector","All establishment sizes",121,1290,1289,1324,17071337,1630265,88798,1009
"06071",5,"238222",78,0,2013,3,"","San Bernardino County, California","Private","Nonresidential plumbing and hvac contractors","County, NAICS 6-digit -- by ownership sector","All establishment sizes",120,1348,1359,1368,18318977,1520918,81332,1037
"06071",5,"23829",77,0,2013,1,"","San Bernardino County, California","Private","Other building equipment contractors","County, NAICS 5-digit -- by ownership sector","All establishment sizes",34,430,444,455,6059594,2989701,175246,1052
"06071",5,"23829",77,0,2013,2,"","San Bernardino County, California","Private","Other building equipment contractors","County, NAICS 5-digit -- by ownership sector","All establishment sizes",35,463,466,467,6330313,526294,30473,1046
"06071",5,"23829",77,0,2013,3,"","San Bernardino County, California","Private","Other building equipment contractors","County, NAICS 5-digit -- by ownership sector","All establishment sizes",35,496,511,521,6918256,582260,34709,1045
"06071",5,"238291",78,0,2013,1,"","San Bernardino County, California","Private","Other residential equipment contractors","County, NAICS 6-digit -- by ownership sector","All establishment sizes",7,64,66,72,719970,451885,23230,823
"06071",5,"238291",78,0,2013,2,"","San Bernardino County, California","Private","Other residential equipment contractors","County, NAICS 6-digit -- by ownership sector","All establishment sizes",8,76,81,86,858388,124597,6017,815
"06071",5,"238291",78,0,2013,3,"","San Bernardino County, California","Private","Other residential equipment contractors","County, NAICS 6-digit -- by ownership sector","All establishment sizes",8,102,98,99,985234,90312,4475,760
"06071",5,"238292",78,0,2013,1,"","San Bernardino County, California","Private","Other nonresidential equipment contractors","County, NAICS 6-digit -- by ownership sector","All establishment sizes",27,366,378,383,5339624,2537816,152016,1093
"06071",5,"238292",78,0,2013,2,"","San Bernardino County, California","Private","Other nonresidential equipment contractors","County, NAICS 6-digit -- by ownership sector","All establishment sizes",27,387,385,381,5471925,401697,24456,1095
"06071",5,"238292",78,0,2013,3,"","San Bernardino County, California","Private","Other nonresidential equipment contractors","County, NAICS 6-digit -- by ownership sector","All establishment sizes",27,394,413,422,5933022,491948,30234,1114
"06071",5,"2383",76,0,2013,1,"","San Bernardino County, California","Private","Building finishing contractors","County, NAICS 4-digit -- by ownership sector","All establishment sizes",448,3286,3432,3526,31427612,21401145,1173921,708
"06071",5,"2383",76,0,2013,2,"","San Bernardino County, California","Private","Building finishing contractors","County, NAICS 4-digit -- by ownership sector","All establishment sizes",463,3720,3898,3761,36091148,8993034,461471,732
"06071",5,"2383",76,0,2013,3,"","San Bernardino County, California","Private","Building finishing contractors","County, NAICS 4-digit -- by ownership sector","All establishment sizes",466,3853,3978,3793,39447303,7460859,370466,783
"06071",5,"23831",77,0,2013,1,"","San Bernardino County, California","Private","Drywall and insulation contractors","County, NAICS 5-digit -- by ownership sector","All establishment sizes",98,970,1093,1081,9898583,6783538,373459,727
"06071",5,"23831",77,0,2013,2,"","San Bernardino County, California","Private","Drywall and insulation contractors","County, NAICS 5-digit -- by ownership sector","All establishment sizes",100,1258,1288,1224,11584363,3533326,186489,709
"06071",5,"23831",77,0,2013,3,"","San Bernardino County, California","Private","Drywall and insulation contractors","County, NAICS 5-digit -- by ownership sector","All establishment sizes",102,1274,1212,1074,12274154,3127931,164626,796
"06071",5,"238311",78,0,2013,1,"","San Bernardino County, California","Private","Residential drywall contractors","County, NAICS 6-digit -- by ownership sector","All establishment sizes",62,445,463,520,3553237,2733374,124771,574
"06071",5,"238311",78,0,2013,2,"","San Bernardino County, California","Private","Residential drywall contractors","County, NAICS 6-digit -- by ownership sector","All establishment sizes",64,609,631,666,4211564,1667189,71529,510
"06071",5,"238311",78,0,2013,3,"","San Bernardino County, California","Private","Residential drywall contractors","County, NAICS 6-digit -- by ownership sector","All establishment sizes",67,562,517,521,3965387,1524602,66324,572
"06071",5,"238312",78,0,2013,1,"","San Bernardino County, California","Private","Nonresidential drywall contractors","County, NAICS 6-digit -- by ownership sector","All establishment sizes",36,525,630,561,6345346,4050164,248688,853
"06071",5,"238312",78,0,2013,2,"","San Bernardino County, California","Private","Nonresidential drywall contractors","County, NAICS 6-digit -- by ownership sector","All establishment sizes",36,649,657,558,7372799,1866137,114960,913
"06071",5,"238312",78,0,2013,3,"","San Bernardino County, California","Private","Nonresidential drywall contractors","County, NAICS 6-digit -- by ownership sector","All establishment sizes",35,712,695,553,8308767,1603329,98302,978
"06071",5,"23832",77,0,2013,1,"","San Bernardino County, California","Private","Painting and wall covering contractors","County, NAICS 5-digit -- by ownership sector","All establishment sizes",110,551,554,565,4737841,3398831,180797,655
"06071",5,"23832",77,0,2013,2,"","San Bernardino County, California","Private","Painting and wall covering contractors","County, NAICS 5-digit -- by ownership sector","All establishment sizes",115,604,647,660,5718152,1401693,67724,691
"06071",5,"23832",77,0,2013,3,"","San Bernardino County, California","Private","Painting and wall covering contractors","County, NAICS 5-digit -- by ownership sector","All establishment sizes",113,663,693,699,6375878,1324301,65434,716
"06071",5,"238321",78,0,2013,1,"","San Bernardino County, California","Private","Residential painting contractors","County, NAICS 6-digit -- by ownership sector","All establishment sizes",87,368,369,378,2961993,2283595,115428,613
"06071",5,"238321",78,0,2013,2,"","San Bernardino County, California","Private","Residential painting contractors","County, NAICS 6-digit -- by ownership sector","All establishment sizes",89,410,421,402,3301089,1061630,48250,618
"06071",5,"238321",78,0,2013,3,"","San Bernardino County, California","Private","Residential painting contractors","County, NAICS 6-digit -- by ownership sector","All establishment sizes",88,425,456,449,3719703,1010518,47259,645
"06071",5,"238322",78,0,2013,1,"","San Bernardino County, California","Private","Nonresidential painting contractors","County, NAICS 6-digit -- by ownership sector","All establishment sizes",23,183,185,187,1775848,1115236,65369,738
"06071",5,"238322",78,0,2013,2,"","San Bernardino County, California","Private","Nonresidential painting contractors","County, NAICS 6-digit -- by ownership sector","All establishment sizes",26,194,226,258,2417063,340063,19474,823
"06071",5,"238322",78,0,2013,3,"","San Bernardino County, California","Private","Nonresidential painting contractors","County, NAICS 6-digit -- by ownership sector","All establishment sizes",25,238,237,250,2656175,313783,18175,845
"06071",5,"23833",77,0,2013,1,"","San Bernardino County, California","Private","Flooring contractors","County, NAICS 5-digit -- by ownership sector","All establishment sizes",68,480,481,499,4498969,2935953,165617,711
"06071",5,"23833",77,0,2013,2,"","San Bernardino County, California","Private","Flooring contractors","County, NAICS 5-digit -- by ownership sector","All establishment sizes",72,498,508,511,5063930,1018620,56873,770
"06071",5,"23833",77,0,2013,3,"","San Bernardino County, California","Private","Flooring contractors","County, NAICS 5-digit -- by ownership sector","All establishment sizes",72,529,571,511,5784717,822052,46298,829
"06071",5,"238331",78,0,2013,1,"","San Bernardino County, California","Private","Residential flooring contractors","County, NAICS 6-digit -- by ownership sector","All establishment sizes",49,347,357,380,3128348,2150864,121420,666
"06071",5,"238331",78,0,2013,2,"","San Bernardino County, California","Private","Residential flooring contractors","County, NAICS 6-digit -- by ownership sector","All establishment sizes",53,372,366,371,3425824,746574,40393,713
"06071",5,"238331",78,0,2013,3,"","San Bernardino County, California","Private","Residential flooring contractors","County, NAICS 6-digit -- by ownership sector","All establishment sizes",53,400,410,380,4105074,613367,33777,796
"06071",5,"238332",78,0,2013,1,"","San Bernardino County, California","Private","Nonresidential flooring contractors","County, NAICS 6-digit -- by ownership sector","All establishment sizes",19,133,124,119,1370621,785089,44197,841
"06071",5,"238332",78,0,2013,2,"","San Bernardino County, California","Private","Nonresidential flooring contractors","County, NAICS 6-digit -- by ownership sector","All establishment sizes",19,126,142,140,1638106,272046,16480,927
"06071",5,"238332",78,0,2013,3,"","San Bernardino County, California","Private","Nonresidential flooring contractors","County, NAICS 6-digit -- by ownership sector","All establishment sizes",19,129,161,131,1679643,208685,12521,921
"06071",5,"23834",77,0,2013,1,"","San Bernardino County, California","Private","Tile and terrazzo contractors","County, NAICS 5-digit -- by ownership sector","All establishment sizes",43,336,342,351,2902634,2196363,123926,651
"06071",5,"23834",77,0,2013,2,"","San Bernardino County, California","Private","Tile and terrazzo contractors","County, NAICS 5-digit -- by ownership sector","All establishment sizes",43,363,392,356,3506657,855775,48236,728
"06071",5,"23834",77,0,2013,3,"","San Bernardino County, California","Private","Tile and terrazzo contractors","County, NAICS 5-digit -- by ownership sector","All establishment sizes",43,358,370,371,3466944,497413,27147,728
"06071",5,"238341",78,0,2013,1,"","San Bernardino County, California","Private","Residential tile and terrazzo contractors","County, NAICS 6-digit -- by ownership sector","All establishment sizes",36,233,232,247,1879345,1518962,83988,609
"06071",5,"238341",78,0,2013,2,"","San Bernardino County, California","Private","Residential tile and terrazzo contractors","County, NAICS 6-digit -- by ownership sector","All establishment sizes",36,272,294,258,2390823,735642,41646,670
"06071",5,"238341",78,0,2013,3,"","San Bernardino County, California","Private","Residential tile and terrazzo contractors","County, NAICS 6-digit -- by ownership sector","All establishment sizes",36,254,274,279,2238024,449494,24403,640
"06071",5,"238342",78,0,2013,1,"","San Bernardino County, California","Private","Nonresidential tile and terrazzo contractors","County, NAICS 6-digit -- by ownership sector","All establishment sizes",7,103,110,104,1023289,677401,39938,745
"06071",5,"238342",78,0,2013,2,"","San Bernardino County, California","Private","Nonresidential tile and terrazzo contractors","County, NAICS 6-digit -- by ownership sector","All establishment sizes",7,91,98,98,1115834,120133,6590,897
"06071",5,"238342",78,0,2013,3,"","San Bernardino County, California","Private","Nonresidential tile and terrazzo contractors","County, NAICS 6-digit -- by ownership sector","All establishment sizes",7,104,96,92,1228920,47919,2744,971
"06071",5,"23835",77,0,2013,1,"","San Bernardino County, California","Private","Finish carpentry contractors","County, NAICS 5-digit -- by ownership sector","All establishment sizes",93,741,733,790,7085207,4689332,250408,722
"06071",5,"23835",77,0,2013,2,"","San Bernardino County, California","Private","Finish carpentry contractors","County, NAICS 5-digit -- by ownership sector","All establishment sizes",96,727,831,754,7612954,1625073,71905,760
"06071",5,"23835",77,0,2013,3,"","San Bernardino County, California","Private","Finish carpentry contractors","County, NAICS 5-digit -- by ownership sector","All establishment sizes",98,786,883,883,8535502,1313196,47507,772
"06071",5,"238351",78,0,2013,1,"","San Bernardino County, California","Private","Residential finish carpentry contractors","County, NAICS 6-digit -- by ownership sector","All establishment sizes",63,370,349,425,2828735,2150030,95320,571
"06071",5,"238351",78,0,2013,2,"","San Bernardino County, California","Private","Residential finish carpentry contractors","County, NAICS 6-digit -- by ownership sector","All establishment sizes",66,360,450,388,3148383,929666,29042,606
"06071",5,"238351",78,0,2013,3,"","San Bernardino County, California","Private","Residential finish carpentry contractors","County, NAICS 6-digit -- by ownership sector","All establishment sizes",66,425,533,529,4043845,964815,26921,628
"06071",5,"238352",78,0,2013,1,"","San Bernardino County, California","Private","Nonresidential finish carpentry contractors","County, NAICS 6-digit -- by ownership sector","All establishment sizes",30,371,384,365,4256472,2539302,155088,877
"06071",5,"238352",78,0,2013,2,"","San Bernardino County, California","Private","Nonresidential finish carpentry contractors","County, NAICS 6-digit -- by ownership sector","All establishment sizes",30,367,381,366,4464571,695407,42863,925
"06071",5,"238352",78,0,2013,3,"","San Bernardino County, California","Private","Nonresidential finish carpentry contractors","County, NAICS 6-digit -- by ownership sector","All establishment sizes",32,361,350,354,4491657,348381,20586,973
"06071",5,"23839",77,0,2013,1,"","San Bernardino County, California","Private","Other building finishing contractors","County, NAICS 5-digit -- by ownership sector","All establishment sizes",36,208,229,240,2304378,1397128,79714,785
"06071",5,"23839",77,0,2013,2,"","San Bernardino County, California","Private","Other building finishing contractors","County, NAICS 5-digit -- by ownership sector","All establishment sizes",37,270,232,256,2605092,558547,30244,793
"06071",5,"23839",77,0,2013,3,"","San Bernardino County, California","Private","Other building finishing contractors","County, NAICS 5-digit -- by ownership sector","All establishment sizes",38,243,249,255,3010108,375966,19454,930
"06071",5,"238391",78,0,2013,1,"","San Bernardino County, California","Private","Other residential finishing contractors","County, NAICS 6-digit -- by ownership sector","All establishment sizes",15,72,77,88,663083,452042,27190,646
"06071",5,"238391",78,0,2013,2,"","San Bernardino County, California","Private","Other residential finishing contractors","County, NAICS 6-digit -- by ownership sector","All establishment sizes",16,116,89,89,730190,229614,13331,573
"06071",5,"238391",78,0,2013,3,"","San Bernardino County, California","Private","Other residential finishing contractors","County, NAICS 6-digit -- by ownership sector","All establishment sizes",17,70,70,83,646710,45478,2096,669
"06071",5,"238392",78,0,2013,1,"","San Bernardino County, California","Private","Other nonresidential finishing contractors","County, NAICS 6-digit -- by ownership sector","All establishment sizes",21,136,152,152,1641295,945086,52524,861
"06071",5,"238392",78,0,2013,2,"","San Bernardino County, California","Private","Other nonresidential finishing contractors","County, NAICS 6-digit -- by ownership sector","All establishment sizes",21,154,143,167,1874902,328933,16913,932
"06071",5,"238392",78,0,2013,3,"","San Bernardino County, California","Private","Other nonresidential finishing contractors","County, NAICS 6-digit -- by ownership sector","All establishment sizes",21,173,179,172,2363398,330488,17358,1041
"06071",5,"2389",76,0,2013,1,"","San Bernardino County, California","Private","Other specialty trade contractors","County, NAICS 4-digit -- by ownership sector","All establishment sizes",295,2292,2340,2352,27786055,14771706,845615,918
"06071",5,"2389",76,0,2013,2,"","San Bernardino County, California","Private","Other specialty trade contractors","County, NAICS 4-digit -- by ownership sector","All establishment sizes",299,2412,2541,2627,31192675,5169108,287935,950
"06071",5,"2389",76,0,2013,3,"","San Bernardino County, California","Private","Other specialty trade contractors","County, NAICS 4-digit -- by ownership sector","All establishment sizes",299,2583,2596,2711,33104288,3493263,195356,968
"06071",5,"23891",77,0,2013,1,"","San Bernardino County, California","Private","Site preparation contractors","County, NAICS 5-digit -- by ownership sector","All establishment sizes",126,1030,1039,1018,12836502,6592832,389989,960
"06071",5,"23891",77,0,2013,2,"","San Bernardino County, California","Private","Site preparation contractors","County, NAICS 5-digit -- by ownership sector","All establishment sizes",129,998,1075,1142,14777852,2036995,117922,1061
"06071",5,"23891",77,0,2013,3,"","San Bernardino County, California","Private","Site preparation contractors","County, NAICS 5-digit -- by ownership sector","All establishment sizes",128,1125,1144,1197,16000024,1582492,92548,1065
"06071",5,"238911",78,0,2013,1,"","San Bernardino County, California","Private","Residential site preparation contractors","County, NAICS 6-digit -- by ownership sector","All establishment sizes",61,344,326,324,4021351,2325244,135341,934
"06071",5,"238911",78,0,2013,2,"","San Bernardino County, California","Private","Residential site preparation contractors","County, NAICS 6-digit -- by ownership sector","All establishment sizes",64,328,336,360,4765468,692801,40542,1074
"06071",5,"238911",78,0,2013,3,"","San Bernardino County, California","Private","Residential site preparation contractors","County, NAICS 6-digit -- by ownership sector","All establishment sizes",64,377,376,384,5173093,580155,33246,1050
"06071",5,"238912",78,0,2013,1,"","San Bernardino County, California","Private","Nonresidential site preparation contractors","County, NAICS 6-digit -- by ownership sector","All establishment sizes",65,686,713,694,8815151,4267588,254648,972
"06071",5,"238912",78,0,2013,2,"","San Bernardino County, California","Private","Nonresidential site preparation contractors","County, NAICS 6-digit -- by ownership sector","All establishment sizes",65,670,739,782,10012384,1344194,77380,1055
"06071",5,"238912",78,0,2013,3,"","San Bernardino County, California","Private","Nonresidential site preparation contractors","County, NAICS 6-digit -- by ownership sector","All establishment sizes",64,748,768,813,10826931,1002337,59302,1073
"06071",5,"23899",77,0,2013,1,"","San Bernardino County, California","Private","All other specialty trade contractors","County, NAICS 5-digit -- by ownership sector","All establishment sizes",169,1262,1301,1334,14949553,8178874,455626,885
"06071",5,"23899",77,0,2013,2,"","San Bernardino County, California","Private","All other specialty trade contractors","County, NAICS 5-digit -- by ownership sector","All establishment sizes",170,1414,1466,1485,16414823,3132113,170013,868
"06071",5,"23899",77,0,2013,3,"","San Bernardino County, California","Private","All other specialty trade contractors","County, NAICS 5-digit -- by ownership sector","All establishment sizes",171,1458,1452,1514,17104264,1910771,102808,892
"06071",5,"238991",78,0,2013,1,"","San Bernardino County, California","Private","All other residential trade contractors","County, NAICS 6-digit -- by ownership sector","All establishment sizes",108,791,815,843,8394426,4930617,279171,791
"06071",5,"238991",78,0,2013,2,"","San Bernardino County, California","Private","All other residential trade contractors","County, NAICS 6-digit -- by ownership sector","All establishment sizes",110,871,919,962,9840953,2181170,118997,825
"06071",5,"238991",78,0,2013,3,"","San Bernardino County, California","Private","All other residential trade contractors","County, NAICS 6-digit -- by ownership sector","All establishment sizes",109,932,913,981,10256327,1140159,60823,838
"06071",5,"238992",78,0,2013,1,"","San Bernardino County, California","Private","All other nonresidential trade contractors","County, NAICS 6-digit -- by ownership sector","All establishment sizes",61,471,486,491,6555127,3248257,176455,1045
"06071",5,"238992",78,0,2013,2,"","San Bernardino County, California","Private","All other nonresidential trade contractors","County, NAICS 6-digit -- by ownership sector","All establishment sizes",60,543,547,523,6573870,950943,51016,941
"06071",5,"238992",78,0,2013,3,"","San Bernardino County, California","Private","All other nonresidential trade contractors","County, NAICS 6-digit -- by ownership sector","All establishment sizes",62,526,539,533,6847937,770612,41985,989
"06071",5,"31-33",74,0,2013,1,"","San Bernardino County, California","Private","Manufacturing","County, NAICS Sector -- by ownership sector","All establishment sizes",1750,46932,47222,47473,555194763,295057901,15821261,905
"06071",5,"31-33",74,0,2013,2,"","San Bernardino County, California","Private","Manufacturing","County, NAICS Sector -- by ownership sector","All establishment sizes",1756,47267,47522,47511,550521883,46331576,2403904,893
"06071",5,"31-33",74,0,2013,3,"","San Bernardino County, California","Private","Manufacturing","County, NAICS Sector -- by ownership sector","All establishment sizes",1759,47566,47609,47662,557546434,24392136,1280082,901
"06071",5,"311",75,0,2013,1,"","San Bernardino County, California","Private","Food manufacturing","County, NAICS 3-digit -- by ownership sector","All establishment sizes",129,5695,5707,5781,64923944,34192074,1787631,872
"06071",5,"311",75,0,2013,2,"","San Bernardino County, California","Private","Food manufacturing","County, NAICS 3-digit -- by ownership sector","All establishment sizes",132,5666,5705,5733,59579066,5902728,293808,804
"06071",5,"311",75,0,2013,3,"","San Bernardino County, California","Private","Food manufacturing","County, NAICS 3-digit -- by ownership sector","All establishment sizes",132,5779,5808,5824,62257600,3236667,166881,825
"06071",5,"3111",76,0,2013,1,"","San Bernardino County, California","Private","Animal food manufacturing","County, NAICS 4-digit -- by ownership sector","All establishment sizes",4,99,101,102,2688858,662862,34827,2055
"06071",5,"3111",76,0,2013,2,"","San Bernardino County, California","Private","Animal food manufacturing","County, NAICS 4-digit -- by ownership sector","All establishment sizes",4,102,103,105,1357538,32798,1580,1011
"06071",5,"3111",76,0,2013,3,"","San Bernardino County, California","Private","Animal food manufacturing","County, NAICS 4-digit -- by ownership sector","All establishment sizes",4,107,105,104,1297878,18705,1078,948
"06071",5,"31111",77,0,2013,1,"","San Bernardino County, California","Private","Animal food manufacturing","County, NAICS 5-digit -- by ownership sector","All establishment sizes",4,99,101,102,2688858,662862,34827,2055
"06071",5,"31111",77,0,2013,2,"","San Bernardino County, California","Private","Animal food manufacturing","County, NAICS 5-digit -- by ownership sector","All establishment sizes",4,102,103,105,1357538,32798,1580,1011
"06071",5,"31111",77,0,2013,3,"","San Bernardino County, California","Private","Animal food manufacturing","County, NAICS 5-digit -- by ownership sector","All establishment sizes",4,107,105,104,1297878,18705,1078,948
"06071",5,"311111",78,0,2013,1,"N","San Bernardino County, California","Private","Dog and cat food manufacturing","County, NAICS 6-digit -- by ownership sector","All establishment sizes",1,0,0,0,0,0,0,0
"06071",5,"311111",78,0,2013,2,"N","San Bernardino County, California","Private","Dog and cat food manufacturing","County, NAICS 6-digit -- by ownership sector","All establishment sizes",1,0,0,0,0,0,0,0
"06071",5,"311111",78,0,2013,3,"N","San Bernardino County, California","Private","Dog and cat food manufacturing","County, NAICS 6-digit -- by ownership sector","All establishment sizes",1,0,0,0,0,0,0,0
"06071",5,"311119",78,0,2013,1,"N","San Bernardino County, California","Private","Other animal food manufacturing","County, NAICS 6-digit -- by ownership sector","All establishment sizes",3,0,0,0,0,0,0,0
"06071",5,"311119",78,0,2013,2,"N","San Bernardino County, California","Private","Other animal food manufacturing","County, NAICS 6-digit -- by ownership sector","All establishment sizes",3,0,0,0,0,0,0,0
"06071",5,"311119",78,0,2013,3,"N","San Bernardino County, California","Private","Other animal food manufacturing","County, NAICS 6-digit -- by ownership sector","All establishment sizes",3,0,0,0,0,0,0,0
"06071",5,"3112",76,0,2013,1,"","San Bernardino County, California","Private","Grain and oilseed milling","County, NAICS 4-digit -- by ownership sector","All establishment sizes",7,526,532,533,7655967,2762641,151336,1110
"06071",5,"3112",76,0,2013,2,"","San Bernardino County, California","Private","Grain and oilseed milling","County, NAICS 4-digit -- by ownership sector","All establishment sizes",7,531,536,543,6400072,250777,11647,917
"06071",5,"3112",76,0,2013,3,"","San Bernardino County, California","Private","Grain and oilseed milling","County, NAICS 4-digit -- by ownership sector","All establishment sizes",7,535,540,543,7463901,181454,9237,1065
"06071",5,"31121",77,0,2013,1,"N","San Bernardino County, California","Private","Flour milling and malt manufacturing","County, NAICS 5-digit -- by ownership sector","All establishment sizes",6,0,0,0,0,0,0,0
"06071",5,"31121",77,0,2013,2,"N","San Bernardino County, California","Private","Flour milling and malt manufacturing","County, NAICS 5-digit -- by ownership sector","All establishment sizes",6,0,0,0,0,0,0,0
"06071",5,"31121",77,0,2013,3,"N","San Bernardino County, California","Private","Flour milling and malt manufacturing","County, NAICS 5-digit -- by ownership sector","All establishment sizes",6,0,0,0,0,0,0,0
"06071",5,"311211",78,0,2013,1,"","San Bernardino County, California","Private","Flour milling","County, NAICS 6-digit -- by ownership sector","All establishment sizes",4,113,119,116,1686117,697802,40226,1118
"06071",5,"311211",78,0,2013,2,"","San Bernardino County, California","Private","Flour milling","County, NAICS 6-digit -- by ownership sector","All establishment sizes",4,115,119,127,1783200,100993,5294,1140
"06071",5,"311211",78,0,2013,3,"","San Bernardino County, California","Private","Flour milling","County, NAICS 6-digit -- by ownership sector","All establishment sizes",4,117,117,119,1979405,61272,3403,1294
"06071",5,"311212",78,0,2013,1,"N","San Bernardino County, California","Private","Rice milling","County, NAICS 6-digit -- by ownership sector","All establishment sizes",2,0,0,0,0,0,0,0
"06071",5,"311212",78,0,2013,2,"N","San Bernardino County, California","Private","Rice milling","County, NAICS 6-digit -- by ownership sector","All establishment sizes",2,0,0,0,0,0,0,0
"06071",5,"311212",78,0,2013,3,"N","San Bernardino County, California","Private","Rice milling","County, NAICS 6-digit -- by ownership sector","All establishment sizes",2,0,0,0,0,0,0,0
"06071",5,"31122",77,0,2013,1,"N","San Bernardino County, California","Private","Starch and vegetable oil manufacturing","County, NAICS 5-digit -- by ownership sector","All establishment sizes",1,0,0,0,0,0,0,0
"06071",5,"31122",77,0,2013,2,"N","San Bernardino County, California","Private","Starch and vegetable oil manufacturing","County, NAICS 5-digit -- by ownership sector","All establishment sizes",1,0,0,0,0,0,0,0
"06071",5,"31122",77,0,2013,3,"N","San Bernardino County, California","Private","Starch and vegetable oil manufacturing","County, NAICS 5-digit -- by ownership sector","All establishment sizes",1,0,0,0,0,0,0,0
"06071",5,"311225",78,0,2013,1,"N","San Bernardino County, California","Private","Fats and oils refining and blending","County, NAICS 6-digit -- by ownership sector","All establishment sizes",1,0,0,0,0,0,0,0
"06071",5,"311225",78,0,2013,2,"N","San Bernardino County, California","Private","Fats and oils refining and blending","County, NAICS 6-digit -- by ownership sector","All establishment sizes",1,0,0,0,0,0,0,0
"06071",5,"311225",78,0,2013,3,"N","San Bernardino County, California","Private","Fats and oils refining and blending","County, NAICS 6-digit -- by ownership sector","All establishment sizes",1,0,0,0,0,0,0,0
"06071",5,"3113",76,0,2013,1,"N","San Bernardino County, California","Private","Sugar and confectionery product manufacturing","County, NAICS 4-digit -- by ownership sector","All establishment sizes",6,0,0,0,0,0,0,0
"06071",5,"3113",76,0,2013,2,"N","San Bernardino County, California","Private","Sugar and confectionery product manufacturing","County, NAICS 4-digit -- by ownership sector","All establishment sizes",6,0,0,0,0,0,0,0
"06071",5,"3113",76,0,2013,3,"N","San Bernardino County, California","Private","Sugar and confectionery product manufacturing","County, NAICS 4-digit -- by ownership sector","All establishment sizes",6,0,0,0,0,0,0,0
"06071",5,"31134",77,0,2013,1,"N","San Bernardino County, California","Private","Nonchocolate confectionery manufacturing","County, NAICS 5-digit -- by ownership sector","All establishment sizes",1,0,0,0,0,0,0,0
"06071",5,"31134",77,0,2013,2,"N","San Bernardino County, California","Private","Nonchocolate confectionery manufacturing","County, NAICS 5-digit -- by ownership sector","All establishment sizes",1,0,0,0,0,0,0,0
"06071",5,"31134",77,0,2013,3,"N","San Bernardino County, California","Private","Nonchocolate confectionery manufacturing","County, NAICS 5-digit -- by ownership sector","All establishment sizes",1,0,0,0,0,0,0,0
"06071",5,"311340",78,0,2013,1,"N","San Bernardino County, California","Private","Nonchocolate confectionery manufacturing","County, NAICS 6-digit -- by ownership sector","All establishment sizes",1,0,0,0,0,0,0,0
"06071",5,"311340",78,0,2013,2,"N","San Bernardino County, California","Private","Nonchocolate confectionery manufacturing","County, NAICS 6-digit -- by ownership sector","All establishment sizes",1,0,0,0,0,0,0,0
"06071",5,"311340",78,0,2013,3,"N","San Bernardino County, California","Private","Nonchocolate confectionery manufacturing","County, NAICS 6-digit -- by ownership sector","All establishment sizes",1,0,0,0,0,0,0,0
"06071",5,"31135",77,0,2013,1,"","San Bernardino County, California","Private","Confectionery mfg. from cacao or chocolate","County, NAICS 5-digit -- by ownership sector","All establishment sizes",5,61,54,53,250027,173503,4912,343
"06071",5,"31135",77,0,2013,2,"","San Bernardino County, California","Private","Confectionery mfg. from cacao or chocolate","County, NAICS 5-digit -- by ownership sector","All establishment sizes",5,54,52,52,239248,85159,2410,349
"06071",5,"31135",77,0,2013,3,"","San Bernardino County, California","Private","Confectionery mfg. from cacao or chocolate","County, NAICS 5-digit -- by ownership sector","All establishment sizes",5,53,55,48,235120,53874,1484,348
"06071",5,"311352",78,0,2013,1,"","San Bernardino County, California","Private","Confectionery mfg. from purchased chocolate","County, NAICS 6-digit -- by ownership sector","All establishment sizes",5,61,54,53,250027,173503,4912,343
"06071",5,"311352",78,0,2013,2,"","San Bernardino County, California","Private","Confectionery mfg. from purchased chocolate","County, NAICS 6-digit -- by ownership sector","All establishment sizes",5,54,52,52,239248,85159,2410,349
"06071",5,"311352",78,0,2013,3,"","San Bernardino County, California","Private","Confectionery mfg. from purchased chocolate","County, NAICS 6-digit -- by ownership sector","All establishment sizes",5,53,55,48,235120,53874,1484,348
"06071",5,"3114",76,0,2013,1,"","San Bernardino County, California","Private","Fruit and vegetable preserving and specialty","County, NAICS 4-digit -- by ownership sector","All establishment sizes",9,410,411,420,4541862,2201754,130884,845
"06071",5,"3114",76,0,2013,2,"","San Bernardino County, California","Private","Fruit and vegetable preserving and specialty","County, NAICS 4-digit -- by ownership sector","All establishment sizes",9,428,437,426,4505492,486356,27874,805
"06071",5,"3114",76,0,2013,3,"","San Bernardino County, California","Private","Fruit and vegetable preserving and specialty","County, NAICS 4-digit -- by ownership sector","All establishment sizes",9,437,439,452,4913435,311615,18010,854
"06071",5,"31141",77,0,2013,1,"","San Bernardino County, California","Private","Frozen food manufacturing","County, NAICS 5-digit -- by ownership sector","All establishment sizes",3,35,41,46,247586,214194,8692,468
"06071",5,"31141",77,0,2013,2,"","San Bernardino County, California","Private","Frozen food manufacturing","County, NAICS 5-digit -- by ownership sector","All establishment sizes",3,48,49,51,284600,79223,3324,444
"06071",5,"31141",77,0,2013,3,"","San Bernardino County, California","Private","Frozen food manufacturing","County, NAICS 5-digit -- by ownership sector","All establishment sizes",3,52,52,50,325426,62957,2688,488
"06071",5,"311411",78,0,2013,1,"N","San Bernardino County, California","Private","Frozen fruit and vegetable manufacturing","County, NAICS 6-digit -- by ownership sector","All establishment sizes",2,0,0,0,0,0,0,0
"06071",5,"311411",78,0,2013,2,"N","San Bernardino County, California","Private","Frozen fruit and vegetable manufacturing","County, NAICS 6-digit -- by ownership sector","All establishment sizes",2,0,0,0,0,0,0,0
"06071",5,"311411",78,0,2013,3,"N","San Bernardino County, California","Private","Frozen fruit and vegetable manufacturing","County, NAICS 6-digit -- by ownership sector","All establishment sizes",2,0,0,0,0,0,0,0
"06071",5,"311412",78,0,2013,1,"N","San Bernardino County, California","Private","Frozen specialty food manufacturing","County, NAICS 6-digit -- by ownership sector","All establishment sizes",1,0,0,0,0,0,0,0
"06071",5,"311412",78,0,2013,2,"N","San Bernardino County, California","Private","Frozen specialty food manufacturing","County, NAICS 6-digit -- by ownership sector","All establishment sizes",1,0,0,0,0,0,0,0
"06071",5,"311412",78,0,2013,3,"N","San Bernardino County, California","Private","Frozen specialty food manufacturing","County, NAICS 6-digit -- by ownership sector","All establishment sizes",1,0,0,0,0,0,0,0
"06071",5,"31142",77,0,2013,1,"","San Bernardino County, California","Private","Fruit and vegetable canning and drying","County, NAICS 5-digit -- by ownership sector","All establishment sizes",6,375,370,374,4294276,1987560,122192,886
"06071",5,"31142",77,0,2013,2,"","San Bernardino County, California","Private","Fruit and vegetable canning and drying","County, NAICS 5-digit -- by ownership sector","All establishment sizes",6,380,388,375,4220892,407133,24550,852
"06071",5,"31142",77,0,2013,3,"","San Bernardino County, California","Private","Fruit and vegetable canning and drying","County, NAICS 5-digit -- by ownership sector","All establishment sizes",6,385,387,402,4588009,248658,15322,902
"06071",5,"311421",78,0,2013,1,"N","San Bernardino County, California","Private","Fruit and vegetable canning","County, NAICS 6-digit -- by ownership sector","All establishment sizes",5,0,0,0,0,0,0,0
"06071",5,"311421",78,0,2013,2,"N","San Bernardino County, California","Private","Fruit and vegetable canning","County, NAICS 6-digit -- by ownership sector","All establishment sizes",5,0,0,0,0,0,0,0
"06071",5,"311421",78,0,2013,3,"N","San Bernardino County, California","Private","Fruit and vegetable canning","County, NAICS 6-digit -- by ownership sector","All establishment sizes",5,0,0,0,0,0,0,0
"06071",5,"311423",78,0,2013,1,"N","San Bernardino County, California","Private","Dried and dehydrated food manufacturing","County, NAICS 6-digit -- by ownership sector","All establishment sizes",1,0,0,0,0,0,0,0
"06071",5,"311423",78,0,2013,2,"N","San Bernardino County, California","Private","Dried and dehydrated food manufacturing","County, NAICS 6-digit -- by ownership sector","All establishment sizes",1,0,0,0,0,0,0,0
"06071",5,"311423",78,0,2013,3,"N","San Bernardino County, California","Private","Dried and dehydrated food manufacturing","County, NAICS 6-digit -- by ownership sector","All establishment sizes",1,0,0,0,0,0,0,0
"06071",5,"3115",76,0,2013,1,"","San Bernardino County, California","Private","Dairy product manufacturing","County, NAICS 4-digit -- by ownership sector","All establishment sizes",14,428,429,430,6121638,2672447,130362,1098
"06071",5,"3115",76,0,2013,2,"","San Bernardino County, California","Private","Dairy product manufacturing","County, NAICS 4-digit -- by ownership sector","All establishment sizes",14,394,401,410,4463877,527763,25688,855
"06071",5,"3115",76,0,2013,3,"","San Bernardino County, California","Private","Dairy product manufacturing","County, NAICS 4-digit -- by ownership sector","All establishment sizes",14,410,412,404,4716366,346039,17357,888
"06071",5,"31151",77,0,2013,1,"","San Bernardino County, California","Private","Dairy product, except frozen, manufacturing","County, NAICS 5-digit -- by ownership sector","All establishment sizes",9,266,265,260,3912063,1729551,81035,1141
"06071",5,"31151",77,0,2013,2,"","San Bernardino County, California","Private","Dairy product, except frozen, manufacturing","County, NAICS 5-digit -- by ownership sector","All establishment sizes",9,203,206,206,2577386,231588,8724,967
"06071",5,"31151",77,0,2013,3,"","San Bernardino County, California","Private","Dairy product, except frozen, manufacturing","County, NAICS 5-digit -- by ownership sector","All establishment sizes",8,209,217,211,2750790,130139,4923,997
"06071",5,"311511",78,0,2013,1,"N","San Bernardino County, California","Private","Fluid milk manufacturing","County, NAICS 6-digit -- by ownership sector","All establishment sizes",3,0,0,0,0,0,0,0
"06071",5,"311511",78,0,2013,2,"N","San Bernardino County, California","Private","Fluid milk manufacturing","County, NAICS 6-digit -- by ownership sector","All establishment sizes",3,0,0,0,0,0,0,0
"06071",5,"311511",78,0,2013,3,"N","San Bernardino County, California","Private","Fluid milk manufacturing","County, NAICS 6-digit -- by ownership sector","All establishment sizes",3,0,0,0,0,0,0,0
"06071",5,"311513",78,0,2013,1,"","San Bernardino County, California","Private","Cheese manufacturing","County, NAICS 6-digit -- by ownership sector","All establishment sizes",3,118,116,116,1468283,764611,26513,968
"06071",5,"311513",78,0,2013,2,"","San Bernardino County, California","Private","Cheese manufacturing","County, NAICS 6-digit -- by ownership sector","All establishment sizes",3,118,119,118,1365618,131397,4913,888
"06071",5,"311513",78,0,2013,3,"","San Bernardino County, California","Private","Cheese manufacturing","County, NAICS 6-digit -- by ownership sector","All establishment sizes",3,118,121,123,1558634,53010,1820,994
"06071",5,"311514",78,0,2013,1,"N","San Bernardino County, California","Private","Dry, condensed, and evaporated dairy products","County, NAICS 6-digit -- by ownership sector","All establishment sizes",3,0,0,0,0,0,0,0
"06071",5,"311514",78,0,2013,2,"N","San Bernardino County, California","Private","Dry, condensed, and evaporated dairy products","County, NAICS 6-digit -- by ownership sector","All establishment sizes",3,0,0,0,0,0,0,0
"06071",5,"311514",78,0,2013,3,"N","San Bernardino County, California","Private","Dry, condensed, and evaporated dairy products","County, NAICS 6-digit -- by ownership sector","All establishment sizes",2,0,0,0,0,0,0,0
"06071",5,"31152",77,0,2013,1,"","San Bernardino County, California","Private","Ice cream and frozen dessert manufacturing","County, NAICS 5-digit -- by ownership sector","All establishment sizes",5,162,164,170,2209575,942896,49327,1028
"06071",5,"31152",77,0,2013,2,"","San Bernardino County, California","Private","Ice cream and frozen dessert manufacturing","County, NAICS 5-digit -- by ownership sector","All establishment sizes",5,191,195,204,1886491,296175,16964,738
"06071",5,"31152",77,0,2013,3,"","San Bernardino County, California","Private","Ice cream and frozen dessert manufacturing","County, NAICS 5-digit -- by ownership sector","All establishment sizes",6,201,195,193,1965576,215900,12434,770
"06071",5,"311520",78,0,2013,1,"","San Bernardino County, California","Private","Ice cream and frozen dessert manufacturing","County, NAICS 6-digit -- by ownership sector","All establishment sizes",5,162,164,170,2209575,942896,49327,1028
"06071",5,"311520",78,0,2013,2,"","San Bernardino County, California","Private","Ice cream and frozen dessert manufacturing","County, NAICS 6-digit -- by ownership sector","All establishment sizes",5,191,195,204,1886491,296175,16964,738
"06071",5,"311520",78,0,2013,3,"","San Bernardino County, California","Private","Ice cream and frozen dessert manufacturing","County, NAICS 6-digit -- by ownership sector","All establishment sizes",6,201,195,193,1965576,215900,12434,770
"06071",5,"3116",76,0,2013,1,"","San Bernardino County, California","Private","Animal slaughtering and processing","County, NAICS 4-digit -- by ownership sector","All establishment sizes",15,469,469,462,4949893,3057951,176501,816
"06071",5,"3116",76,0,2013,2,"","San Bernardino County, California","Private","Animal slaughtering and processing","County, NAICS 4-digit -- by ownership sector","All establishment sizes",15,469,482,476,4708226,481966,27242,761
"06071",5,"3116",76,0,2013,3,"","San Bernardino County, California","Private","Animal slaughtering and processing","County, NAICS 4-digit -- by ownership sector","All establishment sizes",15,491,499,494,5542302,461797,27345,862
"06071",5,"31161",77,0,2013,1,"","San Bernardino County, California","Private","Animal slaughtering and processing","County, NAICS 5-digit -- by ownership sector","All establishment sizes",15,469,469,462,4949893,3057951,176501,816
"06071",5,"31161",77,0,2013,2,"","San Bernardino County, California","Private","Animal slaughtering and processing","County, NAICS 5-digit -- by ownership sector","All establishment sizes",15,469,482,476,4708226,481966,27242,761
"06071",5,"31161",77,0,2013,3,"","San Bernardino County, California","Private","Animal slaughtering and processing","County, NAICS 5-digit -- by ownership sector","All establishment sizes",15,491,499,494,5542302,461797,27345,862
"06071",5,"311611",78,0,2013,1,"N","San Bernardino County, California","Private","Animal, except poultry, slaughtering","County, NAICS 6-digit -- by ownership sector","All establishment sizes",2,0,0,0,0,0,0,0
"06071",5,"311611",78,0,2013,2,"N","San Bernardino County, California","Private","Animal, except poultry, slaughtering","County, NAICS 6-digit -- by ownership sector","All establishment sizes",2,0,0,0,0,0,0,0
"06071",5,"311611",78,0,2013,3,"N","San Bernardino County, California","Private","Animal, except poultry, slaughtering","County, NAICS 6-digit -- by ownership sector","All establishment sizes",2,0,0,0,0,0,0,0
"06071",5,"311612",78,0,2013,1,"","San Bernardino County, California","Private","Meat processed from carcasses","County, NAICS 6-digit -- by ownership sector","All establishment sizes",10,164,165,172,2296091,1117618,62367,1058
"06071",5,"311612",78,0,2013,2,"","San Bernardino County, California","Private","Meat processed from carcasses","County, NAICS 6-digit -- by ownership sector","All establishment sizes",10,173,178,183,2405984,220544,11535,1040
"06071",5,"311612",78,0,2013,3,"","San Bernardino County, California","Private","Meat processed from carcasses","County, NAICS 6-digit -- by ownership sector","All establishment sizes",10,186,187,184,2618162,141771,7580,1085
"06071",5,"311613",78,0,2013,1,"N","San Bernardino County, California","Private","Rendering and meat byproduct processing","County, NAICS 6-digit -- by ownership sector","All establishment sizes",1,0,0,0,0,0,0,0
"06071",5,"311613",78,0,2013,2,"N","San Bernardino County, California","Private","Rendering and meat byproduct processing","County, NAICS 6-digit -- by ownership sector","All establishment sizes",1,0,0,0,0,0,0,0
"06071",5,"311613",78,0,2013,3,"N","San Bernardino County, California","Private","Rendering and meat byproduct processing","County, NAICS 6-digit -- by ownership sector","All establishment sizes",1,0,0,0,0,0,0,0
"06071",5,"311615",78,0,2013,1,"N","San Bernardino County, California","Private","Poultry processing","County, NAICS 6-digit -- by ownership sector","All establishment sizes",2,0,0,0,0,0,0,0
"06071",5,"311615",78,0,2013,2,"N","San Bernardino County, California","Private","Poultry processing","County, NAICS 6-digit -- by ownership sector","All establishment sizes",2,0,0,0,0,0,0,0
"06071",5,"311615",78,0,2013,3,"N","San Bernardino County, California","Private","Poultry processing","County, NAICS 6-digit -- by ownership sector","All establishment sizes",2,0,0,0,0,0,0,0
"06071",5,"3117",76,0,2013,1,"N","San Bernardino County, California","Private","Seafood product preparation and packaging","County, NAICS 4-digit -- by ownership sector","All establishment sizes",1,0,0,0,0,0,0,0
"06071",5,"3117",76,0,2013,2,"N","San Bernardino County, California","Private","Seafood product preparation and packaging","County, NAICS 4-digit -- by ownership sector","All establishment sizes",1,0,0,0,0,0,0,0
"06071",5,"3117",76,0,2013,3,"N","San Bernardino County, California","Private","Seafood product preparation and packaging","County, NAICS 4-digit -- by ownership sector","All establishment sizes",1,0,0,0,0,0,0,0
"06071",5,"31171",77,0,2013,1,"N","San Bernardino County, California","Private","Seafood product preparation and packaging","County, NAICS 5-digit -- by ownership sector","All establishment sizes",1,0,0,0,0,0,0,0
"06071",5,"31171",77,0,2013,2,"N","San Bernardino County, California","Private","Seafood product preparation and packaging","County, NAICS 5-digit -- by ownership sector","All establishment sizes",1,0,0,0,0,0,0,0
"06071",5,"31171",77,0,2013,3,"N","San Bernardino County, California","Private","Seafood product preparation and packaging","County, NAICS 5-digit -- by ownership sector","All establishment sizes",1,0,0,0,0,0,0,0
"06071",5,"311710",78,0,2013,1,"N","San Bernardino County, California","Private","Seafood product preparation and packaging","County, NAICS 6-digit -- by ownership sector","All establishment sizes",1,0,0,0,0,0,0,0
"06071",5,"311710",78,0,2013,2,"N","San Bernardino County, California","Private","Seafood product preparation and packaging","County, NAICS 6-digit -- by ownership sector","All establishment sizes",1,0,0,0,0,0,0,0
"06071",5,"311710",78,0,2013,3,"N","San Bernardino County, California","Private","Seafood product preparation and packaging","County, NAICS 6-digit -- by ownership sector","All establishment sizes",1,0,0,0,0,0,0,0
"06071",5,"3118",76,0,2013,1,"","San Bernardino County, California","Private","Bakeries and tortilla manufacturing","County, NAICS 4-digit -- by ownership sector","All establishment sizes",54,2190,2193,2255,18261854,12924668,667028,635
"06071",5,"3118",76,0,2013,2,"","San Bernardino County, California","Private","Bakeries and tortilla manufacturing","County, NAICS 4-digit -- by ownership sector","All establishment sizes",56,2161,2191,2200,17525657,2965574,148607,617
"06071",5,"3118",76,0,2013,3,"","San Bernardino County, California","Private","Bakeries and tortilla manufacturing","County, NAICS 4-digit -- by ownership sector","All establishment sizes",56,2228,2244,2273,18626224,1346886,67161,637
"06071",5,"31181",77,0,2013,1,"N","San Bernardino County, California","Private","Bread and bakery product manufacturing","County, NAICS 5-digit -- by ownership sector","All establishment sizes",40,0,0,0,0,0,0,0
"06071",5,"31181",77,0,2013,2,"N","San Bernardino County, California","Private","Bread and bakery product manufacturing","County, NAICS 5-digit -- by ownership sector","All establishment sizes",42,0,0,0,0,0,0,0
"06071",5,"31181",77,0,2013,3,"N","San Bernardino County, California","Private","Bread and bakery product manufacturing","County, NAICS 5-digit -- by ownership sector","All establishment sizes",42,0,0,0,0,0,0,0
"06071",5,"311811",78,0,2013,1,"","San Bernardino County, California","Private","Retail bakeries","County, NAICS 6-digit -- by ownership sector","All establishment sizes",31,208,214,223,954725,802641,36321,342
"06071",5,"311811",78,0,2013,2,"","San Bernardino County, California","Private","Retail bakeries","County, NAICS 6-digit -- by ownership sector","All establishment sizes",33,238,235,240,993115,476750,21147,321
"06071",5,"311811",78,0,2013,3,"","San Bernardino County, California","Private","Retail bakeries","County, NAICS 6-digit -- by ownership sector","All establishment sizes",33,244,241,244,1044726,241604,10574,331
"06071",5,"311812",78,0,2013,1,"N","San Bernardino County, California","Private","Commercial bakeries","County, NAICS 6-digit -- by ownership sector","All establishment sizes",9,0,0,0,0,0,0,0
"06071",5,"311812",78,0,2013,2,"N","San Bernardino County, California","Private","Commercial bakeries","County, NAICS 6-digit -- by ownership sector","All establishment sizes",9,0,0,0,0,0,0,0
"06071",5,"311812",78,0,2013,3,"N","San Bernardino County, California","Private","Commercial bakeries","County, NAICS 6-digit -- by ownership sector","All establishment sizes",9,0,0,0,0,0,0,0
"06071",5,"31182",77,0,2013,1,"","San Bernardino County, California","Private","Cookie, cracker, and pasta manufacturing","County, NAICS 5-digit -- by ownership sector","All establishment sizes",9,896,905,907,7371612,5278785,257540,628
"06071",5,"31182",77,0,2013,2,"","San Bernardino County, California","Private","Cookie, cracker, and pasta manufacturing","County, NAICS 5-digit -- by ownership sector","All establishment sizes",9,855,855,855,6575100,1526879,75031,592
"06071",5,"31182",77,0,2013,3,"","San Bernardino County, California","Private","Cookie, cracker, and pasta manufacturing","County, NAICS 5-digit -- by ownership sector","All establishment sizes",9,854,875,894,7636153,658768,32474,672
"06071",5,"311821",78,0,2013,1,"N","San Bernardino County, California","Private","Cookie and cracker manufacturing","County, NAICS 6-digit -- by ownership sector","All establishment sizes",3,0,0,0,0,0,0,0
"06071",5,"311821",78,0,2013,2,"N","San Bernardino County, California","Private","Cookie and cracker manufacturing","County, NAICS 6-digit -- by ownership sector","All establishment sizes",3,0,0,0,0,0,0,0
"06071",5,"311821",78,0,2013,3,"N","San Bernardino County, California","Private","Cookie and cracker manufacturing","County, NAICS 6-digit -- by ownership sector","All establishment sizes",3,0,0,0,0,0,0,0
"06071",5,"311824",78,0,2013,1,"N","San Bernardino County, California","Private","Dry pasta and mixes from purchased flour","County, NAICS 6-digit -- by ownership sector","All establishment sizes",6,0,0,0,0,0,0,0
"06071",5,"311824",78,0,2013,2,"N","San Bernardino County, California","Private","Dry pasta and mixes from purchased flour","County, NAICS 6-digit -- by ownership sector","All establishment sizes",6,0,0,0,0,0,0,0
"06071",5,"311824",78,0,2013,3,"N","San Bernardino County, California","Private","Dry pasta and mixes from purchased flour","County, NAICS 6-digit -- by ownership sector","All establishment sizes",6,0,0,0,0,0,0,0
"06071",5,"31183",77,0,2013,1,"N","San Bernardino County, California","Private","Tortilla manufacturing","County, NAICS 5-digit -- by ownership sector","All establishment sizes",5,0,0,0,0,0,0,0
"06071",5,"31183",77,0,2013,2,"N","San Bernardino County, California","Private","Tortilla manufacturing","County, NAICS 5-digit -- by ownership sector","All establishment sizes",5,0,0,0,0,0,0,0
"06071",5,"31183",77,0,2013,3,"N","San Bernardino County, California","Private","Tortilla manufacturing","County, NAICS 5-digit -- by ownership sector","All establishment sizes",5,0,0,0,0,0,0,0
"06071",5,"311830",78,0,2013,1,"N","San Bernardino County, California","Private","Tortilla manufacturing","County, NAICS 6-digit -- by ownership sector","All establishment sizes",5,0,0,0,0,0,0,0
"06071",5,"311830",78,0,2013,2,"N","San Bernardino County, California","Private","Tortilla manufacturing","County, NAICS 6-digit -- by ownership sector","All establishment sizes",5,0,0,0,0,0,0,0
"06071",5,"311830",78,0,2013,3,"N","San Bernardino County, California","Private","Tortilla manufacturing","County, NAICS 6-digit -- by ownership sector","All establishment sizes",5,0,0,0,0,0,0,0
"06071",5,"3119",76,0,2013,1,"","San Bernardino County, California","Private","Other food manufacturing","County, NAICS 4-digit -- by ownership sector","All establishment sizes",19,1384,1392,1399,19195103,8942176,476013,1061
"06071",5,"3119",76,0,2013,2,"","San Bernardino County, California","Private","Other food manufacturing","County, NAICS 4-digit -- by ownership sector","All establishment sizes",20,1401,1378,1395,18612874,975715,46381,1029
"06071",5,"3119",76,0,2013,3,"","San Bernardino County, California","Private","Other food manufacturing","County, NAICS 4-digit -- by ownership sector","All establishment sizes",20,1390,1387,1382,18097290,491794,24581,1004
"06071",5,"31191",77,0,2013,1,"","San Bernardino County, California","Private","Snack food manufacturing","County, NAICS 5-digit -- by ownership sector","All establishment sizes",4,808,827,821,11126368,5358713,287283,1045
"06071",5,"31191",77,0,2013,2,"","San Bernardino County, California","Private","Snack food manufacturing","County, NAICS 5-digit -- by ownership sector","All establishment sizes",4,813,803,817,10698483,616503,31182,1015
"06071",5,"31191",77,0,2013,3,"","San Bernardino County, California","Private","Snack food manufacturing","County, NAICS 5-digit -- by ownership sector","All establishment sizes",4,814,818,818,10428499,279866,14318,982
"06071",5,"311919",78,0,2013,1,"","San Bernardino County, California","Private","Other snack food manufacturing","County, NAICS 6-digit -- by ownership sector","All establishment sizes",4,808,827,821,11126368,5358713,287283,1045
"06071",5,"311919",78,0,2013,2,"","San Bernardino County, California","Private","Other snack food manufacturing","County, NAICS 6-digit -- by ownership sector","All establishment sizes",4,813,803,817,10698483,616503,31182,1015
"06071",5,"311919",78,0,2013,3,"","San Bernardino County, California","Private","Other snack food manufacturing","County, NAICS 6-digit -- by ownership sector","All establishment sizes",4,814,818,818,10428499,279866,14318,982
"06071",5,"31193",77,0,2013,1,"N","San Bernardino County, California","Private","Flavoring syrup and concentrate manufacturing","County, NAICS 5-digit -- by ownership sector","All establishment sizes",1,0,0,0,0,0,0,0
"06071",5,"31193",77,0,2013,2,"N","San Bernardino County, California","Private","Flavoring syrup and concentrate manufacturing","County, NAICS 5-digit -- by ownership sector","All establishment sizes",1,0,0,0,0,0,0,0
"06071",5,"31193",77,0,2013,3,"N","San Bernardino County, California","Private","Flavoring syrup and concentrate manufacturing","County, NAICS 5-digit -- by ownership sector","All establishment sizes",1,0,0,0,0,0,0,0
"06071",5,"311930",78,0,2013,1,"N","San Bernardino County, California","Private","Flavoring syrup and concentrate manufacturing","County, NAICS 6-digit -- by ownership sector","All establishment sizes",1,0,0,0,0,0,0,0
"06071",5,"311930",78,0,2013,2,"N","San Bernardino County, California","Private","Flavoring syrup and concentrate manufacturing","County, NAICS 6-digit -- by ownership sector","All establishment sizes",1,0,0,0,0,0,0,0
"06071",5,"311930",78,0,2013,3,"N","San Bernardino County, California","Private","Flavoring syrup and concentrate manufacturing","County, NAICS 6-digit -- by ownership sector","All establishment sizes",1,0,0,0,0,0,0,0
"06071",5,"31194",77,0,2013,1,"","San Bernardino County, California","Private","Seasoning and dressing manufacturing","County, NAICS 5-digit -- by ownership sector","All establishment sizes",6,356,349,356,4546791,2392316,129672,989
"06071",5,"31194",77,0,2013,2,"","San Bernardino County, California","Private","Seasoning and dressing manufacturing","County, NAICS 5-digit -- by ownership sector","All establishment sizes",6,357,345,347,4544811,136089,7096,1000
"06071",5,"31194",77,0,2013,3,"","San Bernardino County, California","Private","Seasoning and dressing manufacturing","County, NAICS 5-digit -- by ownership sector","All establishment sizes",6,349,343,339,4801846,135243,6987,1075
"06071",5,"311941",78,0,2013,1,"N","San Bernardino County, California","Private","Mayonnaise, dressing, and sauce manufacturing","County, NAICS 6-digit -- by ownership sector","All establishment sizes",1,0,0,0,0,0,0,0
"06071",5,"311941",78,0,2013,2,"N","San Bernardino County, California","Private","Mayonnaise, dressing, and sauce manufacturing","County, NAICS 6-digit -- by ownership sector","All establishment sizes",1,0,0,0,0,0,0,0
"06071",5,"311941",78,0,2013,3,"N","San Bernardino County, California","Private","Mayonnaise, dressing, and sauce manufacturing","County, NAICS 6-digit -- by ownership sector","All establishment sizes",1,0,0,0,0,0,0,0
"06071",5,"311942",78,0,2013,1,"N","San Bernardino County, California","Private","Spice and extract manufacturing","County, NAICS 6-digit -- by ownership sector","All establishment sizes",5,0,0,0,0,0,0,0
"06071",5,"311942",78,0,2013,2,"N","San Bernardino County, California","Private","Spice and extract manufacturing","County, NAICS 6-digit -- by ownership sector","All establishment sizes",5,0,0,0,0,0,0,0
"06071",5,"311942",78,0,2013,3,"N","San Bernardino County, California","Private","Spice and extract manufacturing","County, NAICS 6-digit -- by ownership sector","All establishment sizes",5,0,0,0,0,0,0,0
"06071",5,"31199",77,0,2013,1,"N","San Bernardino County, California","Private","All other food manufacturing","County, NAICS 5-digit -- by ownership sector","All establishment sizes",8,0,0,0,0,0,0,0
"06071",5,"31199",77,0,2013,2,"N","San Bernardino County, California","Private","All other food manufacturing","County, NAICS 5-digit -- by ownership sector","All establishment sizes",9,0,0,0,0,0,0,0
"06071",5,"31199",77,0,2013,3,"N","San Bernardino County, California","Private","All other food manufacturing","County, NAICS 5-digit -- by ownership sector","All establishment sizes",9,0,0,0,0,0,0,0
"06071",5,"311991",78,0,2013,1,"N","San Bernardino County, California","Private","Perishable prepared food manufacturing","County, NAICS 6-digit -- by ownership sector","All establishment sizes",2,0,0,0,0,0,0,0
"06071",5,"311991",78,0,2013,2,"N","San Bernardino County, California","Private","Perishable prepared food manufacturing","County, NAICS 6-digit -- by ownership sector","All establishment sizes",3,0,0,0,0,0,0,0
"06071",5,"311991",78,0,2013,3,"N","San Bernardino County, California","Private","Perishable prepared food manufacturing","County, NAICS 6-digit -- by ownership sector","All establishment sizes",3,0,0,0,0,0,0,0
"06071",5,"311999",78,0,2013,1,"","San Bernardino County, California","Private","All other miscellaneous food manufacturing","County, NAICS 6-digit -- by ownership sector","All establishment sizes",6,97,94,98,1008430,572901,24429,805
"06071",5,"311999",78,0,2013,2,"","San Bernardino County, California","Private","All other miscellaneous food manufacturing","County, NAICS 6-digit -- by ownership sector","All establishment sizes",6,97,101,101,1010761,132518,4696,780
"06071",5,"311999",78,0,2013,3,"","San Bernardino County, California","Private","All other miscellaneous food manufacturing","County, NAICS 6-digit -- by ownership sector","All establishment sizes",6,96,94,93,981550,41262,1676,800
"06071",5,"312",75,0,2013,1,"","San Bernardino County, California","Private","Beverage and tobacco product manufacturing","County, NAICS 3-digit -- by ownership sector","All establishment sizes",17,1161,1159,1143,15249034,7287849,444467,1016
"06071",5,"312",75,0,2013,2,"","San Bernardino County, California","Private","Beverage and tobacco product manufacturing","County, NAICS 3-digit -- by ownership sector","All establishment sizes",17,1182,1200,1187,14310375,822164,47462,925
"06071",5,"312",75,0,2013,3,"","San Bernardino County, California","Private","Beverage and tobacco product manufacturing","County, NAICS 3-digit -- by ownership sector","All establishment sizes",17,1223,1220,1178,14929536,668974,39003,951
"06071",5,"3121",76,0,2013,1,"","San Bernardino County, California","Private","Beverage manufacturing","County, NAICS 4-digit -- by ownership sector","All establishment sizes",17,1161,1159,1143,15249034,7287849,444467,1016
"06071",5,"3121",76,0,2013,2,"","San Bernardino County, California","Private","Beverage manufacturing","County, NAICS 4-digit -- by ownership sector","All establishment sizes",17,1182,1200,1187,14310375,822164,47462,925
"06071",5,"3121",76,0,2013,3,"","San Bernardino County, California","Private","Beverage manufacturing","County, NAICS 4-digit -- by ownership sector","All establishment sizes",17,1223,1220,1178,14929536,668974,39003,951
"06071",5,"31211",77,0,2013,1,"","San Bernardino County, California","Private","Soft drink and ice manufacturing","County, NAICS 5-digit -- by ownership sector","All establishment sizes",11,1056,1050,1025,14584587,6779225,419407,1075
"06071",5,"31211",77,0,2013,2,"","San Bernardino County, California","Private","Soft drink and ice manufacturing","County, NAICS 5-digit -- by ownership sector","All establishment sizes",11,1063,1077,1063,13479646,594193,36742,971
"06071",5,"31211",77,0,2013,3,"","San Bernardino County, California","Private","Soft drink and ice manufacturing","County, NAICS 5-digit -- by ownership sector","All establishment sizes",11,1102,1093,1056,14043138,509388,31536,997
"06071",5,"312111",78,0,2013,1,"","San Bernardino County, California","Private","Soft drink manufacturing","County, NAICS 6-digit -- by ownership sector","All establishment sizes",7,726,722,696,9126621,4452360,275654,982
"06071",5,"312111",78,0,2013,2,"","San Bernardino County, California","Private","Soft drink manufacturing","County, NAICS 6-digit -- by ownership sector","All establishment sizes",7,724,717,691,8922276,240735,14925,966
"06071",5,"312111",78,0,2013,3,"","San Bernardino County, California","Private","Soft drink manufacturing","County, NAICS 6-digit -- by ownership sector","All establishment sizes",7,723,722,690,9116361,241354,14964,985
"06071",5,"312112",78,0,2013,1,"N","San Bernardino County, California","Private","Bottled water manufacturing","County, NAICS 6-digit -- by ownership sector","All establishment sizes",2,0,0,0,0,0,0,0
"06071",5,"312112",78,0,2013,2,"N","San Bernardino County, California","Private","Bottled water manufacturing","County, NAICS 6-digit -- by ownership sector","All establishment sizes",2,0,0,0,0,0,0,0
"06071",5,"312112",78,0,2013,3,"N","San Bernardino County, California","Private","Bottled water manufacturing","County, NAICS 6-digit -- by ownership sector","All establishment sizes",2,0,0,0,0,0,0,0
"06071",5,"312113",78,0,2013,1,"N","San Bernardino County, California","Private","Ice manufacturing","County, NAICS 6-digit -- by ownership sector","All establishment sizes",2,0,0,0,0,0,0,0
"06071",5,"312113",78,0,2013,2,"N","San Bernardino County, California","Private","Ice manufacturing","County, NAICS 6-digit -- by ownership sector","All establishment sizes",2,0,0,0,0,0,0,0
"06071",5,"312113",78,0,2013,3,"N","San Bernardino County, California","Private","Ice manufacturing","County, NAICS 6-digit -- by ownership sector","All establishment sizes",2,0,0,0,0,0,0,0
"06071",5,"31212",77,0,2013,1,"","San Bernardino County, California","Private","Breweries","County, NAICS 5-digit -- by ownership sector","All establishment sizes",3,77,82,83,492983,380778,17856,470
"06071",5,"31212",77,0,2013,2,"","San Bernardino County, California","Private","Breweries","County, NAICS 5-digit -- by ownership sector","All establishment sizes",3,89,95,95,675115,190061,8732,558
"06071",5,"31212",77,0,2013,3,"","San Bernardino County, California","Private","Breweries","County, NAICS 5-digit -- by ownership sector","All establishment sizes",3,95,94,95,742184,137674,6226,603
"06071",5,"312120",78,0,2013,1,"","San Bernardino County, California","Private","Breweries","County, NAICS 6-digit -- by ownership sector","All establishment sizes",3,77,82,83,492983,380778,17856,470
"06071",5,"312120",78,0,2013,2,"","San Bernardino County, California","Private","Breweries","County, NAICS 6-digit -- by ownership sector","All establishment sizes",3,89,95,95,675115,190061,8732,558
"06071",5,"312120",78,0,2013,3,"","San Bernardino County, California","Private","Breweries","County, NAICS 6-digit -- by ownership sector","All establishment sizes",3,95,94,95,742184,137674,6226,603
"06071",5,"31213",77,0,2013,1,"","San Bernardino County, California","Private","Wineries","County, NAICS 5-digit -- by ownership sector","All establishment sizes",3,28,27,35,171464,127846,7204,440
"06071",5,"31213",77,0,2013,2,"","San Bernardino County, California","Private","Wineries","County, NAICS 5-digit -- by ownership sector","All establishment sizes",3,30,28,29,155614,37910,1988,413
"06071",5,"31213",77,0,2013,3,"","San Bernardino County, California","Private","Wineries","County, NAICS 5-digit -- by ownership sector","All establishment sizes",3,26,33,27,144214,21912,1241,387
"06071",5,"312130",78,0,2013,1,"","San Bernardino County, California","Private","Wineries","County, NAICS 6-digit -- by ownership sector","All establishment sizes",3,28,27,35,171464,127846,7204,440
"06071",5,"312130",78,0,2013,2,"","San Bernardino County, California","Private","Wineries","County, NAICS 6-digit -- by ownership sector","All establishment sizes",3,30,28,29,155614,37910,1988,413
"06071",5,"312130",78,0,2013,3,"","San Bernardino County, California","Private","Wineries","County, NAICS 6-digit -- by ownership sector","All establishment sizes",3,26,33,27,144214,21912,1241,387
"06071",5,"313",75,0,2013,1,"","San Bernardino County, California","Private","Textile mills","County, NAICS 3-digit -- by ownership sector","All establishment sizes",9,199,192,191,2015044,1165642,67094,799
"06071",5,"313",75,0,2013,2,"","San Bernardino County, California","Private","Textile mills","County, NAICS 3-digit -- by ownership sector","All establishment sizes",9,200,207,208,1977222,347890,19895,742
"06071",5,"313",75,0,2013,3,"","San Bernardino County, California","Private","Textile mills","County, NAICS 3-digit -- by ownership sector","All establishment sizes",9,211,211,224,2037721,221354,12511,728
"06071",5,"3131",76,0,2013,1,"N","San Bernardino County, California","Private","Fiber, yarn, and thread mills","County, NAICS 4-digit -- by ownership sector","All establishment sizes",1,0,0,0,0,0,0,0
"06071",5,"3131",76,0,2013,2,"N","San Bernardino County, California","Private","Fiber, yarn, and thread mills","County, NAICS 4-digit -- by ownership sector","All establishment sizes",1,0,0,0,0,0,0,0
"06071",5,"3131",76,0,2013,3,"N","San Bernardino County, California","Private","Fiber, yarn, and thread mills","County, NAICS 4-digit -- by ownership sector","All establishment sizes",1,0,0,0,0,0,0,0
"06071",5,"31311",77,0,2013,1,"N","San Bernardino County, California","Private","Fiber, yarn, and thread mills","County, NAICS 5-digit -- by ownership sector","All establishment sizes",1,0,0,0,0,0,0,0
"06071",5,"31311",77,0,2013,2,"N","San Bernardino County, California","Private","Fiber, yarn, and thread mills","County, NAICS 5-digit -- by ownership sector","All establishment sizes",1,0,0,0,0,0,0,0
"06071",5,"31311",77,0,2013,3,"N","San Bernardino County, California","Private","Fiber, yarn, and thread mills","County, NAICS 5-digit -- by ownership sector","All establishment sizes",1,0,0,0,0,0,0,0
"06071",5,"313110",78,0,2013,1,"N","San Bernardino County, California","Private","Fiber, yarn, and thread mills","County, NAICS 6-digit -- by ownership sector","All establishment sizes",1,0,0,0,0,0,0,0
"06071",5,"313110",78,0,2013,2,"N","San Bernardino County, California","Private","Fiber, yarn, and thread mills","County, NAICS 6-digit -- by ownership sector","All establishment sizes",1,0,0,0,0,0,0,0
"06071",5,"313110",78,0,2013,3,"N","San Bernardino County, California","Private","Fiber, yarn, and thread mills","County, NAICS 6-digit -- by ownership sector","All establishment sizes",1,0,0,0,0,0,0,0
"06071",5,"3132",76,0,2013,1,"N","San Bernardino County, California","Private","Fabric mills","County, NAICS 4-digit -- by ownership sector","All establishment sizes",1,0,0,0,0,0,0,0
"06071",5,"3132",76,0,2013,2,"N","San Bernardino County, California","Private","Fabric mills","County, NAICS 4-digit -- by ownership sector","All establishment sizes",1,0,0,0,0,0,0,0
"06071",5,"3132",76,0,2013,3,"N","San Bernardino County, California","Private","Fabric mills","County, NAICS 4-digit -- by ownership sector","All establishment sizes",1,0,0,0,0,0,0,0
"06071",5,"31323",77,0,2013,1,"N","San Bernardino County, California","Private","Nonwoven fabric mills","County, NAICS 5-digit -- by ownership sector","All establishment sizes",1,0,0,0,0,0,0,0
"06071",5,"31323",77,0,2013,2,"N","San Bernardino County, California","Private","Nonwoven fabric mills","County, NAICS 5-digit -- by ownership sector","All establishment sizes",1,0,0,0,0,0,0,0
"06071",5,"31323",77,0,2013,3,"N","San Bernardino County, California","Private","Nonwoven fabric mills","County, NAICS 5-digit -- by ownership sector","All establishment sizes",1,0,0,0,0,0,0,0
"06071",5,"313230",78,0,2013,1,"N","San Bernardino County, California","Private","Nonwoven fabric mills","County, NAICS 6-digit -- by ownership sector","All establishment sizes",1,0,0,0,0,0,0,0
"06071",5,"313230",78,0,2013,2,"N","San Bernardino County, California","Private","Nonwoven fabric mills","County, NAICS 6-digit -- by ownership sector","All establishment sizes",1,0,0,0,0,0,0,0
"06071",5,"313230",78,0,2013,3,"N","San Bernardino County, California","Private","Nonwoven fabric mills","County, NAICS 6-digit -- by ownership sector","All establishment sizes",1,0,0,0,0,0,0,0
"06071",5,"3133",76,0,2013,1,"","San Bernardino County, California","Private","Textile and fabric finishing mills","County, NAICS 4-digit -- by ownership sector","All establishment sizes",7,62,56,63,333871,289197,15384,426
"06071",5,"3133",76,0,2013,2,"","San Bernardino County, California","Private","Textile and fabric finishing mills","County, NAICS 4-digit -- by ownership sector","All establishment sizes",7,61,66,62,316429,122742,6611,386
"06071",5,"3133",76,0,2013,3,"","San Bernardino County, California","Private","Textile and fabric finishing mills","County, NAICS 4-digit -- by ownership sector","All establishment sizes",7,62,62,83,337000,91991,4865,376
"06071",5,"31331",77,0,2013,1,"","San Bernardino County, California","Private","Textile and fabric finishing mills","County, NAICS 5-digit -- by ownership sector","All establishment sizes",7,62,56,63,333871,289197,15384,426
"06071",5,"31331",77,0,2013,2,"","San Bernardino County, California","Private","Textile and fabric finishing mills","County, NAICS 5-digit -- by ownership sector","All establishment sizes",7,61,66,62,316429,122742,6611,386
"06071",5,"31331",77,0,2013,3,"","San Bernardino County, California","Private","Textile and fabric finishing mills","County, NAICS 5-digit -- by ownership sector","All establishment sizes",7,62,62,83,337000,91991,4865,376
"06071",5,"313310",78,0,2013,1,"","San Bernardino County, California","Private","Textile and fabric finishing mills","County, NAICS 6-digit -- by ownership sector","All establishment sizes",7,62,56,63,333871,289197,15384,426
"06071",5,"313310",78,0,2013,2,"","San Bernardino County, California","Private","Textile and fabric finishing mills","County, NAICS 6-digit -- by ownership sector","All establishment sizes",7,61,66,62,316429,122742,6611,386
"06071",5,"313310",78,0,2013,3,"","San Bernardino County, California","Private","Textile and fabric finishing mills","County, NAICS 6-digit -- by ownership sector","All establishment sizes",7,62,62,83,337000,91991,4865,376
"06071",5,"314",75,0,2013,1,"","San Bernardino County, California","Private","Textile product mills","County, NAICS 3-digit -- by ownership sector","All establishment sizes",24,435,425,416,3064272,2273655,108530,554
"06071",5,"314",75,0,2013,2,"","San Bernardino County, California","Private","Textile product mills","County, NAICS 3-digit -- by ownership sector","All establishment sizes",25,410,407,385,3079870,680961,30783,591
"06071",5,"314",75,0,2013,3,"","San Bernardino County, California","Private","Textile product mills","County, NAICS 3-digit -- by ownership sector","All establishment sizes",25,378,387,398,2859567,162062,8250,567
"06071",5,"3141",76,0,2013,1,"","San Bernardino County, California","Private","Textile furnishings mills","County, NAICS 4-digit -- by ownership sector","All establishment sizes",5,196,194,179,1546891,1103715,65052,627
"06071",5,"3141",76,0,2013,2,"","San Bernardino County, California","Private","Textile furnishings mills","County, NAICS 4-digit -- by ownership sector","All establishment sizes",5,174,169,144,1539252,275249,15251,729
"06071",5,"3141",76,0,2013,3,"","San Bernardino County, California","Private","Textile furnishings mills","County, NAICS 4-digit -- by ownership sector","All establishment sizes",5,136,151,159,1283285,41641,2460,664
"06071",5,"31412",77,0,2013,1,"","San Bernardino County, California","Private","Curtain and linen mills","County, NAICS 5-digit -- by ownership sector","All establishment sizes",5,196,194,179,1546891,1103715,65052,627
"06071",5,"31412",77,0,2013,2,"","San Bernardino County, California","Private","Curtain and linen mills","County, NAICS 5-digit -- by ownership sector","All establishment sizes",5,174,169,144,1539252,275249,15251,729
"06071",5,"31412",77,0,2013,3,"","San Bernardino County, California","Private","Curtain and linen mills","County, NAICS 5-digit -- by ownership sector","All establishment sizes",5,136,151,159,1283285,41641,2460,664
"06071",5,"314120",78,0,2013,1,"","San Bernardino County, California","Private","Curtain and linen mills","County, NAICS 6-digit -- by ownership sector","All establishment sizes",5,196,194,179,1546891,1103715,65052,627
"06071",5,"314120",78,0,2013,2,"","San Bernardino County, California","Private","Curtain and linen mills","County, NAICS 6-digit -- by ownership sector","All establishment sizes",5,174,169,144,1539252,275249,15251,729
"06071",5,"314120",78,0,2013,3,"","San Bernardino County, California","Private","Curtain and linen mills","County, NAICS 6-digit -- by ownership sector","All establishment sizes",5,136,151,159,1283285,41641,2460,664
"06071",5,"3149",76,0,2013,1,"","San Bernardino County, California","Private","Other textile product mills","County, NAICS 4-digit -- by ownership sector","All establishment sizes",19,239,231,237,1517381,1169940,43478,495
"06071",5,"3149",76,0,2013,2,"","San Bernardino County, California","Private","Other textile product mills","County, NAICS 4-digit -- by ownership sector","All establishment sizes",20,236,238,241,1540618,405712,15532,497
"06071",5,"3149",76,0,2013,3,"","San Bernardino County, California","Private","Other textile product mills","County, NAICS 4-digit -- by ownership sector","All establishment sizes",20,242,236,239,1576282,120421,5790,507
"06071",5,"31491",77,0,2013,1,"","San Bernardino County, California","Private","Textile bag and canvas mills","County, NAICS 5-digit -- by ownership sector","All establishment sizes",8,78,76,81,512231,354898,13963,503
"06071",5,"31491",77,0,2013,2,"","San Bernardino County, California","Private","Textile bag and canvas mills","County, NAICS 5-digit -- by ownership sector","All establishment sizes",8,82,80,79,532281,99244,4040,510
"06071",5,"31491",77,0,2013,3,"","San Bernardino County, California","Private","Textile bag and canvas mills","County, NAICS 5-digit -- by ownership sector","All establishment sizes",8,78,71,76,474602,41119,1821,487
"06071",5,"314910",78,0,2013,1,"","San Bernardino County, California","Private","Textile bag and canvas mills","County, NAICS 6-digit -- by ownership sector","All establishment sizes",8,78,76,81,512231,354898,13963,503
"06071",5,"314910",78,0,2013,2,"","San Bernardino County, California","Private","Textile bag and canvas mills","County, NAICS 6-digit -- by ownership sector","All establishment sizes",8,82,80,79,532281,99244,4040,510
"06071",5,"314910",78,0,2013,3,"","San Bernardino County, California","Private","Textile bag and canvas mills","County, NAICS 6-digit -- by ownership sector","All establishment sizes",8,78,71,76,474602,41119,1821,487
"06071",5,"31499",77,0,2013,1,"","San Bernardino County, California","Private","All other textile product mills","County, NAICS 5-digit -- by ownership sector","All establishment sizes",11,161,155,156,1005150,815042,29515,491
"06071",5,"31499",77,0,2013,2,"","San Bernardino County, California","Private","All other textile product mills","County, NAICS 5-digit -- by ownership sector","All establishment sizes",12,154,158,162,1008337,306468,11492,491
"06071",5,"31499",77,0,2013,3,"","San Bernardino County, California","Private","All other textile product mills","County, NAICS 5-digit -- by ownership sector","All establishment sizes",12,164,165,163,1101680,79302,3969,517
"06071",5,"314994",78,0,2013,1,"N","San Bernardino County, California","Private","Rope, cordage, twine, and tire fabric mills","County, NAICS 6-digit -- by ownership sector","All establishment sizes",1,0,0,0,0,0,0,0
"06071",5,"314994",78,0,2013,2,"N","San Bernardino County, California","Private","Rope, cordage, twine, and tire fabric mills","County, NAICS 6-digit -- by ownership sector","All establishment sizes",1,0,0,0,0,0,0,0
"06071",5,"314994",78,0,2013,3,"N","San Bernardino County, California","Private","Rope, cordage, twine, and tire fabric mills","County, NAICS 6-digit -- by ownership sector","All establishment sizes",1,0,0,0,0,0,0,0
"06071",5,"314999",78,0,2013,1,"N","San Bernardino County, California","Private","All other miscellaneous textile product mills","County, NAICS 6-digit -- by ownership sector","All establishment sizes",10,0,0,0,0,0,0,0
"06071",5,"314999",78,0,2013,2,"N","San Bernardino County, California","Private","All other miscellaneous textile product mills","County, NAICS 6-digit -- by ownership sector","All establishment sizes",11,0,0,0,0,0,0,0
"06071",5,"314999",78,0,2013,3,"N","San Bernardino County, California","Private","All other miscellaneous textile product mills","County, NAICS 6-digit -- by ownership sector","All establishment sizes",11,0,0,0,0,0,0,0
"06071",5,"315",75,0,2013,1,"","San Bernardino County, California","Private","Apparel manufacturing","County, NAICS 3-digit -- by ownership sector","All establishment sizes",40,273,280,297,1450816,1257578,57364,394
"06071",5,"315",75,0,2013,2,"","San Bernardino County, California","Private","Apparel manufacturing","County, NAICS 3-digit -- by ownership sector","All establishment sizes",41,298,300,306,1638692,777952,37143,418
"06071",5,"315",75,0,2013,3,"","San Bernardino County, California","Private","Apparel manufacturing","County, NAICS 3-digit -- by ownership sector","All establishment sizes",41,312,312,306,1616553,253843,10741,401
"06071",5,"3151",76,0,2013,1,"N","San Bernardino County, California","Private","Apparel knitting mills","County, NAICS 4-digit -- by ownership sector","All establishment sizes",1,0,0,0,0,0,0,0
"06071",5,"3151",76,0,2013,2,"N","San Bernardino County, California","Private","Apparel knitting mills","County, NAICS 4-digit -- by ownership sector","All establishment sizes",1,0,0,0,0,0,0,0
"06071",5,"3151",76,0,2013,3,"N","San Bernardino County, California","Private","Apparel knitting mills","County, NAICS 4-digit -- by ownership sector","All establishment sizes",1,0,0,0,0,0,0,0
"06071",5,"31511",77,0,2013,1,"N","San Bernardino County, California","Private","Hosiery and sock mills","County, NAICS 5-digit -- by ownership sector","All establishment sizes",1,0,0,0,0,0,0,0
"06071",5,"31511",77,0,2013,2,"N","San Bernardino County, California","Private","Hosiery and sock mills","County, NAICS 5-digit -- by ownership sector","All establishment sizes",1,0,0,0,0,0,0,0
"06071",5,"31511",77,0,2013,3,"N","San Bernardino County, California","Private","Hosiery and sock mills","County, NAICS 5-digit -- by ownership sector","All establishment sizes",1,0,0,0,0,0,0,0
"06071",5,"315110",78,0,2013,1,"N","San Bernardino County, California","Private","Hosiery and sock mills","County, NAICS 6-digit -- by ownership sector","All establishment sizes",1,0,0,0,0,0,0,0
"06071",5,"315110",78,0,2013,2,"N","San Bernardino County, California","Private","Hosiery and sock mills","County, NAICS 6-digit -- by ownership sector","All establishment sizes",1,0,0,0,0,0,0,0
"06071",5,"315110",78,0,2013,3,"N","San Bernardino County, California","Private","Hosiery and sock mills","County, NAICS 6-digit -- by ownership sector","All establishment sizes",1,0,0,0,0,0,0,0
"06071",5,"3152",76,0,2013,1,"","San Bernardino County, California","Private","Cut and sew apparel manufacturing","County, NAICS 4-digit -- by ownership sector","All establishment sizes",37,229,235,251,1136276,1039338,48289,367
"06071",5,"3152",76,0,2013,2,"","San Bernardino County, California","Private","Cut and sew apparel manufacturing","County, NAICS 4-digit -- by ownership sector","All establishment sizes",38,251,255,257,1258325,670320,32152,381
"06071",5,"3152",76,0,2013,3,"","San Bernardino County, California","Private","Cut and sew apparel manufacturing","County, NAICS 4-digit -- by ownership sector","All establishment sizes",38,265,263,257,1197652,234606,9874,352
"06071",5,"31521",77,0,2013,1,"","San Bernardino County, California","Private","Cut and sew apparel contractors","County, NAICS 5-digit -- by ownership sector","All establishment sizes",24,138,139,148,639851,621721,27178,347
"06071",5,"31521",77,0,2013,2,"","San Bernardino County, California","Private","Cut and sew apparel contractors","County, NAICS 5-digit -- by ownership sector","All establishment sizes",25,153,147,154,696464,402438,17720,354
"06071",5,"31521",77,0,2013,3,"","San Bernardino County, California","Private","Cut and sew apparel contractors","County, NAICS 5-digit -- by ownership sector","All establishment sizes",25,162,162,160,666611,168891,6834,318
"06071",5,"315210",78,0,2013,1,"","San Bernardino County, California","Private","Cut and sew apparel contractors","County, NAICS 6-digit -- by ownership sector","All establishment sizes",24,138,139,148,639851,621721,27178,347
"06071",5,"315210",78,0,2013,2,"","San Bernardino County, California","Private","Cut and sew apparel contractors","County, NAICS 6-digit -- by ownership sector","All establishment sizes",25,153,147,154,696464,402438,17720,354
"06071",5,"315210",78,0,2013,3,"","San Bernardino County, California","Private","Cut and sew apparel contractors","County, NAICS 6-digit -- by ownership sector","All establishment sizes",25,162,162,160,666611,168891,6834,318
"06071",5,"31522",77,0,2013,1,"","San Bernardino County, California","Private","Men's and boys’ cut and sew apparel mfg.","County, NAICS 5-digit -- by ownership sector","All establishment sizes",5,66,64,66,308747,270339,14588,364
"06071",5,"31522",77,0,2013,2,"","San Bernardino County, California","Private","Men's and boys’ cut and sew apparel mfg.","County, NAICS 5-digit -- by ownership sector","All establishment sizes",5,63,71,69,400392,184489,10285,455
"06071",5,"31522",77,0,2013,3,"","San Bernardino County, California","Private","Men's and boys’ cut and sew apparel mfg.","County, NAICS 5-digit -- by ownership sector","All establishment sizes",5,67,68,67,335153,33157,1324,383
"06071",5,"315220",78,0,2013,1,"","San Bernardino County, California","Private","Men's and boys' cut and sew apparel mfg.","County, NAICS 6-digit -- by ownership sector","All establishment sizes",5,66,64,66,308747,270339,14588,364
"06071",5,"315220",78,0,2013,2,"","San Bernardino County, California","Private","Men's and boys' cut and sew apparel mfg.","County, NAICS 6-digit -- by ownership sector","All establishment sizes",5,63,71,69,400392,184489,10285,455
"06071",5,"315220",78,0,2013,3,"","San Bernardino County, California","Private","Men's and boys' cut and sew apparel mfg.","County, NAICS 6-digit -- by ownership sector","All establishment sizes",5,67,68,67,335153,33157,1324,383
"06071",5,"31524",77,0,2013,1,"N","San Bernardino County, California","Private","Women's and infants' cut and sew apparel mfg.","County, NAICS 5-digit -- by ownership sector","All establishment sizes",6,0,0,0,0,0,0,0
"06071",5,"31524",77,0,2013,2,"N","San Bernardino County, California","Private","Women's and infants' cut and sew apparel mfg.","County, NAICS 5-digit -- by ownership sector","All establishment sizes",6,0,0,0,0,0,0,0
"06071",5,"31524",77,0,2013,3,"N","San Bernardino County, California","Private","Women's and infants' cut and sew apparel mfg.","County, NAICS 5-digit -- by ownership sector","All establishment sizes",6,0,0,0,0,0,0,0
"06071",5,"315240",78,0,2013,1,"N","San Bernardino County, California","Private","Women's cut and sew apparel manufacturing","County, NAICS 6-digit -- by ownership sector","All establishment sizes",6,0,0,0,0,0,0,0
"06071",5,"315240",78,0,2013,2,"N","San Bernardino County, California","Private","Women's cut and sew apparel manufacturing","County, NAICS 6-digit -- by ownership sector","All establishment sizes",6,0,0,0,0,0,0,0
"06071",5,"315240",78,0,2013,3,"N","San Bernardino County, California","Private","Women's cut and sew apparel manufacturing","County, NAICS 6-digit -- by ownership sector","All establishment sizes",6,0,0,0,0,0,0,0
"06071",5,"31528",77,0,2013,1,"N","San Bernardino County, California","Private","Other cut and sew apparel manufacturing","County, NAICS 5-digit -- by ownership sector","All establishment sizes",2,0,0,0,0,0,0,0
"06071",5,"31528",77,0,2013,2,"N","San Bernardino County, California","Private","Other cut and sew apparel manufacturing","County, NAICS 5-digit -- by ownership sector","All establishment sizes",2,0,0,0,0,0,0,0
"06071",5,"31528",77,0,2013,3,"N","San Bernardino County, California","Private","Other cut and sew apparel manufacturing","County, NAICS 5-digit -- by ownership sector","All establishment sizes",2,0,0,0,0,0,0,0
"06071",5,"315280",78,0,2013,1,"N","San Bernardino County, California","Private","Other cut and sew apparel manufacturing","County, NAICS 6-digit -- by ownership sector","All establishment sizes",2,0,0,0,0,0,0,0
"06071",5,"315280",78,0,2013,2,"N","San Bernardino County, California","Private","Other cut and sew apparel manufacturing","County, NAICS 6-digit -- by ownership sector","All establishment sizes",2,0,0,0,0,0,0,0
"06071",5,"315280",78,0,2013,3,"N","San Bernardino County, California","Private","Other cut and sew apparel manufacturing","County, NAICS 6-digit -- by ownership sector","All establishment sizes",2,0,0,0,0,0,0,0
"06071",5,"3159",76,0,2013,1,"N","San Bernardino County, California","Private","Accessories and other apparel manufacturing","County, NAICS 4-digit -- by ownership sector","All establishment sizes",2,0,0,0,0,0,0,0
"06071",5,"3159",76,0,2013,2,"N","San Bernardino County, California","Private","Accessories and other apparel manufacturing","County, NAICS 4-digit -- by ownership sector","All establishment sizes",2,0,0,0,0,0,0,0
"06071",5,"3159",76,0,2013,3,"N","San Bernardino County, California","Private","Accessories and other apparel manufacturing","County, NAICS 4-digit -- by ownership sector","All establishment sizes",2,0,0,0,0,0,0,0
"06071",5,"31599",77,0,2013,1,"N","San Bernardino County, California","Private","Accessories and other apparel manufacturing","County, NAICS 5-digit -- by ownership sector","All establishment sizes",2,0,0,0,0,0,0,0
"06071",5,"31599",77,0,2013,2,"N","San Bernardino County, California","Private","Accessories and other apparel manufacturing","County, NAICS 5-digit -- by ownership sector","All establishment sizes",2,0,0,0,0,0,0,0
"06071",5,"31599",77,0,2013,3,"N","San Bernardino County, California","Private","Accessories and other apparel manufacturing","County, NAICS 5-digit -- by ownership sector","All establishment sizes",2,0,0,0,0,0,0,0
"06071",5,"315990",78,0,2013,1,"N","San Bernardino County, California","Private","Apparel accessories and other apparel mfg.","County, NAICS 6-digit -- by ownership sector","All establishment sizes",2,0,0,0,0,0,0,0
"06071",5,"315990",78,0,2013,2,"N","San Bernardino County, California","Private","Apparel accessories and other apparel mfg.","County, NAICS 6-digit -- by ownership sector","All establishment sizes",2,0,0,0,0,0,0,0
"06071",5,"315990",78,0,2013,3,"N","San Bernardino County, California","Private","Apparel accessories and other apparel mfg.","County, NAICS 6-digit -- by ownership sector","All establishment sizes",2,0,0,0,0,0,0,0
"06071",5,"316",75,0,2013,1,"N","San Bernardino County, California","Private","Leather and allied product manufacturing","County, NAICS 3-digit -- by ownership sector","All establishment sizes",5,0,0,0,0,0,0,0
"06071",5,"316",75,0,2013,2,"","San Bernardino County, California","Private","Leather and allied product manufacturing","County, NAICS 3-digit -- by ownership sector","All establishment sizes",5,235,236,219,1370525,433278,18593,458
"06071",5,"316",75,0,2013,3,"","San Bernardino County, California","Private","Leather and allied product manufacturing","County, NAICS 3-digit -- by ownership sector","All establishment sizes",6,209,204,204,1356789,171704,7193,507
"06071",5,"3161",76,0,2013,1,"N","San Bernardino County, California","Private","Leather and hide tanning and finishing","County, NAICS 4-digit -- by ownership sector","All establishment sizes",1,0,0,0,0,0,0,0
"06071",5,"3161",76,0,2013,2,"N","San Bernardino County, California","Private","Leather and hide tanning and finishing","County, NAICS 4-digit -- by ownership sector","All establishment sizes",1,0,0,0,0,0,0,0
"06071",5,"3161",76,0,2013,3,"N","San Bernardino County, California","Private","Leather and hide tanning and finishing","County, NAICS 4-digit -- by ownership sector","All establishment sizes",1,0,0,0,0,0,0,0
"06071",5,"31611",77,0,2013,1,"N","San Bernardino County, California","Private","Leather and hide tanning and finishing","County, NAICS 5-digit -- by ownership sector","All establishment sizes",1,0,0,0,0,0,0,0
"06071",5,"31611",77,0,2013,2,"N","San Bernardino County, California","Private","Leather and hide tanning and finishing","County, NAICS 5-digit -- by ownership sector","All establishment sizes",1,0,0,0,0,0,0,0
"06071",5,"31611",77,0,2013,3,"N","San Bernardino County, California","Private","Leather and hide tanning and finishing","County, NAICS 5-digit -- by ownership sector","All establishment sizes",1,0,0,0,0,0,0,0
"06071",5,"316110",78,0,2013,1,"N","San Bernardino County, California","Private","Leather and hide tanning and finishing","County, NAICS 6-digit -- by ownership sector","All establishment sizes",1,0,0,0,0,0,0,0
"06071",5,"316110",78,0,2013,2,"N","San Bernardino County, California","Private","Leather and hide tanning and finishing","County, NAICS 6-digit -- by ownership sector","All establishment sizes",1,0,0,0,0,0,0,0
"06071",5,"316110",78,0,2013,3,"N","San Bernardino County, California","Private","Leather and hide tanning and finishing","County, NAICS 6-digit -- by ownership sector","All establishment sizes",1,0,0,0,0,0,0,0
"06071",5,"3162",76,0,2013,1,"N","San Bernardino County, California","Private","Footwear manufacturing","County, NAICS 4-digit -- by ownership sector","All establishment sizes",1,0,0,0,0,0,0,0
"06071",5,"3162",76,0,2013,2,"N","San Bernardino County, California","Private","Footwear manufacturing","County, NAICS 4-digit -- by ownership sector","All establishment sizes",1,0,0,0,0,0,0,0
"06071",5,"3162",76,0,2013,3,"N","San Bernardino County, California","Private","Footwear manufacturing","County, NAICS 4-digit -- by ownership sector","All establishment sizes",1,0,0,0,0,0,0,0
"06071",5,"31621",77,0,2013,1,"N","San Bernardino County, California","Private","Footwear manufacturing","County, NAICS 5-digit -- by ownership sector","All establishment sizes",1,0,0,0,0,0,0,0
"06071",5,"31621",77,0,2013,2,"N","San Bernardino County, California","Private","Footwear manufacturing","County, NAICS 5-digit -- by ownership sector","All establishment sizes",1,0,0,0,0,0,0,0
"06071",5,"31621",77,0,2013,3,"N","San Bernardino County, California","Private","Footwear manufacturing","County, NAICS 5-digit -- by ownership sector","All establishment sizes",1,0,0,0,0,0,0,0
"06071",5,"316210",78,0,2013,1,"N","San Bernardino County, California","Private","Footwear manufacturing","County, NAICS 6-digit -- by ownership sector","All establishment sizes",1,0,0,0,0,0,0,0
"06071",5,"316210",78,0,2013,2,"N","San Bernardino County, California","Private","Footwear manufacturing","County, NAICS 6-digit -- by ownership sector","All establishment sizes",1,0,0,0,0,0,0,0
"06071",5,"316210",78,0,2013,3,"N","San Bernardino County, California","Private","Footwear manufacturing","County, NAICS 6-digit -- by ownership sector","All establishment sizes",1,0,0,0,0,0,0,0
"06071",5,"3169",76,0,2013,1,"","San Bernardino County, California","Private","Other leather product manufacturing","County, NAICS 4-digit -- by ownership sector","All establishment sizes",3,23,23,24,138356,108006,6035,456
"06071",5,"3169",76,0,2013,2,"","San Bernardino County, California","Private","Other leather product manufacturing","County, NAICS 4-digit -- by ownership sector","All establishment sizes",3,25,26,26,151427,74027,4248,454
"06071",5,"3169",76,0,2013,3,"","San Bernardino County, California","Private","Other leather product manufacturing","County, NAICS 4-digit -- by ownership sector","All establishment sizes",4,27,33,33,171922,28029,1458,427
"06071",5,"31699",77,0,2013,1,"","San Bernardino County, California","Private","Other leather product manufacturing","County, NAICS 5-digit -- by ownership sector","All establishment sizes",3,23,23,24,138356,108006,6035,456
"06071",5,"31699",77,0,2013,2,"","San Bernardino County, California","Private","Other leather product manufacturing","County, NAICS 5-digit -- by ownership sector","All establishment sizes",3,25,26,26,151427,74027,4248,454
"06071",5,"31699",77,0,2013,3,"","San Bernardino County, California","Private","Other leather product manufacturing","County, NAICS 5-digit -- by ownership sector","All establishment sizes",4,27,33,33,171922,28029,1458,427
"06071",5,"316998",78,0,2013,1,"","San Bernardino County, California","Private","Other leather good and allied product mfg.","County, NAICS 6-digit -- by ownership sector","All establishment sizes",3,23,23,24,138356,108006,6035,456
"06071",5,"316998",78,0,2013,2,"","San Bernardino County, California","Private","Other leather good and allied product mfg.","County, NAICS 6-digit -- by ownership sector","All establishment sizes",3,25,26,26,151427,74027,4248,454
"06071",5,"316998",78,0,2013,3,"","San Bernardino County, California","Private","Other leather good and allied product mfg.","County, NAICS 6-digit -- by ownership sector","All establishment sizes",4,27,33,33,171922,28029,1458,427
"06071",5,"321",75,0,2013,1,"","San Bernardino County, California","Private","Wood product manufacturing","County, NAICS 3-digit -- by ownership sector","All establishment sizes",71,1538,1551,1554,12506252,8846389,463916,622
"06071",5,"321",75,0,2013,2,"","San Bernardino County, California","Private","Wood product manufacturing","County, NAICS 3-digit -- by ownership sector","All establishment sizes",73,1574,1577,1581,13324564,2133506,102407,650
"06071",5,"321",75,0,2013,3,"","San Bernardino County, California","Private","Wood product manufacturing","County, NAICS 3-digit -- by ownership sector","All establishment sizes",72,1592,1610,1618,13790702,992533,46659,660
"06071",5,"3211",76,0,2013,1,"","San Bernardino County, California","Private","Sawmills and wood preservation","County, NAICS 4-digit -- by ownership sector","All establishment sizes",4,96,94,94,782219,587217,24768,636
"06071",5,"3211",76,0,2013,2,"","San Bernardino County, California","Private","Sawmills and wood preservation","County, NAICS 4-digit -- by ownership sector","All establishment sizes",4,93,92,93,797844,80421,3233,662
"06071",5,"3211",76,0,2013,3,"","San Bernardino County, California","Private","Sawmills and wood preservation","County, NAICS 4-digit -- by ownership sector","All establishment sizes",4,93,97,97,797639,32871,1201,641
"06071",5,"32111",77,0,2013,1,"","San Bernardino County, California","Private","Sawmills and wood preservation","County, NAICS 5-digit -- by ownership sector","All establishment sizes",4,96,94,94,782219,587217,24768,636
"06071",5,"32111",77,0,2013,2,"","San Bernardino County, California","Private","Sawmills and wood preservation","County, NAICS 5-digit -- by ownership sector","All establishment sizes",4,93,92,93,797844,80421,3233,662
"06071",5,"32111",77,0,2013,3,"","San Bernardino County, California","Private","Sawmills and wood preservation","County, NAICS 5-digit -- by ownership sector","All establishment sizes",4,93,97,97,797639,32871,1201,641
"06071",5,"321113",78,0,2013,1,"N","San Bernardino County, California","Private","Sawmills","County, NAICS 6-digit -- by ownership sector","All establishment sizes",2,0,0,0,0,0,0,0
"06071",5,"321113",78,0,2013,2,"N","San Bernardino County, California","Private","Sawmills","County, NAICS 6-digit -- by ownership sector","All establishment sizes",2,0,0,0,0,0,0,0
"06071",5,"321113",78,0,2013,3,"N","San Bernardino County, California","Private","Sawmills","County, NAICS 6-digit -- by ownership sector","All establishment sizes",2,0,0,0,0,0,0,0
"06071",5,"321114",78,0,2013,1,"N","San Bernardino County, California","Private","Wood preservation","County, NAICS 6-digit -- by ownership sector","All establishment sizes",2,0,0,0,0,0,0,0
"06071",5,"321114",78,0,2013,2,"N","San Bernardino County, California","Private","Wood preservation","County, NAICS 6-digit -- by ownership sector","All establishment sizes",2,0,0,0,0,0,0,0
"06071",5,"321114",78,0,2013,3,"N","San Bernardino County, California","Private","Wood preservation","County, NAICS 6-digit -- by ownership sector","All establishment sizes",2,0,0,0,0,0,0,0
"06071",5,"3212",76,0,2013,1,"","San Bernardino County, California","Private","Plywood and engineered wood product mfg.","County, NAICS 4-digit -- by ownership sector","All establishment sizes",9,132,133,139,1130270,777381,45806,646
"06071",5,"3212",76,0,2013,2,"","San Bernardino County, California","Private","Plywood and engineered wood product mfg.","County, NAICS 4-digit -- by ownership sector","All establishment sizes",9,136,142,141,1171205,236772,13136,645
"06071",5,"3212",76,0,2013,3,"","San Bernardino County, California","Private","Plywood and engineered wood product mfg.","County, NAICS 4-digit -- by ownership sector","All establishment sizes",9,142,142,142,1214173,121607,5739,658
"06071",5,"32121",77,0,2013,1,"","San Bernardino County, California","Private","Plywood and engineered wood product mfg.","County, NAICS 5-digit -- by ownership sector","All establishment sizes",9,132,133,139,1130270,777381,45806,646
"06071",5,"32121",77,0,2013,2,"","San Bernardino County, California","Private","Plywood and engineered wood product mfg.","County, NAICS 5-digit -- by ownership sector","All establishment sizes",9,136,142,141,1171205,236772,13136,645
"06071",5,"32121",77,0,2013,3,"","San Bernardino County, California","Private","Plywood and engineered wood product mfg.","County, NAICS 5-digit -- by ownership sector","All establishment sizes",9,142,142,142,1214173,121607,5739,658
"06071",5,"321213",78,0,2013,1,"N","San Bernardino County, California","Private","Engineered wood member manufacturing","County, NAICS 6-digit -- by ownership sector","All establishment sizes",1,0,0,0,0,0,0,0
"06071",5,"321213",78,0,2013,2,"N","San Bernardino County, California","Private","Engineered wood member manufacturing","County, NAICS 6-digit -- by ownership sector","All establishment sizes",1,0,0,0,0,0,0,0
"06071",5,"321213",78,0,2013,3,"N","San Bernardino County, California","Private","Engineered wood member manufacturing","County, NAICS 6-digit -- by ownership sector","All establishment sizes",1,0,0,0,0,0,0,0
"06071",5,"321214",78,0,2013,1,"N","San Bernardino County, California","Private","Truss manufacturing","County, NAICS 6-digit -- by ownership sector","All establishment sizes",8,0,0,0,0,0,0,0
"06071",5,"321214",78,0,2013,2,"N","San Bernardino County, California","Private","Truss manufacturing","County, NAICS 6-digit -- by ownership sector","All establishment sizes",8,0,0,0,0,0,0,0
"06071",5,"321214",78,0,2013,3,"N","San Bernardino County, California","Private","Truss manufacturing","County, NAICS 6-digit -- by ownership sector","All establishment sizes",8,0,0,0,0,0,0,0
"06071",5,"3219",76,0,2013,1,"","San Bernardino County, California","Private","Other wood product manufacturing","County, NAICS 4-digit -- by ownership sector","All establishment sizes",58,1310,1324,1321,10593763,7481791,393342,618
"06071",5,"3219",76,0,2013,2,"","San Bernardino County, California","Private","Other wood product manufacturing","County, NAICS 4-digit -- by ownership sector","All establishment sizes",60,1345,1343,1347,11355515,1816313,86038,649
"06071",5,"3219",76,0,2013,3,"","San Bernardino County, California","Private","Other wood product manufacturing","County, NAICS 4-digit -- by ownership sector","All establishment sizes",59,1357,1371,1379,11778890,838055,39719,662
"06071",5,"32191",77,0,2013,1,"","San Bernardino County, California","Private","Millwork","County, NAICS 5-digit -- by ownership sector","All establishment sizes",16,623,619,621,5467640,3676968,223716,677
"06071",5,"32191",77,0,2013,2,"","San Bernardino County, California","Private","Millwork","County, NAICS 5-digit -- by ownership sector","All establishment sizes",17,626,615,626,5913550,539589,32056,731
"06071",5,"32191",77,0,2013,3,"","San Bernardino County, California","Private","Millwork","County, NAICS 5-digit -- by ownership sector","All establishment sizes",16,627,638,639,6018084,264562,16024,729
"06071",5,"321911",78,0,2013,1,"","San Bernardino County, California","Private","Wood window and door manufacturing","County, NAICS 6-digit -- by ownership sector","All establishment sizes",9,409,397,402,3827038,2547087,157369,731
"06071",5,"321911",78,0,2013,2,"","San Bernardino County, California","Private","Wood window and door manufacturing","County, NAICS 6-digit -- by ownership sector","All establishment sizes",10,405,397,406,4013479,349951,21646,767
"06071",5,"321911",78,0,2013,3,"","San Bernardino County, California","Private","Wood window and door manufacturing","County, NAICS 6-digit -- by ownership sector","All establishment sizes",9,403,413,409,4240566,182789,11333,799
"06071",5,"321912",78,0,2013,1,"N","San Bernardino County, California","Private","Cut stock, resawing lumber, and planing","County, NAICS 6-digit -- by ownership sector","All establishment sizes",1,0,0,0,0,0,0,0
"06071",5,"321912",78,0,2013,2,"N","San Bernardino County, California","Private","Cut stock, resawing lumber, and planing","County, NAICS 6-digit -- by ownership sector","All establishment sizes",1,0,0,0,0,0,0,0
"06071",5,"321912",78,0,2013,3,"N","San Bernardino County, California","Private","Cut stock, resawing lumber, and planing","County, NAICS 6-digit -- by ownership sector","All establishment sizes",1,0,0,0,0,0,0,0
"06071",5,"321918",78,0,2013,1,"N","San Bernardino County, California","Private","Other millwork, including flooring","County, NAICS 6-digit -- by ownership sector","All establishment sizes",6,0,0,0,0,0,0,0
"06071",5,"321918",78,0,2013,2,"N","San Bernardino County, California","Private","Other millwork, including flooring","County, NAICS 6-digit -- by ownership sector","All establishment sizes",6,0,0,0,0,0,0,0
"06071",5,"321918",78,0,2013,3,"N","San Bernardino County, California","Private","Other millwork, including flooring","County, NAICS 6-digit -- by ownership sector","All establishment sizes",6,0,0,0,0,0,0,0
"06071",5,"32192",77,0,2013,1,"","San Bernardino County, California","Private","Wood container and pallet manufacturing","County, NAICS 5-digit -- by ownership sector","All establishment sizes",24,478,482,482,3335538,2512408,100681,534
"06071",5,"32192",77,0,2013,2,"","San Bernardino County, California","Private","Wood container and pallet manufacturing","County, NAICS 5-digit -- by ownership sector","All establishment sizes",24,498,514,501,3428518,905185,33919,523
"06071",5,"32192",77,0,2013,3,"","San Bernardino County, California","Private","Wood container and pallet manufacturing","County, NAICS 5-digit -- by ownership sector","All establishment sizes",24,505,501,498,3572073,396587,14470,548
"06071",5,"321920",78,0,2013,1,"","San Bernardino County, California","Private","Wood container and pallet manufacturing","County, NAICS 6-digit -- by ownership sector","All establishment sizes",24,478,482,482,3335538,2512408,100681,534
"06071",5,"321920",78,0,2013,2,"","San Bernardino County, California","Private","Wood container and pallet manufacturing","County, NAICS 6-digit -- by ownership sector","All establishment sizes",24,498,514,501,3428518,905185,33919,523
"06071",5,"321920",78,0,2013,3,"","San Bernardino County, California","Private","Wood container and pallet manufacturing","County, NAICS 6-digit -- by ownership sector","All establishment sizes",24,505,501,498,3572073,396587,14470,548
"06071",5,"32199",77,0,2013,1,"","San Bernardino County, California","Private","All other wood product manufacturing","County, NAICS 5-digit -- by ownership sector","All establishment sizes",18,209,223,218,1790585,1292415,68945,636
"06071",5,"32199",77,0,2013,2,"","San Bernardino County, California","Private","All other wood product manufacturing","County, NAICS 5-digit -- by ownership sector","All establishment sizes",19,221,214,220,2013447,371539,20063,709
"06071",5,"32199",77,0,2013,3,"","San Bernardino County, California","Private","All other wood product manufacturing","County, NAICS 5-digit -- by ownership sector","All establishment sizes",19,225,232,242,2188733,176906,9225,723
"06071",5,"321991",78,0,2013,1,"","San Bernardino County, California","Private","Manufactured home, mobile home, manufacturing","County, NAICS 6-digit -- by ownership sector","All establishment sizes",6,100,111,106,851629,626781,37459,620
"06071",5,"321991",78,0,2013,2,"","San Bernardino County, California","Private","Manufactured home, mobile home, manufacturing","County, NAICS 6-digit -- by ownership sector","All establishment sizes",6,114,103,113,991167,218450,13151,693
"06071",5,"321991",78,0,2013,3,"","San Bernardino County, California","Private","Manufactured home, mobile home, manufacturing","County, NAICS 6-digit -- by ownership sector","All establishment sizes",6,116,119,126,1043861,104566,5689,667
"06071",5,"321992",78,0,2013,1,"N","San Bernardino County, California","Private","Prefabricated wood building manufacturing","County, NAICS 6-digit -- by ownership sector","All establishment sizes",2,0,0,0,0,0,0,0
"06071",5,"321992",78,0,2013,2,"N","San Bernardino County, California","Private","Prefabricated wood building manufacturing","County, NAICS 6-digit -- by ownership sector","All establishment sizes",2,0,0,0,0,0,0,0
"06071",5,"321992",78,0,2013,3,"N","San Bernardino County, California","Private","Prefabricated wood building manufacturing","County, NAICS 6-digit -- by ownership sector","All establishment sizes",2,0,0,0,0,0,0,0
"06071",5,"321999",78,0,2013,1,"N","San Bernardino County, California","Private","All other miscellaneous wood product mfg.","County, NAICS 6-digit -- by ownership sector","All establishment sizes",10,0,0,0,0,0,0,0
"06071",5,"321999",78,0,2013,2,"N","San Bernardino County, California","Private","All other miscellaneous wood product mfg.","County, NAICS 6-digit -- by ownership sector","All establishment sizes",11,0,0,0,0,0,0,0
"06071",5,"321999",78,0,2013,3,"N","San Bernardino County, California","Private","All other miscellaneous wood product mfg.","County, NAICS 6-digit -- by ownership sector","All establishment sizes",11,0,0,0,0,0,0,0
"06071",5,"322",75,0,2013,1,"","San Bernardino County, California","Private","Paper manufacturing","County, NAICS 3-digit -- by ownership sector","All establishment sizes",36,1150,1180,1180,16607651,7746425,379518,1092
"06071",5,"322",75,0,2013,2,"","San Bernardino County, California","Private","Paper manufacturing","County, NAICS 3-digit -- by ownership sector","All establishment sizes",35,1102,1082,1091,15319360,628879,28602,1079
"06071",5,"322",75,0,2013,3,"","San Bernardino County, California","Private","Paper manufacturing","County, NAICS 3-digit -- by ownership sector","All establishment sizes",35,1133,1135,1140,16151785,422438,20232,1094
"06071",5,"3221",76,0,2013,1,"N","San Bernardino County, California","Private","Pulp, paper, and paperboard mills","County, NAICS 4-digit -- by ownership sector","All establishment sizes",3,0,0,0,0,0,0,0
"06071",5,"3221",76,0,2013,2,"N","San Bernardino County, California","Private","Pulp, paper, and paperboard mills","County, NAICS 4-digit -- by ownership sector","All establishment sizes",3,0,0,0,0,0,0,0
"06071",5,"3221",76,0,2013,3,"N","San Bernardino County, California","Private","Pulp, paper, and paperboard mills","County, NAICS 4-digit -- by ownership sector","All establishment sizes",3,0,0,0,0,0,0,0
"06071",5,"32212",77,0,2013,1,"N","San Bernardino County, California","Private","Paper mills","County, NAICS 5-digit -- by ownership sector","All establishment sizes",1,0,0,0,0,0,0,0
"06071",5,"32212",77,0,2013,2,"N","San Bernardino County, California","Private","Paper mills","County, NAICS 5-digit -- by ownership sector","All establishment sizes",1,0,0,0,0,0,0,0
"06071",5,"32212",77,0,2013,3,"N","San Bernardino County, California","Private","Paper mills","County, NAICS 5-digit -- by ownership sector","All establishment sizes",1,0,0,0,0,0,0,0
"06071",5,"322121",78,0,2013,1,"N","San Bernardino County, California","Private","Paper, except newsprint, mills","County, NAICS 6-digit -- by ownership sector","All establishment sizes",1,0,0,0,0,0,0,0
"06071",5,"322121",78,0,2013,2,"N","San Bernardino County, California","Private","Paper, except newsprint, mills","County, NAICS 6-digit -- by ownership sector","All establishment sizes",1,0,0,0,0,0,0,0
"06071",5,"322121",78,0,2013,3,"N","San Bernardino County, California","Private","Paper, except newsprint, mills","County, NAICS 6-digit -- by ownership sector","All establishment sizes",1,0,0,0,0,0,0,0
"06071",5,"32213",77,0,2013,1,"N","San Bernardino County, California","Private","Paperboard mills","County, NAICS 5-digit -- by ownership sector","All establishment sizes",2,0,0,0,0,0,0,0
"06071",5,"32213",77,0,2013,2,"N","San Bernardino County, California","Private","Paperboard mills","County, NAICS 5-digit -- by ownership sector","All establishment sizes",2,0,0,0,0,0,0,0
"06071",5,"32213",77,0,2013,3,"N","San Bernardino County, California","Private","Paperboard mills","County, NAICS 5-digit -- by ownership sector","All establishment sizes",2,0,0,0,0,0,0,0
"06071",5,"322130",78,0,2013,1,"N","San Bernardino County, California","Private","Paperboard mills","County, NAICS 6-digit -- by ownership sector","All establishment sizes",2,0,0,0,0,0,0,0
"06071",5,"322130",78,0,2013,2,"N","San Bernardino County, California","Private","Paperboard mills","County, NAICS 6-digit -- by ownership sector","All establishment sizes",2,0,0,0,0,0,0,0
"06071",5,"322130",78,0,2013,3,"N","San Bernardino County, California","Private","Paperboard mills","County, NAICS 6-digit -- by ownership sector","All establishment sizes",2,0,0,0,0,0,0,0
"06071",5,"3222",76,0,2013,1,"N","San Bernardino County, California","Private","Converted paper product manufacturing","County, NAICS 4-digit -- by ownership sector","All establishment sizes",33,0,0,0,0,0,0,0
"06071",5,"3222",76,0,2013,2,"N","San Bernardino County, California","Private","Converted paper product manufacturing","County, NAICS 4-digit -- by ownership sector","All establishment sizes",32,0,0,0,0,0,0,0
"06071",5,"3222",76,0,2013,3,"N","San Bernardino County, California","Private","Converted paper product manufacturing","County, NAICS 4-digit -- by ownership sector","All establishment sizes",32,0,0,0,0,0,0,0
"06071",5,"32221",77,0,2013,1,"","San Bernardino County, California","Private","Paperboard container manufacturing","County, NAICS 5-digit -- by ownership sector","All establishment sizes",13,541,548,540,7125779,3683982,197450,1009
"06071",5,"32221",77,0,2013,2,"","San Bernardino County, California","Private","Paperboard container manufacturing","County, NAICS 5-digit -- by ownership sector","All establishment sizes",12,453,453,455,6381931,193940,9540,1082
"06071",5,"32221",77,0,2013,3,"","San Bernardino County, California","Private","Paperboard container manufacturing","County, NAICS 5-digit -- by ownership sector","All establishment sizes",12,472,477,470,6494938,191864,9396,1056
"06071",5,"322211",78,0,2013,1,"","San Bernardino County, California","Private","Corrugated and solid fiber box manufacturing","County, NAICS 6-digit -- by ownership sector","All establishment sizes",9,396,402,393,5349868,2702764,141879,1037
"06071",5,"322211",78,0,2013,2,"","San Bernardino County, California","Private","Corrugated and solid fiber box manufacturing","County, NAICS 6-digit -- by ownership sector","All establishment sizes",9,389,387,387,5531169,181837,8794,1098
"06071",5,"322211",78,0,2013,3,"","San Bernardino County, California","Private","Corrugated and solid fiber box manufacturing","County, NAICS 6-digit -- by ownership sector","All establishment sizes",9,400,403,400,5491809,177060,8478,1053
"06071",5,"322212",78,0,2013,1,"N","San Bernardino County, California","Private","Folding paperboard box manufacturing","County, NAICS 6-digit -- by ownership sector","All establishment sizes",2,0,0,0,0,0,0,0
"06071",5,"322212",78,0,2013,2,"N","San Bernardino County, California","Private","Folding paperboard box manufacturing","County, NAICS 6-digit -- by ownership sector","All establishment sizes",1,0,0,0,0,0,0,0
"06071",5,"322212",78,0,2013,3,"N","San Bernardino County, California","Private","Folding paperboard box manufacturing","County, NAICS 6-digit -- by ownership sector","All establishment sizes",1,0,0,0,0,0,0,0
"06071",5,"322219",78,0,2013,1,"N","San Bernardino County, California","Private","Other paperboard container manufacturing","County, NAICS 6-digit -- by ownership sector","All establishment sizes",2,0,0,0,0,0,0,0
"06071",5,"322219",78,0,2013,2,"N","San Bernardino County, California","Private","Other paperboard container manufacturing","County, NAICS 6-digit -- by ownership sector","All establishment sizes",2,0,0,0,0,0,0,0
"06071",5,"322219",78,0,2013,3,"N","San Bernardino County, California","Private","Other paperboard container manufacturing","County, NAICS 6-digit -- by ownership sector","All establishment sizes",2,0,0,0,0,0,0,0
"06071",5,"32222",77,0,2013,1,"","San Bernardino County, California","Private","Paper bag and coated and treated paper mfg.","County, NAICS 5-digit -- by ownership sector","All establishment sizes",8,181,197,211,2764292,1093717,50958,1083
"06071",5,"32222",77,0,2013,2,"","San Bernardino County, California","Private","Paper bag and coated and treated paper mfg.","County, NAICS 5-digit -- by ownership sector","All establishment sizes",8,210,194,195,2790886,143984,5757,1075
"06071",5,"32222",77,0,2013,3,"","San Bernardino County, California","Private","Paper bag and coated and treated paper mfg.","County, NAICS 5-digit -- by ownership sector","All establishment sizes",8,219,224,224,2955488,50839,2504,1023
"06071",5,"322220",78,0,2013,1,"","San Bernardino County, California","Private","Paper bag and coated and treated paper mfg.","County, NAICS 6-digit -- by ownership sector","All establishment sizes",8,181,197,211,2764292,1093717,50958,1083
"06071",5,"322220",78,0,2013,2,"","San Bernardino County, California","Private","Paper bag and coated and treated paper mfg.","County, NAICS 6-digit -- by ownership sector","All establishment sizes",8,210,194,195,2790886,143984,5757,1075
"06071",5,"322220",78,0,2013,3,"","San Bernardino County, California","Private","Paper bag and coated and treated paper mfg.","County, NAICS 6-digit -- by ownership sector","All establishment sizes",8,219,224,224,2955488,50839,2504,1023
"06071",5,"32223",77,0,2013,1,"N","San Bernardino County, California","Private","Stationery product manufacturing","County, NAICS 5-digit -- by ownership sector","All establishment sizes",4,0,0,0,0,0,0,0
"06071",5,"32223",77,0,2013,2,"N","San Bernardino County, California","Private","Stationery product manufacturing","County, NAICS 5-digit -- by ownership sector","All establishment sizes",4,0,0,0,0,0,0,0
"06071",5,"32223",77,0,2013,3,"N","San Bernardino County, California","Private","Stationery product manufacturing","County, NAICS 5-digit -- by ownership sector","All establishment sizes",4,0,0,0,0,0,0,0
"06071",5,"322230",78,0,2013,1,"N","San Bernardino County, California","Private","Stationery product manufacturing","County, NAICS 6-digit -- by ownership sector","All establishment sizes",4,0,0,0,0,0,0,0
"06071",5,"322230",78,0,2013,2,"N","San Bernardino County, California","Private","Stationery product manufacturing","County, NAICS 6-digit -- by ownership sector","All establishment sizes",4,0,0,0,0,0,0,0
"06071",5,"322230",78,0,2013,3,"N","San Bernardino County, California","Private","Stationery product manufacturing","County, NAICS 6-digit -- by ownership sector","All establishment sizes",4,0,0,0,0,0,0,0
"06071",5,"32229",77,0,2013,1,"","San Bernardino County, California","Private","Other converted paper product manufacturing","County, NAICS 5-digit -- by ownership sector","All establishment sizes",8,213,220,211,2629414,1427894,67657,942
"06071",5,"32229",77,0,2013,2,"","San Bernardino County, California","Private","Other converted paper product manufacturing","County, NAICS 5-digit -- by ownership sector","All establishment sizes",8,219,213,220,2586929,211053,10203,916
"06071",5,"32229",77,0,2013,3,"","San Bernardino County, California","Private","Other converted paper product manufacturing","County, NAICS 5-digit -- by ownership sector","All establishment sizes",8,223,220,226,2775145,140898,6708,957
"06071",5,"322291",78,0,2013,1,"N","San Bernardino County, California","Private","Sanitary paper product manufacturing","County, NAICS 6-digit -- by ownership sector","All establishment sizes",3,0,0,0,0,0,0,0
"06071",5,"322291",78,0,2013,2,"N","San Bernardino County, California","Private","Sanitary paper product manufacturing","County, NAICS 6-digit -- by ownership sector","All establishment sizes",3,0,0,0,0,0,0,0
"06071",5,"322291",78,0,2013,3,"N","San Bernardino County, California","Private","Sanitary paper product manufacturing","County, NAICS 6-digit -- by ownership sector","All establishment sizes",3,0,0,0,0,0,0,0
"06071",5,"322299",78,0,2013,1,"N","San Bernardino County, California","Private","All other converted paper product mfg.","County, NAICS 6-digit -- by ownership sector","All establishment sizes",5,0,0,0,0,0,0,0
"06071",5,"322299",78,0,2013,2,"N","San Bernardino County, California","Private","All other converted paper product mfg.","County, NAICS 6-digit -- by ownership sector","All establishment sizes",5,0,0,0,0,0,0,0
"06071",5,"322299",78,0,2013,3,"N","San Bernardino County, California","Private","All other converted paper product mfg.","County, NAICS 6-digit -- by ownership sector","All establishment sizes",5,0,0,0,0,0,0,0
"06071",5,"323",75,0,2013,1,"","San Bernardino County, California","Private","Printing and related support activities","County, NAICS 3-digit -- by ownership sector","All establishment sizes",126,1184,1152,1156,11404891,6705524,369565,754
"06071",5,"323",75,0,2013,2,"","San Bernardino County, California","Private","Printing and related support activities","County, NAICS 3-digit -- by ownership sector","All establishment sizes",126,1134,1212,1150,11644365,1637530,86788,769
"06071",5,"323",75,0,2013,3,"","San Bernardino County, California","Private","Printing and related support activities","County, NAICS 3-digit -- by ownership sector","All establishment sizes",127,1109,1155,1192,10591318,1086971,60041,707
"06071",5,"3231",76,0,2013,1,"","San Bernardino County, California","Private","Printing and related support activities","County, NAICS 4-digit -- by ownership sector","All establishment sizes",126,1184,1152,1156,11404891,6705524,369565,754
"06071",5,"3231",76,0,2013,2,"","San Bernardino County, California","Private","Printing and related support activities","County, NAICS 4-digit -- by ownership sector","All establishment sizes",126,1134,1212,1150,11644365,1637530,86788,769
"06071",5,"3231",76,0,2013,3,"","San Bernardino County, California","Private","Printing and related support activities","County, NAICS 4-digit -- by ownership sector","All establishment sizes",127,1109,1155,1192,10591318,1086971,60041,707
"06071",5,"32311",77,0,2013,1,"","San Bernardino County, California","Private","Printing","County, NAICS 5-digit -- by ownership sector","All establishment sizes",114,890,877,891,9501581,5310865,285908,825
"06071",5,"32311",77,0,2013,2,"","San Bernardino County, California","Private","Printing","County, NAICS 5-digit -- by ownership sector","All establishment sizes",114,870,886,883,9709174,1057572,52090,849
"06071",5,"32311",77,0,2013,3,"","San Bernardino County, California","Private","Printing","County, NAICS 5-digit -- by ownership sector","All establishment sizes",115,876,883,886,8441977,529568,26029,737
"06071",5,"323111",78,0,2013,1,"","San Bernardino County, California","Private","Commercial printing (exc. screen and books)","County, NAICS 6-digit -- by ownership sector","All establishment sizes",91,731,726,735,8656508,4611490,253677,911
"06071",5,"323111",78,0,2013,2,"","San Bernardino County, California","Private","Commercial printing (exc. screen and books)","County, NAICS 6-digit -- by ownership sector","All establishment sizes",93,735,758,754,8869506,810333,40868,911
"06071",5,"323111",78,0,2013,3,"","San Bernardino County, California","Private","Commercial printing (exc. screen and books)","County, NAICS 6-digit -- by ownership sector","All establishment sizes",94,738,746,748,7560741,413461,20732,782
"06071",5,"323113",78,0,2013,1,"N","San Bernardino County, California","Private","Commercial screen printing","County, NAICS 6-digit -- by ownership sector","All establishment sizes",21,0,0,0,0,0,0,0
"06071",5,"323113",78,0,2013,2,"N","San Bernardino County, California","Private","Commercial screen printing","County, NAICS 6-digit -- by ownership sector","All establishment sizes",19,0,0,0,0,0,0,0
"06071",5,"323113",78,0,2013,3,"N","San Bernardino County, California","Private","Commercial screen printing","County, NAICS 6-digit -- by ownership sector","All establishment sizes",19,0,0,0,0,0,0,0
"06071",5,"323117",78,0,2013,1,"N","San Bernardino County, California","Private","Books printing","County, NAICS 6-digit -- by ownership sector","All establishment sizes",2,0,0,0,0,0,0,0
"06071",5,"323117",78,0,2013,2,"N","San Bernardino County, California","Private","Books printing","County, NAICS 6-digit -- by ownership sector","All establishment sizes",2,0,0,0,0,0,0,0
"06071",5,"323117",78,0,2013,3,"N","San Bernardino County, California","Private","Books printing","County, NAICS 6-digit -- by ownership sector","All establishment sizes",2,0,0,0,0,0,0,0
"06071",5,"32312",77,0,2013,1,"","San Bernardino County, California","Private","Support activities for printing","County, NAICS 5-digit -- by ownership sector","All establishment sizes",12,294,275,265,1903310,1394659,83657,527
"06071",5,"32312",77,0,2013,2,"","San Bernardino County, California","Private","Support activities for printing","County, NAICS 5-digit -- by ownership sector","All establishment sizes",12,264,326,267,1935191,579958,34698,521
"06071",5,"32312",77,0,2013,3,"","San Bernardino County, California","Private","Support activities for printing","County, NAICS 5-digit -- by ownership sector","All establishment sizes",12,233,272,306,2149341,557403,34012,612
"06071",5,"323120",78,0,2013,1,"","San Bernardino County, California","Private","Support activities for printing","County, NAICS 6-digit -- by ownership sector","All establishment sizes",12,294,275,265,1903310,1394659,83657,527
"06071",5,"323120",78,0,2013,2,"","San Bernardino County, California","Private","Support activities for printing","County, NAICS 6-digit -- by ownership sector","All establishment sizes",12,264,326,267,1935191,579958,34698,521
"06071",5,"323120",78,0,2013,3,"","San Bernardino County, California","Private","Support activities for printing","County, NAICS 6-digit -- by ownership sector","All establishment sizes",12,233,272,306,2149341,557403,34012,612
"06071",5,"324",75,0,2013,1,"N","San Bernardino County, California","Private","Petroleum and coal products manufacturing","County, NAICS 3-digit -- by ownership sector","All establishment sizes",8,0,0,0,0,0,0,0
"06071",5,"324",75,0,2013,2,"","San Bernardino County, California","Private","Petroleum and coal products manufacturing","County, NAICS 3-digit -- by ownership sector","All establishment sizes",8,119,120,121,1889614,102783,5657,1211
"06071",5,"324",75,0,2013,3,"","San Bernardino County, California","Private","Petroleum and coal products manufacturing","County, NAICS 3-digit -- by ownership sector","All establishment sizes",8,126,127,127,2045123,84146,4964,1242
"06071",5,"3241",76,0,2013,1,"N","San Bernardino County, California","Private","Petroleum and coal products manufacturing","County, NAICS 4-digit -- by ownership sector","All establishment sizes",8,0,0,0,0,0,0,0
"06071",5,"3241",76,0,2013,2,"","San Bernardino County, California","Private","Petroleum and coal products manufacturing","County, NAICS 4-digit -- by ownership sector","All establishment sizes",8,119,120,121,1889614,102783,5657,1211
"06071",5,"3241",76,0,2013,3,"","San Bernardino County, California","Private","Petroleum and coal products manufacturing","County, NAICS 4-digit -- by ownership sector","All establishment sizes",8,126,127,127,2045123,84146,4964,1242
"06071",5,"32411",77,0,2013,1,"N","San Bernardino County, California","Private","Petroleum refineries","County, NAICS 5-digit -- by ownership sector","All establishment sizes",3,0,0,0,0,0,0,0
"06071",5,"32411",77,0,2013,2,"","San Bernardino County, California","Private","Petroleum refineries","County, NAICS 5-digit -- by ownership sector","All establishment sizes",3,21,22,22,350362,5148,270,1244
"06071",5,"32411",77,0,2013,3,"","San Bernardino County, California","Private","Petroleum refineries","County, NAICS 5-digit -- by ownership sector","All establishment sizes",3,22,22,21,443646,899,43,1575
"06071",5,"324110",78,0,2013,1,"N","San Bernardino County, California","Private","Petroleum refineries","County, NAICS 6-digit -- by ownership sector","All establishment sizes",3,0,0,0,0,0,0,0
"06071",5,"324110",78,0,2013,2,"","San Bernardino County, California","Private","Petroleum refineries","County, NAICS 6-digit -- by ownership sector","All establishment sizes",3,21,22,22,350362,5148,270,1244
"06071",5,"324110",78,0,2013,3,"","San Bernardino County, California","Private","Petroleum refineries","County, NAICS 6-digit -- by ownership sector","All establishment sizes",3,22,22,21,443646,899,43,1575
"06071",5,"32412",77,0,2013,1,"","San Bernardino County, California","Private","Asphalt paving and roofing materials mfg.","County, NAICS 5-digit -- by ownership sector","All establishment sizes",5,94,104,106,1436388,645087,38060,1090
"06071",5,"32412",77,0,2013,2,"","San Bernardino County, California","Private","Asphalt paving and roofing materials mfg.","County, NAICS 5-digit -- by ownership sector","All establishment sizes",5,98,98,99,1539252,97635,5387,1204
"06071",5,"32412",77,0,2013,3,"","San Bernardino County, California","Private","Asphalt paving and roofing materials mfg.","County, NAICS 5-digit -- by ownership sector","All establishment sizes",5,104,105,106,1601477,83247,4921,1173
"06071",5,"324121",78,0,2013,1,"N","San Bernardino County, California","Private","Asphalt paving mixture and block mfg.","County, NAICS 6-digit -- by ownership sector","All establishment sizes",2,0,0,0,0,0,0,0
"06071",5,"324121",78,0,2013,2,"N","San Bernardino County, California","Private","Asphalt paving mixture and block mfg.","County, NAICS 6-digit -- by ownership sector","All establishment sizes",2,0,0,0,0,0,0,0
"06071",5,"324121",78,0,2013,3,"N","San Bernardino County, California","Private","Asphalt paving mixture and block mfg.","County, NAICS 6-digit -- by ownership sector","All establishment sizes",2,0,0,0,0,0,0,0
"06071",5,"324122",78,0,2013,1,"N","San Bernardino County, California","Private","Asphalt shingle and coating materials mfg.","County, NAICS 6-digit -- by ownership sector","All establishment sizes",3,0,0,0,0,0,0,0
"06071",5,"324122",78,0,2013,2,"N","San Bernardino County, California","Private","Asphalt shingle and coating materials mfg.","County, NAICS 6-digit -- by ownership sector","All establishment sizes",3,0,0,0,0,0,0,0
"06071",5,"324122",78,0,2013,3,"N","San Bernardino County, California","Private","Asphalt shingle and coating materials mfg.","County, NAICS 6-digit -- by ownership sector","All establishment sizes",3,0,0,0,0,0,0,0
"06071",5,"325",75,0,2013,1,"","San Bernardino County, California","Private","Chemical manufacturing","County, NAICS 3-digit -- by ownership sector","All establishment sizes",90,2556,2604,2630,36573994,16554528,856725,1083
"06071",5,"325",75,0,2013,2,"","San Bernardino County, California","Private","Chemical manufacturing","County, NAICS 3-digit -- by ownership sector","All establishment sizes",88,2574,2574,2609,35569706,2192026,116390,1058
"06071",5,"325",75,0,2013,3,"","San Bernardino County, California","Private","Chemical manufacturing","County, NAICS 3-digit -- by ownership sector","All establishment sizes",87,2566,2577,2571,37500500,1175077,62402,1122
"06071",5,"3251",76,0,2013,1,"","San Bernardino County, California","Private","Basic chemical manufacturing","County, NAICS 4-digit -- by ownership sector","All establishment sizes",9,764,769,768,13481928,5152067,244069,1352
"06071",5,"3251",76,0,2013,2,"","San Bernardino County, California","Private","Basic chemical manufacturing","County, NAICS 4-digit -- by ownership sector","All establishment sizes",9,769,742,742,12849096,264699,15007,1316
"06071",5,"3251",76,0,2013,3,"","San Bernardino County, California","Private","Basic chemical manufacturing","County, NAICS 4-digit -- by ownership sector","All establishment sizes",9,756,752,735,13494998,217198,11665,1388
"06071",5,"32512",77,0,2013,1,"N","San Bernardino County, California","Private","Industrial gas manufacturing","County, NAICS 5-digit -- by ownership sector","All establishment sizes",4,0,0,0,0,0,0,0
"06071",5,"32512",77,0,2013,2,"N","San Bernardino County, California","Private","Industrial gas manufacturing","County, NAICS 5-digit -- by ownership sector","All establishment sizes",4,0,0,0,0,0,0,0
"06071",5,"32512",77,0,2013,3,"N","San Bernardino County, California","Private","Industrial gas manufacturing","County, NAICS 5-digit -- by ownership sector","All establishment sizes",4,0,0,0,0,0,0,0
"06071",5,"325120",78,0,2013,1,"N","San Bernardino County, California","Private","Industrial gas manufacturing","County, NAICS 6-digit -- by ownership sector","All establishment sizes",4,0,0,0,0,0,0,0
"06071",5,"325120",78,0,2013,2,"N","San Bernardino County, California","Private","Industrial gas manufacturing","County, NAICS 6-digit -- by ownership sector","All establishment sizes",4,0,0,0,0,0,0,0
"06071",5,"325120",78,0,2013,3,"N","San Bernardino County, California","Private","Industrial gas manufacturing","County, NAICS 6-digit -- by ownership sector","All establishment sizes",4,0,0,0,0,0,0,0
"06071",5,"32513",77,0,2013,1,"N","San Bernardino County, California","Private","Synthetic dye and pigment manufacturing","County, NAICS 5-digit -- by ownership sector","All establishment sizes",2,0,0,0,0,0,0,0
"06071",5,"32513",77,0,2013,2,"N","San Bernardino County, California","Private","Synthetic dye and pigment manufacturing","County, NAICS 5-digit -- by ownership sector","All establishment sizes",2,0,0,0,0,0,0,0
"06071",5,"32513",77,0,2013,3,"N","San Bernardino County, California","Private","Synthetic dye and pigment manufacturing","County, NAICS 5-digit -- by ownership sector","All establishment sizes",2,0,0,0,0,0,0,0
"06071",5,"325130",78,0,2013,1,"N","San Bernardino County, California","Private","Synthetic dye and pigment manufacturing","County, NAICS 6-digit -- by ownership sector","All establishment sizes",2,0,0,0,0,0,0,0
"06071",5,"325130",78,0,2013,2,"N","San Bernardino County, California","Private","Synthetic dye and pigment manufacturing","County, NAICS 6-digit -- by ownership sector","All establishment sizes",2,0,0,0,0,0,0,0
"06071",5,"325130",78,0,2013,3,"N","San Bernardino County, California","Private","Synthetic dye and pigment manufacturing","County, NAICS 6-digit -- by ownership sector","All establishment sizes",2,0,0,0,0,0,0,0
"06071",5,"32518",77,0,2013,1,"N","San Bernardino County, California","Private","Other basic inorganic chemical manufacturing","County, NAICS 5-digit -- by ownership sector","All establishment sizes",3,0,0,0,0,0,0,0
"06071",5,"32518",77,0,2013,2,"N","San Bernardino County, California","Private","Other basic inorganic chemical manufacturing","County, NAICS 5-digit -- by ownership sector","All establishment sizes",3,0,0,0,0,0,0,0
"06071",5,"32518",77,0,2013,3,"N","San Bernardino County, California","Private","Other basic inorganic chemical manufacturing","County, NAICS 5-digit -- by ownership sector","All establishment sizes",3,0,0,0,0,0,0,0
"06071",5,"325180",78,0,2013,1,"N","San Bernardino County, California","Private","Other basic inorganic chemical manufacturing","County, NAICS 6-digit -- by ownership sector","All establishment sizes",3,0,0,0,0,0,0,0
"06071",5,"325180",78,0,2013,2,"N","San Bernardino County, California","Private","Other basic inorganic chemical manufacturing","County, NAICS 6-digit -- by ownership sector","All establishment sizes",3,0,0,0,0,0,0,0
"06071",5,"325180",78,0,2013,3,"N","San Bernardino County, California","Private","Other basic inorganic chemical manufacturing","County, NAICS 6-digit -- by ownership sector","All establishment sizes",3,0,0,0,0,0,0,0
"06071",5,"3252",76,0,2013,1,"","San Bernardino County, California","Private","Resin, rubber, and artificial fibers mfg.","County, NAICS 4-digit -- by ownership sector","All establishment sizes",15,163,176,175,1562702,1015665,47517,702
"06071",5,"3252",76,0,2013,2,"","San Bernardino County, California","Private","Resin, rubber, and artificial fibers mfg.","County, NAICS 4-digit -- by ownership sector","All establishment sizes",14,165,171,174,1754874,311857,13372,794
"06071",5,"3252",76,0,2013,3,"","San Bernardino County, California","Private","Resin, rubber, and artificial fibers mfg.","County, NAICS 4-digit -- by ownership sector","All establishment sizes",14,174,174,173,1625438,95545,4647,720
"06071",5,"32521",77,0,2013,1,"","San Bernardino County, California","Private","Resin and synthetic rubber manufacturing","County, NAICS 5-digit -- by ownership sector","All establishment sizes",15,163,176,175,1562702,1015665,47517,702
"06071",5,"32521",77,0,2013,2,"","San Bernardino County, California","Private","Resin and synthetic rubber manufacturing","County, NAICS 5-digit -- by ownership sector","All establishment sizes",14,165,171,174,1754874,311857,13372,794
"06071",5,"32521",77,0,2013,3,"","San Bernardino County, California","Private","Resin and synthetic rubber manufacturing","County, NAICS 5-digit -- by ownership sector","All establishment sizes",14,174,174,173,1625438,95545,4647,720
"06071",5,"325211",78,0,2013,1,"","San Bernardino County, California","Private","Plastics material and resin manufacturing","County, NAICS 6-digit -- by ownership sector","All establishment sizes",9,97,99,99,958803,578413,24124,750
"06071",5,"325211",78,0,2013,2,"","San Bernardino County, California","Private","Plastics material and resin manufacturing","County, NAICS 6-digit -- by ownership sector","All establishment sizes",8,91,93,94,1122866,144100,5031,932
"06071",5,"325211",78,0,2013,3,"","San Bernardino County, California","Private","Plastics material and resin manufacturing","County, NAICS 6-digit -- by ownership sector","All establishment sizes",8,94,93,90,994862,50188,2423,829
"06071",5,"325212",78,0,2013,1,"","San Bernardino County, California","Private","Synthetic rubber manufacturing","County, NAICS 6-digit -- by ownership sector","All establishment sizes",6,66,77,76,603899,437252,23393,636
"06071",5,"325212",78,0,2013,2,"","San Bernardino County, California","Private","Synthetic rubber manufacturing","County, NAICS 6-digit -- by ownership sector","All establishment sizes",6,74,78,80,632008,167757,8341,629
"06071",5,"325212",78,0,2013,3,"","San Bernardino County, California","Private","Synthetic rubber manufacturing","County, NAICS 6-digit -- by ownership sector","All establishment sizes",6,80,81,83,630576,45357,2224,596
"06071",5,"3253",76,0,2013,1,"","San Bernardino County, California","Private","Agricultural chemical manufacturing","County, NAICS 4-digit -- by ownership sector","All establishment sizes",4,85,93,111,1408503,390689,21514,1125
"06071",5,"3253",76,0,2013,2,"","San Bernardino County, California","Private","Agricultural chemical manufacturing","County, NAICS 4-digit -- by ownership sector","All establishment sizes",3,87,89,88,1159866,99044,5710,1014
"06071",5,"3253",76,0,2013,3,"","San Bernardino County, California","Private","Agricultural chemical manufacturing","County, NAICS 4-digit -- by ownership sector","All establishment sizes",3,76,78,79,1300087,27244,1583,1288
"06071",5,"32531",77,0,2013,1,"","San Bernardino County, California","Private","Fertilizer manufacturing","County, NAICS 5-digit -- by ownership sector","All establishment sizes",4,85,93,111,1408503,390689,21514,1125
"06071",5,"32531",77,0,2013,2,"","San Bernardino County, California","Private","Fertilizer manufacturing","County, NAICS 5-digit -- by ownership sector","All establishment sizes",3,87,89,88,1159866,99044,5710,1014
"06071",5,"32531",77,0,2013,3,"","San Bernardino County, California","Private","Fertilizer manufacturing","County, NAICS 5-digit -- by ownership sector","All establishment sizes",3,76,78,79,1300087,27244,1583,1288
"06071",5,"325311",78,0,2013,1,"N","San Bernardino County, California","Private","Nitrogenous fertilizer manufacturing","County, NAICS 6-digit -- by ownership sector","All establishment sizes",2,0,0,0,0,0,0,0
"06071",5,"325311",78,0,2013,2,"N","San Bernardino County, California","Private","Nitrogenous fertilizer manufacturing","County, NAICS 6-digit -- by ownership sector","All establishment sizes",1,0,0,0,0,0,0,0
"06071",5,"325311",78,0,2013,3,"N","San Bernardino County, California","Private","Nitrogenous fertilizer manufacturing","County, NAICS 6-digit -- by ownership sector","All establishment sizes",1,0,0,0,0,0,0,0
"06071",5,"325314",78,0,2013,1,"N","San Bernardino County, California","Private","Fertilizer, mixing only, manufacturing","County, NAICS 6-digit -- by ownership sector","All establishment sizes",2,0,0,0,0,0,0,0
"06071",5,"325314",78,0,2013,2,"N","San Bernardino County, California","Private","Fertilizer, mixing only, manufacturing","County, NAICS 6-digit -- by ownership sector","All establishment sizes",2,0,0,0,0,0,0,0
"06071",5,"325314",78,0,2013,3,"N","San Bernardino County, California","Private","Fertilizer, mixing only, manufacturing","County, NAICS 6-digit -- by ownership sector","All establishment sizes",2,0,0,0,0,0,0,0
"06071",5,"3254",76,0,2013,1,"","San Bernardino County, California","Private","Pharmaceutical and medicine manufacturing","County, NAICS 4-digit -- by ownership sector","All establishment sizes",12,603,608,625,8701918,4024451,238828,1094
"06071",5,"3254",76,0,2013,2,"","San Bernardino County, California","Private","Pharmaceutical and medicine manufacturing","County, NAICS 4-digit -- by ownership sector","All establishment sizes",12,607,623,640,8019919,510057,29110,990
"06071",5,"3254",76,0,2013,3,"","San Bernardino County, California","Private","Pharmaceutical and medicine manufacturing","County, NAICS 4-digit -- by ownership sector","All establishment sizes",12,634,649,658,9827548,444515,25275,1168
"06071",5,"32541",77,0,2013,1,"","San Bernardino County, California","Private","Pharmaceutical and medicine manufacturing","County, NAICS 5-digit -- by ownership sector","All establishment sizes",12,603,608,625,8701918,4024451,238828,1094
"06071",5,"32541",77,0,2013,2,"","San Bernardino County, California","Private","Pharmaceutical and medicine manufacturing","County, NAICS 5-digit -- by ownership sector","All establishment sizes",12,607,623,640,8019919,510057,29110,990
"06071",5,"32541",77,0,2013,3,"","San Bernardino County, California","Private","Pharmaceutical and medicine manufacturing","County, NAICS 5-digit -- by ownership sector","All establishment sizes",12,634,649,658,9827548,444515,25275,1168
"06071",5,"325411",78,0,2013,1,"N","San Bernardino County, California","Private","Medicinal and botanical manufacturing","County, NAICS 6-digit -- by ownership sector","All establishment sizes",2,0,0,0,0,0,0,0
"06071",5,"325411",78,0,2013,2,"N","San Bernardino County, California","Private","Medicinal and botanical manufacturing","County, NAICS 6-digit -- by ownership sector","All establishment sizes",2,0,0,0,0,0,0,0
"06071",5,"325411",78,0,2013,3,"N","San Bernardino County, California","Private","Medicinal and botanical manufacturing","County, NAICS 6-digit -- by ownership sector","All establishment sizes",2,0,0,0,0,0,0,0
"06071",5,"325412",78,0,2013,1,"","San Bernardino County, California","Private","Pharmaceutical preparation manufacturing","County, NAICS 6-digit -- by ownership sector","All establishment sizes",8,586,589,606,8266140,3895451,234353,1071
"06071",5,"325412",78,0,2013,2,"","San Bernardino County, California","Private","Pharmaceutical preparation manufacturing","County, NAICS 6-digit -- by ownership sector","All establishment sizes",8,588,604,620,7491424,506029,28929,954
"06071",5,"325412",78,0,2013,3,"","San Bernardino County, California","Private","Pharmaceutical preparation manufacturing","County, NAICS 6-digit -- by ownership sector","All establishment sizes",8,614,627,636,9352009,429794,24660,1150
"06071",5,"325413",78,0,2013,1,"N","San Bernardino County, California","Private","In-vitro diagnostic substance manufacturing","County, NAICS 6-digit -- by ownership sector","All establishment sizes",1,0,0,0,0,0,0,0
"06071",5,"325413",78,0,2013,2,"N","San Bernardino County, California","Private","In-vitro diagnostic substance manufacturing","County, NAICS 6-digit -- by ownership sector","All establishment sizes",1,0,0,0,0,0,0,0
"06071",5,"325413",78,0,2013,3,"N","San Bernardino County, California","Private","In-vitro diagnostic substance manufacturing","County, NAICS 6-digit -- by ownership sector","All establishment sizes",1,0,0,0,0,0,0,0
"06071",5,"325414",78,0,2013,1,"N","San Bernardino County, California","Private","Other biological product manufacturing","County, NAICS 6-digit -- by ownership sector","All establishment sizes",1,0,0,0,0,0,0,0
"06071",5,"325414",78,0,2013,2,"N","San Bernardino County, California","Private","Other biological product manufacturing","County, NAICS 6-digit -- by ownership sector","All establishment sizes",1,0,0,0,0,0,0,0
"06071",5,"325414",78,0,2013,3,"N","San Bernardino County, California","Private","Other biological product manufacturing","County, NAICS 6-digit -- by ownership sector","All establishment sizes",1,0,0,0,0,0,0,0
"06071",5,"3255",76,0,2013,1,"","San Bernardino County, California","Private","Paint, coating, and adhesive manufacturing","County, NAICS 4-digit -- by ownership sector","All establishment sizes",15,282,289,285,3068563,1708114,98112,827
"06071",5,"3255",76,0,2013,2,"","San Bernardino County, California","Private","Paint, coating, and adhesive manufacturing","County, NAICS 4-digit -- by ownership sector","All establishment sizes",15,278,281,292,3067853,497274,27699,832
"06071",5,"3255",76,0,2013,3,"","San Bernardino County, California","Private","Paint, coating, and adhesive manufacturing","County, NAICS 4-digit -- by ownership sector","All establishment sizes",14,266,264,264,2956615,158751,7960,859
"06071",5,"32551",77,0,2013,1,"","San Bernardino County, California","Private","Paint and coating manufacturing","County, NAICS 5-digit -- by ownership sector","All establishment sizes",12,169,173,168,1658116,992468,53742,750
"06071",5,"32551",77,0,2013,2,"","San Bernardino County, California","Private","Paint and coating manufacturing","County, NAICS 5-digit -- by ownership sector","All establishment sizes",12,166,167,177,1564218,391473,21139,708
"06071",5,"32551",77,0,2013,3,"","San Bernardino County, California","Private","Paint and coating manufacturing","County, NAICS 5-digit -- by ownership sector","All establishment sizes",11,150,151,151,1429981,131787,6288,730
"06071",5,"325510",78,0,2013,1,"","San Bernardino County, California","Private","Paint and coating manufacturing","County, NAICS 6-digit -- by ownership sector","All establishment sizes",12,169,173,168,1658116,992468,53742,750
"06071",5,"325510",78,0,2013,2,"","San Bernardino County, California","Private","Paint and coating manufacturing","County, NAICS 6-digit -- by ownership sector","All establishment sizes",12,166,167,177,1564218,391473,21139,708
"06071",5,"325510",78,0,2013,3,"","San Bernardino County, California","Private","Paint and coating manufacturing","County, NAICS 6-digit -- by ownership sector","All establishment sizes",11,150,151,151,1429981,131787,6288,730
"06071",5,"32552",77,0,2013,1,"","San Bernardino County, California","Private","Adhesive manufacturing","County, NAICS 5-digit -- by ownership sector","All establishment sizes",3,113,116,117,1410447,715646,44370,941
"06071",5,"32552",77,0,2013,2,"","San Bernardino County, California","Private","Adhesive manufacturing","County, NAICS 5-digit -- by ownership sector","All establishment sizes",3,112,114,115,1503635,105801,6560,1018
"06071",5,"32552",77,0,2013,3,"","San Bernardino County, California","Private","Adhesive manufacturing","County, NAICS 5-digit -- by ownership sector","All establishment sizes",3,116,113,113,1526634,26964,1672,1030
"06071",5,"325520",78,0,2013,1,"","San Bernardino County, California","Private","Adhesive manufacturing","County, NAICS 6-digit -- by ownership sector","All establishment sizes",3,113,116,117,1410447,715646,44370,941
"06071",5,"325520",78,0,2013,2,"","San Bernardino County, California","Private","Adhesive manufacturing","County, NAICS 6-digit -- by ownership sector","All establishment sizes",3,112,114,115,1503635,105801,6560,1018
"06071",5,"325520",78,0,2013,3,"","San Bernardino County, California","Private","Adhesive manufacturing","County, NAICS 6-digit -- by ownership sector","All establishment sizes",3,116,113,113,1526634,26964,1672,1030
"06071",5,"3256",76,0,2013,1,"","San Bernardino County, California","Private","Soap, cleaning compound, and toiletry mfg.","County, NAICS 4-digit -- by ownership sector","All establishment sizes",14,386,390,388,4693337,2519990,113352,930
"06071",5,"3256",76,0,2013,2,"","San Bernardino County, California","Private","Soap, cleaning compound, and toiletry mfg.","County, NAICS 4-digit -- by ownership sector","All establishment sizes",14,394,395,398,4787181,308808,15051,931
"06071",5,"3256",76,0,2013,3,"","San Bernardino County, California","Private","Soap, cleaning compound, and toiletry mfg.","County, NAICS 4-digit -- by ownership sector","All establishment sizes",14,395,389,392,4720710,105735,4628,926
"06071",5,"32561",77,0,2013,1,"N","San Bernardino County, California","Private","Soap and cleaning compound manufacturing","County, NAICS 5-digit -- by ownership sector","All establishment sizes",9,0,0,0,0,0,0,0
"06071",5,"32561",77,0,2013,2,"N","San Bernardino County, California","Private","Soap and cleaning compound manufacturing","County, NAICS 5-digit -- by ownership sector","All establishment sizes",9,0,0,0,0,0,0,0
"06071",5,"32561",77,0,2013,3,"N","San Bernardino County, California","Private","Soap and cleaning compound manufacturing","County, NAICS 5-digit -- by ownership sector","All establishment sizes",9,0,0,0,0,0,0,0
"06071",5,"325611",78,0,2013,1,"","San Bernardino County, California","Private","Soap and other detergent manufacturing","County, NAICS 6-digit -- by ownership sector","All establishment sizes",5,100,99,97,1291959,642526,23523,1007
"06071",5,"325611",78,0,2013,2,"","San Bernardino County, California","Private","Soap and other detergent manufacturing","County, NAICS 6-digit -- by ownership sector","All establishment sizes",5,97,100,101,1338359,60088,2028,1036
"06071",5,"325611",78,0,2013,3,"","San Bernardino County, California","Private","Soap and other detergent manufacturing","County, NAICS 6-digit -- by ownership sector","All establishment sizes",5,106,107,106,1344588,36995,1374,973
"06071",5,"325612",78,0,2013,1,"N","San Bernardino County, California","Private","Polish and other sanitation good mfg.","County, NAICS 6-digit -- by ownership sector","All establishment sizes",4,0,0,0,0,0,0,0
"06071",5,"325612",78,0,2013,2,"N","San Bernardino County, California","Private","Polish and other sanitation good mfg.","County, NAICS 6-digit -- by ownership sector","All establishment sizes",4,0,0,0,0,0,0,0
"06071",5,"325612",78,0,2013,3,"N","San Bernardino County, California","Private","Polish and other sanitation good mfg.","County, NAICS 6-digit -- by ownership sector","All establishment sizes",4,0,0,0,0,0,0,0
"06071",5,"32562",77,0,2013,1,"N","San Bernardino County, California","Private","Toilet preparation manufacturing","County, NAICS 5-digit -- by ownership sector","All establishment sizes",5,0,0,0,0,0,0,0
"06071",5,"32562",77,0,2013,2,"N","San Bernardino County, California","Private","Toilet preparation manufacturing","County, NAICS 5-digit -- by ownership sector","All establishment sizes",5,0,0,0,0,0,0,0
"06071",5,"32562",77,0,2013,3,"N","San Bernardino County, California","Private","Toilet preparation manufacturing","County, NAICS 5-digit -- by ownership sector","All establishment sizes",5,0,0,0,0,0,0,0
"06071",5,"325620",78,0,2013,1,"N","San Bernardino County, California","Private","Toilet preparation manufacturing","County, NAICS 6-digit -- by ownership sector","All establishment sizes",5,0,0,0,0,0,0,0
"06071",5,"325620",78,0,2013,2,"N","San Bernardino County, California","Private","Toilet preparation manufacturing","County, NAICS 6-digit -- by ownership sector","All establishment sizes",5,0,0,0,0,0,0,0
"06071",5,"325620",78,0,2013,3,"N","San Bernardino County, California","Private","Toilet preparation manufacturing","County, NAICS 6-digit -- by ownership sector","All establishment sizes",5,0,0,0,0,0,0,0
"06071",5,"3259",76,0,2013,1,"","San Bernardino County, California","Private","Other chemical product and preparation mfg.","County, NAICS 4-digit -- by ownership sector","All establishment sizes",21,273,279,278,3657043,1743552,93333,1017
"06071",5,"3259",76,0,2013,2,"","San Bernardino County, California","Private","Other chemical product and preparation mfg.","County, NAICS 4-digit -- by ownership sector","All establishment sizes",21,274,273,275,3930917,200287,10441,1104
"06071",5,"3259",76,0,2013,3,"","San Bernardino County, California","Private","Other chemical product and preparation mfg.","County, NAICS 4-digit -- by ownership sector","All establishment sizes",21,265,271,270,3575104,126089,6644,1024
"06071",5,"32591",77,0,2013,1,"N","San Bernardino County, California","Private","Printing ink manufacturing","County, NAICS 5-digit -- by ownership sector","All establishment sizes",2,0,0,0,0,0,0,0
"06071",5,"32591",77,0,2013,2,"N","San Bernardino County, California","Private","Printing ink manufacturing","County, NAICS 5-digit -- by ownership sector","All establishment sizes",2,0,0,0,0,0,0,0
"06071",5,"32591",77,0,2013,3,"N","San Bernardino County, California","Private","Printing ink manufacturing","County, NAICS 5-digit -- by ownership sector","All establishment sizes",2,0,0,0,0,0,0,0
"06071",5,"325910",78,0,2013,1,"N","San Bernardino County, California","Private","Printing ink manufacturing","County, NAICS 6-digit -- by ownership sector","All establishment sizes",2,0,0,0,0,0,0,0
"06071",5,"325910",78,0,2013,2,"N","San Bernardino County, California","Private","Printing ink manufacturing","County, NAICS 6-digit -- by ownership sector","All establishment sizes",2,0,0,0,0,0,0,0
"06071",5,"325910",78,0,2013,3,"N","San Bernardino County, California","Private","Printing ink manufacturing","County, NAICS 6-digit -- by ownership sector","All establishment sizes",2,0,0,0,0,0,0,0
"06071",5,"32599",77,0,2013,1,"N","San Bernardino County, California","Private","All other chemical preparation manufacturing","County, NAICS 5-digit -- by ownership sector","All establishment sizes",19,0,0,0,0,0,0,0
"06071",5,"32599",77,0,2013,2,"N","San Bernardino County, California","Private","All other chemical preparation manufacturing","County, NAICS 5-digit -- by ownership sector","All establishment sizes",19,0,0,0,0,0,0,0
"06071",5,"32599",77,0,2013,3,"N","San Bernardino County, California","Private","All other chemical preparation manufacturing","County, NAICS 5-digit -- by ownership sector","All establishment sizes",19,0,0,0,0,0,0,0
"06071",5,"325991",78,0,2013,1,"","San Bernardino County, California","Private","Custom compounding of purchased resins","County, NAICS 6-digit -- by ownership sector","All establishment sizes",6,67,67,68,726507,435725,23330,830
"06071",5,"325991",78,0,2013,2,"","San Bernardino County, California","Private","Custom compounding of purchased resins","County, NAICS 6-digit -- by ownership sector","All establishment sizes",6,70,72,72,959991,78131,3832,1035
"06071",5,"325991",78,0,2013,3,"","San Bernardino County, California","Private","Custom compounding of purchased resins","County, NAICS 6-digit -- by ownership sector","All establishment sizes",6,72,73,68,673429,35798,1742,730
"06071",5,"325992",78,0,2013,1,"N","San Bernardino County, California","Private","Photographic film and chemical manufacturing","County, NAICS 6-digit -- by ownership sector","All establishment sizes",2,0,0,0,0,0,0,0
"06071",5,"325992",78,0,2013,2,"N","San Bernardino County, California","Private","Photographic film and chemical manufacturing","County, NAICS 6-digit -- by ownership sector","All establishment sizes",2,0,0,0,0,0,0,0
"06071",5,"325992",78,0,2013,3,"N","San Bernardino County, California","Private","Photographic film and chemical manufacturing","County, NAICS 6-digit -- by ownership sector","All establishment sizes",2,0,0,0,0,0,0,0
"06071",5,"325998",78,0,2013,1,"","San Bernardino County, California","Private","Other miscellaneous chemical product mfg.","County, NAICS 6-digit -- by ownership sector","All establishment sizes",11,198,204,202,2860514,1259670,67740,1093
"06071",5,"325998",78,0,2013,2,"","San Bernardino County, California","Private","Other miscellaneous chemical product mfg.","County, NAICS 6-digit -- by ownership sector","All establishment sizes",11,197,194,196,2886848,100212,5414,1135
"06071",5,"325998",78,0,2013,3,"","San Bernardino County, California","Private","Other miscellaneous chemical product mfg.","County, NAICS 6-digit -- by ownership sector","All establishment sizes",11,186,192,195,2811307,69841,3759,1132
"06071",5,"326",75,0,2013,1,"","San Bernardino County, California","Private","Plastics and rubber products manufacturing","County, NAICS 3-digit -- by ownership sector","All establishment sizes",123,4916,4954,4945,53480042,30971441,1629361,833
"06071",5,"326",75,0,2013,2,"","San Bernardino County, California","Private","Plastics and rubber products manufacturing","County, NAICS 3-digit -- by ownership sector","All establishment sizes",124,4955,4952,4982,54004981,5202877,260036,837
"06071",5,"326",75,0,2013,3,"","San Bernardino County, California","Private","Plastics and rubber products manufacturing","County, NAICS 3-digit -- by ownership sector","All establishment sizes",123,4972,4912,4910,54531454,2442167,130426,851
"06071",5,"3261",76,0,2013,1,"","San Bernardino County, California","Private","Plastics product manufacturing","County, NAICS 4-digit -- by ownership sector","All establishment sizes",105,4462,4504,4520,49026029,28112941,1491092,839
"06071",5,"3261",76,0,2013,2,"","San Bernardino County, California","Private","Plastics product manufacturing","County, NAICS 4-digit -- by ownership sector","All establishment sizes",106,4540,4531,4565,50266768,4919324,247794,851
"06071",5,"3261",76,0,2013,3,"","San Bernardino County, California","Private","Plastics product manufacturing","County, NAICS 4-digit -- by ownership sector","All establishment sizes",106,4584,4533,4519,50248270,2282153,123350,850
"06071",5,"32611",77,0,2013,1,"","San Bernardino County, California","Private","Plastics packaging materials, film and sheet","County, NAICS 5-digit -- by ownership sector","All establishment sizes",8,473,484,478,5143013,3084228,134594,827
"06071",5,"32611",77,0,2013,2,"","San Bernardino County, California","Private","Plastics packaging materials, film and sheet","County, NAICS 5-digit -- by ownership sector","All establishment sizes",8,468,472,458,5368032,334952,14278,886
"06071",5,"32611",77,0,2013,3,"","San Bernardino County, California","Private","Plastics packaging materials, film and sheet","County, NAICS 5-digit -- by ownership sector","All establishment sizes",8,455,447,443,5240667,165407,7019,899
"06071",5,"326111",78,0,2013,1,"N","San Bernardino County, California","Private","Plastics bag and pouch manufacturing","County, NAICS 6-digit -- by ownership sector","All establishment sizes",2,0,0,0,0,0,0,0
"06071",5,"326111",78,0,2013,2,"N","San Bernardino County, California","Private","Plastics bag and pouch manufacturing","County, NAICS 6-digit -- by ownership sector","All establishment sizes",2,0,0,0,0,0,0,0
"06071",5,"326111",78,0,2013,3,"N","San Bernardino County, California","Private","Plastics bag and pouch manufacturing","County, NAICS 6-digit -- by ownership sector","All establishment sizes",2,0,0,0,0,0,0,0
"06071",5,"326112",78,0,2013,1,"N","San Bernardino County, California","Private","Plastics packaging film and sheet mfg.","County, NAICS 6-digit -- by ownership sector","All establishment sizes",2,0,0,0,0,0,0,0
"06071",5,"326112",78,0,2013,2,"N","San Bernardino County, California","Private","Plastics packaging film and sheet mfg.","County, NAICS 6-digit -- by ownership sector","All establishment sizes",2,0,0,0,0,0,0,0
"06071",5,"326112",78,0,2013,3,"N","San Bernardino County, California","Private","Plastics packaging film and sheet mfg.","County, NAICS 6-digit -- by ownership sector","All establishment sizes",2,0,0,0,0,0,0,0
"06071",5,"326113",78,0,2013,1,"","San Bernardino County, California","Private","Nonpackaging plastics film and sheet mfg.","County, NAICS 6-digit -- by ownership sector","All establishment sizes",4,268,272,269,3045979,1761480,71041,869
"06071",5,"326113",78,0,2013,2,"","San Bernardino County, California","Private","Nonpackaging plastics film and sheet mfg.","County, NAICS 6-digit -- by ownership sector","All establishment sizes",4,263,267,263,3237830,148956,6021,942
"06071",5,"326113",78,0,2013,3,"","San Bernardino County, California","Private","Nonpackaging plastics film and sheet mfg.","County, NAICS 6-digit -- by ownership sector","All establishment sizes",4,260,257,250,3067219,110443,4469,923
"06071",5,"32612",77,0,2013,1,"","San Bernardino County, California","Private","Plastics pipe, fittings, and profile shapes","County, NAICS 5-digit -- by ownership sector","All establishment sizes",11,274,274,276,3109428,1768303,94129,871
"06071",5,"32612",77,0,2013,2,"","San Bernardino County, California","Private","Plastics pipe, fittings, and profile shapes","County, NAICS 5-digit -- by ownership sector","All establishment sizes",11,272,277,267,2967598,243780,12915,839
"06071",5,"32612",77,0,2013,3,"","San Bernardino County, California","Private","Plastics pipe, fittings, and profile shapes","County, NAICS 5-digit -- by ownership sector","All establishment sizes",11,256,264,267,3172832,85384,4866,930
"06071",5,"326121",78,0,2013,1,"","San Bernardino County, California","Private","Unlaminated plastics profile shape mfg.","County, NAICS 6-digit -- by ownership sector","All establishment sizes",5,167,165,168,1782716,1076574,52237,823
"06071",5,"326121",78,0,2013,2,"","San Bernardino County, California","Private","Unlaminated plastics profile shape mfg.","County, NAICS 6-digit -- by ownership sector","All establishment sizes",5,169,170,162,1913443,175543,8838,881
"06071",5,"326121",78,0,2013,3,"","San Bernardino County, California","Private","Unlaminated plastics profile shape mfg.","County, NAICS 6-digit -- by ownership sector","All establishment sizes",5,163,159,161,1868569,56688,3087,893
"06071",5,"326122",78,0,2013,1,"","San Bernardino County, California","Private","Plastics pipe and pipe fitting manufacturing","County, NAICS 6-digit -- by ownership sector","All establishment sizes",6,107,109,108,1326712,691729,41892,945
"06071",5,"326122",78,0,2013,2,"","San Bernardino County, California","Private","Plastics pipe and pipe fitting manufacturing","County, NAICS 6-digit -- by ownership sector","All establishment sizes",6,103,107,105,1054155,68237,4077,772
"06071",5,"326122",78,0,2013,3,"","San Bernardino County, California","Private","Plastics pipe and pipe fitting manufacturing","County, NAICS 6-digit -- by ownership sector","All establishment sizes",6,93,105,106,1304263,28696,1779,990
"06071",5,"32613",77,0,2013,1,"","San Bernardino County, California","Private","Laminated plastics plate, sheet, and shapes","County, NAICS 5-digit -- by ownership sector","All establishment sizes",4,131,135,133,1465091,882713,50430,847
"06071",5,"32613",77,0,2013,2,"","San Bernardino County, California","Private","Laminated plastics plate, sheet, and shapes","County, NAICS 5-digit -- by ownership sector","All establishment sizes",5,143,142,142,1515558,118472,6138,819
"06071",5,"32613",77,0,2013,3,"","San Bernardino County, California","Private","Laminated plastics plate, sheet, and shapes","County, NAICS 5-digit -- by ownership sector","All establishment sizes",5,141,140,149,1527429,59420,3193,820
"06071",5,"326130",78,0,2013,1,"","San Bernardino County, California","Private","Laminated plastics plate, sheet, and shapes","County, NAICS 6-digit -- by ownership sector","All establishment sizes",4,131,135,133,1465091,882713,50430,847
"06071",5,"326130",78,0,2013,2,"","San Bernardino County, California","Private","Laminated plastics plate, sheet, and shapes","County, NAICS 6-digit -- by ownership sector","All establishment sizes",5,143,142,142,1515558,118472,6138,819
"06071",5,"326130",78,0,2013,3,"","San Bernardino County, California","Private","Laminated plastics plate, sheet, and shapes","County, NAICS 6-digit -- by ownership sector","All establishment sizes",5,141,140,149,1527429,59420,3193,820
"06071",5,"32614",77,0,2013,1,"","San Bernardino County, California","Private","Polystyrene foam product manufacturing","County, NAICS 5-digit -- by ownership sector","All establishment sizes",5,119,113,113,1199883,664243,33682,803
"06071",5,"32614",77,0,2013,2,"","San Bernardino County, California","Private","Polystyrene foam product manufacturing","County, NAICS 5-digit -- by ownership sector","All establishment sizes",5,109,106,111,1007619,146450,7759,713
"06071",5,"32614",77,0,2013,3,"","San Bernardino County, California","Private","Polystyrene foam product manufacturing","County, NAICS 5-digit -- by ownership sector","All establishment sizes",5,122,108,112,1067860,116727,6528,721
"06071",5,"326140",78,0,2013,1,"","San Bernardino County, California","Private","Polystyrene foam product manufacturing","County, NAICS 6-digit -- by ownership sector","All establishment sizes",5,119,113,113,1199883,664243,33682,803
"06071",5,"326140",78,0,2013,2,"","San Bernardino County, California","Private","Polystyrene foam product manufacturing","County, NAICS 6-digit -- by ownership sector","All establishment sizes",5,109,106,111,1007619,146450,7759,713
"06071",5,"326140",78,0,2013,3,"","San Bernardino County, California","Private","Polystyrene foam product manufacturing","County, NAICS 6-digit -- by ownership sector","All establishment sizes",5,122,108,112,1067860,116727,6528,721
"06071",5,"32615",77,0,2013,1,"","San Bernardino County, California","Private","Urethane and other foam product manufacturing","County, NAICS 5-digit -- by ownership sector","All establishment sizes",11,229,241,247,2496815,1416948,66563,804
"06071",5,"32615",77,0,2013,2,"","San Bernardino County, California","Private","Urethane and other foam product manufacturing","County, NAICS 5-digit -- by ownership sector","All establishment sizes",11,254,260,263,2732718,361527,17406,812
"06071",5,"32615",77,0,2013,3,"","San Bernardino County, California","Private","Urethane and other foam product manufacturing","County, NAICS 5-digit -- by ownership sector","All establishment sizes",11,260,250,248,2705086,92444,4092,824
"06071",5,"326150",78,0,2013,1,"","San Bernardino County, California","Private","Urethane and other foam product manufacturing","County, NAICS 6-digit -- by ownership sector","All establishment sizes",11,229,241,247,2496815,1416948,66563,804
"06071",5,"326150",78,0,2013,2,"","San Bernardino County, California","Private","Urethane and other foam product manufacturing","County, NAICS 6-digit -- by ownership sector","All establishment sizes",11,254,260,263,2732718,361527,17406,812
"06071",5,"326150",78,0,2013,3,"","San Bernardino County, California","Private","Urethane and other foam product manufacturing","County, NAICS 6-digit -- by ownership sector","All establishment sizes",11,260,250,248,2705086,92444,4092,824
"06071",5,"32616",77,0,2013,1,"","San Bernardino County, California","Private","Plastics bottle manufacturing","County, NAICS 5-digit -- by ownership sector","All establishment sizes",11,1319,1321,1328,17285883,8488330,476254,1005
"06071",5,"32616",77,0,2013,2,"","San Bernardino County, California","Private","Plastics bottle manufacturing","County, NAICS 5-digit -- by ownership sector","All establishment sizes",11,1343,1342,1382,17359205,1457866,71399,985
"06071",5,"32616",77,0,2013,3,"","San Bernardino County, California","Private","Plastics bottle manufacturing","County, NAICS 5-digit -- by ownership sector","All establishment sizes",11,1397,1384,1360,17241003,853788,50119,961
"06071",5,"326160",78,0,2013,1,"","San Bernardino County, California","Private","Plastics bottle manufacturing","County, NAICS 6-digit -- by ownership sector","All establishment sizes",11,1319,1321,1328,17285883,8488330,476254,1005
"06071",5,"326160",78,0,2013,2,"","San Bernardino County, California","Private","Plastics bottle manufacturing","County, NAICS 6-digit -- by ownership sector","All establishment sizes",11,1343,1342,1382,17359205,1457866,71399,985
"06071",5,"326160",78,0,2013,3,"","San Bernardino County, California","Private","Plastics bottle manufacturing","County, NAICS 6-digit -- by ownership sector","All establishment sizes",11,1397,1384,1360,17241003,853788,50119,961
"06071",5,"32619",77,0,2013,1,"","San Bernardino County, California","Private","Other plastics product manufacturing","County, NAICS 5-digit -- by ownership sector","All establishment sizes",55,1917,1936,1945,18325916,11808176,635440,729
"06071",5,"32619",77,0,2013,2,"","San Bernardino County, California","Private","Other plastics product manufacturing","County, NAICS 5-digit -- by ownership sector","All establishment sizes",55,1951,1932,1942,19316038,2256277,117899,765
"06071",5,"32619",77,0,2013,3,"","San Bernardino County, California","Private","Other plastics product manufacturing","County, NAICS 5-digit -- by ownership sector","All establishment sizes",55,1953,1940,1940,19293393,908983,47533,763
"06071",5,"326191",78,0,2013,1,"","San Bernardino County, California","Private","Plastics plumbing fixture manufacturing","County, NAICS 6-digit -- by ownership sector","All establishment sizes",5,214,227,228,2777392,1479887,90628,958
"06071",5,"326191",78,0,2013,2,"","San Bernardino County, California","Private","Plastics plumbing fixture manufacturing","County, NAICS 6-digit -- by ownership sector","All establishment sizes",5,236,237,235,3073308,290610,17122,1002
"06071",5,"326191",78,0,2013,3,"","San Bernardino County, California","Private","Plastics plumbing fixture manufacturing","County, NAICS 6-digit -- by ownership sector","All establishment sizes",5,232,244,237,3105210,176902,10806,1005
"06071",5,"326199",78,0,2013,1,"","San Bernardino County, California","Private","All other plastics product manufacturing","County, NAICS 6-digit -- by ownership sector","All establishment sizes",50,1703,1709,1717,15548524,10328289,544812,700
"06071",5,"326199",78,0,2013,2,"","San Bernardino County, California","Private","All other plastics product manufacturing","County, NAICS 6-digit -- by ownership sector","All establishment sizes",50,1715,1695,1707,16242730,1965667,100777,733
"06071",5,"326199",78,0,2013,3,"","San Bernardino County, California","Private","All other plastics product manufacturing","County, NAICS 6-digit -- by ownership sector","All establishment sizes",50,1721,1696,1703,16188183,732081,36727,730
"06071",5,"3262",76,0,2013,1,"","San Bernardino County, California","Private","Rubber product manufacturing","County, NAICS 4-digit -- by ownership sector","All establishment sizes",18,454,450,425,4454013,2858500,138269,773
"06071",5,"3262",76,0,2013,2,"","San Bernardino County, California","Private","Rubber product manufacturing","County, NAICS 4-digit -- by ownership sector","All establishment sizes",18,415,421,417,3738213,283553,12242,688
"06071",5,"3262",76,0,2013,3,"","San Bernardino County, California","Private","Rubber product manufacturing","County, NAICS 4-digit -- by ownership sector","All establishment sizes",17,388,379,391,4283184,160014,7076,854
"06071",5,"32621",77,0,2013,1,"","San Bernardino County, California","Private","Tire manufacturing","County, NAICS 5-digit -- by ownership sector","All establishment sizes",7,100,97,94,837238,581192,29671,664
"06071",5,"32621",77,0,2013,2,"","San Bernardino County, California","Private","Tire manufacturing","County, NAICS 5-digit -- by ownership sector","All establishment sizes",7,94,96,92,773789,61933,2718,633
"06071",5,"32621",77,0,2013,3,"N","San Bernardino County, California","Private","Tire manufacturing","County, NAICS 5-digit -- by ownership sector","All establishment sizes",6,0,0,0,0,0,0,0
"06071",5,"326211",78,0,2013,1,"N","San Bernardino County, California","Private","Tire manufacturing, except retreading","County, NAICS 6-digit -- by ownership sector","All establishment sizes",1,0,0,0,0,0,0,0
"06071",5,"326211",78,0,2013,2,"N","San Bernardino County, California","Private","Tire manufacturing, except retreading","County, NAICS 6-digit -- by ownership sector","All establishment sizes",1,0,0,0,0,0,0,0
"06071",5,"326211",78,0,2013,3,"-","San Bernardino County, California","Private","Tire manufacturing, except retreading","County, NAICS 6-digit -- by ownership sector","All establishment sizes",0,0,0,0,0,0,0,0
"06071",5,"326212",78,0,2013,1,"N","San Bernardino County, California","Private","Tire retreading","County, NAICS 6-digit -- by ownership sector","All establishment sizes",6,0,0,0,0,0,0,0
"06071",5,"326212",78,0,2013,2,"N","San Bernardino County, California","Private","Tire retreading","County, NAICS 6-digit -- by ownership sector","All establishment sizes",6,0,0,0,0,0,0,0
"06071",5,"326212",78,0,2013,3,"N","San Bernardino County, California","Private","Tire retreading","County, NAICS 6-digit -- by ownership sector","All establishment sizes",6,0,0,0,0,0,0,0
"06071",5,"32622",77,0,2013,1,"","San Bernardino County, California","Private","Rubber and plastics hose and belting mfg.","County, NAICS 5-digit -- by ownership sector","All establishment sizes",3,78,77,77,962528,517900,27942,957
"06071",5,"32622",77,0,2013,2,"","San Bernardino County, California","Private","Rubber and plastics hose and belting mfg.","County, NAICS 5-digit -- by ownership sector","All establishment sizes",3,75,76,77,889469,30103,1474,900
"06071",5,"32622",77,0,2013,3,"N","San Bernardino County, California","Private","Rubber and plastics hose and belting mfg.","County, NAICS 5-digit -- by ownership sector","All establishment sizes",3,0,0,0,0,0,0,0
"06071",5,"326220",78,0,2013,1,"","San Bernardino County, California","Private","Rubber and plastics hose and belting mfg.","County, NAICS 6-digit -- by ownership sector","All establishment sizes",3,78,77,77,962528,517900,27942,957
"06071",5,"326220",78,0,2013,2,"","San Bernardino County, California","Private","Rubber and plastics hose and belting mfg.","County, NAICS 6-digit -- by ownership sector","All establishment sizes",3,75,76,77,889469,30103,1474,900
"06071",5,"326220",78,0,2013,3,"N","San Bernardino County, California","Private","Rubber and plastics hose and belting mfg.","County, NAICS 6-digit -- by ownership sector","All establishment sizes",3,0,0,0,0,0,0,0
"06071",5,"32629",77,0,2013,1,"","San Bernardino County, California","Private","Other rubber product manufacturing","County, NAICS 5-digit -- by ownership sector","All establishment sizes",8,276,276,254,2654247,1759408,80656,760
"06071",5,"32629",77,0,2013,2,"","San Bernardino County, California","Private","Other rubber product manufacturing","County, NAICS 5-digit -- by ownership sector","All establishment sizes",8,246,249,248,2074955,191517,8050,644
"06071",5,"32629",77,0,2013,3,"","San Bernardino County, California","Private","Other rubber product manufacturing","County, NAICS 5-digit -- by ownership sector","All establishment sizes",8,253,247,258,2475769,139623,6093,754
"06071",5,"326291",78,0,2013,1,"N","San Bernardino County, California","Private","Rubber product mfg. for mechanical use","County, NAICS 6-digit -- by ownership sector","All establishment sizes",5,0,0,0,0,0,0,0
"06071",5,"326291",78,0,2013,2,"N","San Bernardino County, California","Private","Rubber product mfg. for mechanical use","County, NAICS 6-digit -- by ownership sector","All establishment sizes",5,0,0,0,0,0,0,0
"06071",5,"326291",78,0,2013,3,"N","San Bernardino County, California","Private","Rubber product mfg. for mechanical use","County, NAICS 6-digit -- by ownership sector","All establishment sizes",5,0,0,0,0,0,0,0
"06071",5,"326299",78,0,2013,1,"N","San Bernardino County, California","Private","All other rubber product manufacturing","County, NAICS 6-digit -- by ownership sector","All establishment sizes",3,0,0,0,0,0,0,0
"06071",5,"326299",78,0,2013,2,"N","San Bernardino County, California","Private","All other rubber product manufacturing","County, NAICS 6-digit -- by ownership sector","All establishment sizes",3,0,0,0,0,0,0,0
"06071",5,"326299",78,0,2013,3,"N","San Bernardino County, California","Private","All other rubber product manufacturing","County, NAICS 6-digit -- by ownership sector","All establishment sizes",3,0,0,0,0,0,0,0
"06071",5,"327",75,0,2013,1,"","San Bernardino County, California","Private","Nonmetallic mineral product manufacturing","County, NAICS 3-digit -- by ownership sector","All establishment sizes",84,2768,2825,2829,37728426,18936371,1143550,1034
"06071",5,"327",75,0,2013,2,"","San Bernardino County, California","Private","Nonmetallic mineral product manufacturing","County, NAICS 3-digit -- by ownership sector","All establishment sizes",84,2893,2918,2868,39207656,2604532,155964,1043
"06071",5,"327",75,0,2013,3,"","San Bernardino County, California","Private","Nonmetallic mineral product manufacturing","County, NAICS 3-digit -- by ownership sector","All establishment sizes",84,2809,2833,2833,39150827,1736201,104828,1066
"06071",5,"3271",76,0,2013,1,"","San Bernardino County, California","Private","Clay product and refractory manufacturing","County, NAICS 4-digit -- by ownership sector","All establishment sizes",8,114,118,116,830032,674119,27521,550
"06071",5,"3271",76,0,2013,2,"","San Bernardino County, California","Private","Clay product and refractory manufacturing","County, NAICS 4-digit -- by ownership sector","All establishment sizes",8,113,110,110,783459,146886,6813,543
"06071",5,"3271",76,0,2013,3,"","San Bernardino County, California","Private","Clay product and refractory manufacturing","County, NAICS 4-digit -- by ownership sector","All establishment sizes",8,105,106,105,833175,27630,1540,608
"06071",5,"32711",77,0,2013,1,"N","San Bernardino County, California","Private","Pottery, ceramics, and plumbing fixture mfg.","County, NAICS 5-digit -- by ownership sector","All establishment sizes",4,0,0,0,0,0,0,0
"06071",5,"32711",77,0,2013,2,"N","San Bernardino County, California","Private","Pottery, ceramics, and plumbing fixture mfg.","County, NAICS 5-digit -- by ownership sector","All establishment sizes",4,0,0,0,0,0,0,0
"06071",5,"32711",77,0,2013,3,"N","San Bernardino County, California","Private","Pottery, ceramics, and plumbing fixture mfg.","County, NAICS 5-digit -- by ownership sector","All establishment sizes",4,0,0,0,0,0,0,0
"06071",5,"327110",78,0,2013,1,"N","San Bernardino County, California","Private","Pottery, ceramics, and plumbing fixture mfg.","County, NAICS 6-digit -- by ownership sector","All establishment sizes",4,0,0,0,0,0,0,0
"06071",5,"327110",78,0,2013,2,"N","San Bernardino County, California","Private","Pottery, ceramics, and plumbing fixture mfg.","County, NAICS 6-digit -- by ownership sector","All establishment sizes",4,0,0,0,0,0,0,0
"06071",5,"327110",78,0,2013,3,"N","San Bernardino County, California","Private","Pottery, ceramics, and plumbing fixture mfg.","County, NAICS 6-digit -- by ownership sector","All establishment sizes",4,0,0,0,0,0,0,0
"06071",5,"32712",77,0,2013,1,"N","San Bernardino County, California","Private","Clay building material and refractories mfg.","County, NAICS 5-digit -- by ownership sector","All establishment sizes",4,0,0,0,0,0,0,0
"06071",5,"32712",77,0,2013,2,"N","San Bernardino County, California","Private","Clay building material and refractories mfg.","County, NAICS 5-digit -- by ownership sector","All establishment sizes",4,0,0,0,0,0,0,0
"06071",5,"32712",77,0,2013,3,"N","San Bernardino County, California","Private","Clay building material and refractories mfg.","County, NAICS 5-digit -- by ownership sector","All establishment sizes",4,0,0,0,0,0,0,0
"06071",5,"327120",78,0,2013,1,"N","San Bernardino County, California","Private","Clay building material and refractories mfg.","County, NAICS 6-digit -- by ownership sector","All establishment sizes",4,0,0,0,0,0,0,0
"06071",5,"327120",78,0,2013,2,"N","San Bernardino County, California","Private","Clay building material and refractories mfg.","County, NAICS 6-digit -- by ownership sector","All establishment sizes",4,0,0,0,0,0,0,0
"06071",5,"327120",78,0,2013,3,"N","San Bernardino County, California","Private","Clay building material and refractories mfg.","County, NAICS 6-digit -- by ownership sector","All establishment sizes",4,0,0,0,0,0,0,0
"06071",5,"3272",76,0,2013,1,"N","San Bernardino County, California","Private","Glass and glass product manufacturing","County, NAICS 4-digit -- by ownership sector","All establishment sizes",7,0,0,0,0,0,0,0
"06071",5,"3272",76,0,2013,2,"N","San Bernardino County, California","Private","Glass and glass product manufacturing","County, NAICS 4-digit -- by ownership sector","All establishment sizes",7,0,0,0,0,0,0,0
"06071",5,"3272",76,0,2013,3,"N","San Bernardino County, California","Private","Glass and glass product manufacturing","County, NAICS 4-digit -- by ownership sector","All establishment sizes",7,0,0,0,0,0,0,0
"06071",5,"32721",77,0,2013,1,"N","San Bernardino County, California","Private","Glass and glass product manufacturing","County, NAICS 5-digit -- by ownership sector","All establishment sizes",7,0,0,0,0,0,0,0
"06071",5,"32721",77,0,2013,2,"N","San Bernardino County, California","Private","Glass and glass product manufacturing","County, NAICS 5-digit -- by ownership sector","All establishment sizes",7,0,0,0,0,0,0,0
"06071",5,"32721",77,0,2013,3,"N","San Bernardino County, California","Private","Glass and glass product manufacturing","County, NAICS 5-digit -- by ownership sector","All establishment sizes",7,0,0,0,0,0,0,0
"06071",5,"327211",78,0,2013,1,"N","San Bernardino County, California","Private","Flat glass manufacturing","County, NAICS 6-digit -- by ownership sector","All establishment sizes",1,0,0,0,0,0,0,0
"06071",5,"327211",78,0,2013,2,"N","San Bernardino County, California","Private","Flat glass manufacturing","County, NAICS 6-digit -- by ownership sector","All establishment sizes",1,0,0,0,0,0,0,0
"06071",5,"327211",78,0,2013,3,"N","San Bernardino County, California","Private","Flat glass manufacturing","County, NAICS 6-digit -- by ownership sector","All establishment sizes",1,0,0,0,0,0,0,0
"06071",5,"327213",78,0,2013,1,"N","San Bernardino County, California","Private","Glass container manufacturing","County, NAICS 6-digit -- by ownership sector","All establishment sizes",1,0,0,0,0,0,0,0
"06071",5,"327213",78,0,2013,2,"N","San Bernardino County, California","Private","Glass container manufacturing","County, NAICS 6-digit -- by ownership sector","All establishment sizes",2,0,0,0,0,0,0,0
"06071",5,"327213",78,0,2013,3,"N","San Bernardino County, California","Private","Glass container manufacturing","County, NAICS 6-digit -- by ownership sector","All establishment sizes",2,0,0,0,0,0,0,0
"06071",5,"327215",78,0,2013,1,"","San Bernardino County, California","Private","Glass product mfg. made of purchased glass","County, NAICS 6-digit -- by ownership sector","All establishment sizes",5,20,21,16,133006,105227,5306,538
"06071",5,"327215",78,0,2013,2,"","San Bernardino County, California","Private","Glass product mfg. made of purchased glass","County, NAICS 6-digit -- by ownership sector","All establishment sizes",4,16,16,16,121419,16981,588,584
"06071",5,"327215",78,0,2013,3,"","San Bernardino County, California","Private","Glass product mfg. made of purchased glass","County, NAICS 6-digit -- by ownership sector","All establishment sizes",4,16,16,17,138023,16359,946,650
"06071",5,"3273",76,0,2013,1,"","San Bernardino County, California","Private","Cement and concrete product manufacturing","County, NAICS 4-digit -- by ownership sector","All establishment sizes",56,2279,2331,2343,32376686,16018589,986392,1075
"06071",5,"3273",76,0,2013,2,"","San Bernardino County, California","Private","Cement and concrete product manufacturing","County, NAICS 4-digit -- by ownership sector","All establishment sizes",56,2397,2422,2366,34026465,2044589,126078,1093
"06071",5,"3273",76,0,2013,3,"","San Bernardino County, California","Private","Cement and concrete product manufacturing","County, NAICS 4-digit -- by ownership sector","All establishment sizes",56,2306,2321,2312,33522852,1405586,86545,1115
"06071",5,"32731",77,0,2013,1,"","San Bernardino County, California","Private","Cement manufacturing","County, NAICS 5-digit -- by ownership sector","All establishment sizes",3,452,458,456,8376403,3354111,207955,1415
"06071",5,"32731",77,0,2013,2,"","San Bernardino County, California","Private","Cement manufacturing","County, NAICS 5-digit -- by ownership sector","All establishment sizes",3,457,458,452,8707176,281270,17439,1470
"06071",5,"32731",77,0,2013,3,"","San Bernardino County, California","Private","Cement manufacturing","County, NAICS 5-digit -- by ownership sector","All establishment sizes",3,456,464,462,8727074,216480,13421,1457
"06071",5,"327310",78,0,2013,1,"","San Bernardino County, California","Private","Cement manufacturing","County, NAICS 6-digit -- by ownership sector","All establishment sizes",3,452,458,456,8376403,3354111,207955,1415
"06071",5,"327310",78,0,2013,2,"","San Bernardino County, California","Private","Cement manufacturing","County, NAICS 6-digit -- by ownership sector","All establishment sizes",3,457,458,452,8707176,281270,17439,1470
"06071",5,"327310",78,0,2013,3,"","San Bernardino County, California","Private","Cement manufacturing","County, NAICS 6-digit -- by ownership sector","All establishment sizes",3,456,464,462,8727074,216480,13421,1457
"06071",5,"32732",77,0,2013,1,"","San Bernardino County, California","Private","Ready-mix concrete manufacturing","County, NAICS 5-digit -- by ownership sector","All establishment sizes",26,529,524,527,6743482,3632249,223884,985
"06071",5,"32732",77,0,2013,2,"","San Bernardino County, California","Private","Ready-mix concrete manufacturing","County, NAICS 5-digit -- by ownership sector","All establishment sizes",26,525,530,535,7527752,291555,18077,1093
"06071",5,"32732",77,0,2013,3,"","San Bernardino County, California","Private","Ready-mix concrete manufacturing","County, NAICS 5-digit -- by ownership sector","All establishment sizes",26,502,510,511,7633513,232757,14429,1157
"06071",5,"327320",78,0,2013,1,"","San Bernardino County, California","Private","Ready-mix concrete manufacturing","County, NAICS 6-digit -- by ownership sector","All establishment sizes",26,529,524,527,6743482,3632249,223884,985
"06071",5,"327320",78,0,2013,2,"","San Bernardino County, California","Private","Ready-mix concrete manufacturing","County, NAICS 6-digit -- by ownership sector","All establishment sizes",26,525,530,535,7527752,291555,18077,1093
"06071",5,"327320",78,0,2013,3,"","San Bernardino County, California","Private","Ready-mix concrete manufacturing","County, NAICS 6-digit -- by ownership sector","All establishment sizes",26,502,510,511,7633513,232757,14429,1157
"06071",5,"32733",77,0,2013,1,"","San Bernardino County, California","Private","Concrete pipe, brick, and block manufacturing","County, NAICS 5-digit -- by ownership sector","All establishment sizes",7,271,265,270,4017411,1721580,106738,1150
"06071",5,"32733",77,0,2013,2,"","San Bernardino County, California","Private","Concrete pipe, brick, and block manufacturing","County, NAICS 5-digit -- by ownership sector","All establishment sizes",7,290,287,285,4376092,177438,11000,1172
"06071",5,"32733",77,0,2013,3,"","San Bernardino County, California","Private","Concrete pipe, brick, and block manufacturing","County, NAICS 5-digit -- by ownership sector","All establishment sizes",7,294,302,286,4327507,180920,11217,1132
"06071",5,"327331",78,0,2013,1,"N","San Bernardino County, California","Private","Concrete block and brick manufacturing","County, NAICS 6-digit -- by ownership sector","All establishment sizes",3,0,0,0,0,0,0,0
"06071",5,"327331",78,0,2013,2,"N","San Bernardino County, California","Private","Concrete block and brick manufacturing","County, NAICS 6-digit -- by ownership sector","All establishment sizes",3,0,0,0,0,0,0,0
"06071",5,"327331",78,0,2013,3,"N","San Bernardino County, California","Private","Concrete block and brick manufacturing","County, NAICS 6-digit -- by ownership sector","All establishment sizes",3,0,0,0,0,0,0,0
"06071",5,"327332",78,0,2013,1,"N","San Bernardino County, California","Private","Concrete pipe manufacturing","County, NAICS 6-digit -- by ownership sector","All establishment sizes",4,0,0,0,0,0,0,0
"06071",5,"327332",78,0,2013,2,"N","San Bernardino County, California","Private","Concrete pipe manufacturing","County, NAICS 6-digit -- by ownership sector","All establishment sizes",4,0,0,0,0,0,0,0
"06071",5,"327332",78,0,2013,3,"N","San Bernardino County, California","Private","Concrete pipe manufacturing","County, NAICS 6-digit -- by ownership sector","All establishment sizes",4,0,0,0,0,0,0,0
"06071",5,"32739",77,0,2013,1,"","San Bernardino County, California","Private","Other concrete product manufacturing","County, NAICS 5-digit -- by ownership sector","All establishment sizes",20,1027,1084,1090,13239390,7310649,447815,954
"06071",5,"32739",77,0,2013,2,"","San Bernardino County, California","Private","Other concrete product manufacturing","County, NAICS 5-digit -- by ownership sector","All establishment sizes",20,1125,1147,1094,13415445,1294326,79562,920
"06071",5,"32739",77,0,2013,3,"","San Bernardino County, California","Private","Other concrete product manufacturing","County, NAICS 5-digit -- by ownership sector","All establishment sizes",20,1054,1045,1053,12834758,775429,47478,940
"06071",5,"327390",78,0,2013,1,"","San Bernardino County, California","Private","Other concrete product manufacturing","County, NAICS 6-digit -- by ownership sector","All establishment sizes",20,1027,1084,1090,13239390,7310649,447815,954
"06071",5,"327390",78,0,2013,2,"","San Bernardino County, California","Private","Other concrete product manufacturing","County, NAICS 6-digit -- by ownership sector","All establishment sizes",20,1125,1147,1094,13415445,1294326,79562,920
"06071",5,"327390",78,0,2013,3,"","San Bernardino County, California","Private","Other concrete product manufacturing","County, NAICS 6-digit -- by ownership sector","All establishment sizes",20,1054,1045,1053,12834758,775429,47478,940
"06071",5,"3274",76,0,2013,1,"N","San Bernardino County, California","Private","Lime and gypsum product manufacturing","County, NAICS 4-digit -- by ownership sector","All establishment sizes",2,0,0,0,0,0,0,0
"06071",5,"3274",76,0,2013,2,"N","San Bernardino County, California","Private","Lime and gypsum product manufacturing","County, NAICS 4-digit -- by ownership sector","All establishment sizes",2,0,0,0,0,0,0,0
"06071",5,"3274",76,0,2013,3,"N","San Bernardino County, California","Private","Lime and gypsum product manufacturing","County, NAICS 4-digit -- by ownership sector","All establishment sizes",2,0,0,0,0,0,0,0
"06071",5,"32742",77,0,2013,1,"N","San Bernardino County, California","Private","Gypsum product manufacturing","County, NAICS 5-digit -- by ownership sector","All establishment sizes",2,0,0,0,0,0,0,0
"06071",5,"32742",77,0,2013,2,"N","San Bernardino County, California","Private","Gypsum product manufacturing","County, NAICS 5-digit -- by ownership sector","All establishment sizes",2,0,0,0,0,0,0,0
"06071",5,"32742",77,0,2013,3,"N","San Bernardino County, California","Private","Gypsum product manufacturing","County, NAICS 5-digit -- by ownership sector","All establishment sizes",2,0,0,0,0,0,0,0
"06071",5,"327420",78,0,2013,1,"N","San Bernardino County, California","Private","Gypsum product manufacturing","County, NAICS 6-digit -- by ownership sector","All establishment sizes",2,0,0,0,0,0,0,0
"06071",5,"327420",78,0,2013,2,"N","San Bernardino County, California","Private","Gypsum product manufacturing","County, NAICS 6-digit -- by ownership sector","All establishment sizes",2,0,0,0,0,0,0,0
"06071",5,"327420",78,0,2013,3,"N","San Bernardino County, California","Private","Gypsum product manufacturing","County, NAICS 6-digit -- by ownership sector","All establishment sizes",2,0,0,0,0,0,0,0
"06071",5,"3279",76,0,2013,1,"","San Bernardino County, California","Private","Other nonmetallic mineral products","County, NAICS 4-digit -- by ownership sector","All establishment sizes",11,274,273,272,3225096,1558698,95460,909
"06071",5,"3279",76,0,2013,2,"","San Bernardino County, California","Private","Other nonmetallic mineral products","County, NAICS 4-digit -- by ownership sector","All establishment sizes",11,284,286,290,3121235,312959,19131,838
"06071",5,"3279",76,0,2013,3,"","San Bernardino County, California","Private","Other nonmetallic mineral products","County, NAICS 4-digit -- by ownership sector","All establishment sizes",11,300,305,312,3385808,212308,12336,852
"06071",5,"32791",77,0,2013,1,"N","San Bernardino County, California","Private","Abrasive product manufacturing","County, NAICS 5-digit -- by ownership sector","All establishment sizes",2,0,0,0,0,0,0,0
"06071",5,"32791",77,0,2013,2,"N","San Bernardino County, California","Private","Abrasive product manufacturing","County, NAICS 5-digit -- by ownership sector","All establishment sizes",2,0,0,0,0,0,0,0
"06071",5,"32791",77,0,2013,3,"N","San Bernardino County, California","Private","Abrasive product manufacturing","County, NAICS 5-digit -- by ownership sector","All establishment sizes",2,0,0,0,0,0,0,0
"06071",5,"327910",78,0,2013,1,"N","San Bernardino County, California","Private","Abrasive product manufacturing","County, NAICS 6-digit -- by ownership sector","All establishment sizes",2,0,0,0,0,0,0,0
"06071",5,"327910",78,0,2013,2,"N","San Bernardino County, California","Private","Abrasive product manufacturing","County, NAICS 6-digit -- by ownership sector","All establishment sizes",2,0,0,0,0,0,0,0
"06071",5,"327910",78,0,2013,3,"N","San Bernardino County, California","Private","Abrasive product manufacturing","County, NAICS 6-digit -- by ownership sector","All establishment sizes",2,0,0,0,0,0,0,0
"06071",5,"32799",77,0,2013,1,"N","San Bernardino County, California","Private","All other nonmetallic mineral products mfg.","County, NAICS 5-digit -- by ownership sector","All establishment sizes",9,0,0,0,0,0,0,0
"06071",5,"32799",77,0,2013,2,"N","San Bernardino County, California","Private","All other nonmetallic mineral products mfg.","County, NAICS 5-digit -- by ownership sector","All establishment sizes",9,0,0,0,0,0,0,0
"06071",5,"32799",77,0,2013,3,"N","San Bernardino County, California","Private","All other nonmetallic mineral products mfg.","County, NAICS 5-digit -- by ownership sector","All establishment sizes",9,0,0,0,0,0,0,0
"06071",5,"327991",78,0,2013,1,"N","San Bernardino County, California","Private","Cut stone and stone product manufacturing","County, NAICS 6-digit -- by ownership sector","All establishment sizes",5,0,0,0,0,0,0,0
"06071",5,"327991",78,0,2013,2,"","San Bernardino County, California","Private","Cut stone and stone product manufacturing","County, NAICS 6-digit -- by ownership sector","All establishment sizes",5,69,73,73,467504,127279,7876,502
"06071",5,"327991",78,0,2013,3,"N","San Bernardino County, California","Private","Cut stone and stone product manufacturing","County, NAICS 6-digit -- by ownership sector","All establishment sizes",5,0,0,0,0,0,0,0
"06071",5,"327993",78,0,2013,1,"N","San Bernardino County, California","Private","Mineral wool manufacturing","County, NAICS 6-digit -- by ownership sector","All establishment sizes",1,0,0,0,0,0,0,0
"06071",5,"327993",78,0,2013,2,"N","San Bernardino County, California","Private","Mineral wool manufacturing","County, NAICS 6-digit -- by ownership sector","All establishment sizes",1,0,0,0,0,0,0,0
"06071",5,"327993",78,0,2013,3,"N","San Bernardino County, California","Private","Mineral wool manufacturing","County, NAICS 6-digit -- by ownership sector","All establishment sizes",1,0,0,0,0,0,0,0
"06071",5,"327999",78,0,2013,1,"N","San Bernardino County, California","Private","Miscellaneous nonmetallic mineral products","County, NAICS 6-digit -- by ownership sector","All establishment sizes",3,0,0,0,0,0,0,0
"06071",5,"327999",78,0,2013,2,"N","San Bernardino County, California","Private","Miscellaneous nonmetallic mineral products","County, NAICS 6-digit -- by ownership sector","All establishment sizes",3,0,0,0,0,0,0,0
"06071",5,"327999",78,0,2013,3,"N","San Bernardino County, California","Private","Miscellaneous nonmetallic mineral products","County, NAICS 6-digit -- by ownership sector","All establishment sizes",3,0,0,0,0,0,0,0
"06071",5,"331",75,0,2013,1,"","San Bernardino County, California","Private","Primary metal manufacturing","County, NAICS 3-digit -- by ownership sector","All establishment sizes",55,3214,3225,3230,53299628,21636593,1007707,1272
"06071",5,"331",75,0,2013,2,"","San Bernardino County, California","Private","Primary metal manufacturing","County, NAICS 3-digit -- by ownership sector","All establishment sizes",54,3182,3202,3231,47508341,1704430,79757,1140
"06071",5,"331",75,0,2013,3,"","San Bernardino County, California","Private","Primary metal manufacturing","County, NAICS 3-digit -- by ownership sector","All establishment sizes",56,3237,3233,3229,46485875,1093485,49156,1106
"06071",5,"3311",76,0,2013,1,"","San Bernardino County, California","Private","Iron and steel mills and ferroalloy mfg.","County, NAICS 4-digit -- by ownership sector","All establishment sizes",14,1355,1361,1353,26086100,9439265,410230,1479
"06071",5,"3311",76,0,2013,2,"","San Bernardino County, California","Private","Iron and steel mills and ferroalloy mfg.","County, NAICS 4-digit -- by ownership sector","All establishment sizes",14,1350,1364,1373,24169765,424212,18583,1365
"06071",5,"3311",76,0,2013,3,"","San Bernardino County, California","Private","Iron and steel mills and ferroalloy mfg.","County, NAICS 4-digit -- by ownership sector","All establishment sizes",15,1406,1400,1408,23478535,416798,18071,1286
"06071",5,"33111",77,0,2013,1,"","San Bernardino County, California","Private","Iron and steel mills and ferroalloy mfg.","County, NAICS 5-digit -- by ownership sector","All establishment sizes",14,1355,1361,1353,26086100,9439265,410230,1479
"06071",5,"33111",77,0,2013,2,"","San Bernardino County, California","Private","Iron and steel mills and ferroalloy mfg.","County, NAICS 5-digit -- by ownership sector","All establishment sizes",14,1350,1364,1373,24169765,424212,18583,1365
"06071",5,"33111",77,0,2013,3,"","San Bernardino County, California","Private","Iron and steel mills and ferroalloy mfg.","County, NAICS 5-digit -- by ownership sector","All establishment sizes",15,1406,1400,1408,23478535,416798,18071,1286
"06071",5,"331110",78,0,2013,1,"","San Bernardino County, California","Private","Iron and steel mills and ferroalloy mfg.","County, NAICS 6-digit -- by ownership sector","All establishment sizes",14,1355,1361,1353,26086100,9439265,410230,1479
"06071",5,"331110",78,0,2013,2,"","San Bernardino County, California","Private","Iron and steel mills and ferroalloy mfg.","County, NAICS 6-digit -- by ownership sector","All establishment sizes",14,1350,1364,1373,24169765,424212,18583,1365
"06071",5,"331110",78,0,2013,3,"","San Bernardino County, California","Private","Iron and steel mills and ferroalloy mfg.","County, NAICS 6-digit -- by ownership sector","All establishment sizes",15,1406,1400,1408,23478535,416798,18071,1286
"06071",5,"3312",76,0,2013,1,"","San Bernardino County, California","Private","Steel product mfg. from purchased steel","County, NAICS 4-digit -- by ownership sector","All establishment sizes",6,386,396,391,9106185,2728134,148114,1791
"06071",5,"3312",76,0,2013,2,"","San Bernardino County, California","Private","Steel product mfg. from purchased steel","County, NAICS 4-digit -- by ownership sector","All establishment sizes",6,387,375,381,7379417,88194,4340,1490
"06071",5,"3312",76,0,2013,3,"","San Bernardino County, California","Private","Steel product mfg. from purchased steel","County, NAICS 4-digit -- by ownership sector","All establishment sizes",7,365,365,363,7138689,132843,5719,1507
"06071",5,"33121",77,0,2013,1,"N","San Bernardino County, California","Private","Iron, steel pipe and tube from purchase steel","County, NAICS 5-digit -- by ownership sector","All establishment sizes",5,0,0,0,0,0,0,0
"06071",5,"33121",77,0,2013,2,"N","San Bernardino County, California","Private","Iron, steel pipe and tube from purchase steel","County, NAICS 5-digit -- by ownership sector","All establishment sizes",5,0,0,0,0,0,0,0
"06071",5,"33121",77,0,2013,3,"N","San Bernardino County, California","Private","Iron, steel pipe and tube from purchase steel","County, NAICS 5-digit -- by ownership sector","All establishment sizes",5,0,0,0,0,0,0,0
"06071",5,"331210",78,0,2013,1,"N","San Bernardino County, California","Private","Iron, steel pipe and tube from purchase steel","County, NAICS 6-digit -- by ownership sector","All establishment sizes",5,0,0,0,0,0,0,0
"06071",5,"331210",78,0,2013,2,"N","San Bernardino County, California","Private","Iron, steel pipe and tube from purchase steel","County, NAICS 6-digit -- by ownership sector","All establishment sizes",5,0,0,0,0,0,0,0
"06071",5,"331210",78,0,2013,3,"N","San Bernardino County, California","Private","Iron, steel pipe and tube from purchase steel","County, NAICS 6-digit -- by ownership sector","All establishment sizes",5,0,0,0,0,0,0,0
"06071",5,"33122",77,0,2013,1,"N","San Bernardino County, California","Private","Rolling and drawing of purchased steel","County, NAICS 5-digit -- by ownership sector","All establishment sizes",1,0,0,0,0,0,0,0
"06071",5,"33122",77,0,2013,2,"N","San Bernardino County, California","Private","Rolling and drawing of purchased steel","County, NAICS 5-digit -- by ownership sector","All establishment sizes",1,0,0,0,0,0,0,0
"06071",5,"33122",77,0,2013,3,"N","San Bernardino County, California","Private","Rolling and drawing of purchased steel","County, NAICS 5-digit -- by ownership sector","All establishment sizes",2,0,0,0,0,0,0,0
"06071",5,"331221",78,0,2013,1,"-","San Bernardino County, California","Private","Rolled steel shape manufacturing","County, NAICS 6-digit -- by ownership sector","All establishment sizes",0,0,0,0,0,0,0,0
"06071",5,"331221",78,0,2013,2,"-","San Bernardino County, California","Private","Rolled steel shape manufacturing","County, NAICS 6-digit -- by ownership sector","All establishment sizes",0,0,0,0,0,0,0,0
"06071",5,"331221",78,0,2013,3,"N","San Bernardino County, California","Private","Rolled steel shape manufacturing","County, NAICS 6-digit -- by ownership sector","All establishment sizes",1,0,0,0,0,0,0,0
"06071",5,"331222",78,0,2013,1,"N","San Bernardino County, California","Private","Steel wire drawing","County, NAICS 6-digit -- by ownership sector","All establishment sizes",1,0,0,0,0,0,0,0
"06071",5,"331222",78,0,2013,2,"N","San Bernardino County, California","Private","Steel wire drawing","County, NAICS 6-digit -- by ownership sector","All establishment sizes",1,0,0,0,0,0,0,0
"06071",5,"331222",78,0,2013,3,"N","San Bernardino County, California","Private","Steel wire drawing","County, NAICS 6-digit -- by ownership sector","All establishment sizes",1,0,0,0,0,0,0,0
"06071",5,"3313",76,0,2013,1,"","San Bernardino County, California","Private","Alumina and aluminum production","County, NAICS 4-digit -- by ownership sector","All establishment sizes",7,570,575,572,6120330,3602679,194806,823
"06071",5,"3313",76,0,2013,2,"","San Bernardino County, California","Private","Alumina and aluminum production","County, NAICS 4-digit -- by ownership sector","All establishment sizes",8,541,551,560,6410333,389996,20172,895
"06071",5,"3313",76,0,2013,3,"","San Bernardino County, California","Private","Alumina and aluminum production","County, NAICS 4-digit -- by ownership sector","All establishment sizes",7,551,558,563,6556110,163822,9149,905
"06071",5,"33131",77,0,2013,1,"","San Bernardino County, California","Private","Alumina and aluminum production","County, NAICS 5-digit -- by ownership sector","All establishment sizes",7,570,575,572,6120330,3602679,194806,823
"06071",5,"33131",77,0,2013,2,"","San Bernardino County, California","Private","Alumina and aluminum production","County, NAICS 5-digit -- by ownership sector","All establishment sizes",8,541,551,560,6410333,389996,20172,895
"06071",5,"33131",77,0,2013,3,"","San Bernardino County, California","Private","Alumina and aluminum production","County, NAICS 5-digit -- by ownership sector","All establishment sizes",7,551,558,563,6556110,163822,9149,905
"06071",5,"331313",78,0,2013,1,"N","San Bernardino County, California","Private","Primary production of alumina and aluminum","County, NAICS 6-digit -- by ownership sector","All establishment sizes",2,0,0,0,0,0,0,0
"06071",5,"331313",78,0,2013,2,"N","San Bernardino County, California","Private","Primary production of alumina and aluminum","County, NAICS 6-digit -- by ownership sector","All establishment sizes",2,0,0,0,0,0,0,0
"06071",5,"331313",78,0,2013,3,"N","San Bernardino County, California","Private","Primary production of alumina and aluminum","County, NAICS 6-digit -- by ownership sector","All establishment sizes",1,0,0,0,0,0,0,0
"06071",5,"331314",78,0,2013,1,"N","San Bernardino County, California","Private","Secondary smelting and alloying of aluminum","County, NAICS 6-digit -- by ownership sector","All establishment sizes",2,0,0,0,0,0,0,0
"06071",5,"331314",78,0,2013,2,"N","San Bernardino County, California","Private","Secondary smelting and alloying of aluminum","County, NAICS 6-digit -- by ownership sector","All establishment sizes",3,0,0,0,0,0,0,0
"06071",5,"331314",78,0,2013,3,"N","San Bernardino County, California","Private","Secondary smelting and alloying of aluminum","County, NAICS 6-digit -- by ownership sector","All establishment sizes",3,0,0,0,0,0,0,0
"06071",5,"331318",78,0,2013,1,"","San Bernardino County, California","Private","Other al rolling, drawing, and extruding","County, NAICS 6-digit -- by ownership sector","All establishment sizes",3,342,355,351,3994862,2175886,132205,880
"06071",5,"331318",78,0,2013,2,"","San Bernardino County, California","Private","Other al rolling, drawing, and extruding","County, NAICS 6-digit -- by ownership sector","All establishment sizes",3,327,337,346,3958673,205972,11922,904
"06071",5,"331318",78,0,2013,3,"","San Bernardino County, California","Private","Other al rolling, drawing, and extruding","County, NAICS 6-digit -- by ownership sector","All establishment sizes",3,339,340,346,4397920,126410,7514,990
"06071",5,"3314",76,0,2013,1,"","San Bernardino County, California","Private","Other nonferrous metal production","County, NAICS 4-digit -- by ownership sector","All establishment sizes",5,262,266,274,6346438,1850214,72770,1826
"06071",5,"3314",76,0,2013,2,"","San Bernardino County, California","Private","Other nonferrous metal production","County, NAICS 4-digit -- by ownership sector","All establishment sizes",5,269,273,276,3903594,109779,5402,1101
"06071",5,"3314",76,0,2013,3,"","San Bernardino County, California","Private","Other nonferrous metal production","County, NAICS 4-digit -- by ownership sector","All establishment sizes",5,275,272,275,3692085,43966,2012,1037
"06071",5,"33142",77,0,2013,1,"N","San Bernardino County, California","Private","Rolled, drawn, extruded, and alloyed copper","County, NAICS 5-digit -- by ownership sector","All establishment sizes",2,0,0,0,0,0,0,0
"06071",5,"33142",77,0,2013,2,"N","San Bernardino County, California","Private","Rolled, drawn, extruded, and alloyed copper","County, NAICS 5-digit -- by ownership sector","All establishment sizes",2,0,0,0,0,0,0,0
"06071",5,"33142",77,0,2013,3,"N","San Bernardino County, California","Private","Rolled, drawn, extruded, and alloyed copper","County, NAICS 5-digit -- by ownership sector","All establishment sizes",2,0,0,0,0,0,0,0
"06071",5,"331420",78,0,2013,1,"N","San Bernardino County, California","Private","Cu rolling, drawing, extruding, and alloying","County, NAICS 6-digit -- by ownership sector","All establishment sizes",2,0,0,0,0,0,0,0
"06071",5,"331420",78,0,2013,2,"N","San Bernardino County, California","Private","Cu rolling, drawing, extruding, and alloying","County, NAICS 6-digit -- by ownership sector","All establishment sizes",2,0,0,0,0,0,0,0
"06071",5,"331420",78,0,2013,3,"N","San Bernardino County, California","Private","Cu rolling, drawing, extruding, and alloying","County, NAICS 6-digit -- by ownership sector","All establishment sizes",2,0,0,0,0,0,0,0
"06071",5,"33149",77,0,2013,1,"N","San Bernardino County, California","Private","Nonferrous metal, except cu and al, shaping","County, NAICS 5-digit -- by ownership sector","All establishment sizes",3,0,0,0,0,0,0,0
"06071",5,"33149",77,0,2013,2,"N","San Bernardino County, California","Private","Nonferrous metal, except cu and al, shaping","County, NAICS 5-digit -- by ownership sector","All establishment sizes",3,0,0,0,0,0,0,0
"06071",5,"33149",77,0,2013,3,"N","San Bernardino County, California","Private","Nonferrous metal, except cu and al, shaping","County, NAICS 5-digit -- by ownership sector","All establishment sizes",3,0,0,0,0,0,0,0
"06071",5,"331491",78,0,2013,1,"N","San Bernardino County, California","Private","Nonferrous metal, except cu and al, shaping","County, NAICS 6-digit -- by ownership sector","All establishment sizes",2,0,0,0,0,0,0,0
"06071",5,"331491",78,0,2013,2,"N","San Bernardino County, California","Private","Nonferrous metal, except cu and al, shaping","County, NAICS 6-digit -- by ownership sector","All establishment sizes",2,0,0,0,0,0,0,0
"06071",5,"331491",78,0,2013,3,"N","San Bernardino County, California","Private","Nonferrous metal, except cu and al, shaping","County, NAICS 6-digit -- by ownership sector","All establishment sizes",2,0,0,0,0,0,0,0
"06071",5,"331492",78,0,2013,1,"N","San Bernardino County, California","Private","Secondary processing of other nonferrous","County, NAICS 6-digit -- by ownership sector","All establishment sizes",1,0,0,0,0,0,0,0
"06071",5,"331492",78,0,2013,2,"N","San Bernardino County, California","Private","Secondary processing of other nonferrous","County, NAICS 6-digit -- by ownership sector","All establishment sizes",1,0,0,0,0,0,0,0
"06071",5,"331492",78,0,2013,3,"N","San Bernardino County, California","Private","Secondary processing of other nonferrous","County, NAICS 6-digit -- by ownership sector","All establishment sizes",1,0,0,0,0,0,0,0
"06071",5,"3315",76,0,2013,1,"","San Bernardino County, California","Private","Foundries","County, NAICS 4-digit -- by ownership sector","All establishment sizes",23,641,627,640,5640575,4016301,181787,682
"06071",5,"3315",76,0,2013,2,"","San Bernardino County, California","Private","Foundries","County, NAICS 4-digit -- by ownership sector","All establishment sizes",21,635,639,641,5645232,692249,31260,680
"06071",5,"3315",76,0,2013,3,"","San Bernardino County, California","Private","Foundries","County, NAICS 4-digit -- by ownership sector","All establishment sizes",22,640,638,620,5620456,336056,14205,683
"06071",5,"33151",77,0,2013,1,"","San Bernardino County, California","Private","Ferrous metal foundries","County, NAICS 5-digit -- by ownership sector","All establishment sizes",10,363,348,355,3207605,2307915,106663,694
"06071",5,"33151",77,0,2013,2,"","San Bernardino County, California","Private","Ferrous metal foundries","County, NAICS 5-digit -- by ownership sector","All establishment sizes",9,353,365,367,2996342,317174,13297,637
"06071",5,"33151",77,0,2013,3,"","San Bernardino County, California","Private","Ferrous metal foundries","County, NAICS 5-digit -- by ownership sector","All establishment sizes",9,362,355,348,3170540,156696,6823,687
"06071",5,"331511",78,0,2013,1,"N","San Bernardino County, California","Private","Iron foundries","County, NAICS 6-digit -- by ownership sector","All establishment sizes",4,0,0,0,0,0,0,0
"06071",5,"331511",78,0,2013,2,"N","San Bernardino County, California","Private","Iron foundries","County, NAICS 6-digit -- by ownership sector","All establishment sizes",4,0,0,0,0,0,0,0
"06071",5,"331511",78,0,2013,3,"N","San Bernardino County, California","Private","Iron foundries","County, NAICS 6-digit -- by ownership sector","All establishment sizes",4,0,0,0,0,0,0,0
"06071",5,"331512",78,0,2013,1,"N","San Bernardino County, California","Private","Steel investment foundries","County, NAICS 6-digit -- by ownership sector","All establishment sizes",1,0,0,0,0,0,0,0
"06071",5,"331512",78,0,2013,2,"N","San Bernardino County, California","Private","Steel investment foundries","County, NAICS 6-digit -- by ownership sector","All establishment sizes",1,0,0,0,0,0,0,0
"06071",5,"331512",78,0,2013,3,"N","San Bernardino County, California","Private","Steel investment foundries","County, NAICS 6-digit -- by ownership sector","All establishment sizes",1,0,0,0,0,0,0,0
"06071",5,"331513",78,0,2013,1,"","San Bernardino County, California","Private","Steel foundries, except investment","County, NAICS 6-digit -- by ownership sector","All establishment sizes",5,160,150,153,1589770,1054765,59718,792
"06071",5,"331513",78,0,2013,2,"","San Bernardino County, California","Private","Steel foundries, except investment","County, NAICS 6-digit -- by ownership sector","All establishment sizes",4,150,155,156,1466438,116598,6209,734
"06071",5,"331513",78,0,2013,3,"","San Bernardino County, California","Private","Steel foundries, except investment","County, NAICS 6-digit -- by ownership sector","All establishment sizes",4,159,156,152,1532167,79993,3622,757
"06071",5,"33152",77,0,2013,1,"","San Bernardino County, California","Private","Nonferrous metal foundries","County, NAICS 5-digit -- by ownership sector","All establishment sizes",13,278,279,285,2432970,1708386,75124,667
"06071",5,"33152",77,0,2013,2,"","San Bernardino County, California","Private","Nonferrous metal foundries","County, NAICS 5-digit -- by ownership sector","All establishment sizes",12,282,274,274,2648890,375075,17963,736
"06071",5,"33152",77,0,2013,3,"","San Bernardino County, California","Private","Nonferrous metal foundries","County, NAICS 5-digit -- by ownership sector","All establishment sizes",13,278,283,272,2449916,179360,7382,679
"06071",5,"331523",78,0,2013,1,"","San Bernardino County, California","Private","Nonferrous metal die-casting foundries","County, NAICS 6-digit -- by ownership sector","All establishment sizes",4,107,112,112,1084617,716212,27690,756
"06071",5,"331523",78,0,2013,2,"","San Bernardino County, California","Private","Nonferrous metal die-casting foundries","County, NAICS 6-digit -- by ownership sector","All establishment sizes",4,108,103,102,1143183,62595,2411,843
"06071",5,"331523",78,0,2013,3,"","San Bernardino County, California","Private","Nonferrous metal die-casting foundries","County, NAICS 6-digit -- by ownership sector","All establishment sizes",4,102,106,102,1055965,43745,1296,786
"06071",5,"331524",78,0,2013,1,"","San Bernardino County, California","Private","Aluminum foundries, except die-casting","County, NAICS 6-digit -- by ownership sector","All establishment sizes",4,119,115,116,907436,642888,32353,598
"06071",5,"331524",78,0,2013,2,"","San Bernardino County, California","Private","Aluminum foundries, except die-casting","County, NAICS 6-digit -- by ownership sector","All establishment sizes",4,118,117,117,1017787,185484,9355,667
"06071",5,"331524",78,0,2013,3,"","San Bernardino County, California","Private","Aluminum foundries, except die-casting","County, NAICS 6-digit -- by ownership sector","All establishment sizes",5,120,123,119,975045,68572,2807,622
"06071",5,"331529",78,0,2013,1,"","San Bernardino County, California","Private","Other nonferrous foundries, exc. die-casting","County, NAICS 6-digit -- by ownership sector","All establishment sizes",5,52,52,57,440917,349286,15081,632
"06071",5,"331529",78,0,2013,2,"","San Bernardino County, California","Private","Other nonferrous foundries, exc. die-casting","County, NAICS 6-digit -- by ownership sector","All establishment sizes",4,56,54,55,487920,126996,6197,682
"06071",5,"331529",78,0,2013,3,"","San Bernardino County, California","Private","Other nonferrous foundries, exc. die-casting","County, NAICS 6-digit -- by ownership sector","All establishment sizes",4,56,54,51,418906,67043,3279,600
"06071",5,"332",75,0,2013,1,"","San Bernardino County, California","Private","Fabricated metal product manufacturing","County, NAICS 3-digit -- by ownership sector","All establishment sizes",330,6660,6771,6864,78402977,44128408,2481717,892
"06071",5,"332",75,0,2013,2,"","San Bernardino County, California","Private","Fabricated metal product manufacturing","County, NAICS 3-digit -- by ownership sector","All establishment sizes",334,6928,7034,7023,81881403,7347318,401052,900
"06071",5,"332",75,0,2013,3,"","San Bernardino County, California","Private","Fabricated metal product manufacturing","County, NAICS 3-digit -- by ownership sector","All establishment sizes",334,7204,7197,7183,85352988,3835343,206649,913
"06071",5,"3321",76,0,2013,1,"","San Bernardino County, California","Private","Forging and stamping","County, NAICS 4-digit -- by ownership sector","All establishment sizes",16,1000,1018,1030,15468795,7148959,426488,1171
"06071",5,"3321",76,0,2013,2,"","San Bernardino County, California","Private","Forging and stamping","County, NAICS 4-digit -- by ownership sector","All establishment sizes",16,1052,1109,1115,16427040,947575,56864,1157
"06071",5,"3321",76,0,2013,3,"","San Bernardino County, California","Private","Forging and stamping","County, NAICS 4-digit -- by ownership sector","All establishment sizes",17,1312,1318,1314,19948765,691917,34527,1167
"06071",5,"33211",77,0,2013,1,"","San Bernardino County, California","Private","Forging and stamping","County, NAICS 5-digit -- by ownership sector","All establishment sizes",16,1000,1018,1030,15468795,7148959,426488,1171
"06071",5,"33211",77,0,2013,2,"","San Bernardino County, California","Private","Forging and stamping","County, NAICS 5-digit -- by ownership sector","All establishment sizes",16,1052,1109,1115,16427040,947575,56864,1157
"06071",5,"33211",77,0,2013,3,"","San Bernardino County, California","Private","Forging and stamping","County, NAICS 5-digit -- by ownership sector","All establishment sizes",17,1312,1318,1314,19948765,691917,34527,1167
"06071",5,"332111",78,0,2013,1,"","San Bernardino County, California","Private","Iron and steel forging","County, NAICS 6-digit -- by ownership sector","All establishment sizes",4,510,508,504,7612252,3523572,218170,1154
"06071",5,"332111",78,0,2013,2,"","San Bernardino County, California","Private","Iron and steel forging","County, NAICS 6-digit -- by ownership sector","All establishment sizes",4,505,512,520,7196306,253893,15460,1080
"06071",5,"332111",78,0,2013,3,"","San Bernardino County, California","Private","Iron and steel forging","County, NAICS 6-digit -- by ownership sector","All establishment sizes",5,726,743,743,10652855,377379,16167,1111
"06071",5,"332112",78,0,2013,1,"N","San Bernardino County, California","Private","Nonferrous forging","County, NAICS 6-digit -- by ownership sector","All establishment sizes",1,0,0,0,0,0,0,0
"06071",5,"332112",78,0,2013,2,"N","San Bernardino County, California","Private","Nonferrous forging","County, NAICS 6-digit -- by ownership sector","All establishment sizes",1,0,0,0,0,0,0,0
"06071",5,"332112",78,0,2013,3,"N","San Bernardino County, California","Private","Nonferrous forging","County, NAICS 6-digit -- by ownership sector","All establishment sizes",1,0,0,0,0,0,0,0
"06071",5,"332114",78,0,2013,1,"N","San Bernardino County, California","Private","Custom roll forming","County, NAICS 6-digit -- by ownership sector","All establishment sizes",3,0,0,0,0,0,0,0
"06071",5,"332114",78,0,2013,2,"N","San Bernardino County, California","Private","Custom roll forming","County, NAICS 6-digit -- by ownership sector","All establishment sizes",3,0,0,0,0,0,0,0
"06071",5,"332114",78,0,2013,3,"N","San Bernardino County, California","Private","Custom roll forming","County, NAICS 6-digit -- by ownership sector","All establishment sizes",3,0,0,0,0,0,0,0
"06071",5,"332119",78,0,2013,1,"N","San Bernardino County, California","Private","Metal crown and other stamping, exc. auto","County, NAICS 6-digit -- by ownership sector","All establishment sizes",8,0,0,0,0,0,0,0
"06071",5,"332119",78,0,2013,2,"N","San Bernardino County, California","Private","Metal crown and other stamping, exc. auto","County, NAICS 6-digit -- by ownership sector","All establishment sizes",8,0,0,0,0,0,0,0
"06071",5,"332119",78,0,2013,3,"N","San Bernardino County, California","Private","Metal crown and other stamping, exc. auto","County, NAICS 6-digit -- by ownership sector","All establishment sizes",8,0,0,0,0,0,0,0
"06071",5,"3322",76,0,2013,1,"","San Bernardino County, California","Private","Cutlery and handtool manufacturing","County, NAICS 4-digit -- by ownership sector","All establishment sizes",9,95,98,95,992271,574883,31755,795
"06071",5,"3322",76,0,2013,2,"","San Bernardino County, California","Private","Cutlery and handtool manufacturing","County, NAICS 4-digit -- by ownership sector","All establishment sizes",9,97,99,100,887981,118003,5974,692
"06071",5,"3322",76,0,2013,3,"","San Bernardino County, California","Private","Cutlery and handtool manufacturing","County, NAICS 4-digit -- by ownership sector","All establishment sizes",9,101,99,101,917707,53378,3016,704
"06071",5,"33221",77,0,2013,1,"","San Bernardino County, California","Private","Cutlery and handtool manufacturing","County, NAICS 5-digit -- by ownership sector","All establishment sizes",9,95,98,95,992271,574883,31755,795
"06071",5,"33221",77,0,2013,2,"","San Bernardino County, California","Private","Cutlery and handtool manufacturing","County, NAICS 5-digit -- by ownership sector","All establishment sizes",9,97,99,100,887981,118003,5974,692
"06071",5,"33221",77,0,2013,3,"","San Bernardino County, California","Private","Cutlery and handtool manufacturing","County, NAICS 5-digit -- by ownership sector","All establishment sizes",9,101,99,101,917707,53378,3016,704
"06071",5,"332215",78,0,2013,1,"N","San Bernardino County, California","Private","Cutlery, flatware and kitchen utensil mfg.","County, NAICS 6-digit -- by ownership sector","All establishment sizes",2,0,0,0,0,0,0,0
"06071",5,"332215",78,0,2013,2,"N","San Bernardino County, California","Private","Cutlery, flatware and kitchen utensil mfg.","County, NAICS 6-digit -- by ownership sector","All establishment sizes",2,0,0,0,0,0,0,0
"06071",5,"332215",78,0,2013,3,"N","San Bernardino County, California","Private","Cutlery, flatware and kitchen utensil mfg.","County, NAICS 6-digit -- by ownership sector","All establishment sizes",2,0,0,0,0,0,0,0
"06071",5,"332216",78,0,2013,1,"N","San Bernardino County, California","Private","Saw blade and handtool manufacturing","County, NAICS 6-digit -- by ownership sector","All establishment sizes",7,0,0,0,0,0,0,0
"06071",5,"332216",78,0,2013,2,"N","San Bernardino County, California","Private","Saw blade and handtool manufacturing","County, NAICS 6-digit -- by ownership sector","All establishment sizes",7,0,0,0,0,0,0,0
"06071",5,"332216",78,0,2013,3,"N","San Bernardino County, California","Private","Saw blade and handtool manufacturing","County, NAICS 6-digit -- by ownership sector","All establishment sizes",7,0,0,0,0,0,0,0
"06071",5,"3323",76,0,2013,1,"","San Bernardino County, California","Private","Architectural and structural metals mfg.","County, NAICS 4-digit -- by ownership sector","All establishment sizes",88,1747,1786,1853,20920856,11659520,672935,896
"06071",5,"3323",76,0,2013,2,"","San Bernardino County, California","Private","Architectural and structural metals mfg.","County, NAICS 4-digit -- by ownership sector","All establishment sizes",87,1852,1868,1852,21020348,2312729,131438,871
"06071",5,"3323",76,0,2013,3,"","San Bernardino County, California","Private","Architectural and structural metals mfg.","County, NAICS 4-digit -- by ownership sector","All establishment sizes",87,1897,1909,1898,21083369,1207635,67831,853
"06071",5,"33231",77,0,2013,1,"","San Bernardino County, California","Private","Plate work and fabricated structural products","County, NAICS 5-digit -- by ownership sector","All establishment sizes",42,818,845,901,10411452,5618947,325983,937
"06071",5,"33231",77,0,2013,2,"","San Bernardino County, California","Private","Plate work and fabricated structural products","County, NAICS 5-digit -- by ownership sector","All establishment sizes",41,895,892,891,10920970,1313640,74514,941
"06071",5,"33231",77,0,2013,3,"","San Bernardino County, California","Private","Plate work and fabricated structural products","County, NAICS 5-digit -- by ownership sector","All establishment sizes",41,923,945,945,10997422,713800,40494,902
"06071",5,"332311",78,0,2013,1,"","San Bernardino County, California","Private","Prefabricated metal buildings and components","County, NAICS 6-digit -- by ownership sector","All establishment sizes",6,187,189,180,2034337,1278647,79277,844
"06071",5,"332311",78,0,2013,2,"","San Bernardino County, California","Private","Prefabricated metal buildings and components","County, NAICS 6-digit -- by ownership sector","All establishment sizes",6,182,167,172,1648221,149780,9287,730
"06071",5,"332311",78,0,2013,3,"","San Bernardino County, California","Private","Prefabricated metal buildings and components","County, NAICS 6-digit -- by ownership sector","All establishment sizes",6,184,187,191,1895219,137994,8555,778
"06071",5,"332312",78,0,2013,1,"","San Bernardino County, California","Private","Fabricated structural metal manufacturing","County, NAICS 6-digit -- by ownership sector","All establishment sizes",29,558,582,648,7771221,3923228,227211,1003
"06071",5,"332312",78,0,2013,2,"","San Bernardino County, California","Private","Fabricated structural metal manufacturing","County, NAICS 6-digit -- by ownership sector","All establishment sizes",27,639,636,625,8589250,986167,56907,1043
"06071",5,"332312",78,0,2013,3,"","San Bernardino County, California","Private","Fabricated structural metal manufacturing","County, NAICS 6-digit -- by ownership sector","All establishment sizes",27,646,657,660,8299332,485412,27528,976
"06071",5,"332313",78,0,2013,1,"","San Bernardino County, California","Private","Plate work manufacturing","County, NAICS 6-digit -- by ownership sector","All establishment sizes",7,73,74,73,605894,417072,19495,636
"06071",5,"332313",78,0,2013,2,"","San Bernardino County, California","Private","Plate work manufacturing","County, NAICS 6-digit -- by ownership sector","All establishment sizes",8,74,89,94,683499,177693,8320,614
"06071",5,"332313",78,0,2013,3,"","San Bernardino County, California","Private","Plate work manufacturing","County, NAICS 6-digit -- by ownership sector","All establishment sizes",8,93,101,94,802871,90394,4411,643
"06071",5,"33232",77,0,2013,1,"","San Bernardino County, California","Private","Ornamental and architectural metal products","County, NAICS 5-digit -- by ownership sector","All establishment sizes",46,929,941,952,10509404,6040573,346952,859
"06071",5,"33232",77,0,2013,2,"","San Bernardino County, California","Private","Ornamental and architectural metal products","County, NAICS 5-digit -- by ownership sector","All establishment sizes",46,957,976,961,10099378,999089,56924,805
"06071",5,"33232",77,0,2013,3,"","San Bernardino County, California","Private","Ornamental and architectural metal products","County, NAICS 5-digit -- by ownership sector","All establishment sizes",46,974,964,953,10085947,493835,27337,805
"06071",5,"332321",78,0,2013,1,"","San Bernardino County, California","Private","Metal window and door manufacturing","County, NAICS 6-digit -- by ownership sector","All establishment sizes",8,269,274,290,3386649,1854341,106728,938
"06071",5,"332321",78,0,2013,2,"","San Bernardino County, California","Private","Metal window and door manufacturing","County, NAICS 6-digit -- by ownership sector","All establishment sizes",8,299,297,295,3596193,329381,19031,931
"06071",5,"332321",78,0,2013,3,"","San Bernardino County, California","Private","Metal window and door manufacturing","County, NAICS 6-digit -- by ownership sector","All establishment sizes",8,299,290,272,3205856,114222,5752,859
"06071",5,"332322",78,0,2013,1,"","San Bernardino County, California","Private","Sheet metal work manufacturing","County, NAICS 6-digit -- by ownership sector","All establishment sizes",24,538,536,533,5244916,3386119,195630,753
"06071",5,"332322",78,0,2013,2,"","San Bernardino County, California","Private","Sheet metal work manufacturing","County, NAICS 6-digit -- by ownership sector","All establishment sizes",24,533,548,540,5272212,575100,32844,751
"06071",5,"332322",78,0,2013,3,"","San Bernardino County, California","Private","Sheet metal work manufacturing","County, NAICS 6-digit -- by ownership sector","All establishment sizes",24,550,548,559,5350976,270488,15603,745
"06071",5,"332323",78,0,2013,1,"","San Bernardino County, California","Private","Ornamental and architectural metal work mfg.","County, NAICS 6-digit -- by ownership sector","All establishment sizes",14,122,131,129,1877839,800113,44594,1134
"06071",5,"332323",78,0,2013,2,"","San Bernardino County, California","Private","Ornamental and architectural metal work mfg.","County, NAICS 6-digit -- by ownership sector","All establishment sizes",14,125,131,126,1230973,94608,5049,744
"06071",5,"332323",78,0,2013,3,"","San Bernardino County, California","Private","Ornamental and architectural metal work mfg.","County, NAICS 6-digit -- by ownership sector","All establishment sizes",14,125,126,122,1529115,109125,5982,946
"06071",5,"3324",76,0,2013,1,"","San Bernardino County, California","Private","Boiler, tank, and shipping container mfg.","County, NAICS 4-digit -- by ownership sector","All establishment sizes",11,304,304,309,3305375,1993749,95779,832
"06071",5,"3324",76,0,2013,2,"","San Bernardino County, California","Private","Boiler, tank, and shipping container mfg.","County, NAICS 4-digit -- by ownership sector","All establishment sizes",12,312,321,327,3498513,312557,16464,841
"06071",5,"3324",76,0,2013,3,"","San Bernardino County, California","Private","Boiler, tank, and shipping container mfg.","County, NAICS 4-digit -- by ownership sector","All establishment sizes",12,316,318,312,3431431,115411,6261,837
"06071",5,"33241",77,0,2013,1,"N","San Bernardino County, California","Private","Power boiler and heat exchanger manufacturing","County, NAICS 5-digit -- by ownership sector","All establishment sizes",1,0,0,0,0,0,0,0
"06071",5,"33241",77,0,2013,2,"N","San Bernardino County, California","Private","Power boiler and heat exchanger manufacturing","County, NAICS 5-digit -- by ownership sector","All establishment sizes",1,0,0,0,0,0,0,0
"06071",5,"33241",77,0,2013,3,"N","San Bernardino County, California","Private","Power boiler and heat exchanger manufacturing","County, NAICS 5-digit -- by ownership sector","All establishment sizes",1,0,0,0,0,0,0,0
"06071",5,"332410",78,0,2013,1,"N","San Bernardino County, California","Private","Power boiler and heat exchanger manufacturing","County, NAICS 6-digit -- by ownership sector","All establishment sizes",1,0,0,0,0,0,0,0
"06071",5,"332410",78,0,2013,2,"N","San Bernardino County, California","Private","Power boiler and heat exchanger manufacturing","County, NAICS 6-digit -- by ownership sector","All establishment sizes",1,0,0,0,0,0,0,0
"06071",5,"332410",78,0,2013,3,"N","San Bernardino County, California","Private","Power boiler and heat exchanger manufacturing","County, NAICS 6-digit -- by ownership sector","All establishment sizes",1,0,0,0,0,0,0,0
"06071",5,"33242",77,0,2013,1,"N","San Bernardino County, California","Private","Metal tank, heavy gauge, manufacturing","County, NAICS 5-digit -- by ownership sector","All establishment sizes",4,0,0,0,0,0,0,0
"06071",5,"33242",77,0,2013,2,"","San Bernardino County, California","Private","Metal tank, heavy gauge, manufacturing","County, NAICS 5-digit -- by ownership sector","All establishment sizes",5,118,119,122,1180075,109946,5627,759
"06071",5,"33242",77,0,2013,3,"","San Bernardino County, California","Private","Metal tank, heavy gauge, manufacturing","County, NAICS 5-digit -- by ownership sector","All establishment sizes",5,119,121,122,1163162,44187,2213,741
"06071",5,"332420",78,0,2013,1,"N","San Bernardino County, California","Private","Metal tank, heavy gauge, manufacturing","County, NAICS 6-digit -- by ownership sector","All establishment sizes",4,0,0,0,0,0,0,0
"06071",5,"332420",78,0,2013,2,"","San Bernardino County, California","Private","Metal tank, heavy gauge, manufacturing","County, NAICS 6-digit -- by ownership sector","All establishment sizes",5,118,119,122,1180075,109946,5627,759
"06071",5,"332420",78,0,2013,3,"","San Bernardino County, California","Private","Metal tank, heavy gauge, manufacturing","County, NAICS 6-digit -- by ownership sector","All establishment sizes",5,119,121,122,1163162,44187,2213,741
"06071",5,"33243",77,0,2013,1,"","San Bernardino County, California","Private","Metal can, box, and other container mfg.","County, NAICS 5-digit -- by ownership sector","All establishment sizes",6,96,96,102,930263,584757,34462,730
"06071",5,"33243",77,0,2013,2,"N","San Bernardino County, California","Private","Metal can, box, and other container mfg.","County, NAICS 5-digit -- by ownership sector","All establishment sizes",6,0,0,0,0,0,0,0
"06071",5,"33243",77,0,2013,3,"N","San Bernardino County, California","Private","Metal can, box, and other container mfg.","County, NAICS 5-digit -- by ownership sector","All establishment sizes",6,0,0,0,0,0,0,0
"06071",5,"332431",78,0,2013,1,"N","San Bernardino County, California","Private","Metal can manufacturing","County, NAICS 6-digit -- by ownership sector","All establishment sizes",1,0,0,0,0,0,0,0
"06071",5,"332431",78,0,2013,2,"N","San Bernardino County, California","Private","Metal can manufacturing","County, NAICS 6-digit -- by ownership sector","All establishment sizes",1,0,0,0,0,0,0,0
"06071",5,"332431",78,0,2013,3,"N","San Bernardino County, California","Private","Metal can manufacturing","County, NAICS 6-digit -- by ownership sector","All establishment sizes",1,0,0,0,0,0,0,0
"06071",5,"332439",78,0,2013,1,"N","San Bernardino County, California","Private","Other metal container manufacturing","County, NAICS 6-digit -- by ownership sector","All establishment sizes",5,0,0,0,0,0,0,0
"06071",5,"332439",78,0,2013,2,"N","San Bernardino County, California","Private","Other metal container manufacturing","County, NAICS 6-digit -- by ownership sector","All establishment sizes",5,0,0,0,0,0,0,0
"06071",5,"332439",78,0,2013,3,"N","San Bernardino County, California","Private","Other metal container manufacturing","County, NAICS 6-digit -- by ownership sector","All establishment sizes",5,0,0,0,0,0,0,0
"06071",5,"3325",76,0,2013,1,"","San Bernardino County, California","Private","Hardware manufacturing","County, NAICS 4-digit -- by ownership sector","All establishment sizes",3,18,17,18,132264,106264,6588,576
"06071",5,"3325",76,0,2013,2,"","San Bernardino County, California","Private","Hardware manufacturing","County, NAICS 4-digit -- by ownership sector","All establishment sizes",3,18,19,19,126547,22672,1405,521
"06071",5,"3325",76,0,2013,3,"","San Bernardino County, California","Private","Hardware manufacturing","County, NAICS 4-digit -- by ownership sector","All establishment sizes",3,19,20,20,158636,10629,659,620
"06071",5,"33251",77,0,2013,1,"","San Bernardino County, California","Private","Hardware manufacturing","County, NAICS 5-digit -- by ownership sector","All establishment sizes",3,18,17,18,132264,106264,6588,576
"06071",5,"33251",77,0,2013,2,"","San Bernardino County, California","Private","Hardware manufacturing","County, NAICS 5-digit -- by ownership sector","All establishment sizes",3,18,19,19,126547,22672,1405,521
"06071",5,"33251",77,0,2013,3,"","San Bernardino County, California","Private","Hardware manufacturing","County, NAICS 5-digit -- by ownership sector","All establishment sizes",3,19,20,20,158636,10629,659,620
"06071",5,"332510",78,0,2013,1,"","San Bernardino County, California","Private","Hardware manufacturing","County, NAICS 6-digit -- by ownership sector","All establishment sizes",3,18,17,18,132264,106264,6588,576
"06071",5,"332510",78,0,2013,2,"","San Bernardino County, California","Private","Hardware manufacturing","County, NAICS 6-digit -- by ownership sector","All establishment sizes",3,18,19,19,126547,22672,1405,521
"06071",5,"332510",78,0,2013,3,"","San Bernardino County, California","Private","Hardware manufacturing","County, NAICS 6-digit -- by ownership sector","All establishment sizes",3,19,20,20,158636,10629,659,620
"06071",5,"3326",76,0,2013,1,"","San Bernardino County, California","Private","Spring and wire product manufacturing","County, NAICS 4-digit -- by ownership sector","All establishment sizes",9,248,263,265,2073972,1478598,80455,617
"06071",5,"3326",76,0,2013,2,"","San Bernardino County, California","Private","Spring and wire product manufacturing","County, NAICS 4-digit -- by ownership sector","All establishment sizes",10,252,252,251,2293782,340437,16307,701
"06071",5,"3326",76,0,2013,3,"","San Bernardino County, California","Private","Spring and wire product manufacturing","County, NAICS 4-digit -- by ownership sector","All establishment sizes",10,255,256,255,1994391,92652,4540,601
"06071",5,"33261",77,0,2013,1,"","San Bernardino County, California","Private","Spring and wire product manufacturing","County, NAICS 5-digit -- by ownership sector","All establishment sizes",9,248,263,265,2073972,1478598,80455,617
"06071",5,"33261",77,0,2013,2,"","San Bernardino County, California","Private","Spring and wire product manufacturing","County, NAICS 5-digit -- by ownership sector","All establishment sizes",10,252,252,251,2293782,340437,16307,701
"06071",5,"33261",77,0,2013,3,"","San Bernardino County, California","Private","Spring and wire product manufacturing","County, NAICS 5-digit -- by ownership sector","All establishment sizes",10,255,256,255,1994391,92652,4540,601
"06071",5,"332613",78,0,2013,1,"","San Bernardino County, California","Private","Spring manufacturing","County, NAICS 6-digit -- by ownership sector","All establishment sizes",5,120,134,135,861318,687218,31389,511
"06071",5,"332613",78,0,2013,2,"","San Bernardino County, California","Private","Spring manufacturing","County, NAICS 6-digit -- by ownership sector","All establishment sizes",5,130,128,124,889986,259717,11338,538
"06071",5,"332613",78,0,2013,3,"","San Bernardino County, California","Private","Spring manufacturing","County, NAICS 6-digit -- by ownership sector","All establishment sizes",5,129,128,125,774555,68704,3064,468
"06071",5,"332618",78,0,2013,1,"","San Bernardino County, California","Private","Other fabricated wire product manufacturing","County, NAICS 6-digit -- by ownership sector","All establishment sizes",4,128,129,130,1212654,791380,49066,723
"06071",5,"332618",78,0,2013,2,"","San Bernardino County, California","Private","Other fabricated wire product manufacturing","County, NAICS 6-digit -- by ownership sector","All establishment sizes",5,122,124,127,1403796,80720,4969,869
"06071",5,"332618",78,0,2013,3,"","San Bernardino County, California","Private","Other fabricated wire product manufacturing","County, NAICS 6-digit -- by ownership sector","All establishment sizes",5,126,128,130,1219836,23948,1476,733
"06071",5,"3327",76,0,2013,1,"","San Bernardino County, California","Private","Machine shops and threaded product mfg.","County, NAICS 4-digit -- by ownership sector","All establishment sizes",126,1728,1736,1726,19377894,11204428,628023,862
"06071",5,"3327",76,0,2013,2,"","San Bernardino County, California","Private","Machine shops and threaded product mfg.","County, NAICS 4-digit -- by ownership sector","All establishment sizes",129,1753,1746,1750,19944756,1571361,85318,877
"06071",5,"3327",76,0,2013,3,"","San Bernardino County, California","Private","Machine shops and threaded product mfg.","County, NAICS 4-digit -- by ownership sector","All establishment sizes",129,1685,1702,1749,20177765,1000261,55714,907
"06071",5,"33271",77,0,2013,1,"","San Bernardino County, California","Private","Machine shops","County, NAICS 5-digit -- by ownership sector","All establishment sizes",111,1126,1115,1116,12233215,7101327,397928,841
"06071",5,"33271",77,0,2013,2,"","San Bernardino County, California","Private","Machine shops","County, NAICS 5-digit -- by ownership sector","All establishment sizes",114,1141,1135,1140,12895323,1132532,60512,871
"06071",5,"33271",77,0,2013,3,"","San Bernardino County, California","Private","Machine shops","County, NAICS 5-digit -- by ownership sector","All establishment sizes",114,1112,1134,1131,12911169,761914,41437,882
"06071",5,"332710",78,0,2013,1,"","San Bernardino County, California","Private","Machine shops","County, NAICS 6-digit -- by ownership sector","All establishment sizes",111,1126,1115,1116,12233215,7101327,397928,841
"06071",5,"332710",78,0,2013,2,"","San Bernardino County, California","Private","Machine shops","County, NAICS 6-digit -- by ownership sector","All establishment sizes",114,1141,1135,1140,12895323,1132532,60512,871
"06071",5,"332710",78,0,2013,3,"","San Bernardino County, California","Private","Machine shops","County, NAICS 6-digit -- by ownership sector","All establishment sizes",114,1112,1134,1131,12911169,761914,41437,882
"06071",5,"33272",77,0,2013,1,"","San Bernardino County, California","Private","Turned product and screw, nut, and bolt mfg.","County, NAICS 5-digit -- by ownership sector","All establishment sizes",15,602,621,610,7144679,4103101,230095,899
"06071",5,"33272",77,0,2013,2,"","San Bernardino County, California","Private","Turned product and screw, nut, and bolt mfg.","County, NAICS 5-digit -- by ownership sector","All establishment sizes",15,612,611,610,7049433,438829,24806,888
"06071",5,"33272",77,0,2013,3,"","San Bernardino County, California","Private","Turned product and screw, nut, and bolt mfg.","County, NAICS 5-digit -- by ownership sector","All establishment sizes",15,573,568,618,7266596,238347,14277,953
"06071",5,"332721",78,0,2013,1,"","San Bernardino County, California","Private","Precision turned product manufacturing","County, NAICS 6-digit -- by ownership sector","All establishment sizes",8,405,416,412,5137417,2804651,171959,962
"06071",5,"332721",78,0,2013,2,"","San Bernardino County, California","Private","Precision turned product manufacturing","County, NAICS 6-digit -- by ownership sector","All establishment sizes",8,418,415,419,5104160,295376,17933,941
"06071",5,"332721",78,0,2013,3,"","San Bernardino County, California","Private","Precision turned product manufacturing","County, NAICS 6-digit -- by ownership sector","All establishment sizes",8,379,379,428,5245021,192220,11882,1021
"06071",5,"332722",78,0,2013,1,"","San Bernardino County, California","Private","Bolt, nut, screw, rivet, and washer mfg.","County, NAICS 6-digit -- by ownership sector","All establishment sizes",7,197,205,198,2007262,1298450,58136,772
"06071",5,"332722",78,0,2013,2,"","San Bernardino County, California","Private","Bolt, nut, screw, rivet, and washer mfg.","County, NAICS 6-digit -- by ownership sector","All establishment sizes",7,194,196,191,1945273,143453,6873,773
"06071",5,"332722",78,0,2013,3,"","San Bernardino County, California","Private","Bolt, nut, screw, rivet, and washer mfg.","County, NAICS 6-digit -- by ownership sector","All establishment sizes",7,194,189,190,2021575,46127,2395,814
"06071",5,"3328",76,0,2013,1,"","San Bernardino County, California","Private","Coating, engraving, and heat treating metals","County, NAICS 4-digit -- by ownership sector","All establishment sizes",32,500,511,528,5405336,3279956,171931,811
"06071",5,"3328",76,0,2013,2,"","San Bernardino County, California","Private","Coating, engraving, and heat treating metals","County, NAICS 4-digit -- by ownership sector","All establishment sizes",32,560,564,573,6003797,715330,32811,816
"06071",5,"3328",76,0,2013,3,"","San Bernardino County, California","Private","Coating, engraving, and heat treating metals","County, NAICS 4-digit -- by ownership sector","All establishment sizes",31,571,568,573,6051723,281663,12573,816
"06071",5,"33281",77,0,2013,1,"","San Bernardino County, California","Private","Coating, engraving, and heat treating metals","County, NAICS 5-digit -- by ownership sector","All establishment sizes",32,500,511,528,5405336,3279956,171931,811
"06071",5,"33281",77,0,2013,2,"","San Bernardino County, California","Private","Coating, engraving, and heat treating metals","County, NAICS 5-digit -- by ownership sector","All establishment sizes",32,560,564,573,6003797,715330,32811,816
"06071",5,"33281",77,0,2013,3,"","San Bernardino County, California","Private","Coating, engraving, and heat treating metals","County, NAICS 5-digit -- by ownership sector","All establishment sizes",31,571,568,573,6051723,281663,12573,816
"06071",5,"332812",78,0,2013,1,"","San Bernardino County, California","Private","Metal coating and nonprecious engraving","County, NAICS 6-digit -- by ownership sector","All establishment sizes",21,364,394,392,4280229,2484013,134831,859
"06071",5,"332812",78,0,2013,2,"","San Bernardino County, California","Private","Metal coating and nonprecious engraving","County, NAICS 6-digit -- by ownership sector","All establishment sizes",21,425,433,440,4901477,552340,24663,871
"06071",5,"332812",78,0,2013,3,"","San Bernardino County, California","Private","Metal coating and nonprecious engraving","County, NAICS 6-digit -- by ownership sector","All establishment sizes",20,439,435,438,4909667,245253,10805,864
"06071",5,"332813",78,0,2013,1,"","San Bernardino County, California","Private","Electroplating, anodizing, and coloring metal","County, NAICS 6-digit -- by ownership sector","All establishment sizes",11,136,117,136,1125107,795943,37100,667
"06071",5,"332813",78,0,2013,2,"","San Bernardino County, California","Private","Electroplating, anodizing, and coloring metal","County, NAICS 6-digit -- by ownership sector","All establishment sizes",11,135,131,133,1102320,162990,8148,638
"06071",5,"332813",78,0,2013,3,"","San Bernardino County, California","Private","Electroplating, anodizing, and coloring metal","County, NAICS 6-digit -- by ownership sector","All establishment sizes",11,132,133,135,1142056,36410,1768,659
"06071",5,"3329",76,0,2013,1,"","San Bernardino County, California","Private","Other fabricated metal product manufacturing","County, NAICS 4-digit -- by ownership sector","All establishment sizes",36,1020,1038,1040,10726214,6682051,367763,799
"06071",5,"3329",76,0,2013,2,"","San Bernardino County, California","Private","Other fabricated metal product manufacturing","County, NAICS 4-digit -- by ownership sector","All establishment sizes",36,1032,1056,1036,11678639,1006654,54471,863
"06071",5,"3329",76,0,2013,3,"","San Bernardino County, California","Private","Other fabricated metal product manufacturing","County, NAICS 4-digit -- by ownership sector","All establishment sizes",36,1048,1007,961,11589201,381797,21528,887
"06071",5,"33291",77,0,2013,1,"","San Bernardino County, California","Private","Metal valve manufacturing","County, NAICS 5-digit -- by ownership sector","All establishment sizes",5,327,329,331,3469061,2242284,137687,811
"06071",5,"33291",77,0,2013,2,"","San Bernardino County, California","Private","Metal valve manufacturing","County, NAICS 5-digit -- by ownership sector","All establishment sizes",5,331,337,337,3763712,221992,13459,864
"06071",5,"33291",77,0,2013,3,"","San Bernardino County, California","Private","Metal valve manufacturing","County, NAICS 5-digit -- by ownership sector","All establishment sizes",5,338,332,333,3841174,97845,5910,884
"06071",5,"332911",78,0,2013,1,"N","San Bernardino County, California","Private","Industrial valve manufacturing","County, NAICS 6-digit -- by ownership sector","All establishment sizes",1,0,0,0,0,0,0,0
"06071",5,"332911",78,0,2013,2,"N","San Bernardino County, California","Private","Industrial valve manufacturing","County, NAICS 6-digit -- by ownership sector","All establishment sizes",1,0,0,0,0,0,0,0
"06071",5,"332911",78,0,2013,3,"N","San Bernardino County, California","Private","Industrial valve manufacturing","County, NAICS 6-digit -- by ownership sector","All establishment sizes",1,0,0,0,0,0,0,0
"06071",5,"332912",78,0,2013,1,"N","San Bernardino County, California","Private","Fluid power valve and hose fitting mfg.","County, NAICS 6-digit -- by ownership sector","All establishment sizes",4,0,0,0,0,0,0,0
"06071",5,"332912",78,0,2013,2,"N","San Bernardino County, California","Private","Fluid power valve and hose fitting mfg.","County, NAICS 6-digit -- by ownership sector","All establishment sizes",4,0,0,0,0,0,0,0
"06071",5,"332912",78,0,2013,3,"N","San Bernardino County, California","Private","Fluid power valve and hose fitting mfg.","County, NAICS 6-digit -- by ownership sector","All establishment sizes",4,0,0,0,0,0,0,0
"06071",5,"33299",77,0,2013,1,"","San Bernardino County, California","Private","All other fabricated metal product mfg.","County, NAICS 5-digit -- by ownership sector","All establishment sizes",31,693,709,709,7257153,4439767,230076,793
"06071",5,"33299",77,0,2013,2,"","San Bernardino County, California","Private","All other fabricated metal product mfg.","County, NAICS 5-digit -- by ownership sector","All establishment sizes",31,701,719,699,7914927,784662,41012,862
"06071",5,"33299",77,0,2013,3,"","San Bernardino County, California","Private","All other fabricated metal product mfg.","County, NAICS 5-digit -- by ownership sector","All establishment sizes",31,710,675,628,7748027,283952,15618,888
"06071",5,"332992",78,0,2013,1,"N","San Bernardino County, California","Private","Small arms ammunition manufacturing","County, NAICS 6-digit -- by ownership sector","All establishment sizes",1,0,0,0,0,0,0,0
"06071",5,"332992",78,0,2013,2,"N","San Bernardino County, California","Private","Small arms ammunition manufacturing","County, NAICS 6-digit -- by ownership sector","All establishment sizes",1,0,0,0,0,0,0,0
"06071",5,"332992",78,0,2013,3,"N","San Bernardino County, California","Private","Small arms ammunition manufacturing","County, NAICS 6-digit -- by ownership sector","All establishment sizes",1,0,0,0,0,0,0,0
"06071",5,"332993",78,0,2013,1,"N","San Bernardino County, California","Private","Ammunition, except small arms, manufacturing","County, NAICS 6-digit -- by ownership sector","All establishment sizes",1,0,0,0,0,0,0,0
"06071",5,"332993",78,0,2013,2,"N","San Bernardino County, California","Private","Ammunition, except small arms, manufacturing","County, NAICS 6-digit -- by ownership sector","All establishment sizes",1,0,0,0,0,0,0,0
"06071",5,"332993",78,0,2013,3,"N","San Bernardino County, California","Private","Ammunition, except small arms, manufacturing","County, NAICS 6-digit -- by ownership sector","All establishment sizes",1,0,0,0,0,0,0,0
"06071",5,"332994",78,0,2013,1,"","San Bernardino County, California","Private","Small arms, ordnance, and accessories mfg.","County, NAICS 6-digit -- by ownership sector","All establishment sizes",3,45,47,45,396643,297824,18465,668
"06071",5,"332994",78,0,2013,2,"","San Bernardino County, California","Private","Small arms, ordnance, and accessories mfg.","County, NAICS 6-digit -- by ownership sector","All establishment sizes",3,51,51,53,415490,65252,4046,619
"06071",5,"332994",78,0,2013,3,"","San Bernardino County, California","Private","Small arms, ordnance, and accessories mfg.","County, NAICS 6-digit -- by ownership sector","All establishment sizes",3,54,54,53,420054,50095,3105,602
"06071",5,"332996",78,0,2013,1,"","San Bernardino County, California","Private","Fabricated pipe and pipe fitting mfg.","County, NAICS 6-digit -- by ownership sector","All establishment sizes",7,77,76,77,868113,495400,30714,871
"06071",5,"332996",78,0,2013,2,"","San Bernardino County, California","Private","Fabricated pipe and pipe fitting mfg.","County, NAICS 6-digit -- by ownership sector","All establishment sizes",7,81,83,82,898086,74967,4307,842
"06071",5,"332996",78,0,2013,3,"","San Bernardino County, California","Private","Fabricated pipe and pipe fitting mfg.","County, NAICS 6-digit -- by ownership sector","All establishment sizes",7,84,83,84,1099318,34932,2166,1011
"06071",5,"332999",78,0,2013,1,"","San Bernardino County, California","Private","Miscellaneous fabricated metal product mfg.","County, NAICS 6-digit -- by ownership sector","All establishment sizes",19,568,583,584,5955525,3629040,180039,792
"06071",5,"332999",78,0,2013,2,"","San Bernardino County, California","Private","Miscellaneous fabricated metal product mfg.","County, NAICS 6-digit -- by ownership sector","All establishment sizes",19,567,582,561,6567417,640947,32453,886
"06071",5,"332999",78,0,2013,3,"","San Bernardino County, California","Private","Miscellaneous fabricated metal product mfg.","County, NAICS 6-digit -- by ownership sector","All establishment sizes",19,569,535,488,6198146,198454,10319,898
"06071",5,"333",75,0,2013,1,"","San Bernardino County, California","Private","Machinery manufacturing","County, NAICS 3-digit -- by ownership sector","All establishment sizes",150,3220,3260,3282,37804223,20714351,1117955,894
"06071",5,"333",75,0,2013,2,"","San Bernardino County, California","Private","Machinery manufacturing","County, NAICS 3-digit -- by ownership sector","All establishment sizes",151,3269,3258,3216,39711149,2636139,137243,941
"06071",5,"333",75,0,2013,3,"","San Bernardino County, California","Private","Machinery manufacturing","County, NAICS 3-digit -- by ownership sector","All establishment sizes",152,3196,3165,3169,38673912,1826987,81824,936
"06071",5,"3331",76,0,2013,1,"","San Bernardino County, California","Private","Ag., construction, and mining machinery mfg.","County, NAICS 4-digit -- by ownership sector","All establishment sizes",11,166,168,183,1813831,1004784,50819,810
"06071",5,"3331",76,0,2013,2,"","San Bernardino County, California","Private","Ag., construction, and mining machinery mfg.","County, NAICS 4-digit -- by ownership sector","All establishment sizes",12,182,186,186,2042777,162098,7505,851
"06071",5,"3331",76,0,2013,3,"","San Bernardino County, California","Private","Ag., construction, and mining machinery mfg.","County, NAICS 4-digit -- by ownership sector","All establishment sizes",12,182,181,178,2402674,45444,2290,1025
"06071",5,"33311",77,0,2013,1,"","San Bernardino County, California","Private","Agricultural implement manufacturing","County, NAICS 5-digit -- by ownership sector","All establishment sizes",5,69,70,85,684296,399365,17648,705
"06071",5,"33311",77,0,2013,2,"","San Bernardino County, California","Private","Agricultural implement manufacturing","County, NAICS 5-digit -- by ownership sector","All establishment sizes",5,84,85,85,763856,105577,4331,694
"06071",5,"33311",77,0,2013,3,"","San Bernardino County, California","Private","Agricultural implement manufacturing","County, NAICS 5-digit -- by ownership sector","All establishment sizes",5,80,80,79,788893,22738,1054,762
"06071",5,"333111",78,0,2013,1,"N","San Bernardino County, California","Private","Farm machinery and equipment manufacturing","County, NAICS 6-digit -- by ownership sector","All establishment sizes",3,0,0,0,0,0,0,0
"06071",5,"333111",78,0,2013,2,"N","San Bernardino County, California","Private","Farm machinery and equipment manufacturing","County, NAICS 6-digit -- by ownership sector","All establishment sizes",3,0,0,0,0,0,0,0
"06071",5,"333111",78,0,2013,3,"N","San Bernardino County, California","Private","Farm machinery and equipment manufacturing","County, NAICS 6-digit -- by ownership sector","All establishment sizes",3,0,0,0,0,0,0,0
"06071",5,"333112",78,0,2013,1,"N","San Bernardino County, California","Private","Lawn and garden equipment manufacturing","County, NAICS 6-digit -- by ownership sector","All establishment sizes",2,0,0,0,0,0,0,0
"06071",5,"333112",78,0,2013,2,"N","San Bernardino County, California","Private","Lawn and garden equipment manufacturing","County, NAICS 6-digit -- by ownership sector","All establishment sizes",2,0,0,0,0,0,0,0
"06071",5,"333112",78,0,2013,3,"N","San Bernardino County, California","Private","Lawn and garden equipment manufacturing","County, NAICS 6-digit -- by ownership sector","All establishment sizes",2,0,0,0,0,0,0,0
"06071",5,"33312",77,0,2013,1,"N","San Bernardino County, California","Private","Construction machinery manufacturing","County, NAICS 5-digit -- by ownership sector","All establishment sizes",3,0,0,0,0,0,0,0
"06071",5,"33312",77,0,2013,2,"N","San Bernardino County, California","Private","Construction machinery manufacturing","County, NAICS 5-digit -- by ownership sector","All establishment sizes",4,0,0,0,0,0,0,0
"06071",5,"33312",77,0,2013,3,"N","San Bernardino County, California","Private","Construction machinery manufacturing","County, NAICS 5-digit -- by ownership sector","All establishment sizes",4,0,0,0,0,0,0,0
"06071",5,"333120",78,0,2013,1,"N","San Bernardino County, California","Private","Construction machinery manufacturing","County, NAICS 6-digit -- by ownership sector","All establishment sizes",3,0,0,0,0,0,0,0
"06071",5,"333120",78,0,2013,2,"N","San Bernardino County, California","Private","Construction machinery manufacturing","County, NAICS 6-digit -- by ownership sector","All establishment sizes",4,0,0,0,0,0,0,0
"06071",5,"333120",78,0,2013,3,"N","San Bernardino County, California","Private","Construction machinery manufacturing","County, NAICS 6-digit -- by ownership sector","All establishment sizes",4,0,0,0,0,0,0,0
"06071",5,"33313",77,0,2013,1,"N","San Bernardino County, California","Private","Mining and oil and gas field machinery mfg.","County, NAICS 5-digit -- by ownership sector","All establishment sizes",3,0,0,0,0,0,0,0
"06071",5,"33313",77,0,2013,2,"N","San Bernardino County, California","Private","Mining and oil and gas field machinery mfg.","County, NAICS 5-digit -- by ownership sector","All establishment sizes",3,0,0,0,0,0,0,0
"06071",5,"33313",77,0,2013,3,"N","San Bernardino County, California","Private","Mining and oil and gas field machinery mfg.","County, NAICS 5-digit -- by ownership sector","All establishment sizes",3,0,0,0,0,0,0,0
"06071",5,"333132",78,0,2013,1,"N","San Bernardino County, California","Private","Oil and gas field machinery and equipment","County, NAICS 6-digit -- by ownership sector","All establishment sizes",3,0,0,0,0,0,0,0
"06071",5,"333132",78,0,2013,2,"N","San Bernardino County, California","Private","Oil and gas field machinery and equipment","County, NAICS 6-digit -- by ownership sector","All establishment sizes",3,0,0,0,0,0,0,0
"06071",5,"333132",78,0,2013,3,"N","San Bernardino County, California","Private","Oil and gas field machinery and equipment","County, NAICS 6-digit -- by ownership sector","All establishment sizes",3,0,0,0,0,0,0,0
"06071",5,"3332",76,0,2013,1,"","San Bernardino County, California","Private","Industrial machinery manufacturing","County, NAICS 4-digit -- by ownership sector","All establishment sizes",19,207,227,200,2190742,1320008,75782,797
"06071",5,"3332",76,0,2013,2,"","San Bernardino County, California","Private","Industrial machinery manufacturing","County, NAICS 4-digit -- by ownership sector","All establishment sizes",18,206,209,208,2405574,173680,9523,891
"06071",5,"3332",76,0,2013,3,"","San Bernardino County, California","Private","Industrial machinery manufacturing","County, NAICS 4-digit -- by ownership sector","All establishment sizes",18,209,209,206,2243586,81183,4590,830
"06071",5,"33324",77,0,2013,1,"","San Bernardino County, California","Private","Industrial machinery manufacturing","County, NAICS 5-digit -- by ownership sector","All establishment sizes",19,207,227,200,2190742,1320008,75782,797
"06071",5,"33324",77,0,2013,2,"","San Bernardino County, California","Private","Industrial machinery manufacturing","County, NAICS 5-digit -- by ownership sector","All establishment sizes",18,206,209,208,2405574,173680,9523,891
"06071",5,"33324",77,0,2013,3,"","San Bernardino County, California","Private","Industrial machinery manufacturing","County, NAICS 5-digit -- by ownership sector","All establishment sizes",18,209,209,206,2243586,81183,4590,830
"06071",5,"333241",78,0,2013,1,"N","San Bernardino County, California","Private","Food product machinery manufacturing","County, NAICS 6-digit -- by ownership sector","All establishment sizes",6,0,0,0,0,0,0,0
"06071",5,"333241",78,0,2013,2,"N","San Bernardino County, California","Private","Food product machinery manufacturing","County, NAICS 6-digit -- by ownership sector","All establishment sizes",6,0,0,0,0,0,0,0
"06071",5,"333241",78,0,2013,3,"N","San Bernardino County, California","Private","Food product machinery manufacturing","County, NAICS 6-digit -- by ownership sector","All establishment sizes",6,0,0,0,0,0,0,0
"06071",5,"333244",78,0,2013,1,"N","San Bernardino County, California","Private","Printing machinery and equipment mfg.","County, NAICS 6-digit -- by ownership sector","All establishment sizes",1,0,0,0,0,0,0,0
"06071",5,"333244",78,0,2013,2,"N","San Bernardino County, California","Private","Printing machinery and equipment mfg.","County, NAICS 6-digit -- by ownership sector","All establishment sizes",1,0,0,0,0,0,0,0
"06071",5,"333244",78,0,2013,3,"N","San Bernardino County, California","Private","Printing machinery and equipment mfg.","County, NAICS 6-digit -- by ownership sector","All establishment sizes",1,0,0,0,0,0,0,0
"06071",5,"333249",78,0,2013,1,"","San Bernardino County, California","Private","Other industrial machinery manufacturing","County, NAICS 6-digit -- by ownership sector","All establishment sizes",12,138,154,126,1294739,832420,46343,715
"06071",5,"333249",78,0,2013,2,"","San Bernardino County, California","Private","Other industrial machinery manufacturing","County, NAICS 6-digit -- by ownership sector","All establishment sizes",11,130,129,129,1380127,109772,5781,821
"06071",5,"333249",78,0,2013,3,"","San Bernardino County, California","Private","Other industrial machinery manufacturing","County, NAICS 6-digit -- by ownership sector","All establishment sizes",11,128,132,130,1271541,43666,2403,752
"06071",5,"3333",76,0,2013,1,"","San Bernardino County, California","Private","Commercial and service industry machinery","County, NAICS 4-digit -- by ownership sector","All establishment sizes",13,252,260,261,3090667,1636855,95242,923
"06071",5,"3333",76,0,2013,2,"","San Bernardino County, California","Private","Commercial and service industry machinery","County, NAICS 4-digit -- by ownership sector","All establishment sizes",13,248,253,249,2702144,226609,13236,831
"06071",5,"3333",76,0,2013,3,"","San Bernardino County, California","Private","Commercial and service industry machinery","County, NAICS 4-digit -- by ownership sector","All establishment sizes",13,244,242,243,2661752,120283,7027,843
"06071",5,"33331",77,0,2013,1,"","San Bernardino County, California","Private","Commercial and service industry machinery","County, NAICS 5-digit -- by ownership sector","All establishment sizes",13,252,260,261,3090667,1636855,95242,923
"06071",5,"33331",77,0,2013,2,"","San Bernardino County, California","Private","Commercial and service industry machinery","County, NAICS 5-digit -- by ownership sector","All establishment sizes",13,248,253,249,2702144,226609,13236,831
"06071",5,"33331",77,0,2013,3,"","San Bernardino County, California","Private","Commercial and service industry machinery","County, NAICS 5-digit -- by ownership sector","All establishment sizes",13,244,242,243,2661752,120283,7027,843
"06071",5,"333314",78,0,2013,1,"N","San Bernardino County, California","Private","Optical instrument and lens manufacturing","County, NAICS 6-digit -- by ownership sector","All establishment sizes",2,0,0,0,0,0,0,0
"06071",5,"333314",78,0,2013,2,"N","San Bernardino County, California","Private","Optical instrument and lens manufacturing","County, NAICS 6-digit -- by ownership sector","All establishment sizes",2,0,0,0,0,0,0,0
"06071",5,"333314",78,0,2013,3,"N","San Bernardino County, California","Private","Optical instrument and lens manufacturing","County, NAICS 6-digit -- by ownership sector","All establishment sizes",2,0,0,0,0,0,0,0
"06071",5,"333316",78,0,2013,1,"N","San Bernardino County, California","Private","Photographic and photocopying equipment mfg.","County, NAICS 6-digit -- by ownership sector","All establishment sizes",2,0,0,0,0,0,0,0
"06071",5,"333316",78,0,2013,2,"N","San Bernardino County, California","Private","Photographic and photocopying equipment mfg.","County, NAICS 6-digit -- by ownership sector","All establishment sizes",2,0,0,0,0,0,0,0
"06071",5,"333316",78,0,2013,3,"N","San Bernardino County, California","Private","Photographic and photocopying equipment mfg.","County, NAICS 6-digit -- by ownership sector","All establishment sizes",2,0,0,0,0,0,0,0
"06071",5,"333318",78,0,2013,1,"","San Bernardino County, California","Private","Other industry machinery manufacturing","County, NAICS 6-digit -- by ownership sector","All establishment sizes",9,223,233,234,2764770,1469974,87082,925
"06071",5,"333318",78,0,2013,2,"","San Bernardino County, California","Private","Other industry machinery manufacturing","County, NAICS 6-digit -- by ownership sector","All establishment sizes",9,225,230,228,2446818,207253,12441,827
"06071",5,"333318",78,0,2013,3,"","San Bernardino County, California","Private","Other industry machinery manufacturing","County, NAICS 6-digit -- by ownership sector","All establishment sizes",9,223,223,222,2370125,105228,6094,819
"06071",5,"3334",76,0,2013,1,"","San Bernardino County, California","Private","Hvac and commercial refrigeration equipment","County, NAICS 4-digit -- by ownership sector","All establishment sizes",19,737,755,774,9203017,5015978,235309,937
"06071",5,"3334",76,0,2013,2,"","San Bernardino County, California","Private","Hvac and commercial refrigeration equipment","County, NAICS 4-digit -- by ownership sector","All establishment sizes",19,759,749,753,10585872,458917,21196,1080
"06071",5,"3334",76,0,2013,3,"","San Bernardino County, California","Private","Hvac and commercial refrigeration equipment","County, NAICS 4-digit -- by ownership sector","All establishment sizes",19,753,734,742,10630170,305493,13227,1101
"06071",5,"33341",77,0,2013,1,"","San Bernardino County, California","Private","Hvac and commercial refrigeration equipment","County, NAICS 5-digit -- by ownership sector","All establishment sizes",19,737,755,774,9203017,5015978,235309,937
"06071",5,"33341",77,0,2013,2,"","San Bernardino County, California","Private","Hvac and commercial refrigeration equipment","County, NAICS 5-digit -- by ownership sector","All establishment sizes",19,759,749,753,10585872,458917,21196,1080
"06071",5,"33341",77,0,2013,3,"","San Bernardino County, California","Private","Hvac and commercial refrigeration equipment","County, NAICS 5-digit -- by ownership sector","All establishment sizes",19,753,734,742,10630170,305493,13227,1101
"06071",5,"333413",78,0,2013,1,"","San Bernardino County, California","Private","Air purification, fan and blower equip. mfg.","County, NAICS 6-digit -- by ownership sector","All establishment sizes",6,105,116,119,1279971,724257,42418,869
"06071",5,"333413",78,0,2013,2,"N","San Bernardino County, California","Private","Air purification, fan and blower equip. mfg.","County, NAICS 6-digit -- by ownership sector","All establishment sizes",6,0,0,0,0,0,0,0
"06071",5,"333413",78,0,2013,3,"","San Bernardino County, California","Private","Air purification, fan and blower equip. mfg.","County, NAICS 6-digit -- by ownership sector","All establishment sizes",6,110,106,109,1326892,36107,2178,942
"06071",5,"333414",78,0,2013,1,"","San Bernardino County, California","Private","Heating equipment, except warm air furnaces","County, NAICS 6-digit -- by ownership sector","All establishment sizes",7,115,113,120,907074,695271,35560,602
"06071",5,"333414",78,0,2013,2,"","San Bernardino County, California","Private","Heating equipment, except warm air furnaces","County, NAICS 6-digit -- by ownership sector","All establishment sizes",7,118,115,113,956384,121521,5725,638
"06071",5,"333414",78,0,2013,3,"","San Bernardino County, California","Private","Heating equipment, except warm air furnaces","County, NAICS 6-digit -- by ownership sector","All establishment sizes",7,115,102,103,1226358,24387,1184,884
"06071",5,"333415",78,0,2013,1,"","San Bernardino County, California","Private","Ac, refrigeration, and forced air heating","County, NAICS 6-digit -- by ownership sector","All establishment sizes",6,517,526,535,7015972,3596450,157331,1026
"06071",5,"333415",78,0,2013,2,"N","San Bernardino County, California","Private","Ac, refrigeration, and forced air heating","County, NAICS 6-digit -- by ownership sector","All establishment sizes",6,0,0,0,0,0,0,0
"06071",5,"333415",78,0,2013,3,"","San Bernardino County, California","Private","Ac, refrigeration, and forced air heating","County, NAICS 6-digit -- by ownership sector","All establishment sizes",6,528,526,530,8076920,244999,9865,1177
"06071",5,"3335",76,0,2013,1,"","San Bernardino County, California","Private","Metalworking machinery manufacturing","County, NAICS 4-digit -- by ownership sector","All establishment sizes",53,1054,1052,1050,10470940,6234907,342003,766
"06071",5,"3335",76,0,2013,2,"","San Bernardino County, California","Private","Metalworking machinery manufacturing","County, NAICS 4-digit -- by ownership sector","All establishment sizes",54,1056,1049,1029,11181612,1079331,58174,823
"06071",5,"3335",76,0,2013,3,"","San Bernardino County, California","Private","Metalworking machinery manufacturing","County, NAICS 4-digit -- by ownership sector","All establishment sizes",55,1010,989,993,10495617,1008616,39406,810
"06071",5,"33351",77,0,2013,1,"","San Bernardino County, California","Private","Metalworking machinery manufacturing","County, NAICS 5-digit -- by ownership sector","All establishment sizes",53,1054,1052,1050,10470940,6234907,342003,766
"06071",5,"33351",77,0,2013,2,"","San Bernardino County, California","Private","Metalworking machinery manufacturing","County, NAICS 5-digit -- by ownership sector","All establishment sizes",54,1056,1049,1029,11181612,1079331,58174,823
"06071",5,"33351",77,0,2013,3,"","San Bernardino County, California","Private","Metalworking machinery manufacturing","County, NAICS 5-digit -- by ownership sector","All establishment sizes",55,1010,989,993,10495617,1008616,39406,810
"06071",5,"333511",78,0,2013,1,"","San Bernardino County, California","Private","Industrial mold manufacturing","County, NAICS 6-digit -- by ownership sector","All establishment sizes",23,420,415,411,4687591,2305131,114027,868
"06071",5,"333511",78,0,2013,2,"","San Bernardino County, California","Private","Industrial mold manufacturing","County, NAICS 6-digit -- by ownership sector","All establishment sizes",23,416,416,414,4971641,382129,17313,921
"06071",5,"333511",78,0,2013,3,"","San Bernardino County, California","Private","Industrial mold manufacturing","County, NAICS 6-digit -- by ownership sector","All establishment sizes",23,391,392,398,4866992,102402,4617,951
"06071",5,"333514",78,0,2013,1,"","San Bernardino County, California","Private","Special tool, die, jig, and fixture mfg.","County, NAICS 6-digit -- by ownership sector","All establishment sizes",12,320,324,324,2909503,2049260,117183,694
"06071",5,"333514",78,0,2013,2,"","San Bernardino County, California","Private","Special tool, die, jig, and fixture mfg.","County, NAICS 6-digit -- by ownership sector","All establishment sizes",12,324,316,307,3113193,260626,15569,759
"06071",5,"333514",78,0,2013,3,"","San Bernardino County, California","Private","Special tool, die, jig, and fixture mfg.","County, NAICS 6-digit -- by ownership sector","All establishment sizes",12,308,285,282,2767244,45335,2370,730
"06071",5,"333515",78,0,2013,1,"N","San Bernardino County, California","Private","Cutting tool and machine tool accessory mfg.","County, NAICS 6-digit -- by ownership sector","All establishment sizes",3,0,0,0,0,0,0,0
"06071",5,"333515",78,0,2013,2,"N","San Bernardino County, California","Private","Cutting tool and machine tool accessory mfg.","County, NAICS 6-digit -- by ownership sector","All establishment sizes",3,0,0,0,0,0,0,0
"06071",5,"333515",78,0,2013,3,"N","San Bernardino County, California","Private","Cutting tool and machine tool accessory mfg.","County, NAICS 6-digit -- by ownership sector","All establishment sizes",3,0,0,0,0,0,0,0
"06071",5,"333517",78,0,2013,1,"","San Bernardino County, California","Private","Machine tool manufacturing","County, NAICS 6-digit -- by ownership sector","All establishment sizes",12,260,262,259,2392898,1540276,90002,707
"06071",5,"333517",78,0,2013,2,"","San Bernardino County, California","Private","Machine tool manufacturing","County, NAICS 6-digit -- by ownership sector","All establishment sizes",13,262,264,265,2683732,336652,19362,783
"06071",5,"333517",78,0,2013,3,"","San Bernardino County, California","Private","Machine tool manufacturing","County, NAICS 6-digit -- by ownership sector","All establishment sizes",14,260,261,263,2563134,800553,28942,754
"06071",5,"333519",78,0,2013,1,"N","San Bernardino County, California","Private","Rolling mill and other machinery mfg.","County, NAICS 6-digit -- by ownership sector","All establishment sizes",3,0,0,0,0,0,0,0
"06071",5,"333519",78,0,2013,2,"N","San Bernardino County, California","Private","Rolling mill and other machinery mfg.","County, NAICS 6-digit -- by ownership sector","All establishment sizes",3,0,0,0,0,0,0,0
"06071",5,"333519",78,0,2013,3,"N","San Bernardino County, California","Private","Rolling mill and other machinery mfg.","County, NAICS 6-digit -- by ownership sector","All establishment sizes",3,0,0,0,0,0,0,0
"06071",5,"3336",76,0,2013,1,"","San Bernardino County, California","Private","Turbine and power transmission equipment mfg.","County, NAICS 4-digit -- by ownership sector","All establishment sizes",5,164,161,163,1519640,1018902,59835,719
"06071",5,"3336",76,0,2013,2,"","San Bernardino County, California","Private","Turbine and power transmission equipment mfg.","County, NAICS 4-digit -- by ownership sector","All establishment sizes",5,164,152,145,1752072,151041,8783,877
"06071",5,"3336",76,0,2013,3,"","San Bernardino County, California","Private","Turbine and power transmission equipment mfg.","County, NAICS 4-digit -- by ownership sector","All establishment sizes",5,146,152,162,1754620,88845,5376,880
"06071",5,"33361",77,0,2013,1,"","San Bernardino County, California","Private","Turbine and power transmission equipment mfg.","County, NAICS 5-digit -- by ownership sector","All establishment sizes",5,164,161,163,1519640,1018902,59835,719
"06071",5,"33361",77,0,2013,2,"","San Bernardino County, California","Private","Turbine and power transmission equipment mfg.","County, NAICS 5-digit -- by ownership sector","All establishment sizes",5,164,152,145,1752072,151041,8783,877
"06071",5,"33361",77,0,2013,3,"","San Bernardino County, California","Private","Turbine and power transmission equipment mfg.","County, NAICS 5-digit -- by ownership sector","All establishment sizes",5,146,152,162,1754620,88845,5376,880
"06071",5,"333611",78,0,2013,1,"N","San Bernardino County, California","Private","Turbine and turbine generator set units mfg.","County, NAICS 6-digit -- by ownership sector","All establishment sizes",2,0,0,0,0,0,0,0
"06071",5,"333611",78,0,2013,2,"N","San Bernardino County, California","Private","Turbine and turbine generator set units mfg.","County, NAICS 6-digit -- by ownership sector","All establishment sizes",2,0,0,0,0,0,0,0
"06071",5,"333611",78,0,2013,3,"N","San Bernardino County, California","Private","Turbine and turbine generator set units mfg.","County, NAICS 6-digit -- by ownership sector","All establishment sizes",2,0,0,0,0,0,0,0
"06071",5,"333612",78,0,2013,1,"N","San Bernardino County, California","Private","Speed changer, drive, and gear manufacturing","County, NAICS 6-digit -- by ownership sector","All establishment sizes",1,0,0,0,0,0,0,0
"06071",5,"333612",78,0,2013,2,"N","San Bernardino County, California","Private","Speed changer, drive, and gear manufacturing","County, NAICS 6-digit -- by ownership sector","All establishment sizes",1,0,0,0,0,0,0,0
"06071",5,"333612",78,0,2013,3,"N","San Bernardino County, California","Private","Speed changer, drive, and gear manufacturing","County, NAICS 6-digit -- by ownership sector","All establishment sizes",1,0,0,0,0,0,0,0
"06071",5,"333613",78,0,2013,1,"N","San Bernardino County, California","Private","Mechanical power transmission equipment mfg.","County, NAICS 6-digit -- by ownership sector","All establishment sizes",1,0,0,0,0,0,0,0
"06071",5,"333613",78,0,2013,2,"N","San Bernardino County, California","Private","Mechanical power transmission equipment mfg.","County, NAICS 6-digit -- by ownership sector","All establishment sizes",1,0,0,0,0,0,0,0
"06071",5,"333613",78,0,2013,3,"N","San Bernardino County, California","Private","Mechanical power transmission equipment mfg.","County, NAICS 6-digit -- by ownership sector","All establishment sizes",1,0,0,0,0,0,0,0
"06071",5,"333618",78,0,2013,1,"N","San Bernardino County, California","Private","Other engine equipment manufacturing","County, NAICS 6-digit -- by ownership sector","All establishment sizes",1,0,0,0,0,0,0,0
"06071",5,"333618",78,0,2013,2,"N","San Bernardino County, California","Private","Other engine equipment manufacturing","County, NAICS 6-digit -- by ownership sector","All establishment sizes",1,0,0,0,0,0,0,0
"06071",5,"333618",78,0,2013,3,"N","San Bernardino County, California","Private","Other engine equipment manufacturing","County, NAICS 6-digit -- by ownership sector","All establishment sizes",1,0,0,0,0,0,0,0
"06071",5,"3339",76,0,2013,1,"","San Bernardino County, California","Private","Other general purpose machinery manufacturing","County, NAICS 4-digit -- by ownership sector","All establishment sizes",30,640,637,651,9515386,4482917,258965,1139
"06071",5,"3339",76,0,2013,2,"","San Bernardino County, California","Private","Other general purpose machinery manufacturing","County, NAICS 4-digit -- by ownership sector","All establishment sizes",30,654,660,646,9041098,384463,18826,1064
"06071",5,"3339",76,0,2013,3,"","San Bernardino County, California","Private","Other general purpose machinery manufacturing","County, NAICS 4-digit -- by ownership sector","All establishment sizes",30,652,658,645,8485493,177123,9908,1002
"06071",5,"33391",77,0,2013,1,"N","San Bernardino County, California","Private","Pump and compressor manufacturing","County, NAICS 5-digit -- by ownership sector","All establishment sizes",3,0,0,0,0,0,0,0
"06071",5,"33391",77,0,2013,2,"N","San Bernardino County, California","Private","Pump and compressor manufacturing","County, NAICS 5-digit -- by ownership sector","All establishment sizes",3,0,0,0,0,0,0,0
"06071",5,"33391",77,0,2013,3,"N","San Bernardino County, California","Private","Pump and compressor manufacturing","County, NAICS 5-digit -- by ownership sector","All establishment sizes",3,0,0,0,0,0,0,0
"06071",5,"333911",78,0,2013,1,"N","San Bernardino County, California","Private","Pump and pumping equipment manufacturing","County, NAICS 6-digit -- by ownership sector","All establishment sizes",1,0,0,0,0,0,0,0
"06071",5,"333911",78,0,2013,2,"N","San Bernardino County, California","Private","Pump and pumping equipment manufacturing","County, NAICS 6-digit -- by ownership sector","All establishment sizes",1,0,0,0,0,0,0,0
"06071",5,"333911",78,0,2013,3,"N","San Bernardino County, California","Private","Pump and pumping equipment manufacturing","County, NAICS 6-digit -- by ownership sector","All establishment sizes",1,0,0,0,0,0,0,0
"06071",5,"333912",78,0,2013,1,"N","San Bernardino County, California","Private","Air and gas compressor manufacturing","County, NAICS 6-digit -- by ownership sector","All establishment sizes",2,0,0,0,0,0,0,0
"06071",5,"333912",78,0,2013,2,"N","San Bernardino County, California","Private","Air and gas compressor manufacturing","County, NAICS 6-digit -- by ownership sector","All establishment sizes",2,0,0,0,0,0,0,0
"06071",5,"333912",78,0,2013,3,"N","San Bernardino County, California","Private","Air and gas compressor manufacturing","County, NAICS 6-digit -- by ownership sector","All establishment sizes",2,0,0,0,0,0,0,0
"06071",5,"33392",77,0,2013,1,"N","San Bernardino County, California","Private","Material handling equipment manufacturing","County, NAICS 5-digit -- by ownership sector","All establishment sizes",8,0,0,0,0,0,0,0
"06071",5,"33392",77,0,2013,2,"N","San Bernardino County, California","Private","Material handling equipment manufacturing","County, NAICS 5-digit -- by ownership sector","All establishment sizes",8,0,0,0,0,0,0,0
"06071",5,"33392",77,0,2013,3,"N","San Bernardino County, California","Private","Material handling equipment manufacturing","County, NAICS 5-digit -- by ownership sector","All establishment sizes",8,0,0,0,0,0,0,0
"06071",5,"333922",78,0,2013,1,"","San Bernardino County, California","Private","Conveyor and conveying equipment mfg.","County, NAICS 6-digit -- by ownership sector","All establishment sizes",3,26,26,25,351996,177464,7874,1055
"06071",5,"333922",78,0,2013,2,"","San Bernardino County, California","Private","Conveyor and conveying equipment mfg.","County, NAICS 6-digit -- by ownership sector","All establishment sizes",3,25,25,24,333511,1036,64,1040
"06071",5,"333922",78,0,2013,3,"","San Bernardino County, California","Private","Conveyor and conveying equipment mfg.","County, NAICS 6-digit -- by ownership sector","All establishment sizes",3,22,25,22,318550,700,43,1065
"06071",5,"333923",78,0,2013,1,"N","San Bernardino County, California","Private","Overhead cranes, hoists, and monorail systems","County, NAICS 6-digit -- by ownership sector","All establishment sizes",2,0,0,0,0,0,0,0
"06071",5,"333923",78,0,2013,2,"N","San Bernardino County, California","Private","Overhead cranes, hoists, and monorail systems","County, NAICS 6-digit -- by ownership sector","All establishment sizes",2,0,0,0,0,0,0,0
"06071",5,"333923",78,0,2013,3,"N","San Bernardino County, California","Private","Overhead cranes, hoists, and monorail systems","County, NAICS 6-digit -- by ownership sector","All establishment sizes",2,0,0,0,0,0,0,0
"06071",5,"333924",78,0,2013,1,"","San Bernardino County, California","Private","Industrial truck, trailer, and stacker mfg.","County, NAICS 6-digit -- by ownership sector","All establishment sizes",3,52,54,54,450872,321952,11762,650
"06071",5,"333924",78,0,2013,2,"N","San Bernardino County, California","Private","Industrial truck, trailer, and stacker mfg.","County, NAICS 6-digit -- by ownership sector","All establishment sizes",3,0,0,0,0,0,0,0
"06071",5,"333924",78,0,2013,3,"N","San Bernardino County, California","Private","Industrial truck, trailer, and stacker mfg.","County, NAICS 6-digit -- by ownership sector","All establishment sizes",3,0,0,0,0,0,0,0
"06071",5,"33399",77,0,2013,1,"","San Bernardino County, California","Private","All other general purpose machinery mfg.","County, NAICS 5-digit -- by ownership sector","All establishment sizes",19,540,535,550,8530112,3826409,232129,1211
"06071",5,"33399",77,0,2013,2,"","San Bernardino County, California","Private","All other general purpose machinery mfg.","County, NAICS 5-digit -- by ownership sector","All establishment sizes",19,559,565,551,8074687,293078,17232,1112
"06071",5,"33399",77,0,2013,3,"","San Bernardino County, California","Private","All other general purpose machinery mfg.","County, NAICS 5-digit -- by ownership sector","All establishment sizes",19,559,561,555,7551951,152300,8938,1040
"06071",5,"333991",78,0,2013,1,"N","San Bernardino County, California","Private","Power-driven handtool manufacturing","County, NAICS 6-digit -- by ownership sector","All establishment sizes",1,0,0,0,0,0,0,0
"06071",5,"333991",78,0,2013,2,"N","San Bernardino County, California","Private","Power-driven handtool manufacturing","County, NAICS 6-digit -- by ownership sector","All establishment sizes",1,0,0,0,0,0,0,0
"06071",5,"333991",78,0,2013,3,"N","San Bernardino County, California","Private","Power-driven handtool manufacturing","County, NAICS 6-digit -- by ownership sector","All establishment sizes",1,0,0,0,0,0,0,0
"06071",5,"333992",78,0,2013,1,"","San Bernardino County, California","Private","Welding and soldering equipment manufacturing","County, NAICS 6-digit -- by ownership sector","All establishment sizes",4,54,52,52,633674,354263,21005,926
"06071",5,"333992",78,0,2013,2,"","San Bernardino County, California","Private","Welding and soldering equipment manufacturing","County, NAICS 6-digit -- by ownership sector","All establishment sizes",4,50,51,49,615899,32042,1615,948
"06071",5,"333992",78,0,2013,3,"","San Bernardino County, California","Private","Welding and soldering equipment manufacturing","County, NAICS 6-digit -- by ownership sector","All establishment sizes",4,50,51,47,615618,26258,1585,960
"06071",5,"333993",78,0,2013,1,"N","San Bernardino County, California","Private","Packaging machinery manufacturing","County, NAICS 6-digit -- by ownership sector","All establishment sizes",3,0,0,0,0,0,0,0
"06071",5,"333993",78,0,2013,2,"N","San Bernardino County, California","Private","Packaging machinery manufacturing","County, NAICS 6-digit -- by ownership sector","All establishment sizes",3,0,0,0,0,0,0,0
"06071",5,"333993",78,0,2013,3,"N","San Bernardino County, California","Private","Packaging machinery manufacturing","County, NAICS 6-digit -- by ownership sector","All establishment sizes",3,0,0,0,0,0,0,0
"06071",5,"333994",78,0,2013,1,"","San Bernardino County, California","Private","Industrial process furnace and oven mfg.","County, NAICS 6-digit -- by ownership sector","All establishment sizes",3,43,42,42,636773,344232,20838,1157
"06071",5,"333994",78,0,2013,2,"","San Bernardino County, California","Private","Industrial process furnace and oven mfg.","County, NAICS 6-digit -- by ownership sector","All establishment sizes",3,44,49,40,887642,28760,1656,1540
"06071",5,"333994",78,0,2013,3,"","San Bernardino County, California","Private","Industrial process furnace and oven mfg.","County, NAICS 6-digit -- by ownership sector","All establishment sizes",3,44,44,43,608265,18289,1024,1072
"06071",5,"333995",78,0,2013,1,"N","San Bernardino County, California","Private","Fluid power cylinder and actuator mfg.","County, NAICS 6-digit -- by ownership sector","All establishment sizes",2,0,0,0,0,0,0,0
"06071",5,"333995",78,0,2013,2,"N","San Bernardino County, California","Private","Fluid power cylinder and actuator mfg.","County, NAICS 6-digit -- by ownership sector","All establishment sizes",2,0,0,0,0,0,0,0
"06071",5,"333995",78,0,2013,3,"N","San Bernardino County, California","Private","Fluid power cylinder and actuator mfg.","County, NAICS 6-digit -- by ownership sector","All establishment sizes",2,0,0,0,0,0,0,0
"06071",5,"333996",78,0,2013,1,"N","San Bernardino County, California","Private","Fluid power pump and motor manufacturing","County, NAICS 6-digit -- by ownership sector","All establishment sizes",2,0,0,0,0,0,0,0
"06071",5,"333996",78,0,2013,2,"N","San Bernardino County, California","Private","Fluid power pump and motor manufacturing","County, NAICS 6-digit -- by ownership sector","All establishment sizes",2,0,0,0,0,0,0,0
"06071",5,"333996",78,0,2013,3,"N","San Bernardino County, California","Private","Fluid power pump and motor manufacturing","County, NAICS 6-digit -- by ownership sector","All establishment sizes",2,0,0,0,0,0,0,0
"06071",5,"333997",78,0,2013,1,"N","San Bernardino County, California","Private","Scale and balance manufacturing","County, NAICS 6-digit -- by ownership sector","All establishment sizes",1,0,0,0,0,0,0,0
"06071",5,"333997",78,0,2013,2,"N","San Bernardino County, California","Private","Scale and balance manufacturing","County, NAICS 6-digit -- by ownership sector","All establishment sizes",1,0,0,0,0,0,0,0
"06071",5,"333997",78,0,2013,3,"N","San Bernardino County, California","Private","Scale and balance manufacturing","County, NAICS 6-digit -- by ownership sector","All establishment sizes",1,0,0,0,0,0,0,0
"06071",5,"333999",78,0,2013,1,"","San Bernardino County, California","Private","Miscellaneous general purpose machinery mfg.","County, NAICS 6-digit -- by ownership sector","All establishment sizes",3,54,52,51,802759,343808,18080,1180
"06071",5,"333999",78,0,2013,2,"","San Bernardino County, California","Private","Miscellaneous general purpose machinery mfg.","County, NAICS 6-digit -- by ownership sector","All establishment sizes",3,51,50,50,809007,22400,1021,1236
"06071",5,"333999",78,0,2013,3,"","San Bernardino County, California","Private","Miscellaneous general purpose machinery mfg.","County, NAICS 6-digit -- by ownership sector","All establishment sizes",3,54,53,53,801812,26342,1349,1156
"06071",5,"334",75,0,2013,1,"","San Bernardino County, California","Private","Computer and electronic product manufacturing","County, NAICS 3-digit -- by ownership sector","All establishment sizes",73,1463,1452,1462,19345896,8981212,480589,1020
"06071",5,"334",75,0,2013,2,"","San Bernardino County, California","Private","Computer and electronic product manufacturing","County, NAICS 3-digit -- by ownership sector","All establishment sizes",72,1454,1450,1447,19623203,1329701,72135,1041
"06071",5,"334",75,0,2013,3,"","San Bernardino County, California","Private","Computer and electronic product manufacturing","County, NAICS 3-digit -- by ownership sector","All establishment sizes",72,1428,1451,1437,18830227,575601,31207,1007
"06071",5,"3341",76,0,2013,1,"","San Bernardino County, California","Private","Computer and peripheral equipment mfg.","County, NAICS 4-digit -- by ownership sector","All establishment sizes",7,132,134,141,1702284,864279,52430,965
"06071",5,"3341",76,0,2013,2,"","San Bernardino County, California","Private","Computer and peripheral equipment mfg.","County, NAICS 4-digit -- by ownership sector","All establishment sizes",7,142,144,137,1987905,140111,7938,1085
"06071",5,"3341",76,0,2013,3,"","San Bernardino County, California","Private","Computer and peripheral equipment mfg.","County, NAICS 4-digit -- by ownership sector","All establishment sizes",7,136,137,140,1762669,60671,3162,985
"06071",5,"33411",77,0,2013,1,"","San Bernardino County, California","Private","Computer and peripheral equipment mfg.","County, NAICS 5-digit -- by ownership sector","All establishment sizes",7,132,134,141,1702284,864279,52430,965
"06071",5,"33411",77,0,2013,2,"","San Bernardino County, California","Private","Computer and peripheral equipment mfg.","County, NAICS 5-digit -- by ownership sector","All establishment sizes",7,142,144,137,1987905,140111,7938,1085
"06071",5,"33411",77,0,2013,3,"","San Bernardino County, California","Private","Computer and peripheral equipment mfg.","County, NAICS 5-digit -- by ownership sector","All establishment sizes",7,136,137,140,1762669,60671,3162,985
"06071",5,"334111",78,0,2013,1,"N","San Bernardino County, California","Private","Electronic computer manufacturing","County, NAICS 6-digit -- by ownership sector","All establishment sizes",2,0,0,0,0,0,0,0
"06071",5,"334111",78,0,2013,2,"N","San Bernardino County, California","Private","Electronic computer manufacturing","County, NAICS 6-digit -- by ownership sector","All establishment sizes",2,0,0,0,0,0,0,0
"06071",5,"334111",78,0,2013,3,"N","San Bernardino County, California","Private","Electronic computer manufacturing","County, NAICS 6-digit -- by ownership sector","All establishment sizes",2,0,0,0,0,0,0,0
"06071",5,"334112",78,0,2013,1,"N","San Bernardino County, California","Private","Computer storage device manufacturing","County, NAICS 6-digit -- by ownership sector","All establishment sizes",3,0,0,0,0,0,0,0
"06071",5,"334112",78,0,2013,2,"N","San Bernardino County, California","Private","Computer storage device manufacturing","County, NAICS 6-digit -- by ownership sector","All establishment sizes",3,0,0,0,0,0,0,0
"06071",5,"334112",78,0,2013,3,"N","San Bernardino County, California","Private","Computer storage device manufacturing","County, NAICS 6-digit -- by ownership sector","All establishment sizes",3,0,0,0,0,0,0,0
"06071",5,"334118",78,0,2013,1,"N","San Bernardino County, California","Private","Computer terminal and peripheral equip. mfg.","County, NAICS 6-digit -- by ownership sector","All establishment sizes",2,0,0,0,0,0,0,0
"06071",5,"334118",78,0,2013,2,"N","San Bernardino County, California","Private","Computer terminal and peripheral equip. mfg.","County, NAICS 6-digit -- by ownership sector","All establishment sizes",2,0,0,0,0,0,0,0
"06071",5,"334118",78,0,2013,3,"N","San Bernardino County, California","Private","Computer terminal and peripheral equip. mfg.","County, NAICS 6-digit -- by ownership sector","All establishment sizes",2,0,0,0,0,0,0,0
"06071",5,"3342",76,0,2013,1,"","San Bernardino County, California","Private","Communications equipment manufacturing","County, NAICS 4-digit -- by ownership sector","All establishment sizes",12,213,209,219,2861545,1243391,76069,1030
"06071",5,"3342",76,0,2013,2,"","San Bernardino County, California","Private","Communications equipment manufacturing","County, NAICS 4-digit -- by ownership sector","All establishment sizes",12,221,219,217,3302117,206507,12522,1160
"06071",5,"3342",76,0,2013,3,"","San Bernardino County, California","Private","Communications equipment manufacturing","County, NAICS 4-digit -- by ownership sector","All establishment sizes",12,214,215,224,2948687,108982,6648,1042
"06071",5,"33421",77,0,2013,1,"N","San Bernardino County, California","Private","Telephone apparatus manufacturing","County, NAICS 5-digit -- by ownership sector","All establishment sizes",3,0,0,0,0,0,0,0
"06071",5,"33421",77,0,2013,2,"N","San Bernardino County, California","Private","Telephone apparatus manufacturing","County, NAICS 5-digit -- by ownership sector","All establishment sizes",3,0,0,0,0,0,0,0
"06071",5,"33421",77,0,2013,3,"N","San Bernardino County, California","Private","Telephone apparatus manufacturing","County, NAICS 5-digit -- by ownership sector","All establishment sizes",3,0,0,0,0,0,0,0
"06071",5,"334210",78,0,2013,1,"N","San Bernardino County, California","Private","Telephone apparatus manufacturing","County, NAICS 6-digit -- by ownership sector","All establishment sizes",3,0,0,0,0,0,0,0
"06071",5,"334210",78,0,2013,2,"N","San Bernardino County, California","Private","Telephone apparatus manufacturing","County, NAICS 6-digit -- by ownership sector","All establishment sizes",3,0,0,0,0,0,0,0
"06071",5,"334210",78,0,2013,3,"N","San Bernardino County, California","Private","Telephone apparatus manufacturing","County, NAICS 6-digit -- by ownership sector","All establishment sizes",3,0,0,0,0,0,0,0
"06071",5,"33422",77,0,2013,1,"N","San Bernardino County, California","Private","Broadcast and wireless communications equip.","County, NAICS 5-digit -- by ownership sector","All establishment sizes",4,0,0,0,0,0,0,0
"06071",5,"33422",77,0,2013,2,"N","San Bernardino County, California","Private","Broadcast and wireless communications equip.","County, NAICS 5-digit -- by ownership sector","All establishment sizes",4,0,0,0,0,0,0,0
"06071",5,"33422",77,0,2013,3,"N","San Bernardino County, California","Private","Broadcast and wireless communications equip.","County, NAICS 5-digit -- by ownership sector","All establishment sizes",4,0,0,0,0,0,0,0
"06071",5,"334220",78,0,2013,1,"N","San Bernardino County, California","Private","Broadcast and wireless communications equip.","County, NAICS 6-digit -- by ownership sector","All establishment sizes",4,0,0,0,0,0,0,0
"06071",5,"334220",78,0,2013,2,"N","San Bernardino County, California","Private","Broadcast and wireless communications equip.","County, NAICS 6-digit -- by ownership sector","All establishment sizes",4,0,0,0,0,0,0,0
"06071",5,"334220",78,0,2013,3,"N","San Bernardino County, California","Private","Broadcast and wireless communications equip.","County, NAICS 6-digit -- by ownership sector","All establishment sizes",4,0,0,0,0,0,0,0
"06071",5,"33429",77,0,2013,1,"","San Bernardino County, California","Private","Other communications equipment manufacturing","County, NAICS 5-digit -- by ownership sector","All establishment sizes",5,167,162,172,2266285,1033683,63176,1044
"06071",5,"33429",77,0,2013,2,"","San Bernardino County, California","Private","Other communications equipment manufacturing","County, NAICS 5-digit -- by ownership sector","All establishment sizes",5,176,174,171,2650030,183952,11236,1174
"06071",5,"33429",77,0,2013,3,"","San Bernardino County, California","Private","Other communications equipment manufacturing","County, NAICS 5-digit -- by ownership sector","All establishment sizes",5,168,167,175,2355369,91199,5638,1066
"06071",5,"334290",78,0,2013,1,"","San Bernardino County, California","Private","Other communications equipment manufacturing","County, NAICS 6-digit -- by ownership sector","All establishment sizes",5,167,162,172,2266285,1033683,63176,1044
"06071",5,"334290",78,0,2013,2,"","San Bernardino County, California","Private","Other communications equipment manufacturing","County, NAICS 6-digit -- by ownership sector","All establishment sizes",5,176,174,171,2650030,183952,11236,1174
"06071",5,"334290",78,0,2013,3,"","San Bernardino County, California","Private","Other communications equipment manufacturing","County, NAICS 6-digit -- by ownership sector","All establishment sizes",5,168,167,175,2355369,91199,5638,1066
"06071",5,"3343",76,0,2013,1,"N","San Bernardino County, California","Private","Audio and video equipment manufacturing","County, NAICS 4-digit -- by ownership sector","All establishment sizes",4,0,0,0,0,0,0,0
"06071",5,"3343",76,0,2013,2,"N","San Bernardino County, California","Private","Audio and video equipment manufacturing","County, NAICS 4-digit -- by ownership sector","All establishment sizes",4,0,0,0,0,0,0,0
"06071",5,"3343",76,0,2013,3,"N","San Bernardino County, California","Private","Audio and video equipment manufacturing","County, NAICS 4-digit -- by ownership sector","All establishment sizes",4,0,0,0,0,0,0,0
"06071",5,"33431",77,0,2013,1,"N","San Bernardino County, California","Private","Audio and video equipment manufacturing","County, NAICS 5-digit -- by ownership sector","All establishment sizes",4,0,0,0,0,0,0,0
"06071",5,"33431",77,0,2013,2,"N","San Bernardino County, California","Private","Audio and video equipment manufacturing","County, NAICS 5-digit -- by ownership sector","All establishment sizes",4,0,0,0,0,0,0,0
"06071",5,"33431",77,0,2013,3,"N","San Bernardino County, California","Private","Audio and video equipment manufacturing","County, NAICS 5-digit -- by ownership sector","All establishment sizes",4,0,0,0,0,0,0,0
"06071",5,"334310",78,0,2013,1,"N","San Bernardino County, California","Private","Audio and video equipment manufacturing","County, NAICS 6-digit -- by ownership sector","All establishment sizes",4,0,0,0,0,0,0,0
"06071",5,"334310",78,0,2013,2,"N","San Bernardino County, California","Private","Audio and video equipment manufacturing","County, NAICS 6-digit -- by ownership sector","All establishment sizes",4,0,0,0,0,0,0,0
"06071",5,"334310",78,0,2013,3,"N","San Bernardino County, California","Private","Audio and video equipment manufacturing","County, NAICS 6-digit -- by ownership sector","All establishment sizes",4,0,0,0,0,0,0,0
"06071",5,"3344",76,0,2013,1,"","San Bernardino County, California","Private","Semiconductor and electronic component mfg.","County, NAICS 4-digit -- by ownership sector","All establishment sizes",17,412,414,414,4498907,2526756,132947,837
"06071",5,"3344",76,0,2013,2,"","San Bernardino County, California","Private","Semiconductor and electronic component mfg.","County, NAICS 4-digit -- by ownership sector","All establishment sizes",16,412,412,408,4674485,419683,22363,876
"06071",5,"3344",76,0,2013,3,"","San Bernardino County, California","Private","Semiconductor and electronic component mfg.","County, NAICS 4-digit -- by ownership sector","All establishment sizes",17,408,408,406,4406696,158037,8789,832
"06071",5,"33441",77,0,2013,1,"","San Bernardino County, California","Private","Semiconductor and electronic component mfg.","County, NAICS 5-digit -- by ownership sector","All establishment sizes",17,412,414,414,4498907,2526756,132947,837
"06071",5,"33441",77,0,2013,2,"","San Bernardino County, California","Private","Semiconductor and electronic component mfg.","County, NAICS 5-digit -- by ownership sector","All establishment sizes",16,412,412,408,4674485,419683,22363,876
"06071",5,"33441",77,0,2013,3,"","San Bernardino County, California","Private","Semiconductor and electronic component mfg.","County, NAICS 5-digit -- by ownership sector","All establishment sizes",17,408,408,406,4406696,158037,8789,832
"06071",5,"334412",78,0,2013,1,"N","San Bernardino County, California","Private","Bare printed circuit board manufacturing","County, NAICS 6-digit -- by ownership sector","All establishment sizes",2,0,0,0,0,0,0,0
"06071",5,"334412",78,0,2013,2,"N","San Bernardino County, California","Private","Bare printed circuit board manufacturing","County, NAICS 6-digit -- by ownership sector","All establishment sizes",1,0,0,0,0,0,0,0
"06071",5,"334412",78,0,2013,3,"N","San Bernardino County, California","Private","Bare printed circuit board manufacturing","County, NAICS 6-digit -- by ownership sector","All establishment sizes",1,0,0,0,0,0,0,0
"06071",5,"334413",78,0,2013,1,"-","San Bernardino County, California","Private","Semiconductors and related device mfg.","County, NAICS 6-digit -- by ownership sector","All establishment sizes",0,0,0,0,0,0,0,0
"06071",5,"334413",78,0,2013,2,"-","San Bernardino County, California","Private","Semiconductors and related device mfg.","County, NAICS 6-digit -- by ownership sector","All establishment sizes",0,0,0,0,0,0,0,0
"06071",5,"334413",78,0,2013,3,"N","San Bernardino County, California","Private","Semiconductors and related device mfg.","County, NAICS 6-digit -- by ownership sector","All establishment sizes",1,0,0,0,0,0,0,0
"06071",5,"334416",78,0,2013,1,"","San Bernardino County, California","Private","Capacitor, transformer, and inductor mfg.","County, NAICS 6-digit -- by ownership sector","All establishment sizes",3,19,20,20,143383,101103,3158,561
"06071",5,"334416",78,0,2013,2,"","San Bernardino County, California","Private","Capacitor, transformer, and inductor mfg.","County, NAICS 6-digit -- by ownership sector","All establishment sizes",3,18,20,18,233233,29443,1131,961
"06071",5,"334416",78,0,2013,3,"","San Bernardino County, California","Private","Capacitor, transformer, and inductor mfg.","County, NAICS 6-digit -- by ownership sector","All establishment sizes",3,21,22,19,131563,5549,315,490
"06071",5,"334417",78,0,2013,1,"N","San Bernardino County, California","Private","Electronic connector manufacturing","County, NAICS 6-digit -- by ownership sector","All establishment sizes",1,0,0,0,0,0,0,0
"06071",5,"334417",78,0,2013,2,"N","San Bernardino County, California","Private","Electronic connector manufacturing","County, NAICS 6-digit -- by ownership sector","All establishment sizes",1,0,0,0,0,0,0,0
"06071",5,"334417",78,0,2013,3,"N","San Bernardino County, California","Private","Electronic connector manufacturing","County, NAICS 6-digit -- by ownership sector","All establishment sizes",1,0,0,0,0,0,0,0
"06071",5,"334418",78,0,2013,1,"","San Bernardino County, California","Private","Printed circuit assembly manufacturing","County, NAICS 6-digit -- by ownership sector","All establishment sizes",3,47,45,47,336395,249987,15499,558
"06071",5,"334418",78,0,2013,2,"","San Bernardino County, California","Private","Printed circuit assembly manufacturing","County, NAICS 6-digit -- by ownership sector","All establishment sizes",3,47,47,45,331112,80147,4969,550
"06071",5,"334418",78,0,2013,3,"","San Bernardino County, California","Private","Printed circuit assembly manufacturing","County, NAICS 6-digit -- by ownership sector","All establishment sizes",3,45,46,43,324512,24867,1542,559
"06071",5,"334419",78,0,2013,1,"","San Bernardino County, California","Private","Other electronic component manufacturing","County, NAICS 6-digit -- by ownership sector","All establishment sizes",8,256,263,262,3262282,1640710,81122,964
"06071",5,"334419",78,0,2013,2,"","San Bernardino County, California","Private","Other electronic component manufacturing","County, NAICS 6-digit -- by ownership sector","All establishment sizes",8,259,259,258,3328992,215184,10382,990
"06071",5,"334419",78,0,2013,3,"","San Bernardino County, California","Private","Other electronic component manufacturing","County, NAICS 6-digit -- by ownership sector","All establishment sizes",8,256,256,257,3182685,95380,5078,955
"06071",5,"3345",76,0,2013,1,"","San Bernardino County, California","Private","Electronic instrument manufacturing","County, NAICS 4-digit -- by ownership sector","All establishment sizes",30,600,594,592,9509924,3834252,189376,1229
"06071",5,"3345",76,0,2013,2,"","San Bernardino County, California","Private","Electronic instrument manufacturing","County, NAICS 4-digit -- by ownership sector","All establishment sizes",30,584,580,594,8902552,411071,20293,1169
"06071",5,"3345",76,0,2013,3,"","San Bernardino County, California","Private","Electronic instrument manufacturing","County, NAICS 4-digit -- by ownership sector","All establishment sizes",29,579,600,577,8980824,205709,10178,1180
"06071",5,"33451",77,0,2013,1,"","San Bernardino County, California","Private","Electronic instrument manufacturing","County, NAICS 5-digit -- by ownership sector","All establishment sizes",30,600,594,592,9509924,3834252,189376,1229
"06071",5,"33451",77,0,2013,2,"","San Bernardino County, California","Private","Electronic instrument manufacturing","County, NAICS 5-digit -- by ownership sector","All establishment sizes",30,584,580,594,8902552,411071,20293,1169
"06071",5,"33451",77,0,2013,3,"","San Bernardino County, California","Private","Electronic instrument manufacturing","County, NAICS 5-digit -- by ownership sector","All establishment sizes",29,579,600,577,8980824,205709,10178,1180
"06071",5,"334510",78,0,2013,1,"N","San Bernardino County, California","Private","Electromedical apparatus manufacturing","County, NAICS 6-digit -- by ownership sector","All establishment sizes",3,0,0,0,0,0,0,0
"06071",5,"334510",78,0,2013,2,"N","San Bernardino County, California","Private","Electromedical apparatus manufacturing","County, NAICS 6-digit -- by ownership sector","All establishment sizes",3,0,0,0,0,0,0,0
"06071",5,"334510",78,0,2013,3,"N","San Bernardino County, California","Private","Electromedical apparatus manufacturing","County, NAICS 6-digit -- by ownership sector","All establishment sizes",3,0,0,0,0,0,0,0
"06071",5,"334511",78,0,2013,1,"N","San Bernardino County, California","Private","Search, detection, and navigation instruments","County, NAICS 6-digit -- by ownership sector","All establishment sizes",3,0,0,0,0,0,0,0
"06071",5,"334511",78,0,2013,2,"N","San Bernardino County, California","Private","Search, detection, and navigation instruments","County, NAICS 6-digit -- by ownership sector","All establishment sizes",3,0,0,0,0,0,0,0
"06071",5,"334511",78,0,2013,3,"N","San Bernardino County, California","Private","Search, detection, and navigation instruments","County, NAICS 6-digit -- by ownership sector","All establishment sizes",3,0,0,0,0,0,0,0
"06071",5,"334512",78,0,2013,1,"","San Bernardino County, California","Private","Automatic environmental control manufacturing","County, NAICS 6-digit -- by ownership sector","All establishment sizes",3,21,22,22,182866,139758,7978,649
"06071",5,"334512",78,0,2013,2,"","San Bernardino County, California","Private","Automatic environmental control manufacturing","County, NAICS 6-digit -- by ownership sector","All establishment sizes",3,13,12,21,198232,22603,1360,994
"06071",5,"334512",78,0,2013,3,"N","San Bernardino County, California","Private","Automatic environmental control manufacturing","County, NAICS 6-digit -- by ownership sector","All establishment sizes",3,0,0,0,0,0,0,0
"06071",5,"334513",78,0,2013,1,"","San Bernardino County, California","Private","Industrial process variable instruments","County, NAICS 6-digit -- by ownership sector","All establishment sizes",7,162,161,167,2584275,1044986,47660,1217
"06071",5,"334513",78,0,2013,2,"","San Bernardino County, California","Private","Industrial process variable instruments","County, NAICS 6-digit -- by ownership sector","All establishment sizes",7,164,161,168,2406622,148270,7691,1127
"06071",5,"334513",78,0,2013,3,"","San Bernardino County, California","Private","Industrial process variable instruments","County, NAICS 6-digit -- by ownership sector","All establishment sizes",7,168,176,178,3009871,150680,7282,1331
"06071",5,"334514",78,0,2013,1,"N","San Bernardino County, California","Private","Totalizing fluid meters and counting devices","County, NAICS 6-digit -- by ownership sector","All establishment sizes",1,0,0,0,0,0,0,0
"06071",5,"334514",78,0,2013,2,"N","San Bernardino County, California","Private","Totalizing fluid meters and counting devices","County, NAICS 6-digit -- by ownership sector","All establishment sizes",1,0,0,0,0,0,0,0
"06071",5,"334514",78,0,2013,3,"N","San Bernardino County, California","Private","Totalizing fluid meters and counting devices","County, NAICS 6-digit -- by ownership sector","All establishment sizes",1,0,0,0,0,0,0,0
"06071",5,"334515",78,0,2013,1,"","San Bernardino County, California","Private","Electricity and signal testing instruments","County, NAICS 6-digit -- by ownership sector","All establishment sizes",6,70,60,58,911074,447268,25090,1118
"06071",5,"334515",78,0,2013,2,"","San Bernardino County, California","Private","Electricity and signal testing instruments","County, NAICS 6-digit -- by ownership sector","All establishment sizes",6,57,61,60,681329,61765,3174,883
"06071",5,"334515",78,0,2013,3,"","San Bernardino County, California","Private","Electricity and signal testing instruments","County, NAICS 6-digit -- by ownership sector","All establishment sizes",5,57,56,45,596424,16207,817,871
"06071",5,"334516",78,0,2013,1,"","San Bernardino County, California","Private","Analytical laboratory instrument mfg.","County, NAICS 6-digit -- by ownership sector","All establishment sizes",4,227,229,225,2587471,1339883,63366,877
"06071",5,"334516",78,0,2013,2,"","San Bernardino County, California","Private","Analytical laboratory instrument mfg.","County, NAICS 6-digit -- by ownership sector","All establishment sizes",4,230,227,228,2723767,126528,5599,918
"06071",5,"334516",78,0,2013,3,"","San Bernardino County, California","Private","Analytical laboratory instrument mfg.","County, NAICS 6-digit -- by ownership sector","All establishment sizes",4,224,226,224,2746086,15846,767,940
"06071",5,"334519",78,0,2013,1,"","San Bernardino County, California","Private","Other measuring and controlling device mfg.","County, NAICS 6-digit -- by ownership sector","All establishment sizes",3,26,26,24,227196,154694,6934,690
"06071",5,"334519",78,0,2013,2,"","San Bernardino County, California","Private","Other measuring and controlling device mfg.","County, NAICS 6-digit -- by ownership sector","All establishment sizes",3,27,29,28,283517,27035,1275,779
"06071",5,"334519",78,0,2013,3,"","San Bernardino County, California","Private","Other measuring and controlling device mfg.","County, NAICS 6-digit -- by ownership sector","All establishment sizes",3,28,28,26,256942,2664,103,723
"06071",5,"3346",76,0,2013,1,"N","San Bernardino County, California","Private","Magnetic media manufacturing and reproducing","County, NAICS 4-digit -- by ownership sector","All establishment sizes",3,0,0,0,0,0,0,0
"06071",5,"3346",76,0,2013,2,"N","San Bernardino County, California","Private","Magnetic media manufacturing and reproducing","County, NAICS 4-digit -- by ownership sector","All establishment sizes",3,0,0,0,0,0,0,0
"06071",5,"3346",76,0,2013,3,"N","San Bernardino County, California","Private","Magnetic media manufacturing and reproducing","County, NAICS 4-digit -- by ownership sector","All establishment sizes",3,0,0,0,0,0,0,0
"06071",5,"33461",77,0,2013,1,"N","San Bernardino County, California","Private","Magnetic media manufacturing and reproducing","County, NAICS 5-digit -- by ownership sector","All establishment sizes",3,0,0,0,0,0,0,0
"06071",5,"33461",77,0,2013,2,"N","San Bernardino County, California","Private","Magnetic media manufacturing and reproducing","County, NAICS 5-digit -- by ownership sector","All establishment sizes",3,0,0,0,0,0,0,0
"06071",5,"33461",77,0,2013,3,"N","San Bernardino County, California","Private","Magnetic media manufacturing and reproducing","County, NAICS 5-digit -- by ownership sector","All establishment sizes",3,0,0,0,0,0,0,0
"06071",5,"334613",78,0,2013,1,"N","San Bernardino County, California","Private","Magnetic and optical recording media mfg.","County, NAICS 6-digit -- by ownership sector","All establishment sizes",1,0,0,0,0,0,0,0
"06071",5,"334613",78,0,2013,2,"N","San Bernardino County, California","Private","Magnetic and optical recording media mfg.","County, NAICS 6-digit -- by ownership sector","All establishment sizes",1,0,0,0,0,0,0,0
"06071",5,"334613",78,0,2013,3,"N","San Bernardino County, California","Private","Magnetic and optical recording media mfg.","County, NAICS 6-digit -- by ownership sector","All establishment sizes",1,0,0,0,0,0,0,0
"06071",5,"334614",78,0,2013,1,"N","San Bernardino County, California","Private","Software and other prerecorded reproducing","County, NAICS 6-digit -- by ownership sector","All establishment sizes",2,0,0,0,0,0,0,0
"06071",5,"334614",78,0,2013,2,"N","San Bernardino County, California","Private","Software and other prerecorded reproducing","County, NAICS 6-digit -- by ownership sector","All establishment sizes",2,0,0,0,0,0,0,0
"06071",5,"334614",78,0,2013,3,"N","San Bernardino County, California","Private","Software and other prerecorded reproducing","County, NAICS 6-digit -- by ownership sector","All establishment sizes",2,0,0,0,0,0,0,0
"06071",5,"335",75,0,2013,1,"","San Bernardino County, California","Private","Electrical equipment and appliance mfg.","County, NAICS 3-digit -- by ownership sector","All establishment sizes",41,1884,1876,1875,19529068,11098293,619111,800
"06071",5,"335",75,0,2013,2,"","San Bernardino County, California","Private","Electrical equipment and appliance mfg.","County, NAICS 3-digit -- by ownership sector","All establishment sizes",40,1876,1864,1842,18311395,1820208,97026,757
"06071",5,"335",75,0,2013,3,"","San Bernardino County, California","Private","Electrical equipment and appliance mfg.","County, NAICS 3-digit -- by ownership sector","All establishment sizes",41,1868,1847,1826,19438445,525767,27785,810
"06071",5,"3351",76,0,2013,1,"","San Bernardino County, California","Private","Electric lighting equipment manufacturing","County, NAICS 4-digit -- by ownership sector","All establishment sizes",12,932,925,928,9741995,5333769,300284,807
"06071",5,"3351",76,0,2013,2,"","San Bernardino County, California","Private","Electric lighting equipment manufacturing","County, NAICS 4-digit -- by ownership sector","All establishment sizes",12,924,922,906,8912887,967384,51304,747
"06071",5,"3351",76,0,2013,3,"","San Bernardino County, California","Private","Electric lighting equipment manufacturing","County, NAICS 4-digit -- by ownership sector","All establishment sizes",13,919,912,908,10016401,148367,7496,844
"06071",5,"33511",77,0,2013,1,"N","San Bernardino County, California","Private","Electric lamp bulb and part manufacturing","County, NAICS 5-digit -- by ownership sector","All establishment sizes",1,0,0,0,0,0,0,0
"06071",5,"33511",77,0,2013,2,"N","San Bernardino County, California","Private","Electric lamp bulb and part manufacturing","County, NAICS 5-digit -- by ownership sector","All establishment sizes",1,0,0,0,0,0,0,0
"06071",5,"33511",77,0,2013,3,"N","San Bernardino County, California","Private","Electric lamp bulb and part manufacturing","County, NAICS 5-digit -- by ownership sector","All establishment sizes",1,0,0,0,0,0,0,0
"06071",5,"335110",78,0,2013,1,"N","San Bernardino County, California","Private","Electric lamp bulb and part manufacturing","County, NAICS 6-digit -- by ownership sector","All establishment sizes",1,0,0,0,0,0,0,0
"06071",5,"335110",78,0,2013,2,"N","San Bernardino County, California","Private","Electric lamp bulb and part manufacturing","County, NAICS 6-digit -- by ownership sector","All establishment sizes",1,0,0,0,0,0,0,0
"06071",5,"335110",78,0,2013,3,"N","San Bernardino County, California","Private","Electric lamp bulb and part manufacturing","County, NAICS 6-digit -- by ownership sector","All establishment sizes",1,0,0,0,0,0,0,0
"06071",5,"33512",77,0,2013,1,"N","San Bernardino County, California","Private","Lighting fixture manufacturing","County, NAICS 5-digit -- by ownership sector","All establishment sizes",11,0,0,0,0,0,0,0
"06071",5,"33512",77,0,2013,2,"N","San Bernardino County, California","Private","Lighting fixture manufacturing","County, NAICS 5-digit -- by ownership sector","All establishment sizes",11,0,0,0,0,0,0,0
"06071",5,"33512",77,0,2013,3,"N","San Bernardino County, California","Private","Lighting fixture manufacturing","County, NAICS 5-digit -- by ownership sector","All establishment sizes",12,0,0,0,0,0,0,0
"06071",5,"335121",78,0,2013,1,"N","San Bernardino County, California","Private","Residential electric lighting fixture mfg.","County, NAICS 6-digit -- by ownership sector","All establishment sizes",2,0,0,0,0,0,0,0
"06071",5,"335121",78,0,2013,2,"N","San Bernardino County, California","Private","Residential electric lighting fixture mfg.","County, NAICS 6-digit -- by ownership sector","All establishment sizes",2,0,0,0,0,0,0,0
"06071",5,"335121",78,0,2013,3,"N","San Bernardino County, California","Private","Residential electric lighting fixture mfg.","County, NAICS 6-digit -- by ownership sector","All establishment sizes",2,0,0,0,0,0,0,0
"06071",5,"335122",78,0,2013,1,"","San Bernardino County, California","Private","Nonresidential electric lighting fixture mfg.","County, NAICS 6-digit -- by ownership sector","All establishment sizes",4,145,138,139,1843364,791836,36702,1008
"06071",5,"335122",78,0,2013,2,"","San Bernardino County, California","Private","Nonresidential electric lighting fixture mfg.","County, NAICS 6-digit -- by ownership sector","All establishment sizes",4,133,133,124,1533426,202196,7924,907
"06071",5,"335122",78,0,2013,3,"","San Bernardino County, California","Private","Nonresidential electric lighting fixture mfg.","County, NAICS 6-digit -- by ownership sector","All establishment sizes",4,133,133,133,1511097,42491,1572,874
"06071",5,"335129",78,0,2013,1,"N","San Bernardino County, California","Private","Other lighting equipment manufacturing","County, NAICS 6-digit -- by ownership sector","All establishment sizes",5,0,0,0,0,0,0,0
"06071",5,"335129",78,0,2013,2,"N","San Bernardino County, California","Private","Other lighting equipment manufacturing","County, NAICS 6-digit -- by ownership sector","All establishment sizes",5,0,0,0,0,0,0,0
"06071",5,"335129",78,0,2013,3,"N","San Bernardino County, California","Private","Other lighting equipment manufacturing","County, NAICS 6-digit -- by ownership sector","All establishment sizes",6,0,0,0,0,0,0,0
"06071",5,"3352",76,0,2013,1,"N","San Bernardino County, California","Private","Household appliance manufacturing","County, NAICS 4-digit -- by ownership sector","All establishment sizes",1,0,0,0,0,0,0,0
"06071",5,"3352",76,0,2013,2,"N","San Bernardino County, California","Private","Household appliance manufacturing","County, NAICS 4-digit -- by ownership sector","All establishment sizes",1,0,0,0,0,0,0,0
"06071",5,"3352",76,0,2013,3,"N","San Bernardino County, California","Private","Household appliance manufacturing","County, NAICS 4-digit -- by ownership sector","All establishment sizes",1,0,0,0,0,0,0,0
"06071",5,"33522",77,0,2013,1,"N","San Bernardino County, California","Private","Major appliance manufacturing","County, NAICS 5-digit -- by ownership sector","All establishment sizes",1,0,0,0,0,0,0,0
"06071",5,"33522",77,0,2013,2,"N","San Bernardino County, California","Private","Major appliance manufacturing","County, NAICS 5-digit -- by ownership sector","All establishment sizes",1,0,0,0,0,0,0,0
"06071",5,"33522",77,0,2013,3,"N","San Bernardino County, California","Private","Major appliance manufacturing","County, NAICS 5-digit -- by ownership sector","All establishment sizes",1,0,0,0,0,0,0,0
"06071",5,"335221",78,0,2013,1,"N","San Bernardino County, California","Private","Household cooking appliance manufacturing","County, NAICS 6-digit -- by ownership sector","All establishment sizes",1,0,0,0,0,0,0,0
"06071",5,"335221",78,0,2013,2,"N","San Bernardino County, California","Private","Household cooking appliance manufacturing","County, NAICS 6-digit -- by ownership sector","All establishment sizes",1,0,0,0,0,0,0,0
"06071",5,"335221",78,0,2013,3,"N","San Bernardino County, California","Private","Household cooking appliance manufacturing","County, NAICS 6-digit -- by ownership sector","All establishment sizes",1,0,0,0,0,0,0,0
"06071",5,"3353",76,0,2013,1,"","San Bernardino County, California","Private","Electrical equipment manufacturing","County, NAICS 4-digit -- by ownership sector","All establishment sizes",11,505,506,500,5149667,3256536,187466,786
"06071",5,"3353",76,0,2013,2,"","San Bernardino County, California","Private","Electrical equipment manufacturing","County, NAICS 4-digit -- by ownership sector","All establishment sizes",10,491,480,476,4727821,321855,19054,754
"06071",5,"3353",76,0,2013,3,"","San Bernardino County, California","Private","Electrical equipment manufacturing","County, NAICS 4-digit -- by ownership sector","All establishment sizes",10,477,474,465,4662286,129289,7050,760
"06071",5,"33531",77,0,2013,1,"","San Bernardino County, California","Private","Electrical equipment manufacturing","County, NAICS 5-digit -- by ownership sector","All establishment sizes",11,505,506,500,5149667,3256536,187466,786
"06071",5,"33531",77,0,2013,2,"","San Bernardino County, California","Private","Electrical equipment manufacturing","County, NAICS 5-digit -- by ownership sector","All establishment sizes",10,491,480,476,4727821,321855,19054,754
"06071",5,"33531",77,0,2013,3,"","San Bernardino County, California","Private","Electrical equipment manufacturing","County, NAICS 5-digit -- by ownership sector","All establishment sizes",10,477,474,465,4662286,129289,7050,760
"06071",5,"335311",78,0,2013,1,"N","San Bernardino County, California","Private","Electric power and specialty transformer mfg.","County, NAICS 6-digit -- by ownership sector","All establishment sizes",1,0,0,0,0,0,0,0
"06071",5,"335311",78,0,2013,2,"N","San Bernardino County, California","Private","Electric power and specialty transformer mfg.","County, NAICS 6-digit -- by ownership sector","All establishment sizes",1,0,0,0,0,0,0,0
"06071",5,"335311",78,0,2013,3,"N","San Bernardino County, California","Private","Electric power and specialty transformer mfg.","County, NAICS 6-digit -- by ownership sector","All establishment sizes",1,0,0,0,0,0,0,0
"06071",5,"335312",78,0,2013,1,"","San Bernardino County, California","Private","Motor and generator manufacturing","County, NAICS 6-digit -- by ownership sector","All establishment sizes",3,17,19,19,128539,80930,4429,539
"06071",5,"335312",78,0,2013,2,"N","San Bernardino County, California","Private","Motor and generator manufacturing","County, NAICS 6-digit -- by ownership sector","All establishment sizes",3,0,0,0,0,0,0,0
"06071",5,"335312",78,0,2013,3,"N","San Bernardino County, California","Private","Motor and generator manufacturing","County, NAICS 6-digit -- by ownership sector","All establishment sizes",3,0,0,0,0,0,0,0
"06071",5,"335313",78,0,2013,1,"N","San Bernardino County, California","Private","Switchgear and switchboard apparatus mfg.","County, NAICS 6-digit -- by ownership sector","All establishment sizes",3,0,0,0,0,0,0,0
"06071",5,"335313",78,0,2013,2,"N","San Bernardino County, California","Private","Switchgear and switchboard apparatus mfg.","County, NAICS 6-digit -- by ownership sector","All establishment sizes",3,0,0,0,0,0,0,0
"06071",5,"335313",78,0,2013,3,"N","San Bernardino County, California","Private","Switchgear and switchboard apparatus mfg.","County, NAICS 6-digit -- by ownership sector","All establishment sizes",3,0,0,0,0,0,0,0
"06071",5,"335314",78,0,2013,1,"N","San Bernardino County, California","Private","Relay and industrial control manufacturing","County, NAICS 6-digit -- by ownership sector","All establishment sizes",4,0,0,0,0,0,0,0
"06071",5,"335314",78,0,2013,2,"N","San Bernardino County, California","Private","Relay and industrial control manufacturing","County, NAICS 6-digit -- by ownership sector","All establishment sizes",3,0,0,0,0,0,0,0
"06071",5,"335314",78,0,2013,3,"N","San Bernardino County, California","Private","Relay and industrial control manufacturing","County, NAICS 6-digit -- by ownership sector","All establishment sizes",3,0,0,0,0,0,0,0
"06071",5,"3359",76,0,2013,1,"N","San Bernardino County, California","Private","Other electrical equipment and component mfg.","County, NAICS 4-digit -- by ownership sector","All establishment sizes",17,0,0,0,0,0,0,0
"06071",5,"3359",76,0,2013,2,"N","San Bernardino County, California","Private","Other electrical equipment and component mfg.","County, NAICS 4-digit -- by ownership sector","All establishment sizes",17,0,0,0,0,0,0,0
"06071",5,"3359",76,0,2013,3,"N","San Bernardino County, California","Private","Other electrical equipment and component mfg.","County, NAICS 4-digit -- by ownership sector","All establishment sizes",17,0,0,0,0,0,0,0
"06071",5,"33591",77,0,2013,1,"N","San Bernardino County, California","Private","Battery manufacturing","County, NAICS 5-digit -- by ownership sector","All establishment sizes",3,0,0,0,0,0,0,0
"06071",5,"33591",77,0,2013,2,"N","San Bernardino County, California","Private","Battery manufacturing","County, NAICS 5-digit -- by ownership sector","All establishment sizes",3,0,0,0,0,0,0,0
"06071",5,"33591",77,0,2013,3,"N","San Bernardino County, California","Private","Battery manufacturing","County, NAICS 5-digit -- by ownership sector","All establishment sizes",3,0,0,0,0,0,0,0
"06071",5,"335911",78,0,2013,1,"N","San Bernardino County, California","Private","Storage battery manufacturing","County, NAICS 6-digit -- by ownership sector","All establishment sizes",3,0,0,0,0,0,0,0
"06071",5,"335911",78,0,2013,2,"N","San Bernardino County, California","Private","Storage battery manufacturing","County, NAICS 6-digit -- by ownership sector","All establishment sizes",3,0,0,0,0,0,0,0
"06071",5,"335911",78,0,2013,3,"N","San Bernardino County, California","Private","Storage battery manufacturing","County, NAICS 6-digit -- by ownership sector","All establishment sizes",3,0,0,0,0,0,0,0
"06071",5,"33592",77,0,2013,1,"N","San Bernardino County, California","Private","Communication and energy wire and cable mfg.","County, NAICS 5-digit -- by ownership sector","All establishment sizes",1,0,0,0,0,0,0,0
"06071",5,"33592",77,0,2013,2,"N","San Bernardino County, California","Private","Communication and energy wire and cable mfg.","County, NAICS 5-digit -- by ownership sector","All establishment sizes",1,0,0,0,0,0,0,0
"06071",5,"33592",77,0,2013,3,"N","San Bernardino County, California","Private","Communication and energy wire and cable mfg.","County, NAICS 5-digit -- by ownership sector","All establishment sizes",1,0,0,0,0,0,0,0
"06071",5,"335929",78,0,2013,1,"N","San Bernardino County, California","Private","Other communication and energy wire mfg.","County, NAICS 6-digit -- by ownership sector","All establishment sizes",1,0,0,0,0,0,0,0
"06071",5,"335929",78,0,2013,2,"N","San Bernardino County, California","Private","Other communication and energy wire mfg.","County, NAICS 6-digit -- by ownership sector","All establishment sizes",1,0,0,0,0,0,0,0
"06071",5,"335929",78,0,2013,3,"N","San Bernardino County, California","Private","Other communication and energy wire mfg.","County, NAICS 6-digit -- by ownership sector","All establishment sizes",1,0,0,0,0,0,0,0
"06071",5,"33593",77,0,2013,1,"","San Bernardino County, California","Private","Wiring device manufacturing","County, NAICS 5-digit -- by ownership sector","All establishment sizes",6,240,243,242,2228136,1434809,72756,709
"06071",5,"33593",77,0,2013,2,"","San Bernardino County, California","Private","Wiring device manufacturing","County, NAICS 5-digit -- by ownership sector","All establishment sizes",6,249,254,243,2345006,324809,15263,725
"06071",5,"33593",77,0,2013,3,"","San Bernardino County, California","Private","Wiring device manufacturing","County, NAICS 5-digit -- by ownership sector","All establishment sizes",6,245,247,240,2305420,106852,5178,727
"06071",5,"335931",78,0,2013,1,"N","San Bernardino County, California","Private","Current-carrying wiring device manufacturing","County, NAICS 6-digit -- by ownership sector","All establishment sizes",5,0,0,0,0,0,0,0
"06071",5,"335931",78,0,2013,2,"N","San Bernardino County, California","Private","Current-carrying wiring device manufacturing","County, NAICS 6-digit -- by ownership sector","All establishment sizes",5,0,0,0,0,0,0,0
"06071",5,"335931",78,0,2013,3,"N","San Bernardino County, California","Private","Current-carrying wiring device manufacturing","County, NAICS 6-digit -- by ownership sector","All establishment sizes",5,0,0,0,0,0,0,0
"06071",5,"335932",78,0,2013,1,"N","San Bernardino County, California","Private","Noncurrent-carrying wiring device mfg.","County, NAICS 6-digit -- by ownership sector","All establishment sizes",1,0,0,0,0,0,0,0
"06071",5,"335932",78,0,2013,2,"N","San Bernardino County, California","Private","Noncurrent-carrying wiring device mfg.","County, NAICS 6-digit -- by ownership sector","All establishment sizes",1,0,0,0,0,0,0,0
"06071",5,"335932",78,0,2013,3,"N","San Bernardino County, California","Private","Noncurrent-carrying wiring device mfg.","County, NAICS 6-digit -- by ownership sector","All establishment sizes",1,0,0,0,0,0,0,0
"06071",5,"33599",77,0,2013,1,"","San Bernardino County, California","Private","Other electrical equipment and component mfg.","County, NAICS 5-digit -- by ownership sector","All establishment sizes",7,78,77,78,774871,482953,26063,767
"06071",5,"33599",77,0,2013,2,"","San Bernardino County, California","Private","Other electrical equipment and component mfg.","County, NAICS 5-digit -- by ownership sector","All establishment sizes",7,79,78,75,894565,35201,1721,890
"06071",5,"33599",77,0,2013,3,"","San Bernardino County, California","Private","Other electrical equipment and component mfg.","County, NAICS 5-digit -- by ownership sector","All establishment sizes",7,80,75,73,959829,18524,1144,971
"06071",5,"335999",78,0,2013,1,"","San Bernardino County, California","Private","Miscellaneous electrical equipment mfg.","County, NAICS 6-digit -- by ownership sector","All establishment sizes",7,78,77,78,774871,482953,26063,767
"06071",5,"335999",78,0,2013,2,"","San Bernardino County, California","Private","Miscellaneous electrical equipment mfg.","County, NAICS 6-digit -- by ownership sector","All establishment sizes",7,79,78,75,894565,35201,1721,890
"06071",5,"335999",78,0,2013,3,"","San Bernardino County, California","Private","Miscellaneous electrical equipment mfg.","County, NAICS 6-digit -- by ownership sector","All establishment sizes",7,80,75,73,959829,18524,1144,971
"06071",5,"336",75,0,2013,1,"","San Bernardino County, California","Private","Transportation equipment manufacturing","County, NAICS 3-digit -- by ownership sector","All establishment sizes",98,2783,2806,2816,30857660,17719946,908364,847
"06071",5,"336",75,0,2013,2,"","San Bernardino County, California","Private","Transportation equipment manufacturing","County, NAICS 3-digit -- by ownership sector","All establishment sizes",98,2796,2790,2824,33677870,2282922,125341,924
"06071",5,"336",75,0,2013,3,"","San Bernardino County, California","Private","Transportation equipment manufacturing","County, NAICS 3-digit -- by ownership sector","All establishment sizes",96,2768,2774,2766,32753430,1049614,54921,910
"06071",5,"3361",76,0,2013,1,"N","San Bernardino County, California","Private","Motor vehicle manufacturing","County, NAICS 4-digit -- by ownership sector","All establishment sizes",2,0,0,0,0,0,0,0
"06071",5,"3361",76,0,2013,2,"N","San Bernardino County, California","Private","Motor vehicle manufacturing","County, NAICS 4-digit -- by ownership sector","All establishment sizes",2,0,0,0,0,0,0,0
"06071",5,"3361",76,0,2013,3,"N","San Bernardino County, California","Private","Motor vehicle manufacturing","County, NAICS 4-digit -- by ownership sector","All establishment sizes",3,0,0,0,0,0,0,0
"06071",5,"33611",77,0,2013,1,"N","San Bernardino County, California","Private","Automobile and light truck manufacturing","County, NAICS 5-digit -- by ownership sector","All establishment sizes",1,0,0,0,0,0,0,0
"06071",5,"33611",77,0,2013,2,"N","San Bernardino County, California","Private","Automobile and light truck manufacturing","County, NAICS 5-digit -- by ownership sector","All establishment sizes",1,0,0,0,0,0,0,0
"06071",5,"33611",77,0,2013,3,"N","San Bernardino County, California","Private","Automobile and light truck manufacturing","County, NAICS 5-digit -- by ownership sector","All establishment sizes",2,0,0,0,0,0,0,0
"06071",5,"336111",78,0,2013,1,"N","San Bernardino County, California","Private","Automobile manufacturing","County, NAICS 6-digit -- by ownership sector","All establishment sizes",1,0,0,0,0,0,0,0
"06071",5,"336111",78,0,2013,2,"N","San Bernardino County, California","Private","Automobile manufacturing","County, NAICS 6-digit -- by ownership sector","All establishment sizes",1,0,0,0,0,0,0,0
"06071",5,"336111",78,0,2013,3,"N","San Bernardino County, California","Private","Automobile manufacturing","County, NAICS 6-digit -- by ownership sector","All establishment sizes",1,0,0,0,0,0,0,0
"06071",5,"336112",78,0,2013,1,"-","San Bernardino County, California","Private","Light truck and utility vehicle manufacturing","County, NAICS 6-digit -- by ownership sector","All establishment sizes",0,0,0,0,0,0,0,0
"06071",5,"336112",78,0,2013,2,"-","San Bernardino County, California","Private","Light truck and utility vehicle manufacturing","County, NAICS 6-digit -- by ownership sector","All establishment sizes",0,0,0,0,0,0,0,0
"06071",5,"336112",78,0,2013,3,"N","San Bernardino County, California","Private","Light truck and utility vehicle manufacturing","County, NAICS 6-digit -- by ownership sector","All establishment sizes",1,0,0,0,0,0,0,0
"06071",5,"33612",77,0,2013,1,"N","San Bernardino County, California","Private","Heavy duty truck manufacturing","County, NAICS 5-digit -- by ownership sector","All establishment sizes",1,0,0,0,0,0,0,0
"06071",5,"33612",77,0,2013,2,"N","San Bernardino County, California","Private","Heavy duty truck manufacturing","County, NAICS 5-digit -- by ownership sector","All establishment sizes",1,0,0,0,0,0,0,0
"06071",5,"33612",77,0,2013,3,"N","San Bernardino County, California","Private","Heavy duty truck manufacturing","County, NAICS 5-digit -- by ownership sector","All establishment sizes",1,0,0,0,0,0,0,0
"06071",5,"336120",78,0,2013,1,"N","San Bernardino County, California","Private","Heavy duty truck manufacturing","County, NAICS 6-digit -- by ownership sector","All establishment sizes",1,0,0,0,0,0,0,0
"06071",5,"336120",78,0,2013,2,"N","San Bernardino County, California","Private","Heavy duty truck manufacturing","County, NAICS 6-digit -- by ownership sector","All establishment sizes",1,0,0,0,0,0,0,0
"06071",5,"336120",78,0,2013,3,"N","San Bernardino County, California","Private","Heavy duty truck manufacturing","County, NAICS 6-digit -- by ownership sector","All establishment sizes",1,0,0,0,0,0,0,0
"06071",5,"3362",76,0,2013,1,"","San Bernardino County, California","Private","Motor vehicle body and trailer manufacturing","County, NAICS 4-digit -- by ownership sector","All establishment sizes",18,474,474,483,4307840,3040575,137054,695
"06071",5,"3362",76,0,2013,2,"","San Bernardino County, California","Private","Motor vehicle body and trailer manufacturing","County, NAICS 4-digit -- by ownership sector","All establishment sizes",18,486,504,515,5209724,717711,40379,799
"06071",5,"3362",76,0,2013,3,"","San Bernardino County, California","Private","Motor vehicle body and trailer manufacturing","County, NAICS 4-digit -- by ownership sector","All establishment sizes",18,469,478,472,4940449,222664,12627,803
"06071",5,"33621",77,0,2013,1,"","San Bernardino County, California","Private","Motor vehicle body and trailer manufacturing","County, NAICS 5-digit -- by ownership sector","All establishment sizes",18,474,474,483,4307840,3040575,137054,695
"06071",5,"33621",77,0,2013,2,"","San Bernardino County, California","Private","Motor vehicle body and trailer manufacturing","County, NAICS 5-digit -- by ownership sector","All establishment sizes",18,486,504,515,5209724,717711,40379,799
"06071",5,"33621",77,0,2013,3,"","San Bernardino County, California","Private","Motor vehicle body and trailer manufacturing","County, NAICS 5-digit -- by ownership sector","All establishment sizes",18,469,478,472,4940449,222664,12627,803
"06071",5,"336211",78,0,2013,1,"","San Bernardino County, California","Private","Motor vehicle body manufacturing","County, NAICS 6-digit -- by ownership sector","All establishment sizes",7,144,143,147,1462121,938876,38739,777
"06071",5,"336211",78,0,2013,2,"","San Bernardino County, California","Private","Motor vehicle body manufacturing","County, NAICS 6-digit -- by ownership sector","All establishment sizes",7,145,151,151,1510803,112432,4819,780
"06071",5,"336211",78,0,2013,3,"","San Bernardino County, California","Private","Motor vehicle body manufacturing","County, NAICS 6-digit -- by ownership sector","All establishment sizes",7,154,153,154,1639832,51383,2324,821
"06071",5,"336212",78,0,2013,1,"N","San Bernardino County, California","Private","Truck trailer manufacturing","County, NAICS 6-digit -- by ownership sector","All establishment sizes",3,0,0,0,0,0,0,0
"06071",5,"336212",78,0,2013,2,"N","San Bernardino County, California","Private","Truck trailer manufacturing","County, NAICS 6-digit -- by ownership sector","All establishment sizes",3,0,0,0,0,0,0,0
"06071",5,"336212",78,0,2013,3,"N","San Bernardino County, California","Private","Truck trailer manufacturing","County, NAICS 6-digit -- by ownership sector","All establishment sizes",3,0,0,0,0,0,0,0
"06071",5,"336213",78,0,2013,1,"N","San Bernardino County, California","Private","Motor home manufacturing","County, NAICS 6-digit -- by ownership sector","All establishment sizes",1,0,0,0,0,0,0,0
"06071",5,"336213",78,0,2013,2,"N","San Bernardino County, California","Private","Motor home manufacturing","County, NAICS 6-digit -- by ownership sector","All establishment sizes",1,0,0,0,0,0,0,0
"06071",5,"336213",78,0,2013,3,"N","San Bernardino County, California","Private","Motor home manufacturing","County, NAICS 6-digit -- by ownership sector","All establishment sizes",1,0,0,0,0,0,0,0
"06071",5,"336214",78,0,2013,1,"","San Bernardino County, California","Private","Travel trailer and camper manufacturing","County, NAICS 6-digit -- by ownership sector","All establishment sizes",7,265,263,270,2236048,1699829,73399,647
"06071",5,"336214",78,0,2013,2,"","San Bernardino County, California","Private","Travel trailer and camper manufacturing","County, NAICS 6-digit -- by ownership sector","All establishment sizes",7,284,289,300,3079564,533093,31084,814
"06071",5,"336214",78,0,2013,3,"","San Bernardino County, California","Private","Travel trailer and camper manufacturing","County, NAICS 6-digit -- by ownership sector","All establishment sizes",7,267,277,275,2809111,145948,8732,792
"06071",5,"3363",76,0,2013,1,"","San Bernardino County, California","Private","Motor vehicle parts manufacturing","County, NAICS 4-digit -- by ownership sector","All establishment sizes",30,864,873,867,9128245,5615053,272855,809
"06071",5,"3363",76,0,2013,2,"","San Bernardino County, California","Private","Motor vehicle parts manufacturing","County, NAICS 4-digit -- by ownership sector","All establishment sizes",30,863,863,873,9957978,707362,38826,884
"06071",5,"3363",76,0,2013,3,"","San Bernardino County, California","Private","Motor vehicle parts manufacturing","County, NAICS 4-digit -- by ownership sector","All establishment sizes",30,855,856,859,9165690,338487,17442,823
"06071",5,"33631",77,0,2013,1,"","San Bernardino County, California","Private","Motor vehicle gasoline engine and parts mfg.","County, NAICS 5-digit -- by ownership sector","All establishment sizes",5,32,32,32,298151,202059,10738,717
"06071",5,"33631",77,0,2013,2,"","San Bernardino County, California","Private","Motor vehicle gasoline engine and parts mfg.","County, NAICS 5-digit -- by ownership sector","All establishment sizes",5,32,31,30,263175,26212,1373,653
"06071",5,"33631",77,0,2013,3,"","San Bernardino County, California","Private","Motor vehicle gasoline engine and parts mfg.","County, NAICS 5-digit -- by ownership sector","All establishment sizes",5,29,30,30,275457,15068,829,714
"06071",5,"336310",78,0,2013,1,"","San Bernardino County, California","Private","Motor vehicle gasoline engine and parts mfg.","County, NAICS 6-digit -- by ownership sector","All establishment sizes",5,32,32,32,298151,202059,10738,717
"06071",5,"336310",78,0,2013,2,"","San Bernardino County, California","Private","Motor vehicle gasoline engine and parts mfg.","County, NAICS 6-digit -- by ownership sector","All establishment sizes",5,32,31,30,263175,26212,1373,653
"06071",5,"336310",78,0,2013,3,"","San Bernardino County, California","Private","Motor vehicle gasoline engine and parts mfg.","County, NAICS 6-digit -- by ownership sector","All establishment sizes",5,29,30,30,275457,15068,829,714
"06071",5,"33632",77,0,2013,1,"","San Bernardino County, California","Private","Motor vehicle electric equipment","County, NAICS 5-digit -- by ownership sector","All establishment sizes",3,14,16,15,117518,86460,3626,603
"06071",5,"33632",77,0,2013,2,"","San Bernardino County, California","Private","Motor vehicle electric equipment","County, NAICS 5-digit -- by ownership sector","All establishment sizes",3,16,14,14,142048,24847,1210,745
"06071",5,"33632",77,0,2013,3,"","San Bernardino County, California","Private","Motor vehicle electric equipment","County, NAICS 5-digit -- by ownership sector","All establishment sizes",3,13,14,14,175154,12919,682,986
"06071",5,"336320",78,0,2013,1,"","San Bernardino County, California","Private","Motor vehicle electrical and equipment mfg.","County, NAICS 6-digit -- by ownership sector","All establishment sizes",3,14,16,15,117518,86460,3626,603
"06071",5,"336320",78,0,2013,2,"","San Bernardino County, California","Private","Motor vehicle electrical and equipment mfg.","County, NAICS 6-digit -- by ownership sector","All establishment sizes",3,16,14,14,142048,24847,1210,745
"06071",5,"336320",78,0,2013,3,"","San Bernardino County, California","Private","Motor vehicle electrical and equipment mfg.","County, NAICS 6-digit -- by ownership sector","All establishment sizes",3,13,14,14,175154,12919,682,986
"06071",5,"33633",77,0,2013,1,"N","San Bernardino County, California","Private","Motor vehicle steering and suspension parts","County, NAICS 5-digit -- by ownership sector","All establishment sizes",2,0,0,0,0,0,0,0
"06071",5,"33633",77,0,2013,2,"N","San Bernardino County, California","Private","Motor vehicle steering and suspension parts","County, NAICS 5-digit -- by ownership sector","All establishment sizes",2,0,0,0,0,0,0,0
"06071",5,"33633",77,0,2013,3,"N","San Bernardino County, California","Private","Motor vehicle steering and suspension parts","County, NAICS 5-digit -- by ownership sector","All establishment sizes",2,0,0,0,0,0,0,0
"06071",5,"336330",78,0,2013,1,"N","San Bernardino County, California","Private","Motor vehicle steering and suspension parts","County, NAICS 6-digit -- by ownership sector","All establishment sizes",2,0,0,0,0,0,0,0
"06071",5,"336330",78,0,2013,2,"N","San Bernardino County, California","Private","Motor vehicle steering and suspension parts","County, NAICS 6-digit -- by ownership sector","All establishment sizes",2,0,0,0,0,0,0,0
"06071",5,"336330",78,0,2013,3,"N","San Bernardino County, California","Private","Motor vehicle steering and suspension parts","County, NAICS 6-digit -- by ownership sector","All establishment sizes",2,0,0,0,0,0,0,0
"06071",5,"33634",77,0,2013,1,"N","San Bernardino County, California","Private","Motor vehicle brake system manufacturing","County, NAICS 5-digit -- by ownership sector","All establishment sizes",1,0,0,0,0,0,0,0
"06071",5,"33634",77,0,2013,2,"N","San Bernardino County, California","Private","Motor vehicle brake system manufacturing","County, NAICS 5-digit -- by ownership sector","All establishment sizes",1,0,0,0,0,0,0,0
"06071",5,"33634",77,0,2013,3,"N","San Bernardino County, California","Private","Motor vehicle brake system manufacturing","County, NAICS 5-digit -- by ownership sector","All establishment sizes",1,0,0,0,0,0,0,0
"06071",5,"336340",78,0,2013,1,"N","San Bernardino County, California","Private","Motor vehicle brake system manufacturing","County, NAICS 6-digit -- by ownership sector","All establishment sizes",1,0,0,0,0,0,0,0
"06071",5,"336340",78,0,2013,2,"N","San Bernardino County, California","Private","Motor vehicle brake system manufacturing","County, NAICS 6-digit -- by ownership sector","All establishment sizes",1,0,0,0,0,0,0,0
"06071",5,"336340",78,0,2013,3,"N","San Bernardino County, California","Private","Motor vehicle brake system manufacturing","County, NAICS 6-digit -- by ownership sector","All establishment sizes",1,0,0,0,0,0,0,0
"06071",5,"33635",77,0,2013,1,"","San Bernardino County, California","Private","Motor vehicle power train components mfg.","County, NAICS 5-digit -- by ownership sector","All establishment sizes",6,169,172,170,1682408,1074392,63499,760
"06071",5,"33635",77,0,2013,2,"","San Bernardino County, California","Private","Motor vehicle power train components mfg.","County, NAICS 5-digit -- by ownership sector","All establishment sizes",6,160,159,160,1696934,131346,7343,818
"06071",5,"33635",77,0,2013,3,"","San Bernardino County, California","Private","Motor vehicle power train components mfg.","County, NAICS 5-digit -- by ownership sector","All establishment sizes",6,157,154,153,1601563,41607,2304,797
"06071",5,"336350",78,0,2013,1,"","San Bernardino County, California","Private","Motor vehicle power train components mfg.","County, NAICS 6-digit -- by ownership sector","All establishment sizes",6,169,172,170,1682408,1074392,63499,760
"06071",5,"336350",78,0,2013,2,"","San Bernardino County, California","Private","Motor vehicle power train components mfg.","County, NAICS 6-digit -- by ownership sector","All establishment sizes",6,160,159,160,1696934,131346,7343,818
"06071",5,"336350",78,0,2013,3,"","San Bernardino County, California","Private","Motor vehicle power train components mfg.","County, NAICS 6-digit -- by ownership sector","All establishment sizes",6,157,154,153,1601563,41607,2304,797
"06071",5,"33636",77,0,2013,1,"N","San Bernardino County, California","Private","Motor vehicle seating and interior trim mfg.","County, NAICS 5-digit -- by ownership sector","All establishment sizes",2,0,0,0,0,0,0,0
"06071",5,"33636",77,0,2013,2,"N","San Bernardino County, California","Private","Motor vehicle seating and interior trim mfg.","County, NAICS 5-digit -- by ownership sector","All establishment sizes",2,0,0,0,0,0,0,0
"06071",5,"33636",77,0,2013,3,"N","San Bernardino County, California","Private","Motor vehicle seating and interior trim mfg.","County, NAICS 5-digit -- by ownership sector","All establishment sizes",2,0,0,0,0,0,0,0
"06071",5,"336360",78,0,2013,1,"N","San Bernardino County, California","Private","Motor vehicle seating and interior trim mfg.","County, NAICS 6-digit -- by ownership sector","All establishment sizes",2,0,0,0,0,0,0,0
"06071",5,"336360",78,0,2013,2,"N","San Bernardino County, California","Private","Motor vehicle seating and interior trim mfg.","County, NAICS 6-digit -- by ownership sector","All establishment sizes",2,0,0,0,0,0,0,0
"06071",5,"336360",78,0,2013,3,"N","San Bernardino County, California","Private","Motor vehicle seating and interior trim mfg.","County, NAICS 6-digit -- by ownership sector","All establishment sizes",2,0,0,0,0,0,0,0
"06071",5,"33637",77,0,2013,1,"N","San Bernardino County, California","Private","Motor vehicle metal stamping","County, NAICS 5-digit -- by ownership sector","All establishment sizes",1,0,0,0,0,0,0,0
"06071",5,"33637",77,0,2013,2,"N","San Bernardino County, California","Private","Motor vehicle metal stamping","County, NAICS 5-digit -- by ownership sector","All establishment sizes",1,0,0,0,0,0,0,0
"06071",5,"33637",77,0,2013,3,"N","San Bernardino County, California","Private","Motor vehicle metal stamping","County, NAICS 5-digit -- by ownership sector","All establishment sizes",1,0,0,0,0,0,0,0
"06071",5,"336370",78,0,2013,1,"N","San Bernardino County, California","Private","Motor vehicle metal stamping","County, NAICS 6-digit -- by ownership sector","All establishment sizes",1,0,0,0,0,0,0,0
"06071",5,"336370",78,0,2013,2,"N","San Bernardino County, California","Private","Motor vehicle metal stamping","County, NAICS 6-digit -- by ownership sector","All establishment sizes",1,0,0,0,0,0,0,0
"06071",5,"336370",78,0,2013,3,"N","San Bernardino County, California","Private","Motor vehicle metal stamping","County, NAICS 6-digit -- by ownership sector","All establishment sizes",1,0,0,0,0,0,0,0
"06071",5,"33639",77,0,2013,1,"","San Bernardino County, California","Private","Other motor vehicle parts manufacturing","County, NAICS 5-digit -- by ownership sector","All establishment sizes",10,283,293,294,3477195,1890390,105215,922
"06071",5,"33639",77,0,2013,2,"","San Bernardino County, California","Private","Other motor vehicle parts manufacturing","County, NAICS 5-digit -- by ownership sector","All establishment sizes",10,296,300,298,3511532,255871,12705,906
"06071",5,"33639",77,0,2013,3,"","San Bernardino County, California","Private","Other motor vehicle parts manufacturing","County, NAICS 5-digit -- by ownership sector","All establishment sizes",10,289,300,301,3343637,157100,7413,867
"06071",5,"336390",78,0,2013,1,"","San Bernardino County, California","Private","Other motor vehicle parts manufacturing","County, NAICS 6-digit -- by ownership sector","All establishment sizes",10,283,293,294,3477195,1890390,105215,922
"06071",5,"336390",78,0,2013,2,"","San Bernardino County, California","Private","Other motor vehicle parts manufacturing","County, NAICS 6-digit -- by ownership sector","All establishment sizes",10,296,300,298,3511532,255871,12705,906
"06071",5,"336390",78,0,2013,3,"","San Bernardino County, California","Private","Other motor vehicle parts manufacturing","County, NAICS 6-digit -- by ownership sector","All establishment sizes",10,289,300,301,3343637,157100,7413,867
"06071",5,"3364",76,0,2013,1,"","San Bernardino County, California","Private","Aerospace product and parts manufacturing","County, NAICS 4-digit -- by ownership sector","All establishment sizes",29,904,917,918,10992542,5496634,316199,926
"06071",5,"3364",76,0,2013,2,"","San Bernardino County, California","Private","Aerospace product and parts manufacturing","County, NAICS 4-digit -- by ownership sector","All establishment sizes",29,894,884,889,11937235,454575,25560,1033
"06071",5,"3364",76,0,2013,3,"","San Bernardino County, California","Private","Aerospace product and parts manufacturing","County, NAICS 4-digit -- by ownership sector","All establishment sizes",26,901,888,893,12608484,266559,14654,1085
"06071",5,"33641",77,0,2013,1,"","San Bernardino County, California","Private","Aerospace product and parts manufacturing","County, NAICS 5-digit -- by ownership sector","All establishment sizes",29,904,917,918,10992542,5496634,316199,926
"06071",5,"33641",77,0,2013,2,"","San Bernardino County, California","Private","Aerospace product and parts manufacturing","County, NAICS 5-digit -- by ownership sector","All establishment sizes",29,894,884,889,11937235,454575,25560,1033
"06071",5,"33641",77,0,2013,3,"","San Bernardino County, California","Private","Aerospace product and parts manufacturing","County, NAICS 5-digit -- by ownership sector","All establishment sizes",26,901,888,893,12608484,266559,14654,1085
"06071",5,"336411",78,0,2013,1,"","San Bernardino County, California","Private","Aircraft manufacturing","County, NAICS 6-digit -- by ownership sector","All establishment sizes",8,25,38,28,511452,185681,7507,1297
"06071",5,"336411",78,0,2013,2,"","San Bernardino County, California","Private","Aircraft manufacturing","County, NAICS 6-digit -- by ownership sector","All establishment sizes",8,28,27,25,348479,30388,1275,1005
"06071",5,"336411",78,0,2013,3,"","San Bernardino County, California","Private","Aircraft manufacturing","County, NAICS 6-digit -- by ownership sector","All establishment sizes",5,33,32,30,551993,21941,687,1341
"06071",5,"336412",78,0,2013,1,"N","San Bernardino County, California","Private","Aircraft engine and engine parts mfg.","County, NAICS 6-digit -- by ownership sector","All establishment sizes",2,0,0,0,0,0,0,0
"06071",5,"336412",78,0,2013,2,"N","San Bernardino County, California","Private","Aircraft engine and engine parts mfg.","County, NAICS 6-digit -- by ownership sector","All establishment sizes",2,0,0,0,0,0,0,0
"06071",5,"336412",78,0,2013,3,"N","San Bernardino County, California","Private","Aircraft engine and engine parts mfg.","County, NAICS 6-digit -- by ownership sector","All establishment sizes",2,0,0,0,0,0,0,0
"06071",5,"336413",78,0,2013,1,"","San Bernardino County, California","Private","Other aircraft parts and equipment","County, NAICS 6-digit -- by ownership sector","All establishment sizes",14,597,594,611,6214785,3412319,191566,796
"06071",5,"336413",78,0,2013,2,"","San Bernardino County, California","Private","Other aircraft parts and equipment","County, NAICS 6-digit -- by ownership sector","All establishment sizes",14,582,577,579,6484331,251375,13579,861
"06071",5,"336413",78,0,2013,3,"","San Bernardino County, California","Private","Other aircraft parts and equipment","County, NAICS 6-digit -- by ownership sector","All establishment sizes",14,583,587,589,6787415,175503,9695,890
"06071",5,"336414",78,0,2013,1,"N","San Bernardino County, California","Private","Guided missile and space vehicle mfg.","County, NAICS 6-digit -- by ownership sector","All establishment sizes",3,0,0,0,0,0,0,0
"06071",5,"336414",78,0,2013,2,"N","San Bernardino County, California","Private","Guided missile and space vehicle mfg.","County, NAICS 6-digit -- by ownership sector","All establishment sizes",3,0,0,0,0,0,0,0
"06071",5,"336414",78,0,2013,3,"N","San Bernardino County, California","Private","Guided missile and space vehicle mfg.","County, NAICS 6-digit -- by ownership sector","All establishment sizes",3,0,0,0,0,0,0,0
"06071",5,"336419",78,0,2013,1,"N","San Bernardino County, California","Private","Other guided missile and space vehicle parts","County, NAICS 6-digit -- by ownership sector","All establishment sizes",2,0,0,0,0,0,0,0
"06071",5,"336419",78,0,2013,2,"N","San Bernardino County, California","Private","Other guided missile and space vehicle parts","County, NAICS 6-digit -- by ownership sector","All establishment sizes",2,0,0,0,0,0,0,0
"06071",5,"336419",78,0,2013,3,"N","San Bernardino County, California","Private","Other guided missile and space vehicle parts","County, NAICS 6-digit -- by ownership sector","All establishment sizes",2,0,0,0,0,0,0,0
"06071",5,"3365",76,0,2013,1,"N","San Bernardino County, California","Private","Railroad rolling stock manufacturing","County, NAICS 4-digit -- by ownership sector","All establishment sizes",2,0,0,0,0,0,0,0
"06071",5,"3365",76,0,2013,2,"N","San Bernardino County, California","Private","Railroad rolling stock manufacturing","County, NAICS 4-digit -- by ownership sector","All establishment sizes",2,0,0,0,0,0,0,0
"06071",5,"3365",76,0,2013,3,"N","San Bernardino County, California","Private","Railroad rolling stock manufacturing","County, NAICS 4-digit -- by ownership sector","All establishment sizes",2,0,0,0,0,0,0,0
"06071",5,"33651",77,0,2013,1,"N","San Bernardino County, California","Private","Railroad rolling stock manufacturing","County, NAICS 5-digit -- by ownership sector","All establishment sizes",2,0,0,0,0,0,0,0
"06071",5,"33651",77,0,2013,2,"N","San Bernardino County, California","Private","Railroad rolling stock manufacturing","County, NAICS 5-digit -- by ownership sector","All establishment sizes",2,0,0,0,0,0,0,0
"06071",5,"33651",77,0,2013,3,"N","San Bernardino County, California","Private","Railroad rolling stock manufacturing","County, NAICS 5-digit -- by ownership sector","All establishment sizes",2,0,0,0,0,0,0,0
"06071",5,"336510",78,0,2013,1,"N","San Bernardino County, California","Private","Railroad rolling stock manufacturing","County, NAICS 6-digit -- by ownership sector","All establishment sizes",2,0,0,0,0,0,0,0
"06071",5,"336510",78,0,2013,2,"N","San Bernardino County, California","Private","Railroad rolling stock manufacturing","County, NAICS 6-digit -- by ownership sector","All establishment sizes",2,0,0,0,0,0,0,0
"06071",5,"336510",78,0,2013,3,"N","San Bernardino County, California","Private","Railroad rolling stock manufacturing","County, NAICS 6-digit -- by ownership sector","All establishment sizes",2,0,0,0,0,0,0,0
"06071",5,"3366",76,0,2013,1,"","San Bernardino County, California","Private","Ship and boat building","County, NAICS 4-digit -- by ownership sector","All establishment sizes",4,88,85,88,1358023,557595,33913,1201
"06071",5,"3366",76,0,2013,2,"","San Bernardino County, California","Private","Ship and boat building","County, NAICS 4-digit -- by ownership sector","All establishment sizes",4,87,89,91,1139159,70825,4391,985
"06071",5,"3366",76,0,2013,3,"","San Bernardino County, California","Private","Ship and boat building","County, NAICS 4-digit -- by ownership sector","All establishment sizes",4,91,91,93,1268222,36969,2292,1064
"06071",5,"33661",77,0,2013,1,"","San Bernardino County, California","Private","Ship and boat building","County, NAICS 5-digit -- by ownership sector","All establishment sizes",4,88,85,88,1358023,557595,33913,1201
"06071",5,"33661",77,0,2013,2,"","San Bernardino County, California","Private","Ship and boat building","County, NAICS 5-digit -- by ownership sector","All establishment sizes",4,87,89,91,1139159,70825,4391,985
"06071",5,"33661",77,0,2013,3,"","San Bernardino County, California","Private","Ship and boat building","County, NAICS 5-digit -- by ownership sector","All establishment sizes",4,91,91,93,1268222,36969,2292,1064
"06071",5,"336612",78,0,2013,1,"","San Bernardino County, California","Private","Boat building","County, NAICS 6-digit -- by ownership sector","All establishment sizes",4,88,85,88,1358023,557595,33913,1201
"06071",5,"336612",78,0,2013,2,"","San Bernardino County, California","Private","Boat building","County, NAICS 6-digit -- by ownership sector","All establishment sizes",4,87,89,91,1139159,70825,4391,985
"06071",5,"336612",78,0,2013,3,"","San Bernardino County, California","Private","Boat building","County, NAICS 6-digit -- by ownership sector","All establishment sizes",4,91,91,93,1268222,36969,2292,1064
"06071",5,"3369",76,0,2013,1,"","San Bernardino County, California","Private","Other transportation equipment manufacturing","County, NAICS 4-digit -- by ownership sector","All establishment sizes",13,103,102,97,865773,599039,31293,662
"06071",5,"3369",76,0,2013,2,"","San Bernardino County, California","Private","Other transportation equipment manufacturing","County, NAICS 4-digit -- by ownership sector","All establishment sizes",13,101,104,105,894778,134890,6440,666
"06071",5,"3369",76,0,2013,3,"","San Bernardino County, California","Private","Other transportation equipment manufacturing","County, NAICS 4-digit -- by ownership sector","All establishment sizes",13,99,108,90,870545,77632,3509,676
"06071",5,"33699",77,0,2013,1,"","San Bernardino County, California","Private","Other transportation equipment manufacturing","County, NAICS 5-digit -- by ownership sector","All establishment sizes",13,103,102,97,865773,599039,31293,662
"06071",5,"33699",77,0,2013,2,"","San Bernardino County, California","Private","Other transportation equipment manufacturing","County, NAICS 5-digit -- by ownership sector","All establishment sizes",13,101,104,105,894778,134890,6440,666
"06071",5,"33699",77,0,2013,3,"","San Bernardino County, California","Private","Other transportation equipment manufacturing","County, NAICS 5-digit -- by ownership sector","All establishment sizes",13,99,108,90,870545,77632,3509,676
"06071",5,"336991",78,0,2013,1,"","San Bernardino County, California","Private","Motorcycle, bicycle, and parts manufacturing","County, NAICS 6-digit -- by ownership sector","All establishment sizes",10,93,91,87,785449,537281,28948,669
"06071",5,"336991",78,0,2013,2,"","San Bernardino County, California","Private","Motorcycle, bicycle, and parts manufacturing","County, NAICS 6-digit -- by ownership sector","All establishment sizes",10,89,92,93,808679,122037,5921,681
"06071",5,"336991",78,0,2013,3,"","San Bernardino County, California","Private","Motorcycle, bicycle, and parts manufacturing","County, NAICS 6-digit -- by ownership sector","All establishment sizes",10,86,95,78,779774,63321,2874,695
"06071",5,"336999",78,0,2013,1,"","San Bernardino County, California","Private","All other transportation equipment mfg.","County, NAICS 6-digit -- by ownership sector","All establishment sizes",3,10,11,10,80324,61758,2345,598
"06071",5,"336999",78,0,2013,2,"","San Bernardino County, California","Private","All other transportation equipment mfg.","County, NAICS 6-digit -- by ownership sector","All establishment sizes",3,12,12,12,86099,12853,519,552
"06071",5,"336999",78,0,2013,3,"","San Bernardino County, California","Private","All other transportation equipment mfg.","County, NAICS 6-digit -- by ownership sector","All establishment sizes",3,13,13,12,90771,14311,635,551
"06071",5,"337",75,0,2013,1,"","San Bernardino County, California","Private","Furniture and related product manufacturing","County, NAICS 3-digit -- by ownership sector","All establishment sizes",106,3251,3227,3267,31264988,19931645,1073780,740
"06071",5,"337",75,0,2013,2,"","San Bernardino County, California","Private","Furniture and related product manufacturing","County, NAICS 3-digit -- by ownership sector","All establishment sizes",107,3247,3258,3292,29653613,3844051,188519,698
"06071",5,"337",75,0,2013,3,"","San Bernardino County, California","Private","Furniture and related product manufacturing","County, NAICS 3-digit -- by ownership sector","All establishment sizes",108,3268,3276,3358,30435241,1873028,101470,709
"06071",5,"3371",76,0,2013,1,"","San Bernardino County, California","Private","Household and institutional furniture mfg.","County, NAICS 4-digit -- by ownership sector","All establishment sizes",64,2280,2257,2283,19232907,13645917,718662,651
"06071",5,"3371",76,0,2013,2,"","San Bernardino County, California","Private","Household and institutional furniture mfg.","County, NAICS 4-digit -- by ownership sector","All establishment sizes",65,2275,2300,2344,18759594,2866180,136495,626
"06071",5,"3371",76,0,2013,3,"","San Bernardino County, California","Private","Household and institutional furniture mfg.","County, NAICS 4-digit -- by ownership sector","All establishment sizes",65,2325,2327,2380,19304283,1424696,76284,634
"06071",5,"33711",77,0,2013,1,"","San Bernardino County, California","Private","Wood kitchen cabinet and countertop mfg.","County, NAICS 5-digit -- by ownership sector","All establishment sizes",26,338,325,321,3225043,2115903,127663,756
"06071",5,"33711",77,0,2013,2,"","San Bernardino County, California","Private","Wood kitchen cabinet and countertop mfg.","County, NAICS 5-digit -- by ownership sector","All establishment sizes",26,305,335,344,2984282,340248,20461,700
"06071",5,"33711",77,0,2013,3,"","San Bernardino County, California","Private","Wood kitchen cabinet and countertop mfg.","County, NAICS 5-digit -- by ownership sector","All establishment sizes",26,356,378,417,3272558,388804,23506,656
"06071",5,"337110",78,0,2013,1,"","San Bernardino County, California","Private","Wood kitchen cabinet and countertop mfg.","County, NAICS 6-digit -- by ownership sector","All establishment sizes",26,338,325,321,3225043,2115903,127663,756
"06071",5,"337110",78,0,2013,2,"","San Bernardino County, California","Private","Wood kitchen cabinet and countertop mfg.","County, NAICS 6-digit -- by ownership sector","All establishment sizes",26,305,335,344,2984282,340248,20461,700
"06071",5,"337110",78,0,2013,3,"","San Bernardino County, California","Private","Wood kitchen cabinet and countertop mfg.","County, NAICS 6-digit -- by ownership sector","All establishment sizes",26,356,378,417,3272558,388804,23506,656
"06071",5,"33712",77,0,2013,1,"","San Bernardino County, California","Private","Other household and institutional furniture","County, NAICS 5-digit -- by ownership sector","All establishment sizes",38,1942,1932,1962,16007864,11530014,590999,633
"06071",5,"33712",77,0,2013,2,"","San Bernardino County, California","Private","Other household and institutional furniture","County, NAICS 5-digit -- by ownership sector","All establishment sizes",39,1970,1965,2000,15775312,2525932,116034,613
"06071",5,"33712",77,0,2013,3,"","San Bernardino County, California","Private","Other household and institutional furniture","County, NAICS 5-digit -- by ownership sector","All establishment sizes",39,1969,1949,1963,16031725,1035892,52778,629
"06071",5,"337121",78,0,2013,1,"","San Bernardino County, California","Private","Upholstered household furniture manufacturing","County, NAICS 6-digit -- by ownership sector","All establishment sizes",8,921,911,921,7270064,5497212,266635,609
"06071",5,"337121",78,0,2013,2,"","San Bernardino County, California","Private","Upholstered household furniture manufacturing","County, NAICS 6-digit -- by ownership sector","All establishment sizes",8,908,907,915,7307730,1105660,42554,618
"06071",5,"337121",78,0,2013,3,"","San Bernardino County, California","Private","Upholstered household furniture manufacturing","County, NAICS 6-digit -- by ownership sector","All establishment sizes",8,914,896,911,6826307,460490,20727,579
"06071",5,"337122",78,0,2013,1,"","San Bernardino County, California","Private","Nonupholstered wood household furniture mfg.","County, NAICS 6-digit -- by ownership sector","All establishment sizes",17,590,596,600,4599997,3308353,166153,594
"06071",5,"337122",78,0,2013,2,"","San Bernardino County, California","Private","Nonupholstered wood household furniture mfg.","County, NAICS 6-digit -- by ownership sector","All establishment sizes",17,604,600,602,4587239,942381,46906,586
"06071",5,"337122",78,0,2013,3,"","San Bernardino County, California","Private","Nonupholstered wood household furniture mfg.","County, NAICS 6-digit -- by ownership sector","All establishment sizes",17,590,582,596,4876679,229339,12825,637
"06071",5,"337124",78,0,2013,1,"N","San Bernardino County, California","Private","Metal household furniture manufacturing","County, NAICS 6-digit -- by ownership sector","All establishment sizes",3,0,0,0,0,0,0,0
"06071",5,"337124",78,0,2013,2,"N","San Bernardino County, California","Private","Metal household furniture manufacturing","County, NAICS 6-digit -- by ownership sector","All establishment sizes",4,0,0,0,0,0,0,0
"06071",5,"337124",78,0,2013,3,"N","San Bernardino County, California","Private","Metal household furniture manufacturing","County, NAICS 6-digit -- by ownership sector","All establishment sizes",4,0,0,0,0,0,0,0
"06071",5,"337125",78,0,2013,1,"N","San Bernardino County, California","Private","Household furniture, exc. wood or metal, mfg.","County, NAICS 6-digit -- by ownership sector","All establishment sizes",3,0,0,0,0,0,0,0
"06071",5,"337125",78,0,2013,2,"N","San Bernardino County, California","Private","Household furniture, exc. wood or metal, mfg.","County, NAICS 6-digit -- by ownership sector","All establishment sizes",3,0,0,0,0,0,0,0
"06071",5,"337125",78,0,2013,3,"N","San Bernardino County, California","Private","Household furniture, exc. wood or metal, mfg.","County, NAICS 6-digit -- by ownership sector","All establishment sizes",3,0,0,0,0,0,0,0
"06071",5,"337127",78,0,2013,1,"","San Bernardino County, California","Private","Institutional furniture manufacturing","County, NAICS 6-digit -- by ownership sector","All establishment sizes",7,247,245,244,2493939,1587711,94155,782
"06071",5,"337127",78,0,2013,2,"","San Bernardino County, California","Private","Institutional furniture manufacturing","County, NAICS 6-digit -- by ownership sector","All establishment sizes",7,241,242,246,2161777,146653,7692,684
"06071",5,"337127",78,0,2013,3,"","San Bernardino County, California","Private","Institutional furniture manufacturing","County, NAICS 6-digit -- by ownership sector","All establishment sizes",7,239,242,239,2500226,118715,6198,801
"06071",5,"3372",76,0,2013,1,"","San Bernardino County, California","Private","Office furniture and fixtures manufacturing","County, NAICS 4-digit -- by ownership sector","All establishment sizes",27,510,506,508,5160034,3095102,173483,781
"06071",5,"3372",76,0,2013,2,"","San Bernardino County, California","Private","Office furniture and fixtures manufacturing","County, NAICS 4-digit -- by ownership sector","All establishment sizes",27,499,492,475,5263292,673538,36364,829
"06071",5,"3372",76,0,2013,3,"","San Bernardino County, California","Private","Office furniture and fixtures manufacturing","County, NAICS 4-digit -- by ownership sector","All establishment sizes",28,478,482,509,5031294,366522,20801,790
"06071",5,"33721",77,0,2013,1,"","San Bernardino County, California","Private","Office furniture and fixtures manufacturing","County, NAICS 5-digit -- by ownership sector","All establishment sizes",27,510,506,508,5160034,3095102,173483,781
"06071",5,"33721",77,0,2013,2,"","San Bernardino County, California","Private","Office furniture and fixtures manufacturing","County, NAICS 5-digit -- by ownership sector","All establishment sizes",27,499,492,475,5263292,673538,36364,829
"06071",5,"33721",77,0,2013,3,"","San Bernardino County, California","Private","Office furniture and fixtures manufacturing","County, NAICS 5-digit -- by ownership sector","All establishment sizes",28,478,482,509,5031294,366522,20801,790
"06071",5,"337211",78,0,2013,1,"N","San Bernardino County, California","Private","Wood office furniture manufacturing","County, NAICS 6-digit -- by ownership sector","All establishment sizes",4,0,0,0,0,0,0,0
"06071",5,"337211",78,0,2013,2,"N","San Bernardino County, California","Private","Wood office furniture manufacturing","County, NAICS 6-digit -- by ownership sector","All establishment sizes",4,0,0,0,0,0,0,0
"06071",5,"337211",78,0,2013,3,"N","San Bernardino County, California","Private","Wood office furniture manufacturing","County, NAICS 6-digit -- by ownership sector","All establishment sizes",4,0,0,0,0,0,0,0
"06071",5,"337212",78,0,2013,1,"","San Bernardino County, California","Private","Custom architectural woodwork and millwork","County, NAICS 6-digit -- by ownership sector","All establishment sizes",8,180,179,192,2407129,1183174,66521,1008
"06071",5,"337212",78,0,2013,2,"","San Bernardino County, California","Private","Custom architectural woodwork and millwork","County, NAICS 6-digit -- by ownership sector","All establishment sizes",8,190,184,167,2363976,260763,14487,1008
"06071",5,"337212",78,0,2013,3,"","San Bernardino County, California","Private","Custom architectural woodwork and millwork","County, NAICS 6-digit -- by ownership sector","All establishment sizes",8,167,175,197,2205138,207132,12433,944
"06071",5,"337214",78,0,2013,1,"N","San Bernardino County, California","Private","Office furniture, except wood, manufacturing","County, NAICS 6-digit -- by ownership sector","All establishment sizes",1,0,0,0,0,0,0,0
"06071",5,"337214",78,0,2013,2,"N","San Bernardino County, California","Private","Office furniture, except wood, manufacturing","County, NAICS 6-digit -- by ownership sector","All establishment sizes",1,0,0,0,0,0,0,0
"06071",5,"337214",78,0,2013,3,"N","San Bernardino County, California","Private","Office furniture, except wood, manufacturing","County, NAICS 6-digit -- by ownership sector","All establishment sizes",1,0,0,0,0,0,0,0
"06071",5,"337215",78,0,2013,1,"","San Bernardino County, California","Private","Showcases, partitions, shelving, and lockers","County, NAICS 6-digit -- by ownership sector","All establishment sizes",14,290,281,273,2368183,1670833,97052,648
"06071",5,"337215",78,0,2013,2,"","San Bernardino County, California","Private","Showcases, partitions, shelving, and lockers","County, NAICS 6-digit -- by ownership sector","All establishment sizes",14,267,267,267,2519788,356938,19820,726
"06071",5,"337215",78,0,2013,3,"","San Bernardino County, California","Private","Showcases, partitions, shelving, and lockers","County, NAICS 6-digit -- by ownership sector","All establishment sizes",15,269,267,270,2450028,139289,7553,701
"06071",5,"3379",76,0,2013,1,"","San Bernardino County, California","Private","Other furniture related product manufacturing","County, NAICS 4-digit -- by ownership sector","All establishment sizes",15,461,464,476,6872047,3190626,181635,1132
"06071",5,"3379",76,0,2013,2,"","San Bernardino County, California","Private","Other furniture related product manufacturing","County, NAICS 4-digit -- by ownership sector","All establishment sizes",15,473,466,473,5630727,304333,15660,920
"06071",5,"3379",76,0,2013,3,"","San Bernardino County, California","Private","Other furniture related product manufacturing","County, NAICS 4-digit -- by ownership sector","All establishment sizes",15,465,467,469,6099664,81810,4385,1005
"06071",5,"33791",77,0,2013,1,"","San Bernardino County, California","Private","Mattress manufacturing","County, NAICS 5-digit -- by ownership sector","All establishment sizes",8,429,431,440,6608969,3008720,173916,1173
"06071",5,"33791",77,0,2013,2,"","San Bernardino County, California","Private","Mattress manufacturing","County, NAICS 5-digit -- by ownership sector","All establishment sizes",8,438,432,442,5345234,235216,13093,940
"06071",5,"33791",77,0,2013,3,"","San Bernardino County, California","Private","Mattress manufacturing","County, NAICS 5-digit -- by ownership sector","All establishment sizes",8,436,437,438,5885821,73772,4037,1036
"06071",5,"337910",78,0,2013,1,"","San Bernardino County, California","Private","Mattress manufacturing","County, NAICS 6-digit -- by ownership sector","All establishment sizes",8,429,431,440,6608969,3008720,173916,1173
"06071",5,"337910",78,0,2013,2,"","San Bernardino County, California","Private","Mattress manufacturing","County, NAICS 6-digit -- by ownership sector","All establishment sizes",8,438,432,442,5345234,235216,13093,940
"06071",5,"337910",78,0,2013,3,"","San Bernardino County, California","Private","Mattress manufacturing","County, NAICS 6-digit -- by ownership sector","All establishment sizes",8,436,437,438,5885821,73772,4037,1036
"06071",5,"33792",77,0,2013,1,"","San Bernardino County, California","Private","Blind and shade manufacturing","County, NAICS 5-digit -- by ownership sector","All establishment sizes",7,32,33,36,263078,181906,7719,601
"06071",5,"33792",77,0,2013,2,"","San Bernardino County, California","Private","Blind and shade manufacturing","County, NAICS 5-digit -- by ownership sector","All establishment sizes",7,35,34,31,285493,69117,2567,659
"06071",5,"33792",77,0,2013,3,"","San Bernardino County, California","Private","Blind and shade manufacturing","County, NAICS 5-digit -- by ownership sector","All establishment sizes",7,29,30,31,213843,8038,348,548
"06071",5,"337920",78,0,2013,1,"","San Bernardino County, California","Private","Blind and shade manufacturing","County, NAICS 6-digit -- by ownership sector","All establishment sizes",7,32,33,36,263078,181906,7719,601
"06071",5,"337920",78,0,2013,2,"","San Bernardino County, California","Private","Blind and shade manufacturing","County, NAICS 6-digit -- by ownership sector","All establishment sizes",7,35,34,31,285493,69117,2567,659
"06071",5,"337920",78,0,2013,3,"","San Bernardino County, California","Private","Blind and shade manufacturing","County, NAICS 6-digit -- by ownership sector","All establishment sizes",7,29,30,31,213843,8038,348,548
"06071",5,"339",75,0,2013,1,"","San Bernardino County, California","Private","Miscellaneous manufacturing","County, NAICS 3-digit -- by ownership sector","All establishment sizes",135,2215,2204,2184,26354480,12867411,726943,921
"06071",5,"339",75,0,2013,2,"","San Bernardino County, California","Private","Miscellaneous manufacturing","County, NAICS 3-digit -- by ownership sector","All establishment sizes",133,2173,2176,2196,27238913,1899701,99303,960
"06071",5,"339",75,0,2013,3,"","San Bernardino County, California","Private","Miscellaneous manufacturing","County, NAICS 3-digit -- by ownership sector","All establishment sizes",134,2178,2175,2169,26756841,958174,52939,947
"06071",5,"3391",76,0,2013,1,"","San Bernardino County, California","Private","Medical equipment and supplies manufacturing","County, NAICS 4-digit -- by ownership sector","All establishment sizes",52,654,651,652,8070601,3444591,194405,952
"06071",5,"3391",76,0,2013,2,"","San Bernardino County, California","Private","Medical equipment and supplies manufacturing","County, NAICS 4-digit -- by ownership sector","All establishment sizes",51,633,636,638,6917377,509001,26348,837
"06071",5,"3391",76,0,2013,3,"","San Bernardino County, California","Private","Medical equipment and supplies manufacturing","County, NAICS 4-digit -- by ownership sector","All establishment sizes",52,634,644,634,8187332,221239,12026,988
"06071",5,"33911",77,0,2013,1,"","San Bernardino County, California","Private","Medical equipment and supplies manufacturing","County, NAICS 5-digit -- by ownership sector","All establishment sizes",52,654,651,652,8070601,3444591,194405,952
"06071",5,"33911",77,0,2013,2,"","San Bernardino County, California","Private","Medical equipment and supplies manufacturing","County, NAICS 5-digit -- by ownership sector","All establishment sizes",51,633,636,638,6917377,509001,26348,837
"06071",5,"33911",77,0,2013,3,"","San Bernardino County, California","Private","Medical equipment and supplies manufacturing","County, NAICS 5-digit -- by ownership sector","All establishment sizes",52,634,644,634,8187332,221239,12026,988
"06071",5,"339112",78,0,2013,1,"","San Bernardino County, California","Private","Surgical and medical instrument manufacturing","County, NAICS 6-digit -- by ownership sector","All establishment sizes",4,210,206,208,3090556,873014,49259,1143
"06071",5,"339112",78,0,2013,2,"","San Bernardino County, California","Private","Surgical and medical instrument manufacturing","County, NAICS 6-digit -- by ownership sector","All establishment sizes",3,208,207,208,2537514,75610,4466,940
"06071",5,"339112",78,0,2013,3,"","San Bernardino County, California","Private","Surgical and medical instrument manufacturing","County, NAICS 6-digit -- by ownership sector","All establishment sizes",3,207,206,205,3993775,30349,1722,1491
"06071",5,"339113",78,0,2013,1,"","San Bernardino County, California","Private","Surgical appliance and supplies manufacturing","County, NAICS 6-digit -- by ownership sector","All establishment sizes",6,145,146,148,2131828,1008645,59474,1121
"06071",5,"339113",78,0,2013,2,"","San Bernardino County, California","Private","Surgical appliance and supplies manufacturing","County, NAICS 6-digit -- by ownership sector","All establishment sizes",6,146,148,146,1945715,56056,3246,1020
"06071",5,"339113",78,0,2013,3,"","San Bernardino County, California","Private","Surgical appliance and supplies manufacturing","County, NAICS 6-digit -- by ownership sector","All establishment sizes",7,152,154,151,2009980,51898,2807,1015
"06071",5,"339114",78,0,2013,1,"N","San Bernardino County, California","Private","Dental equipment and supplies manufacturing","County, NAICS 6-digit -- by ownership sector","All establishment sizes",7,0,0,0,0,0,0,0
"06071",5,"339114",78,0,2013,2,"N","San Bernardino County, California","Private","Dental equipment and supplies manufacturing","County, NAICS 6-digit -- by ownership sector","All establishment sizes",7,0,0,0,0,0,0,0
"06071",5,"339114",78,0,2013,3,"N","San Bernardino County, California","Private","Dental equipment and supplies manufacturing","County, NAICS 6-digit -- by ownership sector","All establishment sizes",7,0,0,0,0,0,0,0
"06071",5,"339115",78,0,2013,1,"N","San Bernardino County, California","Private","Ophthalmic goods manufacturing","County, NAICS 6-digit -- by ownership sector","All establishment sizes",1,0,0,0,0,0,0,0
"06071",5,"339115",78,0,2013,2,"N","San Bernardino County, California","Private","Ophthalmic goods manufacturing","County, NAICS 6-digit -- by ownership sector","All establishment sizes",1,0,0,0,0,0,0,0
"06071",5,"339115",78,0,2013,3,"N","San Bernardino County, California","Private","Ophthalmic goods manufacturing","County, NAICS 6-digit -- by ownership sector","All establishment sizes",1,0,0,0,0,0,0,0
"06071",5,"339116",78,0,2013,1,"","San Bernardino County, California","Private","Dental laboratories","County, NAICS 6-digit -- by ownership sector","All establishment sizes",34,174,177,174,1190100,917878,46812,523
"06071",5,"339116",78,0,2013,2,"","San Bernardino County, California","Private","Dental laboratories","County, NAICS 6-digit -- by ownership sector","All establishment sizes",34,183,182,187,1384606,312679,15019,579
"06071",5,"339116",78,0,2013,3,"","San Bernardino County, California","Private","Dental laboratories","County, NAICS 6-digit -- by ownership sector","All establishment sizes",34,179,186,184,1247212,105757,5501,524
"06071",5,"3399",76,0,2013,1,"","San Bernardino County, California","Private","Other miscellaneous manufacturing","County, NAICS 4-digit -- by ownership sector","All establishment sizes",83,1561,1553,1532,18283879,9422820,532538,908
"06071",5,"3399",76,0,2013,2,"","San Bernardino County, California","Private","Other miscellaneous manufacturing","County, NAICS 4-digit -- by ownership sector","All establishment sizes",82,1540,1540,1558,20321536,1390700,72955,1011
"06071",5,"3399",76,0,2013,3,"","San Bernardino County, California","Private","Other miscellaneous manufacturing","County, NAICS 4-digit -- by ownership sector","All establishment sizes",82,1544,1531,1535,18569509,736935,40913,930
"06071",5,"33991",77,0,2013,1,"","San Bernardino County, California","Private","Jewelry and silverware manufacturing","County, NAICS 5-digit -- by ownership sector","All establishment sizes",8,49,49,49,405011,273811,15972,636
"06071",5,"33991",77,0,2013,2,"","San Bernardino County, California","Private","Jewelry and silverware manufacturing","County, NAICS 5-digit -- by ownership sector","All establishment sizes",7,47,47,47,427492,31906,1578,700
"06071",5,"33991",77,0,2013,3,"","San Bernardino County, California","Private","Jewelry and silverware manufacturing","County, NAICS 5-digit -- by ownership sector","All establishment sizes",7,46,46,48,467397,9804,498,770
"06071",5,"339910",78,0,2013,1,"","San Bernardino County, California","Private","Jewelry and silverware manufacturing","County, NAICS 6-digit -- by ownership sector","All establishment sizes",8,49,49,49,405011,273811,15972,636
"06071",5,"339910",78,0,2013,2,"","San Bernardino County, California","Private","Jewelry and silverware manufacturing","County, NAICS 6-digit -- by ownership sector","All establishment sizes",7,47,47,47,427492,31906,1578,700
"06071",5,"339910",78,0,2013,3,"","San Bernardino County, California","Private","Jewelry and silverware manufacturing","County, NAICS 6-digit -- by ownership sector","All establishment sizes",7,46,46,48,467397,9804,498,770
"06071",5,"33992",77,0,2013,1,"","San Bernardino County, California","Private","Sporting and athletic goods manufacturing","County, NAICS 5-digit -- by ownership sector","All establishment sizes",6,174,168,164,2150099,617928,33855,981
"06071",5,"33992",77,0,2013,2,"","San Bernardino County, California","Private","Sporting and athletic goods manufacturing","County, NAICS 5-digit -- by ownership sector","All establishment sizes",6,167,164,171,2200024,86843,5182,1011
"06071",5,"33992",77,0,2013,3,"","San Bernardino County, California","Private","Sporting and athletic goods manufacturing","County, NAICS 5-digit -- by ownership sector","All establishment sizes",6,166,165,164,2293110,35216,2125,1069
"06071",5,"339920",78,0,2013,1,"","San Bernardino County, California","Private","Sporting and athletic goods manufacturing","County, NAICS 6-digit -- by ownership sector","All establishment sizes",6,174,168,164,2150099,617928,33855,981
"06071",5,"339920",78,0,2013,2,"","San Bernardino County, California","Private","Sporting and athletic goods manufacturing","County, NAICS 6-digit -- by ownership sector","All establishment sizes",6,167,164,171,2200024,86843,5182,1011
"06071",5,"339920",78,0,2013,3,"","San Bernardino County, California","Private","Sporting and athletic goods manufacturing","County, NAICS 6-digit -- by ownership sector","All establishment sizes",6,166,165,164,2293110,35216,2125,1069
"06071",5,"33994",77,0,2013,1,"","San Bernardino County, California","Private","Office supplies, except paper, manufacturing","County, NAICS 5-digit -- by ownership sector","All establishment sizes",4,69,70,68,936289,416189,24149,1044
"06071",5,"33994",77,0,2013,2,"","San Bernardino County, California","Private","Office supplies, except paper, manufacturing","County, NAICS 5-digit -- by ownership sector","All establishment sizes",4,71,75,73,1117446,64899,3809,1177
"06071",5,"33994",77,0,2013,3,"","San Bernardino County, California","Private","Office supplies, except paper, manufacturing","County, NAICS 5-digit -- by ownership sector","All establishment sizes",4,78,79,79,803478,18633,1077,786
"06071",5,"339940",78,0,2013,1,"","San Bernardino County, California","Private","Office supplies (except paper) manufacturing","County, NAICS 6-digit -- by ownership sector","All establishment sizes",4,69,70,68,936289,416189,24149,1044
"06071",5,"339940",78,0,2013,2,"","San Bernardino County, California","Private","Office supplies (except paper) manufacturing","County, NAICS 6-digit -- by ownership sector","All establishment sizes",4,71,75,73,1117446,64899,3809,1177
"06071",5,"339940",78,0,2013,3,"","San Bernardino County, California","Private","Office supplies (except paper) manufacturing","County, NAICS 6-digit -- by ownership sector","All establishment sizes",4,78,79,79,803478,18633,1077,786
"06071",5,"33995",77,0,2013,1,"","San Bernardino County, California","Private","Sign manufacturing","County, NAICS 5-digit -- by ownership sector","All establishment sizes",23,510,506,501,5777202,3270443,187581,879
"06071",5,"33995",77,0,2013,2,"","San Bernardino County, California","Private","Sign manufacturing","County, NAICS 5-digit -- by ownership sector","All establishment sizes",23,489,488,504,5909445,489921,25874,921
"06071",5,"33995",77,0,2013,3,"","San Bernardino County, California","Private","Sign manufacturing","County, NAICS 5-digit -- by ownership sector","All establishment sizes",23,496,491,490,5803415,289741,17206,907
"06071",5,"339950",78,0,2013,1,"","San Bernardino County, California","Private","Sign manufacturing","County, NAICS 6-digit -- by ownership sector","All establishment sizes",23,510,506,501,5777202,3270443,187581,879
"06071",5,"339950",78,0,2013,2,"","San Bernardino County, California","Private","Sign manufacturing","County, NAICS 6-digit -- by ownership sector","All establishment sizes",23,489,488,504,5909445,489921,25874,921
"06071",5,"339950",78,0,2013,3,"","San Bernardino County, California","Private","Sign manufacturing","County, NAICS 6-digit -- by ownership sector","All establishment sizes",23,496,491,490,5803415,289741,17206,907
"06071",5,"33999",77,0,2013,1,"","San Bernardino County, California","Private","All other miscellaneous manufacturing","County, NAICS 5-digit -- by ownership sector","All establishment sizes",42,759,760,750,9015278,4844449,270981,917
"06071",5,"33999",77,0,2013,2,"","San Bernardino County, California","Private","All other miscellaneous manufacturing","County, NAICS 5-digit -- by ownership sector","All establishment sizes",42,766,766,763,10667129,717131,36512,1073
"06071",5,"33999",77,0,2013,3,"","San Bernardino County, California","Private","All other miscellaneous manufacturing","County, NAICS 5-digit -- by ownership sector","All establishment sizes",42,758,750,754,9202109,383541,20007,939
"06071",5,"339991",78,0,2013,1,"","San Bernardino County, California","Private","Gasket, packing, and sealing device mfg.","County, NAICS 6-digit -- by ownership sector","All establishment sizes",5,312,318,315,3902483,2116438,121353,953
"06071",5,"339991",78,0,2013,2,"","San Bernardino County, California","Private","Gasket, packing, and sealing device mfg.","County, NAICS 6-digit -- by ownership sector","All establishment sizes",5,317,311,318,5363812,149417,6788,1308
"06071",5,"339991",78,0,2013,3,"","San Bernardino County, California","Private","Gasket, packing, and sealing device mfg.","County, NAICS 6-digit -- by ownership sector","All establishment sizes",5,323,320,311,3694606,140909,8208,894
"06071",5,"339992",78,0,2013,1,"N","San Bernardino County, California","Private","Musical instrument manufacturing","County, NAICS 6-digit -- by ownership sector","All establishment sizes",2,0,0,0,0,0,0,0
"06071",5,"339992",78,0,2013,2,"N","San Bernardino County, California","Private","Musical instrument manufacturing","County, NAICS 6-digit -- by ownership sector","All establishment sizes",2,0,0,0,0,0,0,0
"06071",5,"339992",78,0,2013,3,"N","San Bernardino County, California","Private","Musical instrument manufacturing","County, NAICS 6-digit -- by ownership sector","All establishment sizes",2,0,0,0,0,0,0,0
"06071",5,"339993",78,0,2013,1,"N","San Bernardino County, California","Private","Fastener, button, needle, and pin mfg.","County, NAICS 6-digit -- by ownership sector","All establishment sizes",2,0,0,0,0,0,0,0
"06071",5,"339993",78,0,2013,2,"N","San Bernardino County, California","Private","Fastener, button, needle, and pin mfg.","County, NAICS 6-digit -- by ownership sector","All establishment sizes",2,0,0,0,0,0,0,0
"06071",5,"339993",78,0,2013,3,"N","San Bernardino County, California","Private","Fastener, button, needle, and pin mfg.","County, NAICS 6-digit -- by ownership sector","All establishment sizes",2,0,0,0,0,0,0,0
"06071",5,"339994",78,0,2013,1,"N","San Bernardino County, California","Private","Broom, brush, and mop manufacturing","County, NAICS 6-digit -- by ownership sector","All establishment sizes",1,0,0,0,0,0,0,0
"06071",5,"339994",78,0,2013,2,"N","San Bernardino County, California","Private","Broom, brush, and mop manufacturing","County, NAICS 6-digit -- by ownership sector","All establishment sizes",1,0,0,0,0,0,0,0
"06071",5,"339994",78,0,2013,3,"N","San Bernardino County, California","Private","Broom, brush, and mop manufacturing","County, NAICS 6-digit -- by ownership sector","All establishment sizes",1,0,0,0,0,0,0,0
"06071",5,"339999",78,0,2013,1,"","San Bernardino County, California","Private","All other miscellaneous manufacturing","County, NAICS 6-digit -- by ownership sector","All establishment sizes",32,391,381,374,4477603,2306302,134249,902
"06071",5,"339999",78,0,2013,2,"","San Bernardino County, California","Private","All other miscellaneous manufacturing","County, NAICS 6-digit -- by ownership sector","All establishment sizes",32,386,386,380,4503975,437291,24727,902
"06071",5,"339999",78,0,2013,3,"","San Bernardino County, California","Private","All other miscellaneous manufacturing","County, NAICS 6-digit -- by ownership sector","All establishment sizes",32,366,358,367,4737371,154978,8779,1002
"06071",5,"42",74,0,2013,1,"","San Bernardino County, California","Private","Wholesale trade","County, NAICS Sector -- by ownership sector","All establishment sizes",2286,32619,32835,33203,422928847,206904892,11339434,989
"06071",5,"42",74,0,2013,2,"","San Bernardino County, California","Private","Wholesale trade","County, NAICS Sector -- by ownership sector","All establishment sizes",2310,33248,33433,33545,416016777,32390677,1679636,958
"06071",5,"42",74,0,2013,3,"","San Bernardino County, California","Private","Wholesale trade","County, NAICS Sector -- by ownership sector","All establishment sizes",2309,33585,34099,33931,426826992,19824942,1045757,969
"06071",5,"423",75,0,2013,1,"","San Bernardino County, California","Private","Merchant wholesalers, durable goods","County, NAICS 3-digit -- by ownership sector","All establishment sizes",1338,20181,20176,20324,264129460,127930094,7089673,1004
"06071",5,"423",75,0,2013,2,"","San Bernardino County, California","Private","Merchant wholesalers, durable goods","County, NAICS 3-digit -- by ownership sector","All establishment sizes",1353,20434,20551,20604,262433174,19505963,1024227,983
"06071",5,"423",75,0,2013,3,"","San Bernardino County, California","Private","Merchant wholesalers, durable goods","County, NAICS 3-digit -- by ownership sector","All establishment sizes",1350,20751,20945,20928,265332143,12296143,654663,978
"06071",5,"4231",76,0,2013,1,"","San Bernardino County, California","Private","Motor vehicle and parts merchant wholesalers","County, NAICS 4-digit -- by ownership sector","All establishment sizes",224,4353,4360,4361,53687568,26268272,1457460,948
"06071",5,"4231",76,0,2013,2,"","San Bernardino County, California","Private","Motor vehicle and parts merchant wholesalers","County, NAICS 4-digit -- by ownership sector","All establishment sizes",225,4373,4389,4416,54529715,5120929,265230,955
"06071",5,"4231",76,0,2013,3,"","San Bernardino County, California","Private","Motor vehicle and parts merchant wholesalers","County, NAICS 4-digit -- by ownership sector","All establishment sizes",226,4469,4518,4517,53107256,2768982,146781,908
"06071",5,"42311",77,0,2013,1,"","San Bernardino County, California","Private","Motor vehicle merchant wholesalers","County, NAICS 5-digit -- by ownership sector","All establishment sizes",37,1034,1035,1044,14952084,6290147,372858,1108
"06071",5,"42311",77,0,2013,2,"","San Bernardino County, California","Private","Motor vehicle merchant wholesalers","County, NAICS 5-digit -- by ownership sector","All establishment sizes",37,1059,1058,1057,14559888,960314,57422,1059
"06071",5,"42311",77,0,2013,3,"","San Bernardino County, California","Private","Motor vehicle merchant wholesalers","County, NAICS 5-digit -- by ownership sector","All establishment sizes",37,1057,1046,1053,14750758,540671,31960,1079
"06071",5,"423110",78,0,2013,1,"","San Bernardino County, California","Private","Motor vehicle merchant wholesalers","County, NAICS 6-digit -- by ownership sector","All establishment sizes",37,1034,1035,1044,14952084,6290147,372858,1108
"06071",5,"423110",78,0,2013,2,"","San Bernardino County, California","Private","Motor vehicle merchant wholesalers","County, NAICS 6-digit -- by ownership sector","All establishment sizes",37,1059,1058,1057,14559888,960314,57422,1059
"06071",5,"423110",78,0,2013,3,"","San Bernardino County, California","Private","Motor vehicle merchant wholesalers","County, NAICS 6-digit -- by ownership sector","All establishment sizes",37,1057,1046,1053,14750758,540671,31960,1079
"06071",5,"42312",77,0,2013,1,"","San Bernardino County, California","Private","New motor vehicle parts merchant wholesalers","County, NAICS 5-digit -- by ownership sector","All establishment sizes",147,2729,2747,2751,30324534,16272814,873971,851
"06071",5,"42312",77,0,2013,2,"","San Bernardino County, California","Private","New motor vehicle parts merchant wholesalers","County, NAICS 5-digit -- by ownership sector","All establishment sizes",148,2733,2757,2790,31554470,3744904,185956,879
"06071",5,"42312",77,0,2013,3,"","San Bernardino County, California","Private","New motor vehicle parts merchant wholesalers","County, NAICS 5-digit -- by ownership sector","All establishment sizes",149,2845,2890,2885,29516474,1955770,99701,790
"06071",5,"423120",78,0,2013,1,"","San Bernardino County, California","Private","New motor vehicle parts merchant wholesalers","County, NAICS 6-digit -- by ownership sector","All establishment sizes",147,2729,2747,2751,30324534,16272814,873971,851
"06071",5,"423120",78,0,2013,2,"","San Bernardino County, California","Private","New motor vehicle parts merchant wholesalers","County, NAICS 6-digit -- by ownership sector","All establishment sizes",148,2733,2757,2790,31554470,3744904,185956,879
"06071",5,"423120",78,0,2013,3,"","San Bernardino County, California","Private","New motor vehicle parts merchant wholesalers","County, NAICS 6-digit -- by ownership sector","All establishment sizes",149,2845,2890,2885,29516474,1955770,99701,790
"06071",5,"42313",77,0,2013,1,"","San Bernardino County, California","Private","Tire and tube merchant wholesalers","County, NAICS 5-digit -- by ownership sector","All establishment sizes",15,385,383,378,6649686,2665486,160414,1339
"06071",5,"42313",77,0,2013,2,"","San Bernardino County, California","Private","Tire and tube merchant wholesalers","County, NAICS 5-digit -- by ownership sector","All establishment sizes",15,380,381,378,6668906,214077,12662,1351
"06071",5,"42313",77,0,2013,3,"","San Bernardino County, California","Private","Tire and tube merchant wholesalers","County, NAICS 5-digit -- by ownership sector","All establishment sizes",15,379,380,380,7094649,149727,8890,1437
"06071",5,"423130",78,0,2013,1,"","San Bernardino County, California","Private","Tire and tube merchant wholesalers","County, NAICS 6-digit -- by ownership sector","All establishment sizes",15,385,383,378,6649686,2665486,160414,1339
"06071",5,"423130",78,0,2013,2,"","San Bernardino County, California","Private","Tire and tube merchant wholesalers","County, NAICS 6-digit -- by ownership sector","All establishment sizes",15,380,381,378,6668906,214077,12662,1351
"06071",5,"423130",78,0,2013,3,"","San Bernardino County, California","Private","Tire and tube merchant wholesalers","County, NAICS 6-digit -- by ownership sector","All establishment sizes",15,379,380,380,7094649,149727,8890,1437
"06071",5,"42314",77,0,2013,1,"","San Bernardino County, California","Private","Used motor vehicle parts merchant wholesalers","County, NAICS 5-digit -- by ownership sector","All establishment sizes",25,205,195,188,1761264,1039825,50217,691
"06071",5,"42314",77,0,2013,2,"","San Bernardino County, California","Private","Used motor vehicle parts merchant wholesalers","County, NAICS 5-digit -- by ownership sector","All establishment sizes",25,201,193,191,1746451,201634,9190,689
"06071",5,"42314",77,0,2013,3,"","San Bernardino County, California","Private","Used motor vehicle parts merchant wholesalers","County, NAICS 5-digit -- by ownership sector","All establishment sizes",25,188,202,199,1745375,122814,6230,684
"06071",5,"423140",78,0,2013,1,"","San Bernardino County, California","Private","Used motor vehicle parts merchant wholesalers","County, NAICS 6-digit -- by ownership sector","All establishment sizes",25,205,195,188,1761264,1039825,50217,691
"06071",5,"423140",78,0,2013,2,"","San Bernardino County, California","Private","Used motor vehicle parts merchant wholesalers","County, NAICS 6-digit -- by ownership sector","All establishment sizes",25,201,193,191,1746451,201634,9190,689
"06071",5,"423140",78,0,2013,3,"","San Bernardino County, California","Private","Used motor vehicle parts merchant wholesalers","County, NAICS 6-digit -- by ownership sector","All establishment sizes",25,188,202,199,1745375,122814,6230,684
"06071",5,"4232",76,0,2013,1,"","San Bernardino County, California","Private","Furniture and furnishing merchant wholesalers","County, NAICS 4-digit -- by ownership sector","All establishment sizes",77,2318,2310,2340,24585647,15318327,885372,814
"06071",5,"4232",76,0,2013,2,"","San Bernardino County, California","Private","Furniture and furnishing merchant wholesalers","County, NAICS 4-digit -- by ownership sector","All establishment sizes",81,2366,2383,2356,23398400,2015277,111328,760
"06071",5,"4232",76,0,2013,3,"","San Bernardino County, California","Private","Furniture and furnishing merchant wholesalers","County, NAICS 4-digit -- by ownership sector","All establishment sizes",81,2356,2402,2383,24365827,1393088,80218,787
"06071",5,"42321",77,0,2013,1,"","San Bernardino County, California","Private","Furniture merchant wholesalers","County, NAICS 5-digit -- by ownership sector","All establishment sizes",30,1607,1604,1635,15020873,10836897,647972,715
"06071",5,"42321",77,0,2013,2,"","San Bernardino County, California","Private","Furniture merchant wholesalers","County, NAICS 5-digit -- by ownership sector","All establishment sizes",32,1656,1678,1654,14485116,1359261,80616,670
"06071",5,"42321",77,0,2013,3,"","San Bernardino County, California","Private","Furniture merchant wholesalers","County, NAICS 5-digit -- by ownership sector","All establishment sizes",32,1654,1693,1682,15540608,1147408,68381,713
"06071",5,"423210",78,0,2013,1,"","San Bernardino County, California","Private","Furniture merchant wholesalers","County, NAICS 6-digit -- by ownership sector","All establishment sizes",30,1607,1604,1635,15020873,10836897,647972,715
"06071",5,"423210",78,0,2013,2,"","San Bernardino County, California","Private","Furniture merchant wholesalers","County, NAICS 6-digit -- by ownership sector","All establishment sizes",32,1656,1678,1654,14485116,1359261,80616,670
"06071",5,"423210",78,0,2013,3,"","San Bernardino County, California","Private","Furniture merchant wholesalers","County, NAICS 6-digit -- by ownership sector","All establishment sizes",32,1654,1693,1682,15540608,1147408,68381,713
"06071",5,"42322",77,0,2013,1,"","San Bernardino County, California","Private","Home furnishing merchant wholesalers","County, NAICS 5-digit -- by ownership sector","All establishment sizes",47,711,706,705,9564774,4481430,237400,1040
"06071",5,"42322",77,0,2013,2,"","San Bernardino County, California","Private","Home furnishing merchant wholesalers","County, NAICS 5-digit -- by ownership sector","All establishment sizes",49,710,705,702,8913284,656016,30712,972
"06071",5,"42322",77,0,2013,3,"","San Bernardino County, California","Private","Home furnishing merchant wholesalers","County, NAICS 5-digit -- by ownership sector","All establishment sizes",49,702,709,701,8825219,245680,11837,964
"06071",5,"423220",78,0,2013,1,"","San Bernardino County, California","Private","Home furnishing merchant wholesalers","County, NAICS 6-digit -- by ownership sector","All establishment sizes",47,711,706,705,9564774,4481430,237400,1040
"06071",5,"423220",78,0,2013,2,"","San Bernardino County, California","Private","Home furnishing merchant wholesalers","County, NAICS 6-digit -- by ownership sector","All establishment sizes",49,710,705,702,8913284,656016,30712,972
"06071",5,"423220",78,0,2013,3,"","San Bernardino County, California","Private","Home furnishing merchant wholesalers","County, NAICS 6-digit -- by ownership sector","All establishment sizes",49,702,709,701,8825219,245680,11837,964
"06071",5,"4233",76,0,2013,1,"","San Bernardino County, California","Private","Lumber and const. supply merchant wholesalers","County, NAICS 4-digit -- by ownership sector","All establishment sizes",105,1834,1818,1824,22755272,11722751,641075,959
"06071",5,"4233",76,0,2013,2,"","San Bernardino County, California","Private","Lumber and const. supply merchant wholesalers","County, NAICS 4-digit -- by ownership sector","All establishment sizes",104,1855,1841,1867,26657587,1495785,76721,1106
"06071",5,"4233",76,0,2013,3,"","San Bernardino County, California","Private","Lumber and const. supply merchant wholesalers","County, NAICS 4-digit -- by ownership sector","All establishment sizes",104,1891,1899,1878,23654170,1093013,54561,963
"06071",5,"42331",77,0,2013,1,"","San Bernardino County, California","Private","Lumber and wood merchant wholesalers","County, NAICS 5-digit -- by ownership sector","All establishment sizes",58,1193,1190,1191,13928806,7735148,415681,899
"06071",5,"42331",77,0,2013,2,"","San Bernardino County, California","Private","Lumber and wood merchant wholesalers","County, NAICS 5-digit -- by ownership sector","All establishment sizes",57,1204,1214,1233,14276833,1102015,56521,902
"06071",5,"42331",77,0,2013,3,"","San Bernardino County, California","Private","Lumber and wood merchant wholesalers","County, NAICS 5-digit -- by ownership sector","All establishment sizes",57,1256,1266,1261,15103092,903150,43619,921
"06071",5,"423310",78,0,2013,1,"","San Bernardino County, California","Private","Lumber and wood merchant wholesalers","County, NAICS 6-digit -- by ownership sector","All establishment sizes",58,1193,1190,1191,13928806,7735148,415681,899
"06071",5,"423310",78,0,2013,2,"","San Bernardino County, California","Private","Lumber and wood merchant wholesalers","County, NAICS 6-digit -- by ownership sector","All establishment sizes",57,1204,1214,1233,14276833,1102015,56521,902
"06071",5,"423310",78,0,2013,3,"","San Bernardino County, California","Private","Lumber and wood merchant wholesalers","County, NAICS 6-digit -- by ownership sector","All establishment sizes",57,1256,1266,1261,15103092,903150,43619,921
"06071",5,"42332",77,0,2013,1,"","San Bernardino County, California","Private","Masonry material merchant wholesalers","County, NAICS 5-digit -- by ownership sector","All establishment sizes",22,252,247,246,3462221,1608684,93924,1072
"06071",5,"42332",77,0,2013,2,"","San Bernardino County, California","Private","Masonry material merchant wholesalers","County, NAICS 5-digit -- by ownership sector","All establishment sizes",22,260,256,250,3302595,161988,8695,995
"06071",5,"42332",77,0,2013,3,"","San Bernardino County, California","Private","Masonry material merchant wholesalers","County, NAICS 5-digit -- by ownership sector","All establishment sizes",22,255,253,245,3527683,89480,5495,1081
"06071",5,"423320",78,0,2013,1,"","San Bernardino County, California","Private","Masonry material merchant wholesalers","County, NAICS 6-digit -- by ownership sector","All establishment sizes",22,252,247,246,3462221,1608684,93924,1072
"06071",5,"423320",78,0,2013,2,"","San Bernardino County, California","Private","Masonry material merchant wholesalers","County, NAICS 6-digit -- by ownership sector","All establishment sizes",22,260,256,250,3302595,161988,8695,995
"06071",5,"423320",78,0,2013,3,"","San Bernardino County, California","Private","Masonry material merchant wholesalers","County, NAICS 6-digit -- by ownership sector","All establishment sizes",22,255,253,245,3527683,89480,5495,1081
"06071",5,"42333",77,0,2013,1,"","San Bernardino County, California","Private","Roofing and siding merchant wholesalers","County, NAICS 5-digit -- by ownership sector","All establishment sizes",9,243,240,239,3713543,1487496,88347,1187
"06071",5,"42333",77,0,2013,2,"","San Bernardino County, California","Private","Roofing and siding merchant wholesalers","County, NAICS 5-digit -- by ownership sector","All establishment sizes",9,241,221,238,3319289,84636,4842,1094
"06071",5,"42333",77,0,2013,3,"","San Bernardino County, California","Private","Roofing and siding merchant wholesalers","County, NAICS 5-digit -- by ownership sector","All establishment sizes",9,232,233,233,3261046,50235,2935,1078
"06071",5,"423330",78,0,2013,1,"","San Bernardino County, California","Private","Roofing and siding merchant wholesalers","County, NAICS 6-digit -- by ownership sector","All establishment sizes",9,243,240,239,3713543,1487496,88347,1187
"06071",5,"423330",78,0,2013,2,"","San Bernardino County, California","Private","Roofing and siding merchant wholesalers","County, NAICS 6-digit -- by ownership sector","All establishment sizes",9,241,221,238,3319289,84636,4842,1094
"06071",5,"423330",78,0,2013,3,"","San Bernardino County, California","Private","Roofing and siding merchant wholesalers","County, NAICS 6-digit -- by ownership sector","All establishment sizes",9,232,233,233,3261046,50235,2935,1078
"06071",5,"42339",77,0,2013,1,"","San Bernardino County, California","Private","Other const. material merchant wholesalers","County, NAICS 5-digit -- by ownership sector","All establishment sizes",16,146,141,148,1650702,891423,43123,876
"06071",5,"42339",77,0,2013,2,"","San Bernardino County, California","Private","Other const. material merchant wholesalers","County, NAICS 5-digit -- by ownership sector","All establishment sizes",16,150,150,146,5758870,147146,6663,2980
"06071",5,"42339",77,0,2013,3,"","San Bernardino County, California","Private","Other const. material merchant wholesalers","County, NAICS 5-digit -- by ownership sector","All establishment sizes",16,148,147,139,1762349,50148,2512,937
"06071",5,"423390",78,0,2013,1,"","San Bernardino County, California","Private","Other const. material merchant wholesalers","County, NAICS 6-digit -- by ownership sector","All establishment sizes",16,146,141,148,1650702,891423,43123,876
"06071",5,"423390",78,0,2013,2,"","San Bernardino County, California","Private","Other const. material merchant wholesalers","County, NAICS 6-digit -- by ownership sector","All establishment sizes",16,150,150,146,5758870,147146,6663,2980
"06071",5,"423390",78,0,2013,3,"","San Bernardino County, California","Private","Other const. material merchant wholesalers","County, NAICS 6-digit -- by ownership sector","All establishment sizes",16,148,147,139,1762349,50148,2512,937
"06071",5,"4234",76,0,2013,1,"","San Bernardino County, California","Private","Commercial equip. merchant wholesalers","County, NAICS 4-digit -- by ownership sector","All establishment sizes",166,2744,2752,2784,38197228,17341107,1002180,1065
"06071",5,"4234",76,0,2013,2,"","San Bernardino County, California","Private","Commercial equip. merchant wholesalers","County, NAICS 4-digit -- by ownership sector","All establishment sizes",169,2766,2821,2830,38203261,2076946,114233,1047
"06071",5,"4234",76,0,2013,3,"","San Bernardino County, California","Private","Commercial equip. merchant wholesalers","County, NAICS 4-digit -- by ownership sector","All establishment sizes",166,2855,2869,2912,39942958,1485109,84369,1067
"06071",5,"42341",77,0,2013,1,"N","San Bernardino County, California","Private","Photographic equip. merchant wholesalers","County, NAICS 5-digit -- by ownership sector","All establishment sizes",1,0,0,0,0,0,0,0
"06071",5,"42341",77,0,2013,2,"N","San Bernardino County, California","Private","Photographic equip. merchant wholesalers","County, NAICS 5-digit -- by ownership sector","All establishment sizes",1,0,0,0,0,0,0,0
"06071",5,"42341",77,0,2013,3,"N","San Bernardino County, California","Private","Photographic equip. merchant wholesalers","County, NAICS 5-digit -- by ownership sector","All establishment sizes",1,0,0,0,0,0,0,0
"06071",5,"423410",78,0,2013,1,"N","San Bernardino County, California","Private","Photographic equip. merchant wholesalers","County, NAICS 6-digit -- by ownership sector","All establishment sizes",1,0,0,0,0,0,0,0
"06071",5,"423410",78,0,2013,2,"N","San Bernardino County, California","Private","Photographic equip. merchant wholesalers","County, NAICS 6-digit -- by ownership sector","All establishment sizes",1,0,0,0,0,0,0,0
"06071",5,"423410",78,0,2013,3,"N","San Bernardino County, California","Private","Photographic equip. merchant wholesalers","County, NAICS 6-digit -- by ownership sector","All establishment sizes",1,0,0,0,0,0,0,0
"06071",5,"42342",77,0,2013,1,"","San Bernardino County, California","Private","Office equipment merchant wholesalers","County, NAICS 5-digit -- by ownership sector","All establishment sizes",24,465,453,453,6751651,3086147,189271,1136
"06071",5,"42342",77,0,2013,2,"","San Bernardino County, California","Private","Office equipment merchant wholesalers","County, NAICS 5-digit -- by ownership sector","All establishment sizes",27,438,440,442,6628212,305921,18512,1159
"06071",5,"42342",77,0,2013,3,"","San Bernardino County, California","Private","Office equipment merchant wholesalers","County, NAICS 5-digit -- by ownership sector","All establishment sizes",26,435,438,434,6442405,226075,13953,1137
"06071",5,"423420",78,0,2013,1,"","San Bernardino County, California","Private","Office equipment merchant wholesalers","County, NAICS 6-digit -- by ownership sector","All establishment sizes",24,465,453,453,6751651,3086147,189271,1136
"06071",5,"423420",78,0,2013,2,"","San Bernardino County, California","Private","Office equipment merchant wholesalers","County, NAICS 6-digit -- by ownership sector","All establishment sizes",27,438,440,442,6628212,305921,18512,1159
"06071",5,"423420",78,0,2013,3,"","San Bernardino County, California","Private","Office equipment merchant wholesalers","County, NAICS 6-digit -- by ownership sector","All establishment sizes",26,435,438,434,6442405,226075,13953,1137
"06071",5,"42343",77,0,2013,1,"","San Bernardino County, California","Private","Computer and software merchant wholesalers","County, NAICS 5-digit -- by ownership sector","All establishment sizes",32,485,491,488,8036116,3245382,189315,1267
"06071",5,"42343",77,0,2013,2,"","San Bernardino County, California","Private","Computer and software merchant wholesalers","County, NAICS 5-digit -- by ownership sector","All establishment sizes",32,471,489,492,8679813,359054,20580,1379
"06071",5,"42343",77,0,2013,3,"","San Bernardino County, California","Private","Computer and software merchant wholesalers","County, NAICS 5-digit -- by ownership sector","All establishment sizes",30,501,514,521,9085195,320748,18924,1365
"06071",5,"423430",78,0,2013,1,"","San Bernardino County, California","Private","Computer and software merchant wholesalers","County, NAICS 6-digit -- by ownership sector","All establishment sizes",32,485,491,488,8036116,3245382,189315,1267
"06071",5,"423430",78,0,2013,2,"","San Bernardino County, California","Private","Computer and software merchant wholesalers","County, NAICS 6-digit -- by ownership sector","All establishment sizes",32,471,489,492,8679813,359054,20580,1379
"06071",5,"423430",78,0,2013,3,"","San Bernardino County, California","Private","Computer and software merchant wholesalers","County, NAICS 6-digit -- by ownership sector","All establishment sizes",30,501,514,521,9085195,320748,18924,1365
"06071",5,"42344",77,0,2013,1,"","San Bernardino County, California","Private","Other commercial equip. merchant wholesalers","County, NAICS 5-digit -- by ownership sector","All establishment sizes",30,281,285,286,3290471,1759687,91328,891
"06071",5,"42344",77,0,2013,2,"","San Bernardino County, California","Private","Other commercial equip. merchant wholesalers","County, NAICS 5-digit -- by ownership sector","All establishment sizes",30,288,281,284,3383859,351657,17504,915
"06071",5,"42344",77,0,2013,3,"","San Bernardino County, California","Private","Other commercial equip. merchant wholesalers","County, NAICS 5-digit -- by ownership sector","All establishment sizes",30,294,294,289,3217179,206114,10274,847
"06071",5,"423440",78,0,2013,1,"","San Bernardino County, California","Private","Other commercial equip. merchant wholesalers","County, NAICS 6-digit -- by ownership sector","All establishment sizes",30,281,285,286,3290471,1759687,91328,891
"06071",5,"423440",78,0,2013,2,"","San Bernardino County, California","Private","Other commercial equip. merchant wholesalers","County, NAICS 6-digit -- by ownership sector","All establishment sizes",30,288,281,284,3383859,351657,17504,915
"06071",5,"423440",78,0,2013,3,"","San Bernardino County, California","Private","Other commercial equip. merchant wholesalers","County, NAICS 6-digit -- by ownership sector","All establishment sizes",30,294,294,289,3217179,206114,10274,847
"06071",5,"42345",77,0,2013,1,"","San Bernardino County, California","Private","Medical equipment merchant wholesalers","County, NAICS 5-digit -- by ownership sector","All establishment sizes",63,1370,1391,1413,17422987,8317003,484141,963
"06071",5,"42345",77,0,2013,2,"","San Bernardino County, California","Private","Medical equipment merchant wholesalers","County, NAICS 5-digit -- by ownership sector","All establishment sizes",64,1434,1473,1474,17047544,935231,51657,898
"06071",5,"42345",77,0,2013,3,"","San Bernardino County, California","Private","Medical equipment merchant wholesalers","County, NAICS 5-digit -- by ownership sector","All establishment sizes",64,1491,1491,1538,18633097,691815,39263,951
"06071",5,"423450",78,0,2013,1,"","San Bernardino County, California","Private","Medical equipment merchant wholesalers","County, NAICS 6-digit -- by ownership sector","All establishment sizes",63,1370,1391,1413,17422987,8317003,484141,963
"06071",5,"423450",78,0,2013,2,"","San Bernardino County, California","Private","Medical equipment merchant wholesalers","County, NAICS 6-digit -- by ownership sector","All establishment sizes",64,1434,1473,1474,17047544,935231,51657,898
"06071",5,"423450",78,0,2013,3,"","San Bernardino County, California","Private","Medical equipment merchant wholesalers","County, NAICS 6-digit -- by ownership sector","All establishment sizes",64,1491,1491,1538,18633097,691815,39263,951
"06071",5,"42346",77,0,2013,1,"","San Bernardino County, California","Private","Ophthalmic goods merchant wholesalers","County, NAICS 5-digit -- by ownership sector","All establishment sizes",9,70,58,69,1096090,414178,18693,1284
"06071",5,"42346",77,0,2013,2,"","San Bernardino County, California","Private","Ophthalmic goods merchant wholesalers","County, NAICS 5-digit -- by ownership sector","All establishment sizes",9,62,67,65,1157875,69093,2755,1377
"06071",5,"42346",77,0,2013,3,"","San Bernardino County, California","Private","Ophthalmic goods merchant wholesalers","County, NAICS 5-digit -- by ownership sector","All establishment sizes",9,62,61,62,1152784,30873,1367,1438
"06071",5,"423460",78,0,2013,1,"","San Bernardino County, California","Private","Ophthalmic goods merchant wholesalers","County, NAICS 6-digit -- by ownership sector","All establishment sizes",9,70,58,69,1096090,414178,18693,1284
"06071",5,"423460",78,0,2013,2,"","San Bernardino County, California","Private","Ophthalmic goods merchant wholesalers","County, NAICS 6-digit -- by ownership sector","All establishment sizes",9,62,67,65,1157875,69093,2755,1377
"06071",5,"423460",78,0,2013,3,"","San Bernardino County, California","Private","Ophthalmic goods merchant wholesalers","County, NAICS 6-digit -- by ownership sector","All establishment sizes",9,62,61,62,1152784,30873,1367,1438
"06071",5,"42349",77,0,2013,1,"N","San Bernardino County, California","Private","Other professional equip. merchant wholesaler","County, NAICS 5-digit -- by ownership sector","All establishment sizes",7,0,0,0,0,0,0,0
"06071",5,"42349",77,0,2013,2,"N","San Bernardino County, California","Private","Other professional equip. merchant wholesaler","County, NAICS 5-digit -- by ownership sector","All establishment sizes",6,0,0,0,0,0,0,0
"06071",5,"42349",77,0,2013,3,"N","San Bernardino County, California","Private","Other professional equip. merchant wholesaler","County, NAICS 5-digit -- by ownership sector","All establishment sizes",6,0,0,0,0,0,0,0
"06071",5,"423490",78,0,2013,1,"N","San Bernardino County, California","Private","Other professional equip. merchant wholesaler","County, NAICS 6-digit -- by ownership sector","All establishment sizes",7,0,0,0,0,0,0,0
"06071",5,"423490",78,0,2013,2,"N","San Bernardino County, California","Private","Other professional equip. merchant wholesaler","County, NAICS 6-digit -- by ownership sector","All establishment sizes",6,0,0,0,0,0,0,0
"06071",5,"423490",78,0,2013,3,"N","San Bernardino County, California","Private","Other professional equip. merchant wholesaler","County, NAICS 6-digit -- by ownership sector","All establishment sizes",6,0,0,0,0,0,0,0
"06071",5,"4235",76,0,2013,1,"","San Bernardino County, California","Private","Metal and mineral merchant wholesalers","County, NAICS 4-digit -- by ownership sector","All establishment sizes",69,1137,1154,1153,16587967,7817072,418105,1111
"06071",5,"4235",76,0,2013,2,"","San Bernardino County, California","Private","Metal and mineral merchant wholesalers","County, NAICS 4-digit -- by ownership sector","All establishment sizes",68,1172,1177,1184,15655393,1123158,53102,1023
"06071",5,"4235",76,0,2013,3,"","San Bernardino County, California","Private","Metal and mineral merchant wholesalers","County, NAICS 4-digit -- by ownership sector","All establishment sizes",68,1198,1210,1191,16961308,774143,37091,1088
"06071",5,"42351",77,0,2013,1,"","San Bernardino County, California","Private","Metal merchant wholesalers","County, NAICS 5-digit -- by ownership sector","All establishment sizes",66,1126,1143,1142,16457470,7741691,413531,1113
"06071",5,"42351",77,0,2013,2,"","San Bernardino County, California","Private","Metal merchant wholesalers","County, NAICS 5-digit -- by ownership sector","All establishment sizes",65,1161,1166,1173,15416008,1121539,53014,1016
"06071",5,"42351",77,0,2013,3,"","San Bernardino County, California","Private","Metal merchant wholesalers","County, NAICS 5-digit -- by ownership sector","All establishment sizes",65,1187,1199,1180,16829641,774143,37091,1089
"06071",5,"423510",78,0,2013,1,"","San Bernardino County, California","Private","Metal merchant wholesalers","County, NAICS 6-digit -- by ownership sector","All establishment sizes",66,1126,1143,1142,16457470,7741691,413531,1113
"06071",5,"423510",78,0,2013,2,"","San Bernardino County, California","Private","Metal merchant wholesalers","County, NAICS 6-digit -- by ownership sector","All establishment sizes",65,1161,1166,1173,15416008,1121539,53014,1016
"06071",5,"423510",78,0,2013,3,"","San Bernardino County, California","Private","Metal merchant wholesalers","County, NAICS 6-digit -- by ownership sector","All establishment sizes",65,1187,1199,1180,16829641,774143,37091,1089
"06071",5,"42352",77,0,2013,1,"","San Bernardino County, California","Private","Coal and other mineral merchant wholesalers","County, NAICS 5-digit -- by ownership sector","All establishment sizes",3,11,11,11,130497,75381,4574,913
"06071",5,"42352",77,0,2013,2,"","San Bernardino County, California","Private","Coal and other mineral merchant wholesalers","County, NAICS 5-digit -- by ownership sector","All establishment sizes",3,11,11,11,239385,1619,88,1674
"06071",5,"42352",77,0,2013,3,"","San Bernardino County, California","Private","Coal and other mineral merchant wholesalers","County, NAICS 5-digit -- by ownership sector","All establishment sizes",3,11,11,11,131667,0,0,921
"06071",5,"423520",78,0,2013,1,"","San Bernardino County, California","Private","Coal and other mineral merchant wholesalers","County, NAICS 6-digit -- by ownership sector","All establishment sizes",3,11,11,11,130497,75381,4574,913
"06071",5,"423520",78,0,2013,2,"","San Bernardino County, California","Private","Coal and other mineral merchant wholesalers","County, NAICS 6-digit -- by ownership sector","All establishment sizes",3,11,11,11,239385,1619,88,1674
"06071",5,"423520",78,0,2013,3,"","San Bernardino County, California","Private","Coal and other mineral merchant wholesalers","County, NAICS 6-digit -- by ownership sector","All establishment sizes",3,11,11,11,131667,0,0,921
"06071",5,"4236",76,0,2013,1,"","San Bernardino County, California","Private","Electric goods merchant wholesalers","County, NAICS 4-digit -- by ownership sector","All establishment sizes",126,1595,1593,1626,26747957,10212954,576767,1282
"06071",5,"4236",76,0,2013,2,"","San Bernardino County, California","Private","Electric goods merchant wholesalers","County, NAICS 4-digit -- by ownership sector","All establishment sizes",133,1634,1645,1626,25963220,1848641,101398,1222
"06071",5,"4236",76,0,2013,3,"","San Bernardino County, California","Private","Electric goods merchant wholesalers","County, NAICS 4-digit -- by ownership sector","All establishment sizes",134,1669,1690,1686,27963259,1251845,63380,1279
"06071",5,"42361",77,0,2013,1,"","San Bernardino County, California","Private","Elec. equip. and wiring merchant wholesalers","County, NAICS 5-digit -- by ownership sector","All establishment sizes",58,843,849,860,14083019,5434095,311968,1273
"06071",5,"42361",77,0,2013,2,"","San Bernardino County, California","Private","Elec. equip. and wiring merchant wholesalers","County, NAICS 5-digit -- by ownership sector","All establishment sizes",61,864,869,872,13587821,633897,34011,1204
"06071",5,"42361",77,0,2013,3,"","San Bernardino County, California","Private","Elec. equip. and wiring merchant wholesalers","County, NAICS 5-digit -- by ownership sector","All establishment sizes",61,879,901,905,14560563,623905,35013,1251
"06071",5,"423610",78,0,2013,1,"","San Bernardino County, California","Private","Elec. equip. and wiring merchant wholesalers","County, NAICS 6-digit -- by ownership sector","All establishment sizes",58,843,849,860,14083019,5434095,311968,1273
"06071",5,"423610",78,0,2013,2,"","San Bernardino County, California","Private","Elec. equip. and wiring merchant wholesalers","County, NAICS 6-digit -- by ownership sector","All establishment sizes",61,864,869,872,13587821,633897,34011,1204
"06071",5,"423610",78,0,2013,3,"","San Bernardino County, California","Private","Elec. equip. and wiring merchant wholesalers","County, NAICS 6-digit -- by ownership sector","All establishment sizes",61,879,901,905,14560563,623905,35013,1251
"06071",5,"42362",77,0,2013,1,"","San Bernardino County, California","Private","Electric appliance merchant wholesalers","County, NAICS 5-digit -- by ownership sector","All establishment sizes",12,273,269,272,5754509,1850729,102498,1631
"06071",5,"42362",77,0,2013,2,"","San Bernardino County, California","Private","Electric appliance merchant wholesalers","County, NAICS 5-digit -- by ownership sector","All establishment sizes",12,273,277,277,5034106,211834,11433,1405
"06071",5,"42362",77,0,2013,3,"","San Bernardino County, California","Private","Electric appliance merchant wholesalers","County, NAICS 5-digit -- by ownership sector","All establishment sizes",12,268,267,262,5036277,116103,6039,1458
"06071",5,"423620",78,0,2013,1,"","San Bernardino County, California","Private","Appliances and electronics merch. whls.","County, NAICS 6-digit -- by ownership sector","All establishment sizes",12,273,269,272,5754509,1850729,102498,1631
"06071",5,"423620",78,0,2013,2,"","San Bernardino County, California","Private","Appliances and electronics merch. whls.","County, NAICS 6-digit -- by ownership sector","All establishment sizes",12,273,277,277,5034106,211834,11433,1405
"06071",5,"423620",78,0,2013,3,"","San Bernardino County, California","Private","Appliances and electronics merch. whls.","County, NAICS 6-digit -- by ownership sector","All establishment sizes",12,268,267,262,5036277,116103,6039,1458
"06071",5,"42369",77,0,2013,1,"","San Bernardino County, California","Private","Other electronic parts merchant wholesalers","County, NAICS 5-digit -- by ownership sector","All establishment sizes",56,479,475,494,6910429,2928130,162301,1101
"06071",5,"42369",77,0,2013,2,"","San Bernardino County, California","Private","Other electronic parts merchant wholesalers","County, NAICS 5-digit -- by ownership sector","All establishment sizes",60,497,499,477,7341293,1002910,55954,1150
"06071",5,"42369",77,0,2013,3,"","San Bernardino County, California","Private","Other electronic parts merchant wholesalers","County, NAICS 5-digit -- by ownership sector","All establishment sizes",61,522,522,519,8366419,511837,22328,1235
"06071",5,"423690",78,0,2013,1,"","San Bernardino County, California","Private","Other electronic parts merchant wholesalers","County, NAICS 6-digit -- by ownership sector","All establishment sizes",56,479,475,494,6910429,2928130,162301,1101
"06071",5,"423690",78,0,2013,2,"","San Bernardino County, California","Private","Other electronic parts merchant wholesalers","County, NAICS 6-digit -- by ownership sector","All establishment sizes",60,497,499,477,7341293,1002910,55954,1150
"06071",5,"423690",78,0,2013,3,"","San Bernardino County, California","Private","Other electronic parts merchant wholesalers","County, NAICS 6-digit -- by ownership sector","All establishment sizes",61,522,522,519,8366419,511837,22328,1235
"06071",5,"4237",76,0,2013,1,"","San Bernardino County, California","Private","Hardware and plumbing merchant wholesalers","County, NAICS 4-digit -- by ownership sector","All establishment sizes",123,1627,1631,1647,21159988,10357515,593382,996
"06071",5,"4237",76,0,2013,2,"","San Bernardino County, California","Private","Hardware and plumbing merchant wholesalers","County, NAICS 4-digit -- by ownership sector","All establishment sizes",123,1648,1675,1686,20428906,1629169,93393,941
"06071",5,"4237",76,0,2013,3,"","San Bernardino County, California","Private","Hardware and plumbing merchant wholesalers","County, NAICS 4-digit -- by ownership sector","All establishment sizes",125,1681,1696,1694,20628289,848636,47705,939
"06071",5,"42371",77,0,2013,1,"","San Bernardino County, California","Private","Hardware merchant wholesalers","County, NAICS 5-digit -- by ownership sector","All establishment sizes",54,830,821,829,8640102,4963339,282254,804
"06071",5,"42371",77,0,2013,2,"","San Bernardino County, California","Private","Hardware merchant wholesalers","County, NAICS 5-digit -- by ownership sector","All establishment sizes",55,834,845,847,9026302,973804,56310,825
"06071",5,"42371",77,0,2013,3,"","San Bernardino County, California","Private","Hardware merchant wholesalers","County, NAICS 5-digit -- by ownership sector","All establishment sizes",57,843,843,847,9104099,445553,24518,829
"06071",5,"423710",78,0,2013,1,"","San Bernardino County, California","Private","Hardware merchant wholesalers","County, NAICS 6-digit -- by ownership sector","All establishment sizes",54,830,821,829,8640102,4963339,282254,804
"06071",5,"423710",78,0,2013,2,"","San Bernardino County, California","Private","Hardware merchant wholesalers","County, NAICS 6-digit -- by ownership sector","All establishment sizes",55,834,845,847,9026302,973804,56310,825
"06071",5,"423710",78,0,2013,3,"","San Bernardino County, California","Private","Hardware merchant wholesalers","County, NAICS 6-digit -- by ownership sector","All establishment sizes",57,843,843,847,9104099,445553,24518,829
"06071",5,"42372",77,0,2013,1,"","San Bernardino County, California","Private","Plumbing equip. merchant wholesalers","County, NAICS 5-digit -- by ownership sector","All establishment sizes",42,482,495,497,7260820,3348160,192584,1137
"06071",5,"42372",77,0,2013,2,"","San Bernardino County, California","Private","Plumbing equip. merchant wholesalers","County, NAICS 5-digit -- by ownership sector","All establishment sizes",41,485,494,498,6473202,352327,20314,1011
"06071",5,"42372",77,0,2013,3,"","San Bernardino County, California","Private","Plumbing equip. merchant wholesalers","County, NAICS 5-digit -- by ownership sector","All establishment sizes",41,491,499,495,6420656,220404,12531,998
"06071",5,"423720",78,0,2013,1,"","San Bernardino County, California","Private","Plumbing and heating equip. merch. whls.","County, NAICS 6-digit -- by ownership sector","All establishment sizes",42,482,495,497,7260820,3348160,192584,1137
"06071",5,"423720",78,0,2013,2,"","San Bernardino County, California","Private","Plumbing and heating equip. merch. whls.","County, NAICS 6-digit -- by ownership sector","All establishment sizes",41,485,494,498,6473202,352327,20314,1011
"06071",5,"423720",78,0,2013,3,"","San Bernardino County, California","Private","Plumbing and heating equip. merch. whls.","County, NAICS 6-digit -- by ownership sector","All establishment sizes",41,491,499,495,6420656,220404,12531,998
"06071",5,"42373",77,0,2013,1,"","San Bernardino County, California","Private","Hvac equip. merchant wholesalers","County, NAICS 5-digit -- by ownership sector","All establishment sizes",21,260,262,267,4647465,1739954,102609,1359
"06071",5,"42373",77,0,2013,2,"","San Bernardino County, California","Private","Hvac equip. merchant wholesalers","County, NAICS 5-digit -- by ownership sector","All establishment sizes",21,270,278,284,4184746,264893,15129,1161
"06071",5,"42373",77,0,2013,3,"","San Bernardino County, California","Private","Hvac equip. merchant wholesalers","County, NAICS 5-digit -- by ownership sector","All establishment sizes",21,291,296,297,4321178,150304,9113,1128
"06071",5,"423730",78,0,2013,1,"","San Bernardino County, California","Private","Hvac equip. merchant wholesalers","County, NAICS 6-digit -- by ownership sector","All establishment sizes",21,260,262,267,4647465,1739954,102609,1359
"06071",5,"423730",78,0,2013,2,"","San Bernardino County, California","Private","Hvac equip. merchant wholesalers","County, NAICS 6-digit -- by ownership sector","All establishment sizes",21,270,278,284,4184746,264893,15129,1161
"06071",5,"423730",78,0,2013,3,"","San Bernardino County, California","Private","Hvac equip. merchant wholesalers","County, NAICS 6-digit -- by ownership sector","All establishment sizes",21,291,296,297,4321178,150304,9113,1128
"06071",5,"42374",77,0,2013,1,"","San Bernardino County, California","Private","Refrigeration equip. merchant wholesalers","County, NAICS 5-digit -- by ownership sector","All establishment sizes",6,55,53,54,611601,306062,15935,871
"06071",5,"42374",77,0,2013,2,"","San Bernardino County, California","Private","Refrigeration equip. merchant wholesalers","County, NAICS 5-digit -- by ownership sector","All establishment sizes",6,59,58,57,744656,38145,1640,988
"06071",5,"42374",77,0,2013,3,"","San Bernardino County, California","Private","Refrigeration equip. merchant wholesalers","County, NAICS 5-digit -- by ownership sector","All establishment sizes",6,56,58,55,782356,32375,1543,1068
"06071",5,"423740",78,0,2013,1,"","San Bernardino County, California","Private","Refrigeration equip. merchant wholesalers","County, NAICS 6-digit -- by ownership sector","All establishment sizes",6,55,53,54,611601,306062,15935,871
"06071",5,"423740",78,0,2013,2,"","San Bernardino County, California","Private","Refrigeration equip. merchant wholesalers","County, NAICS 6-digit -- by ownership sector","All establishment sizes",6,59,58,57,744656,38145,1640,988
"06071",5,"423740",78,0,2013,3,"","San Bernardino County, California","Private","Refrigeration equip. merchant wholesalers","County, NAICS 6-digit -- by ownership sector","All establishment sizes",6,56,58,55,782356,32375,1543,1068
"06071",5,"4238",76,0,2013,1,"","San Bernardino County, California","Private","Machinery and supply merchant wholesalers","County, NAICS 4-digit -- by ownership sector","All establishment sizes",263,2808,2761,2797,40832387,18322544,989844,1126
"06071",5,"4238",76,0,2013,2,"","San Bernardino County, California","Private","Machinery and supply merchant wholesalers","County, NAICS 4-digit -- by ownership sector","All establishment sizes",264,2819,2835,2837,38724251,1912553,98186,1052
"06071",5,"4238",76,0,2013,3,"","San Bernardino County, California","Private","Machinery and supply merchant wholesalers","County, NAICS 4-digit -- by ownership sector","All establishment sizes",261,2813,2837,2851,39573100,1365087,74720,1074
"06071",5,"42381",77,0,2013,1,"","San Bernardino County, California","Private","Construction equipment merchant wholesalers","County, NAICS 5-digit -- by ownership sector","All establishment sizes",19,230,224,225,4009924,1707138,92131,1363
"06071",5,"42381",77,0,2013,2,"","San Bernardino County, California","Private","Construction equipment merchant wholesalers","County, NAICS 5-digit -- by ownership sector","All establishment sizes",18,230,231,228,3539058,130746,6879,1185
"06071",5,"42381",77,0,2013,3,"","San Bernardino County, California","Private","Construction equipment merchant wholesalers","County, NAICS 5-digit -- by ownership sector","All establishment sizes",17,231,234,237,3585214,131463,7540,1179
"06071",5,"423810",78,0,2013,1,"","San Bernardino County, California","Private","Construction equipment merchant wholesalers","County, NAICS 6-digit -- by ownership sector","All establishment sizes",19,230,224,225,4009924,1707138,92131,1363
"06071",5,"423810",78,0,2013,2,"","San Bernardino County, California","Private","Construction equipment merchant wholesalers","County, NAICS 6-digit -- by ownership sector","All establishment sizes",18,230,231,228,3539058,130746,6879,1185
"06071",5,"423810",78,0,2013,3,"","San Bernardino County, California","Private","Construction equipment merchant wholesalers","County, NAICS 6-digit -- by ownership sector","All establishment sizes",17,231,234,237,3585214,131463,7540,1179
"06071",5,"42382",77,0,2013,1,"","San Bernardino County, California","Private","Farm and garden equip. merchant wholesalers","County, NAICS 5-digit -- by ownership sector","All establishment sizes",18,139,117,133,1554959,916305,46681,922
"06071",5,"42382",77,0,2013,2,"","San Bernardino County, California","Private","Farm and garden equip. merchant wholesalers","County, NAICS 5-digit -- by ownership sector","All establishment sizes",19,138,136,141,1495146,92025,4546,831
"06071",5,"42382",77,0,2013,3,"","San Bernardino County, California","Private","Farm and garden equip. merchant wholesalers","County, NAICS 5-digit -- by ownership sector","All establishment sizes",18,120,131,128,1447665,28101,1479,881
"06071",5,"423820",78,0,2013,1,"","San Bernardino County, California","Private","Farm and garden equip. merchant wholesalers","County, NAICS 6-digit -- by ownership sector","All establishment sizes",18,139,117,133,1554959,916305,46681,922
"06071",5,"423820",78,0,2013,2,"","San Bernardino County, California","Private","Farm and garden equip. merchant wholesalers","County, NAICS 6-digit -- by ownership sector","All establishment sizes",19,138,136,141,1495146,92025,4546,831
"06071",5,"423820",78,0,2013,3,"","San Bernardino County, California","Private","Farm and garden equip. merchant wholesalers","County, NAICS 6-digit -- by ownership sector","All establishment sizes",18,120,131,128,1447665,28101,1479,881
"06071",5,"42383",77,0,2013,1,"","San Bernardino County, California","Private","Industrial machinery merchant wholesalers","County, NAICS 5-digit -- by ownership sector","All establishment sizes",135,1480,1472,1490,21708735,9713199,522703,1128
"06071",5,"42383",77,0,2013,2,"","San Bernardino County, California","Private","Industrial machinery merchant wholesalers","County, NAICS 5-digit -- by ownership sector","All establishment sizes",135,1492,1490,1499,20087058,1019793,51658,1034
"06071",5,"42383",77,0,2013,3,"","San Bernardino County, California","Private","Industrial machinery merchant wholesalers","County, NAICS 5-digit -- by ownership sector","All establishment sizes",134,1492,1494,1513,20730144,783423,43517,1063
"06071",5,"423830",78,0,2013,1,"","San Bernardino County, California","Private","Industrial machinery merchant wholesalers","County, NAICS 6-digit -- by ownership sector","All establishment sizes",135,1480,1472,1490,21708735,9713199,522703,1128
"06071",5,"423830",78,0,2013,2,"","San Bernardino County, California","Private","Industrial machinery merchant wholesalers","County, NAICS 6-digit -- by ownership sector","All establishment sizes",135,1492,1490,1499,20087058,1019793,51658,1034
"06071",5,"423830",78,0,2013,3,"","San Bernardino County, California","Private","Industrial machinery merchant wholesalers","County, NAICS 6-digit -- by ownership sector","All establishment sizes",134,1492,1494,1513,20730144,783423,43517,1063
"06071",5,"42384",77,0,2013,1,"","San Bernardino County, California","Private","Industrial supplies merchant wholesalers","County, NAICS 5-digit -- by ownership sector","All establishment sizes",61,574,566,566,8334121,3653124,197590,1127
"06071",5,"42384",77,0,2013,2,"","San Bernardino County, California","Private","Industrial supplies merchant wholesalers","County, NAICS 5-digit -- by ownership sector","All establishment sizes",62,574,592,590,8684040,412420,22280,1141
"06071",5,"42384",77,0,2013,3,"","San Bernardino County, California","Private","Industrial supplies merchant wholesalers","County, NAICS 5-digit -- by ownership sector","All establishment sizes",62,597,603,601,8164246,272739,15078,1046
"06071",5,"423840",78,0,2013,1,"","San Bernardino County, California","Private","Industrial supplies merchant wholesalers","County, NAICS 6-digit -- by ownership sector","All establishment sizes",61,574,566,566,8334121,3653124,197590,1127
"06071",5,"423840",78,0,2013,2,"","San Bernardino County, California","Private","Industrial supplies merchant wholesalers","County, NAICS 6-digit -- by ownership sector","All establishment sizes",62,574,592,590,8684040,412420,22280,1141
"06071",5,"423840",78,0,2013,3,"","San Bernardino County, California","Private","Industrial supplies merchant wholesalers","County, NAICS 6-digit -- by ownership sector","All establishment sizes",62,597,603,601,8164246,272739,15078,1046
"06071",5,"42385",77,0,2013,1,"","San Bernardino County, California","Private","Service estab. equip. merchant wholesalers","County, NAICS 5-digit -- by ownership sector","All establishment sizes",18,264,261,261,3527680,1579328,85217,1036
"06071",5,"42385",77,0,2013,2,"","San Bernardino County, California","Private","Service estab. equip. merchant wholesalers","County, NAICS 5-digit -- by ownership sector","All establishment sizes",18,263,267,264,3394431,172097,7923,987
"06071",5,"42385",77,0,2013,3,"","San Bernardino County, California","Private","Service estab. equip. merchant wholesalers","County, NAICS 5-digit -- by ownership sector","All establishment sizes",18,259,266,260,3424529,110534,4891,1007
"06071",5,"423850",78,0,2013,1,"","San Bernardino County, California","Private","Service estab. equip. merchant wholesalers","County, NAICS 6-digit -- by ownership sector","All establishment sizes",18,264,261,261,3527680,1579328,85217,1036
"06071",5,"423850",78,0,2013,2,"","San Bernardino County, California","Private","Service estab. equip. merchant wholesalers","County, NAICS 6-digit -- by ownership sector","All establishment sizes",18,263,267,264,3394431,172097,7923,987
"06071",5,"423850",78,0,2013,3,"","San Bernardino County, California","Private","Service estab. equip. merchant wholesalers","County, NAICS 6-digit -- by ownership sector","All establishment sizes",18,259,266,260,3424529,110534,4891,1007
"06071",5,"42386",77,0,2013,1,"","San Bernardino County, California","Private","Other transport. goods merchant wholesalers","County, NAICS 5-digit -- by ownership sector","All establishment sizes",12,121,121,122,1696968,753450,45522,1076
"06071",5,"42386",77,0,2013,2,"","San Bernardino County, California","Private","Other transport. goods merchant wholesalers","County, NAICS 5-digit -- by ownership sector","All establishment sizes",12,122,119,115,1524518,85472,4900,988
"06071",5,"42386",77,0,2013,3,"","San Bernardino County, California","Private","Other transport. goods merchant wholesalers","County, NAICS 5-digit -- by ownership sector","All establishment sizes",12,114,109,112,2221302,38827,2215,1530
"06071",5,"423860",78,0,2013,1,"","San Bernardino County, California","Private","Other transport. goods merchant wholesalers","County, NAICS 6-digit -- by ownership sector","All establishment sizes",12,121,121,122,1696968,753450,45522,1076
"06071",5,"423860",78,0,2013,2,"","San Bernardino County, California","Private","Other transport. goods merchant wholesalers","County, NAICS 6-digit -- by ownership sector","All establishment sizes",12,122,119,115,1524518,85472,4900,988
"06071",5,"423860",78,0,2013,3,"","San Bernardino County, California","Private","Other transport. goods merchant wholesalers","County, NAICS 6-digit -- by ownership sector","All establishment sizes",12,114,109,112,2221302,38827,2215,1530
"06071",5,"4239",76,0,2013,1,"","San Bernardino County, California","Private","Misc. durable goods merchant wholesalers","County, NAICS 4-digit -- by ownership sector","All establishment sizes",185,1765,1797,1792,19575446,10569552,525488,844
"06071",5,"4239",76,0,2013,2,"","San Bernardino County, California","Private","Misc. durable goods merchant wholesalers","County, NAICS 4-digit -- by ownership sector","All establishment sizes",186,1801,1785,1802,18872441,2283505,110636,808
"06071",5,"4239",76,0,2013,3,"","San Bernardino County, California","Private","Misc. durable goods merchant wholesalers","County, NAICS 4-digit -- by ownership sector","All establishment sizes",185,1819,1824,1816,19135976,1316240,65838,809
"06071",5,"42391",77,0,2013,1,"","San Bernardino County, California","Private","Sporting goods merchant wholesalers","County, NAICS 5-digit -- by ownership sector","All establishment sizes",32,376,379,377,4127377,2091361,103014,841
"06071",5,"42391",77,0,2013,2,"","San Bernardino County, California","Private","Sporting goods merchant wholesalers","County, NAICS 5-digit -- by ownership sector","All establishment sizes",33,377,377,370,3930211,415734,21313,807
"06071",5,"42391",77,0,2013,3,"","San Bernardino County, California","Private","Sporting goods merchant wholesalers","County, NAICS 5-digit -- by ownership sector","All establishment sizes",32,398,399,386,4093359,332279,18066,798
"06071",5,"423910",78,0,2013,1,"","San Bernardino County, California","Private","Sporting goods merchant wholesalers","County, NAICS 6-digit -- by ownership sector","All establishment sizes",32,376,379,377,4127377,2091361,103014,841
"06071",5,"423910",78,0,2013,2,"","San Bernardino County, California","Private","Sporting goods merchant wholesalers","County, NAICS 6-digit -- by ownership sector","All establishment sizes",33,377,377,370,3930211,415734,21313,807
"06071",5,"423910",78,0,2013,3,"","San Bernardino County, California","Private","Sporting goods merchant wholesalers","County, NAICS 6-digit -- by ownership sector","All establishment sizes",32,398,399,386,4093359,332279,18066,798
"06071",5,"42392",77,0,2013,1,"","San Bernardino County, California","Private","Toy and hobby goods merchant wholesalers","County, NAICS 5-digit -- by ownership sector","All establishment sizes",16,214,214,215,2026289,1264027,60755,727
"06071",5,"42392",77,0,2013,2,"","San Bernardino County, California","Private","Toy and hobby goods merchant wholesalers","County, NAICS 5-digit -- by ownership sector","All establishment sizes",16,211,211,208,2256651,268285,12490,827
"06071",5,"42392",77,0,2013,3,"","San Bernardino County, California","Private","Toy and hobby goods merchant wholesalers","County, NAICS 5-digit -- by ownership sector","All establishment sizes",16,205,206,204,2022809,103107,5244,759
"06071",5,"423920",78,0,2013,1,"","San Bernardino County, California","Private","Toy and hobby goods merchant wholesalers","County, NAICS 6-digit -- by ownership sector","All establishment sizes",16,214,214,215,2026289,1264027,60755,727
"06071",5,"423920",78,0,2013,2,"","San Bernardino County, California","Private","Toy and hobby goods merchant wholesalers","County, NAICS 6-digit -- by ownership sector","All establishment sizes",16,211,211,208,2256651,268285,12490,827
"06071",5,"423920",78,0,2013,3,"","San Bernardino County, California","Private","Toy and hobby goods merchant wholesalers","County, NAICS 6-digit -- by ownership sector","All establishment sizes",16,205,206,204,2022809,103107,5244,759
"06071",5,"42393",77,0,2013,1,"","San Bernardino County, California","Private","Recyclable material merchant wholesalers","County, NAICS 5-digit -- by ownership sector","All establishment sizes",58,681,700,694,6802745,4130288,211111,757
"06071",5,"42393",77,0,2013,2,"","San Bernardino County, California","Private","Recyclable material merchant wholesalers","County, NAICS 5-digit -- by ownership sector","All establishment sizes",58,688,681,690,6816131,935055,43013,764
"06071",5,"42393",77,0,2013,3,"","San Bernardino County, California","Private","Recyclable material merchant wholesalers","County, NAICS 5-digit -- by ownership sector","All establishment sizes",59,684,688,705,6764838,498511,23661,752
"06071",5,"423930",78,0,2013,1,"","San Bernardino County, California","Private","Recyclable material merchant wholesalers","County, NAICS 6-digit -- by ownership sector","All establishment sizes",58,681,700,694,6802745,4130288,211111,757
"06071",5,"423930",78,0,2013,2,"","San Bernardino County, California","Private","Recyclable material merchant wholesalers","County, NAICS 6-digit -- by ownership sector","All establishment sizes",58,688,681,690,6816131,935055,43013,764
"06071",5,"423930",78,0,2013,3,"","San Bernardino County, California","Private","Recyclable material merchant wholesalers","County, NAICS 6-digit -- by ownership sector","All establishment sizes",59,684,688,705,6764838,498511,23661,752
"06071",5,"42394",77,0,2013,1,"","San Bernardino County, California","Private","Jewelry merchant wholesalers","County, NAICS 5-digit -- by ownership sector","All establishment sizes",13,56,60,59,552963,332948,13235,729
"06071",5,"42394",77,0,2013,2,"","San Bernardino County, California","Private","Jewelry merchant wholesalers","County, NAICS 5-digit -- by ownership sector","All establishment sizes",13,61,65,65,606417,77113,3687,733
"06071",5,"42394",77,0,2013,3,"","San Bernardino County, California","Private","Jewelry merchant wholesalers","County, NAICS 5-digit -- by ownership sector","All establishment sizes",13,60,61,56,674247,23157,1059,879
"06071",5,"423940",78,0,2013,1,"","San Bernardino County, California","Private","Jewelry merchant wholesalers","County, NAICS 6-digit -- by ownership sector","All establishment sizes",13,56,60,59,552963,332948,13235,729
"06071",5,"423940",78,0,2013,2,"","San Bernardino County, California","Private","Jewelry merchant wholesalers","County, NAICS 6-digit -- by ownership sector","All establishment sizes",13,61,65,65,606417,77113,3687,733
"06071",5,"423940",78,0,2013,3,"","San Bernardino County, California","Private","Jewelry merchant wholesalers","County, NAICS 6-digit -- by ownership sector","All establishment sizes",13,60,61,56,674247,23157,1059,879
"06071",5,"42399",77,0,2013,1,"","San Bernardino County, California","Private","All other durable goods merchant wholesalers","County, NAICS 5-digit -- by ownership sector","All establishment sizes",66,438,444,447,6066072,2750928,137373,1053
"06071",5,"42399",77,0,2013,2,"","San Bernardino County, California","Private","All other durable goods merchant wholesalers","County, NAICS 5-digit -- by ownership sector","All establishment sizes",66,464,451,469,5263031,587318,30133,878
"06071",5,"42399",77,0,2013,3,"","San Bernardino County, California","Private","All other durable goods merchant wholesalers","County, NAICS 5-digit -- by ownership sector","All establishment sizes",65,472,470,465,5580723,359186,17808,915
"06071",5,"423990",78,0,2013,1,"","San Bernardino County, California","Private","All other durable goods merchant wholesalers","County, NAICS 6-digit -- by ownership sector","All establishment sizes",66,438,444,447,6066072,2750928,137373,1053
"06071",5,"423990",78,0,2013,2,"","San Bernardino County, California","Private","All other durable goods merchant wholesalers","County, NAICS 6-digit -- by ownership sector","All establishment sizes",66,464,451,469,5263031,587318,30133,878
"06071",5,"423990",78,0,2013,3,"","San Bernardino County, California","Private","All other durable goods merchant wholesalers","County, NAICS 6-digit -- by ownership sector","All establishment sizes",65,472,470,465,5580723,359186,17808,915
"06071",5,"424",75,0,2013,1,"","San Bernardino County, California","Private","Merchant wholesalers, nondurable goods","County, NAICS 3-digit -- by ownership sector","All establishment sizes",635,9872,9947,10148,122093617,62444359,3360550,940
"06071",5,"424",75,0,2013,2,"","San Bernardino County, California","Private","Merchant wholesalers, nondurable goods","County, NAICS 3-digit -- by ownership sector","All establishment sizes",635,10032,10054,10097,118026910,9601119,483912,902
"06071",5,"424",75,0,2013,3,"","San Bernardino County, California","Private","Merchant wholesalers, nondurable goods","County, NAICS 3-digit -- by ownership sector","All establishment sizes",637,9931,10176,10059,124280124,5618503,295539,951
"06071",5,"4241",76,0,2013,1,"","San Bernardino County, California","Private","Paper and paper product merchant wholesalers","County, NAICS 4-digit -- by ownership sector","All establishment sizes",48,743,749,740,9094771,4459933,223202,940
"06071",5,"4241",76,0,2013,2,"","San Bernardino County, California","Private","Paper and paper product merchant wholesalers","County, NAICS 4-digit -- by ownership sector","All establishment sizes",48,750,752,766,9190710,510315,24414,935
"06071",5,"4241",76,0,2013,3,"","San Bernardino County, California","Private","Paper and paper product merchant wholesalers","County, NAICS 4-digit -- by ownership sector","All establishment sizes",48,741,732,738,9794589,203773,9699,1022
"06071",5,"42411",77,0,2013,1,"","San Bernardino County, California","Private","Printing and writing paper merch. whls.","County, NAICS 5-digit -- by ownership sector","All establishment sizes",10,93,93,93,1062889,559360,33461,879
"06071",5,"42411",77,0,2013,2,"","San Bernardino County, California","Private","Printing and writing paper merch. whls.","County, NAICS 5-digit -- by ownership sector","All establishment sizes",10,92,93,93,1014541,60137,3319,842
"06071",5,"42411",77,0,2013,3,"","San Bernardino County, California","Private","Printing and writing paper merch. whls.","County, NAICS 5-digit -- by ownership sector","All establishment sizes",10,91,92,91,1104074,35171,1924,930
"06071",5,"424110",78,0,2013,1,"","San Bernardino County, California","Private","Printing and writing paper merch. whls.","County, NAICS 6-digit -- by ownership sector","All establishment sizes",10,93,93,93,1062889,559360,33461,879
"06071",5,"424110",78,0,2013,2,"","San Bernardino County, California","Private","Printing and writing paper merch. whls.","County, NAICS 6-digit -- by ownership sector","All establishment sizes",10,92,93,93,1014541,60137,3319,842
"06071",5,"424110",78,0,2013,3,"","San Bernardino County, California","Private","Printing and writing paper merch. whls.","County, NAICS 6-digit -- by ownership sector","All establishment sizes",10,91,92,91,1104074,35171,1924,930
"06071",5,"42412",77,0,2013,1,"","San Bernardino County, California","Private","Office supplies merchant wholesalers","County, NAICS 5-digit -- by ownership sector","All establishment sizes",12,97,97,95,947072,545152,28514,756
"06071",5,"42412",77,0,2013,2,"","San Bernardino County, California","Private","Office supplies merchant wholesalers","County, NAICS 5-digit -- by ownership sector","All establishment sizes",12,95,95,97,1041776,128264,6729,838
"06071",5,"42412",77,0,2013,3,"","San Bernardino County, California","Private","Office supplies merchant wholesalers","County, NAICS 5-digit -- by ownership sector","All establishment sizes",12,98,97,101,1094383,61553,3292,853
"06071",5,"424120",78,0,2013,1,"","San Bernardino County, California","Private","Office supplies merchant wholesalers","County, NAICS 6-digit -- by ownership sector","All establishment sizes",12,97,97,95,947072,545152,28514,756
"06071",5,"424120",78,0,2013,2,"","San Bernardino County, California","Private","Office supplies merchant wholesalers","County, NAICS 6-digit -- by ownership sector","All establishment sizes",12,95,95,97,1041776,128264,6729,838
"06071",5,"424120",78,0,2013,3,"","San Bernardino County, California","Private","Office supplies merchant wholesalers","County, NAICS 6-digit -- by ownership sector","All establishment sizes",12,98,97,101,1094383,61553,3292,853
"06071",5,"42413",77,0,2013,1,"","San Bernardino County, California","Private","Industrial paper merchant wholesalers","County, NAICS 5-digit -- by ownership sector","All establishment sizes",26,553,559,552,7084810,3355421,161227,983
"06071",5,"42413",77,0,2013,2,"","San Bernardino County, California","Private","Industrial paper merchant wholesalers","County, NAICS 5-digit -- by ownership sector","All establishment sizes",26,563,564,576,7134393,321914,14366,967
"06071",5,"42413",77,0,2013,3,"","San Bernardino County, California","Private","Industrial paper merchant wholesalers","County, NAICS 5-digit -- by ownership sector","All establishment sizes",26,552,543,546,7596132,107049,4483,1068
"06071",5,"424130",78,0,2013,1,"","San Bernardino County, California","Private","Industrial paper merchant wholesalers","County, NAICS 6-digit -- by ownership sector","All establishment sizes",26,553,559,552,7084810,3355421,161227,983
"06071",5,"424130",78,0,2013,2,"","San Bernardino County, California","Private","Industrial paper merchant wholesalers","County, NAICS 6-digit -- by ownership sector","All establishment sizes",26,563,564,576,7134393,321914,14366,967
"06071",5,"424130",78,0,2013,3,"","San Bernardino County, California","Private","Industrial paper merchant wholesalers","County, NAICS 6-digit -- by ownership sector","All establishment sizes",26,552,543,546,7596132,107049,4483,1068
"06071",5,"4242",76,0,2013,1,"","San Bernardino County, California","Private","Druggists' goods merchant wholesalers","County, NAICS 4-digit -- by ownership sector","All establishment sizes",48,498,493,477,6400830,2961232,138668,1006
"06071",5,"4242",76,0,2013,2,"","San Bernardino County, California","Private","Druggists' goods merchant wholesalers","County, NAICS 4-digit -- by ownership sector","All establishment sizes",47,495,483,498,6324643,616951,28279,989
"06071",5,"4242",76,0,2013,3,"","San Bernardino County, California","Private","Druggists' goods merchant wholesalers","County, NAICS 4-digit -- by ownership sector","All establishment sizes",48,492,493,484,6756415,249928,11757,1061
"06071",5,"42421",77,0,2013,1,"","San Bernardino County, California","Private","Druggists' goods merchant wholesalers","County, NAICS 5-digit -- by ownership sector","All establishment sizes",48,498,493,477,6400830,2961232,138668,1006
"06071",5,"42421",77,0,2013,2,"","San Bernardino County, California","Private","Druggists' goods merchant wholesalers","County, NAICS 5-digit -- by ownership sector","All establishment sizes",47,495,483,498,6324643,616951,28279,989
"06071",5,"42421",77,0,2013,3,"","San Bernardino County, California","Private","Druggists' goods merchant wholesalers","County, NAICS 5-digit -- by ownership sector","All establishment sizes",48,492,493,484,6756415,249928,11757,1061
"06071",5,"424210",78,0,2013,1,"","San Bernardino County, California","Private","Druggists' goods merchant wholesalers","County, NAICS 6-digit -- by ownership sector","All establishment sizes",48,498,493,477,6400830,2961232,138668,1006
"06071",5,"424210",78,0,2013,2,"","San Bernardino County, California","Private","Druggists' goods merchant wholesalers","County, NAICS 6-digit -- by ownership sector","All establishment sizes",47,495,483,498,6324643,616951,28279,989
"06071",5,"424210",78,0,2013,3,"","San Bernardino County, California","Private","Druggists' goods merchant wholesalers","County, NAICS 6-digit -- by ownership sector","All establishment sizes",48,492,493,484,6756415,249928,11757,1061
"06071",5,"4243",76,0,2013,1,"","San Bernardino County, California","Private","Apparel and piece goods merchant wholesalers","County, NAICS 4-digit -- by ownership sector","All establishment sizes",76,1087,1103,1112,12249854,6909077,387255,856
"06071",5,"4243",76,0,2013,2,"","San Bernardino County, California","Private","Apparel and piece goods merchant wholesalers","County, NAICS 4-digit -- by ownership sector","All establishment sizes",79,1137,1141,1141,12378040,1372409,78005,835
"06071",5,"4243",76,0,2013,3,"","San Bernardino County, California","Private","Apparel and piece goods merchant wholesalers","County, NAICS 4-digit -- by ownership sector","All establishment sizes",78,1162,1197,1201,13293783,1343558,79678,862
"06071",5,"42431",77,0,2013,1,"","San Bernardino County, California","Private","Piece goods merchant wholesalers","County, NAICS 5-digit -- by ownership sector","All establishment sizes",16,140,140,138,2082999,881265,45666,1150
"06071",5,"42431",77,0,2013,2,"","San Bernardino County, California","Private","Piece goods merchant wholesalers","County, NAICS 5-digit -- by ownership sector","All establishment sizes",17,141,138,138,1867727,111004,4903,1034
"06071",5,"42431",77,0,2013,3,"","San Bernardino County, California","Private","Piece goods merchant wholesalers","County, NAICS 5-digit -- by ownership sector","All establishment sizes",17,141,140,140,1699157,60184,2712,931
"06071",5,"424310",78,0,2013,1,"","San Bernardino County, California","Private","Piece goods merchant wholesalers","County, NAICS 6-digit -- by ownership sector","All establishment sizes",16,140,140,138,2082999,881265,45666,1150
"06071",5,"424310",78,0,2013,2,"","San Bernardino County, California","Private","Piece goods merchant wholesalers","County, NAICS 6-digit -- by ownership sector","All establishment sizes",17,141,138,138,1867727,111004,4903,1034
"06071",5,"424310",78,0,2013,3,"","San Bernardino County, California","Private","Piece goods merchant wholesalers","County, NAICS 6-digit -- by ownership sector","All establishment sizes",17,141,140,140,1699157,60184,2712,931
"06071",5,"42432",77,0,2013,1,"","San Bernardino County, California","Private","Men's and boys' clothing merchant wholesalers","County, NAICS 5-digit -- by ownership sector","All establishment sizes",13,114,124,125,1795792,789836,43272,1142
"06071",5,"42432",77,0,2013,2,"","San Bernardino County, California","Private","Men's and boys' clothing merchant wholesalers","County, NAICS 5-digit -- by ownership sector","All establishment sizes",14,132,141,135,1591063,185654,10649,900
"06071",5,"42432",77,0,2013,3,"","San Bernardino County, California","Private","Men's and boys' clothing merchant wholesalers","County, NAICS 5-digit -- by ownership sector","All establishment sizes",13,159,194,200,2247507,459548,27950,938
"06071",5,"424320",78,0,2013,1,"","San Bernardino County, California","Private","Men's and boys' clothing merchant wholesalers","County, NAICS 6-digit -- by ownership sector","All establishment sizes",13,114,124,125,1795792,789836,43272,1142
"06071",5,"424320",78,0,2013,2,"","San Bernardino County, California","Private","Men's and boys' clothing merchant wholesalers","County, NAICS 6-digit -- by ownership sector","All establishment sizes",14,132,141,135,1591063,185654,10649,900
"06071",5,"424320",78,0,2013,3,"","San Bernardino County, California","Private","Men's and boys' clothing merchant wholesalers","County, NAICS 6-digit -- by ownership sector","All establishment sizes",13,159,194,200,2247507,459548,27950,938
"06071",5,"42433",77,0,2013,1,"","San Bernardino County, California","Private","Women's and children's clothing merch. whls.","County, NAICS 5-digit -- by ownership sector","All establishment sizes",27,259,250,263,2581120,1555142,87553,772
"06071",5,"42433",77,0,2013,2,"","San Bernardino County, California","Private","Women's and children's clothing merch. whls.","County, NAICS 5-digit -- by ownership sector","All establishment sizes",27,255,257,260,2662663,371409,20326,796
"06071",5,"42433",77,0,2013,3,"","San Bernardino County, California","Private","Women's and children's clothing merch. whls.","County, NAICS 5-digit -- by ownership sector","All establishment sizes",27,267,267,273,2778225,212547,11690,794
"06071",5,"424330",78,0,2013,1,"","San Bernardino County, California","Private","Women's and children's clothing merch. whls.","County, NAICS 6-digit -- by ownership sector","All establishment sizes",27,259,250,263,2581120,1555142,87553,772
"06071",5,"424330",78,0,2013,2,"","San Bernardino County, California","Private","Women's and children's clothing merch. whls.","County, NAICS 6-digit -- by ownership sector","All establishment sizes",27,255,257,260,2662663,371409,20326,796
"06071",5,"424330",78,0,2013,3,"","San Bernardino County, California","Private","Women's and children's clothing merch. whls.","County, NAICS 6-digit -- by ownership sector","All establishment sizes",27,267,267,273,2778225,212547,11690,794
"06071",5,"42434",77,0,2013,1,"","San Bernardino County, California","Private","Footwear merchant wholesalers","County, NAICS 5-digit -- by ownership sector","All establishment sizes",20,574,589,586,5789943,3682834,210764,764
"06071",5,"42434",77,0,2013,2,"","San Bernardino County, California","Private","Footwear merchant wholesalers","County, NAICS 5-digit -- by ownership sector","All establishment sizes",21,609,605,608,6256587,704342,42127,792
"06071",5,"42434",77,0,2013,3,"","San Bernardino County, California","Private","Footwear merchant wholesalers","County, NAICS 5-digit -- by ownership sector","All establishment sizes",21,595,596,588,6568894,611279,37326,852
"06071",5,"424340",78,0,2013,1,"","San Bernardino County, California","Private","Footwear merchant wholesalers","County, NAICS 6-digit -- by ownership sector","All establishment sizes",20,574,589,586,5789943,3682834,210764,764
"06071",5,"424340",78,0,2013,2,"","San Bernardino County, California","Private","Footwear merchant wholesalers","County, NAICS 6-digit -- by ownership sector","All establishment sizes",21,609,605,608,6256587,704342,42127,792
"06071",5,"424340",78,0,2013,3,"","San Bernardino County, California","Private","Footwear merchant wholesalers","County, NAICS 6-digit -- by ownership sector","All establishment sizes",21,595,596,588,6568894,611279,37326,852
"06071",5,"4244",76,0,2013,1,"","San Bernardino County, California","Private","Grocery and related product wholesalers","County, NAICS 4-digit -- by ownership sector","All establishment sizes",140,4115,4183,4390,54807350,28023160,1564160,997
"06071",5,"4244",76,0,2013,2,"","San Bernardino County, California","Private","Grocery and related product wholesalers","County, NAICS 4-digit -- by ownership sector","All establishment sizes",141,4194,4193,4175,49794927,3228167,162571,915
"06071",5,"4244",76,0,2013,3,"","San Bernardino County, California","Private","Grocery and related product wholesalers","County, NAICS 4-digit -- by ownership sector","All establishment sizes",139,4059,4157,4142,54227227,1992374,102948,1013
"06071",5,"42441",77,0,2013,1,"","San Bernardino County, California","Private","General line grocery merchant wholesalers","County, NAICS 5-digit -- by ownership sector","All establishment sizes",37,1371,1332,1318,16246530,8664732,481943,932
"06071",5,"42441",77,0,2013,2,"","San Bernardino County, California","Private","General line grocery merchant wholesalers","County, NAICS 5-digit -- by ownership sector","All establishment sizes",36,1315,1317,1315,14432061,834806,41724,844
"06071",5,"42441",77,0,2013,3,"","San Bernardino County, California","Private","General line grocery merchant wholesalers","County, NAICS 5-digit -- by ownership sector","All establishment sizes",36,1322,1323,1305,15714360,626410,30876,918
"06071",5,"424410",78,0,2013,1,"","San Bernardino County, California","Private","General line grocery merchant wholesalers","County, NAICS 6-digit -- by ownership sector","All establishment sizes",37,1371,1332,1318,16246530,8664732,481943,932
"06071",5,"424410",78,0,2013,2,"","San Bernardino County, California","Private","General line grocery merchant wholesalers","County, NAICS 6-digit -- by ownership sector","All establishment sizes",36,1315,1317,1315,14432061,834806,41724,844
"06071",5,"424410",78,0,2013,3,"","San Bernardino County, California","Private","General line grocery merchant wholesalers","County, NAICS 6-digit -- by ownership sector","All establishment sizes",36,1322,1323,1305,15714360,626410,30876,918
"06071",5,"42442",77,0,2013,1,"","San Bernardino County, California","Private","Packaged frozen food merchant wholesalers","County, NAICS 5-digit -- by ownership sector","All establishment sizes",6,475,506,511,5264441,3256359,195900,814
"06071",5,"42442",77,0,2013,2,"","San Bernardino County, California","Private","Packaged frozen food merchant wholesalers","County, NAICS 5-digit -- by ownership sector","All establishment sizes",6,526,487,481,4734565,474286,26766,731
"06071",5,"42442",77,0,2013,3,"","San Bernardino County, California","Private","Packaged frozen food merchant wholesalers","County, NAICS 5-digit -- by ownership sector","All establishment sizes",6,451,467,494,3841543,245350,14308,628
"06071",5,"424420",78,0,2013,1,"","San Bernardino County, California","Private","Packaged frozen food merchant wholesalers","County, NAICS 6-digit -- by ownership sector","All establishment sizes",6,475,506,511,5264441,3256359,195900,814
"06071",5,"424420",78,0,2013,2,"","San Bernardino County, California","Private","Packaged frozen food merchant wholesalers","County, NAICS 6-digit -- by ownership sector","All establishment sizes",6,526,487,481,4734565,474286,26766,731
"06071",5,"424420",78,0,2013,3,"","San Bernardino County, California","Private","Packaged frozen food merchant wholesalers","County, NAICS 6-digit -- by ownership sector","All establishment sizes",6,451,467,494,3841543,245350,14308,628
"06071",5,"42443",77,0,2013,1,"","San Bernardino County, California","Private","Dairy product merchant wholesalers","County, NAICS 5-digit -- by ownership sector","All establishment sizes",9,68,72,72,846405,409966,24937,921
"06071",5,"42443",77,0,2013,2,"","San Bernardino County, California","Private","Dairy product merchant wholesalers","County, NAICS 5-digit -- by ownership sector","All establishment sizes",10,78,79,81,1130567,88393,4762,1096
"06071",5,"42443",77,0,2013,3,"","San Bernardino County, California","Private","Dairy product merchant wholesalers","County, NAICS 5-digit -- by ownership sector","All establishment sizes",9,72,67,70,981770,57293,2786,1084
"06071",5,"424430",78,0,2013,1,"","San Bernardino County, California","Private","Dairy product merchant wholesalers","County, NAICS 6-digit -- by ownership sector","All establishment sizes",9,68,72,72,846405,409966,24937,921
"06071",5,"424430",78,0,2013,2,"","San Bernardino County, California","Private","Dairy product merchant wholesalers","County, NAICS 6-digit -- by ownership sector","All establishment sizes",10,78,79,81,1130567,88393,4762,1096
"06071",5,"424430",78,0,2013,3,"","San Bernardino County, California","Private","Dairy product merchant wholesalers","County, NAICS 6-digit -- by ownership sector","All establishment sizes",9,72,67,70,981770,57293,2786,1084
"06071",5,"42444",77,0,2013,1,"N","San Bernardino County, California","Private","Poultry product merchant wholesalers","County, NAICS 5-digit -- by ownership sector","All establishment sizes",3,0,0,0,0,0,0,0
"06071",5,"42444",77,0,2013,2,"N","San Bernardino County, California","Private","Poultry product merchant wholesalers","County, NAICS 5-digit -- by ownership sector","All establishment sizes",3,0,0,0,0,0,0,0
"06071",5,"42444",77,0,2013,3,"N","San Bernardino County, California","Private","Poultry product merchant wholesalers","County, NAICS 5-digit -- by ownership sector","All establishment sizes",2,0,0,0,0,0,0,0
"06071",5,"424440",78,0,2013,1,"N","San Bernardino County, California","Private","Poultry product merchant wholesalers","County, NAICS 6-digit -- by ownership sector","All establishment sizes",3,0,0,0,0,0,0,0
"06071",5,"424440",78,0,2013,2,"N","San Bernardino County, California","Private","Poultry product merchant wholesalers","County, NAICS 6-digit -- by ownership sector","All establishment sizes",3,0,0,0,0,0,0,0
"06071",5,"424440",78,0,2013,3,"N","San Bernardino County, California","Private","Poultry product merchant wholesalers","County, NAICS 6-digit -- by ownership sector","All establishment sizes",2,0,0,0,0,0,0,0
"06071",5,"42445",77,0,2013,1,"","San Bernardino County, California","Private","Confectionery merchant wholesalers","County, NAICS 5-digit -- by ownership sector","All establishment sizes",11,342,340,348,4632055,2295147,134321,1038
"06071",5,"42445",77,0,2013,2,"","San Bernardino County, California","Private","Confectionery merchant wholesalers","County, NAICS 5-digit -- by ownership sector","All establishment sizes",12,320,320,328,4650607,225345,12663,1109
"06071",5,"42445",77,0,2013,3,"","San Bernardino County, California","Private","Confectionery merchant wholesalers","County, NAICS 5-digit -- by ownership sector","All establishment sizes",12,329,327,334,4808887,133545,7441,1121
"06071",5,"424450",78,0,2013,1,"","San Bernardino County, California","Private","Confectionery merchant wholesalers","County, NAICS 6-digit -- by ownership sector","All establishment sizes",11,342,340,348,4632055,2295147,134321,1038
"06071",5,"424450",78,0,2013,2,"","San Bernardino County, California","Private","Confectionery merchant wholesalers","County, NAICS 6-digit -- by ownership sector","All establishment sizes",12,320,320,328,4650607,225345,12663,1109
"06071",5,"424450",78,0,2013,3,"","San Bernardino County, California","Private","Confectionery merchant wholesalers","County, NAICS 6-digit -- by ownership sector","All establishment sizes",12,329,327,334,4808887,133545,7441,1121
"06071",5,"42446",77,0,2013,1,"N","San Bernardino County, California","Private","Fish and seafood merchant wholesalers","County, NAICS 5-digit -- by ownership sector","All establishment sizes",2,0,0,0,0,0,0,0
"06071",5,"42446",77,0,2013,2,"N","San Bernardino County, California","Private","Fish and seafood merchant wholesalers","County, NAICS 5-digit -- by ownership sector","All establishment sizes",2,0,0,0,0,0,0,0
"06071",5,"42446",77,0,2013,3,"N","San Bernardino County, California","Private","Fish and seafood merchant wholesalers","County, NAICS 5-digit -- by ownership sector","All establishment sizes",2,0,0,0,0,0,0,0
"06071",5,"424460",78,0,2013,1,"N","San Bernardino County, California","Private","Fish and seafood merchant wholesalers","County, NAICS 6-digit -- by ownership sector","All establishment sizes",2,0,0,0,0,0,0,0
"06071",5,"424460",78,0,2013,2,"N","San Bernardino County, California","Private","Fish and seafood merchant wholesalers","County, NAICS 6-digit -- by ownership sector","All establishment sizes",2,0,0,0,0,0,0,0
"06071",5,"424460",78,0,2013,3,"N","San Bernardino County, California","Private","Fish and seafood merchant wholesalers","County, NAICS 6-digit -- by ownership sector","All establishment sizes",2,0,0,0,0,0,0,0
"06071",5,"42447",77,0,2013,1,"","San Bernardino County, California","Private","Meat and meat product merchant wholesalers","County, NAICS 5-digit -- by ownership sector","All establishment sizes",14,287,286,288,2550023,1628160,78604,683
"06071",5,"42447",77,0,2013,2,"","San Bernardino County, California","Private","Meat and meat product merchant wholesalers","County, NAICS 5-digit -- by ownership sector","All establishment sizes",14,286,289,289,3204376,404770,19147,856
"06071",5,"42447",77,0,2013,3,"","San Bernardino County, California","Private","Meat and meat product merchant wholesalers","County, NAICS 5-digit -- by ownership sector","All establishment sizes",14,286,293,276,2673473,121531,5395,722
"06071",5,"424470",78,0,2013,1,"","San Bernardino County, California","Private","Meat and meat product merchant wholesalers","County, NAICS 6-digit -- by ownership sector","All establishment sizes",14,287,286,288,2550023,1628160,78604,683
"06071",5,"424470",78,0,2013,2,"","San Bernardino County, California","Private","Meat and meat product merchant wholesalers","County, NAICS 6-digit -- by ownership sector","All establishment sizes",14,286,289,289,3204376,404770,19147,856
"06071",5,"424470",78,0,2013,3,"","San Bernardino County, California","Private","Meat and meat product merchant wholesalers","County, NAICS 6-digit -- by ownership sector","All establishment sizes",14,286,293,276,2673473,121531,5395,722
"06071",5,"42448",77,0,2013,1,"","San Bernardino County, California","Private","Fruit and vegetable merchant wholesalers","County, NAICS 5-digit -- by ownership sector","All establishment sizes",12,165,163,159,2275849,998900,52137,1078
"06071",5,"42448",77,0,2013,2,"","San Bernardino County, California","Private","Fruit and vegetable merchant wholesalers","County, NAICS 5-digit -- by ownership sector","All establishment sizes",12,198,203,205,2295929,282848,15541,874
"06071",5,"42448",77,0,2013,3,"","San Bernardino County, California","Private","Fruit and vegetable merchant wholesalers","County, NAICS 5-digit -- by ownership sector","All establishment sizes",12,163,172,170,2219748,156024,8549,1014
"06071",5,"424480",78,0,2013,1,"","San Bernardino County, California","Private","Fruit and vegetable merchant wholesalers","County, NAICS 6-digit -- by ownership sector","All establishment sizes",12,165,163,159,2275849,998900,52137,1078
"06071",5,"424480",78,0,2013,2,"","San Bernardino County, California","Private","Fruit and vegetable merchant wholesalers","County, NAICS 6-digit -- by ownership sector","All establishment sizes",12,198,203,205,2295929,282848,15541,874
"06071",5,"424480",78,0,2013,3,"","San Bernardino County, California","Private","Fruit and vegetable merchant wholesalers","County, NAICS 6-digit -- by ownership sector","All establishment sizes",12,163,172,170,2219748,156024,8549,1014
"06071",5,"42449",77,0,2013,1,"","San Bernardino County, California","Private","Other grocery product merchant wholesalers","County, NAICS 5-digit -- by ownership sector","All establishment sizes",46,1343,1417,1624,22382455,10427115,580764,1178
"06071",5,"42449",77,0,2013,2,"","San Bernardino County, California","Private","Other grocery product merchant wholesalers","County, NAICS 5-digit -- by ownership sector","All establishment sizes",46,1411,1438,1428,19012590,829758,37974,1026
"06071",5,"42449",77,0,2013,3,"","San Bernardino County, California","Private","Other grocery product merchant wholesalers","County, NAICS 5-digit -- by ownership sector","All establishment sizes",46,1386,1462,1441,23614796,624602,32367,1271
"06071",5,"424490",78,0,2013,1,"","San Bernardino County, California","Private","Other grocery product merchant wholesalers","County, NAICS 6-digit -- by ownership sector","All establishment sizes",46,1343,1417,1624,22382455,10427115,580764,1178
"06071",5,"424490",78,0,2013,2,"","San Bernardino County, California","Private","Other grocery product merchant wholesalers","County, NAICS 6-digit -- by ownership sector","All establishment sizes",46,1411,1438,1428,19012590,829758,37974,1026
"06071",5,"424490",78,0,2013,3,"","San Bernardino County, California","Private","Other grocery product merchant wholesalers","County, NAICS 6-digit -- by ownership sector","All establishment sizes",46,1386,1462,1441,23614796,624602,32367,1271
"06071",5,"4245",76,0,2013,1,"","San Bernardino County, California","Private","Farm product raw material merch. whls.","County, NAICS 4-digit -- by ownership sector","All establishment sizes",10,83,84,83,606194,451480,20131,560
"06071",5,"4245",76,0,2013,2,"","San Bernardino County, California","Private","Farm product raw material merch. whls.","County, NAICS 4-digit -- by ownership sector","All establishment sizes",10,77,78,79,566838,98603,3841,559
"06071",5,"4245",76,0,2013,3,"","San Bernardino County, California","Private","Farm product raw material merch. whls.","County, NAICS 4-digit -- by ownership sector","All establishment sizes",10,75,83,84,596816,66052,2599,569
"06071",5,"42451",77,0,2013,1,"N","San Bernardino County, California","Private","Grain and field bean merchant wholesalers","County, NAICS 5-digit -- by ownership sector","All establishment sizes",1,0,0,0,0,0,0,0
"06071",5,"42451",77,0,2013,2,"N","San Bernardino County, California","Private","Grain and field bean merchant wholesalers","County, NAICS 5-digit -- by ownership sector","All establishment sizes",1,0,0,0,0,0,0,0
"06071",5,"42451",77,0,2013,3,"N","San Bernardino County, California","Private","Grain and field bean merchant wholesalers","County, NAICS 5-digit -- by ownership sector","All establishment sizes",1,0,0,0,0,0,0,0
"06071",5,"424510",78,0,2013,1,"N","San Bernardino County, California","Private","Grain and field bean merchant wholesalers","County, NAICS 6-digit -- by ownership sector","All establishment sizes",1,0,0,0,0,0,0,0
"06071",5,"424510",78,0,2013,2,"N","San Bernardino County, California","Private","Grain and field bean merchant wholesalers","County, NAICS 6-digit -- by ownership sector","All establishment sizes",1,0,0,0,0,0,0,0
"06071",5,"424510",78,0,2013,3,"N","San Bernardino County, California","Private","Grain and field bean merchant wholesalers","County, NAICS 6-digit -- by ownership sector","All establishment sizes",1,0,0,0,0,0,0,0
"06071",5,"42452",77,0,2013,1,"","San Bernardino County, California","Private","Livestock merchant wholesalers","County, NAICS 5-digit -- by ownership sector","All establishment sizes",4,32,34,33,165161,134761,4083,385
"06071",5,"42452",77,0,2013,2,"","San Bernardino County, California","Private","Livestock merchant wholesalers","County, NAICS 5-digit -- by ownership sector","All establishment sizes",4,31,30,31,166452,50605,1537,418
"06071",5,"42452",77,0,2013,3,"","San Bernardino County, California","Private","Livestock merchant wholesalers","County, NAICS 5-digit -- by ownership sector","All establishment sizes",4,32,33,32,153859,30141,896,366
"06071",5,"424520",78,0,2013,1,"","San Bernardino County, California","Private","Livestock merchant wholesalers","County, NAICS 6-digit -- by ownership sector","All establishment sizes",4,32,34,33,165161,134761,4083,385
"06071",5,"424520",78,0,2013,2,"","San Bernardino County, California","Private","Livestock merchant wholesalers","County, NAICS 6-digit -- by ownership sector","All establishment sizes",4,31,30,31,166452,50605,1537,418
"06071",5,"424520",78,0,2013,3,"","San Bernardino County, California","Private","Livestock merchant wholesalers","County, NAICS 6-digit -- by ownership sector","All establishment sizes",4,32,33,32,153859,30141,896,366
"06071",5,"42459",77,0,2013,1,"N","San Bernardino County, California","Private","Other farm product raw material merch. whls.","County, NAICS 5-digit -- by ownership sector","All establishment sizes",5,0,0,0,0,0,0,0
"06071",5,"42459",77,0,2013,2,"N","San Bernardino County, California","Private","Other farm product raw material merch. whls.","County, NAICS 5-digit -- by ownership sector","All establishment sizes",5,0,0,0,0,0,0,0
"06071",5,"42459",77,0,2013,3,"N","San Bernardino County, California","Private","Other farm product raw material merch. whls.","County, NAICS 5-digit -- by ownership sector","All establishment sizes",5,0,0,0,0,0,0,0
"06071",5,"424590",78,0,2013,1,"N","San Bernardino County, California","Private","Other farm product raw material merch. whls.","County, NAICS 6-digit -- by ownership sector","All establishment sizes",5,0,0,0,0,0,0,0
"06071",5,"424590",78,0,2013,2,"N","San Bernardino County, California","Private","Other farm product raw material merch. whls.","County, NAICS 6-digit -- by ownership sector","All establishment sizes",5,0,0,0,0,0,0,0
"06071",5,"424590",78,0,2013,3,"N","San Bernardino County, California","Private","Other farm product raw material merch. whls.","County, NAICS 6-digit -- by ownership sector","All establishment sizes",5,0,0,0,0,0,0,0
"06071",5,"4246",76,0,2013,1,"","San Bernardino County, California","Private","Chemical merchant wholesalers","County, NAICS 4-digit -- by ownership sector","All establishment sizes",55,594,611,622,9793957,4021231,205618,1237
"06071",5,"4246",76,0,2013,2,"","San Bernardino County, California","Private","Chemical merchant wholesalers","County, NAICS 4-digit -- by ownership sector","All establishment sizes",54,604,615,622,10356035,494646,27069,1298
"06071",5,"4246",76,0,2013,3,"","San Bernardino County, California","Private","Chemical merchant wholesalers","County, NAICS 4-digit -- by ownership sector","All establishment sizes",54,602,604,597,9631508,270165,13961,1233
"06071",5,"42461",77,0,2013,1,"","San Bernardino County, California","Private","Plastics materials merchant wholesalers","County, NAICS 5-digit -- by ownership sector","All establishment sizes",24,277,287,293,4592888,1850762,104282,1237
"06071",5,"42461",77,0,2013,2,"","San Bernardino County, California","Private","Plastics materials merchant wholesalers","County, NAICS 5-digit -- by ownership sector","All establishment sizes",24,280,288,291,4756853,302543,17175,1278
"06071",5,"42461",77,0,2013,3,"","San Bernardino County, California","Private","Plastics materials merchant wholesalers","County, NAICS 5-digit -- by ownership sector","All establishment sizes",24,287,284,280,4198492,121654,6818,1139
"06071",5,"424610",78,0,2013,1,"","San Bernardino County, California","Private","Plastics materials merchant wholesalers","County, NAICS 6-digit -- by ownership sector","All establishment sizes",24,277,287,293,4592888,1850762,104282,1237
"06071",5,"424610",78,0,2013,2,"","San Bernardino County, California","Private","Plastics materials merchant wholesalers","County, NAICS 6-digit -- by ownership sector","All establishment sizes",24,280,288,291,4756853,302543,17175,1278
"06071",5,"424610",78,0,2013,3,"","San Bernardino County, California","Private","Plastics materials merchant wholesalers","County, NAICS 6-digit -- by ownership sector","All establishment sizes",24,287,284,280,4198492,121654,6818,1139
"06071",5,"42469",77,0,2013,1,"","San Bernardino County, California","Private","Other chemicals merchant wholesalers","County, NAICS 5-digit -- by ownership sector","All establishment sizes",31,317,324,329,5201069,2170469,101336,1237
"06071",5,"42469",77,0,2013,2,"","San Bernardino County, California","Private","Other chemicals merchant wholesalers","County, NAICS 5-digit -- by ownership sector","All establishment sizes",30,324,327,331,5599182,192103,9894,1316
"06071",5,"42469",77,0,2013,3,"","San Bernardino County, California","Private","Other chemicals merchant wholesalers","County, NAICS 5-digit -- by ownership sector","All establishment sizes",30,315,320,317,5433016,148511,7143,1317
"06071",5,"424690",78,0,2013,1,"","San Bernardino County, California","Private","Other chemicals merchant wholesalers","County, NAICS 6-digit -- by ownership sector","All establishment sizes",31,317,324,329,5201069,2170469,101336,1237
"06071",5,"424690",78,0,2013,2,"","San Bernardino County, California","Private","Other chemicals merchant wholesalers","County, NAICS 6-digit -- by ownership sector","All establishment sizes",30,324,327,331,5599182,192103,9894,1316
"06071",5,"424690",78,0,2013,3,"","San Bernardino County, California","Private","Other chemicals merchant wholesalers","County, NAICS 6-digit -- by ownership sector","All establishment sizes",30,315,320,317,5433016,148511,7143,1317
"06071",5,"4247",76,0,2013,1,"","San Bernardino County, California","Private","Petroleum merchant wholesalers","County, NAICS 4-digit -- by ownership sector","All establishment sizes",20,296,293,293,4096102,1883986,116088,1072
"06071",5,"4247",76,0,2013,2,"","San Bernardino County, California","Private","Petroleum merchant wholesalers","County, NAICS 4-digit -- by ownership sector","All establishment sizes",19,303,306,319,4173079,299792,18465,1038
"06071",5,"4247",76,0,2013,3,"","San Bernardino County, California","Private","Petroleum merchant wholesalers","County, NAICS 4-digit -- by ownership sector","All establishment sizes",19,303,300,317,4155709,211609,13120,1042
"06071",5,"42471",77,0,2013,1,"","San Bernardino County, California","Private","Petroleum bulk stations and terminals","County, NAICS 5-digit -- by ownership sector","All establishment sizes",7,76,72,71,844552,504251,30675,890
"06071",5,"42471",77,0,2013,2,"","San Bernardino County, California","Private","Petroleum bulk stations and terminals","County, NAICS 5-digit -- by ownership sector","All establishment sizes",7,77,75,77,927379,62098,3851,935
"06071",5,"42471",77,0,2013,3,"","San Bernardino County, California","Private","Petroleum bulk stations and terminals","County, NAICS 5-digit -- by ownership sector","All establishment sizes",7,75,78,81,994114,44641,2767,980
"06071",5,"424710",78,0,2013,1,"","San Bernardino County, California","Private","Petroleum bulk stations and terminals","County, NAICS 6-digit -- by ownership sector","All establishment sizes",7,76,72,71,844552,504251,30675,890
"06071",5,"424710",78,0,2013,2,"","San Bernardino County, California","Private","Petroleum bulk stations and terminals","County, NAICS 6-digit -- by ownership sector","All establishment sizes",7,77,75,77,927379,62098,3851,935
"06071",5,"424710",78,0,2013,3,"","San Bernardino County, California","Private","Petroleum bulk stations and terminals","County, NAICS 6-digit -- by ownership sector","All establishment sizes",7,75,78,81,994114,44641,2767,980
"06071",5,"42472",77,0,2013,1,"","San Bernardino County, California","Private","Other petroleum merchant wholesalers","County, NAICS 5-digit -- by ownership sector","All establishment sizes",13,220,221,222,3251550,1379735,85413,1132
"06071",5,"42472",77,0,2013,2,"","San Bernardino County, California","Private","Other petroleum merchant wholesalers","County, NAICS 5-digit -- by ownership sector","All establishment sizes",12,226,231,242,3245700,237694,14614,1072
"06071",5,"42472",77,0,2013,3,"","San Bernardino County, California","Private","Other petroleum merchant wholesalers","County, NAICS 5-digit -- by ownership sector","All establishment sizes",12,228,222,236,3161595,166968,10353,1064
"06071",5,"424720",78,0,2013,1,"","San Bernardino County, California","Private","Other petroleum merchant wholesalers","County, NAICS 6-digit -- by ownership sector","All establishment sizes",13,220,221,222,3251550,1379735,85413,1132
"06071",5,"424720",78,0,2013,2,"","San Bernardino County, California","Private","Other petroleum merchant wholesalers","County, NAICS 6-digit -- by ownership sector","All establishment sizes",12,226,231,242,3245700,237694,14614,1072
"06071",5,"424720",78,0,2013,3,"","San Bernardino County, California","Private","Other petroleum merchant wholesalers","County, NAICS 6-digit -- by ownership sector","All establishment sizes",12,228,222,236,3161595,166968,10353,1064
"06071",5,"4248",76,0,2013,1,"","San Bernardino County, California","Private","Alcoholic beverage merchant wholesalers","County, NAICS 4-digit -- by ownership sector","All establishment sizes",10,549,545,547,8301019,3185956,186879,1167
"06071",5,"4248",76,0,2013,2,"","San Bernardino County, California","Private","Alcoholic beverage merchant wholesalers","County, NAICS 4-digit -- by ownership sector","All establishment sizes",10,557,564,567,7924992,247730,14402,1083
"06071",5,"4248",76,0,2013,3,"","San Bernardino County, California","Private","Alcoholic beverage merchant wholesalers","County, NAICS 4-digit -- by ownership sector","All establishment sizes",10,572,585,588,7998719,175311,10141,1058
"06071",5,"42481",77,0,2013,1,"","San Bernardino County, California","Private","Beer and ale merchant wholesalers","County, NAICS 5-digit -- by ownership sector","All establishment sizes",6,540,536,538,7992009,3124983,183973,1143
"06071",5,"42481",77,0,2013,2,"","San Bernardino County, California","Private","Beer and ale merchant wholesalers","County, NAICS 5-digit -- by ownership sector","All establishment sizes",6,547,554,556,7745823,235181,13877,1079
"06071",5,"42481",77,0,2013,3,"","San Bernardino County, California","Private","Beer and ale merchant wholesalers","County, NAICS 5-digit -- by ownership sector","All establishment sizes",6,561,573,576,7809462,166470,9782,1054
"06071",5,"424810",78,0,2013,1,"","San Bernardino County, California","Private","Beer and ale merchant wholesalers","County, NAICS 6-digit -- by ownership sector","All establishment sizes",6,540,536,538,7992009,3124983,183973,1143
"06071",5,"424810",78,0,2013,2,"","San Bernardino County, California","Private","Beer and ale merchant wholesalers","County, NAICS 6-digit -- by ownership sector","All establishment sizes",6,547,554,556,7745823,235181,13877,1079
"06071",5,"424810",78,0,2013,3,"","San Bernardino County, California","Private","Beer and ale merchant wholesalers","County, NAICS 6-digit -- by ownership sector","All establishment sizes",6,561,573,576,7809462,166470,9782,1054
"06071",5,"42482",77,0,2013,1,"","San Bernardino County, California","Private","Wine and spirit merchant wholesalers","County, NAICS 5-digit -- by ownership sector","All establishment sizes",4,9,9,9,309010,60973,2906,2641
"06071",5,"42482",77,0,2013,2,"","San Bernardino County, California","Private","Wine and spirit merchant wholesalers","County, NAICS 5-digit -- by ownership sector","All establishment sizes",4,10,10,11,179169,12549,525,1334
"06071",5,"42482",77,0,2013,3,"","San Bernardino County, California","Private","Wine and spirit merchant wholesalers","County, NAICS 5-digit -- by ownership sector","All establishment sizes",4,11,12,12,189257,8841,359,1248
"06071",5,"424820",78,0,2013,1,"","San Bernardino County, California","Private","Wine and spirit merchant wholesalers","County, NAICS 6-digit -- by ownership sector","All establishment sizes",4,9,9,9,309010,60973,2906,2641
"06071",5,"424820",78,0,2013,2,"","San Bernardino County, California","Private","Wine and spirit merchant wholesalers","County, NAICS 6-digit -- by ownership sector","All establishment sizes",4,10,10,11,179169,12549,525,1334
"06071",5,"424820",78,0,2013,3,"","San Bernardino County, California","Private","Wine and spirit merchant wholesalers","County, NAICS 6-digit -- by ownership sector","All establishment sizes",4,11,12,12,189257,8841,359,1248
"06071",5,"4249",76,0,2013,1,"","San Bernardino County, California","Private","Misc. nondurable goods merchant wholesalers","County, NAICS 4-digit -- by ownership sector","All establishment sizes",228,1907,1886,1884,16743540,10548304,518549,681
"06071",5,"4249",76,0,2013,2,"","San Bernardino County, California","Private","Misc. nondurable goods merchant wholesalers","County, NAICS 4-digit -- by ownership sector","All establishment sizes",227,1915,1922,1930,17317646,2732506,126866,693
"06071",5,"4249",76,0,2013,3,"","San Bernardino County, California","Private","Misc. nondurable goods merchant wholesalers","County, NAICS 4-digit -- by ownership sector","All establishment sizes",231,1925,2025,1908,17825358,1105733,51636,702
"06071",5,"42491",77,0,2013,1,"","San Bernardino County, California","Private","Farm supplies merchant wholesalers","County, NAICS 5-digit -- by ownership sector","All establishment sizes",14,186,175,181,1688908,858278,44332,719
"06071",5,"42491",77,0,2013,2,"","San Bernardino County, California","Private","Farm supplies merchant wholesalers","County, NAICS 5-digit -- by ownership sector","All establishment sizes",14,188,185,190,1668399,143465,6669,684
"06071",5,"42491",77,0,2013,3,"","San Bernardino County, California","Private","Farm supplies merchant wholesalers","County, NAICS 5-digit -- by ownership sector","All establishment sizes",14,187,184,180,1616093,72269,3310,677
"06071",5,"424910",78,0,2013,1,"","San Bernardino County, California","Private","Farm supplies merchant wholesalers","County, NAICS 6-digit -- by ownership sector","All establishment sizes",14,186,175,181,1688908,858278,44332,719
"06071",5,"424910",78,0,2013,2,"","San Bernardino County, California","Private","Farm supplies merchant wholesalers","County, NAICS 6-digit -- by ownership sector","All establishment sizes",14,188,185,190,1668399,143465,6669,684
"06071",5,"424910",78,0,2013,3,"","San Bernardino County, California","Private","Farm supplies merchant wholesalers","County, NAICS 6-digit -- by ownership sector","All establishment sizes",14,187,184,180,1616093,72269,3310,677
"06071",5,"42492",77,0,2013,1,"","San Bernardino County, California","Private","Book and periodical merchant wholesalers","County, NAICS 5-digit -- by ownership sector","All establishment sizes",10,162,162,161,1306990,942892,57258,622
"06071",5,"42492",77,0,2013,2,"","San Bernardino County, California","Private","Book and periodical merchant wholesalers","County, NAICS 5-digit -- by ownership sector","All establishment sizes",9,158,160,155,1170746,107468,6109,571
"06071",5,"42492",77,0,2013,3,"N","San Bernardino County, California","Private","Book and periodical merchant wholesalers","County, NAICS 5-digit -- by ownership sector","All establishment sizes",9,0,0,0,0,0,0,0
"06071",5,"424920",78,0,2013,1,"","San Bernardino County, California","Private","Book and periodical merchant wholesalers","County, NAICS 6-digit -- by ownership sector","All establishment sizes",10,162,162,161,1306990,942892,57258,622
"06071",5,"424920",78,0,2013,2,"","San Bernardino County, California","Private","Book and periodical merchant wholesalers","County, NAICS 6-digit -- by ownership sector","All establishment sizes",9,158,160,155,1170746,107468,6109,571
"06071",5,"424920",78,0,2013,3,"N","San Bernardino County, California","Private","Book and periodical merchant wholesalers","County, NAICS 6-digit -- by ownership sector","All establishment sizes",9,0,0,0,0,0,0,0
"06071",5,"42493",77,0,2013,1,"","San Bernardino County, California","Private","Nursery and florist merchant wholesalers","County, NAICS 5-digit -- by ownership sector","All establishment sizes",19,150,149,149,1378171,871490,37532,710
"06071",5,"42493",77,0,2013,2,"","San Bernardino County, California","Private","Nursery and florist merchant wholesalers","County, NAICS 5-digit -- by ownership sector","All establishment sizes",19,151,155,152,1533564,172993,7426,773
"06071",5,"42493",77,0,2013,3,"","San Bernardino County, California","Private","Nursery and florist merchant wholesalers","County, NAICS 5-digit -- by ownership sector","All establishment sizes",19,149,151,149,1372333,76237,3308,705
"06071",5,"424930",78,0,2013,1,"","San Bernardino County, California","Private","Nursery and florist merchant wholesalers","County, NAICS 6-digit -- by ownership sector","All establishment sizes",19,150,149,149,1378171,871490,37532,710
"06071",5,"424930",78,0,2013,2,"","San Bernardino County, California","Private","Nursery and florist merchant wholesalers","County, NAICS 6-digit -- by ownership sector","All establishment sizes",19,151,155,152,1533564,172993,7426,773
"06071",5,"424930",78,0,2013,3,"","San Bernardino County, California","Private","Nursery and florist merchant wholesalers","County, NAICS 6-digit -- by ownership sector","All establishment sizes",19,149,151,149,1372333,76237,3308,705
"06071",5,"42494",77,0,2013,1,"N","San Bernardino County, California","Private","Tobacco and tobacco product merch. whls.","County, NAICS 5-digit -- by ownership sector","All establishment sizes",1,0,0,0,0,0,0,0
"06071",5,"42494",77,0,2013,2,"N","San Bernardino County, California","Private","Tobacco and tobacco product merch. whls.","County, NAICS 5-digit -- by ownership sector","All establishment sizes",1,0,0,0,0,0,0,0
"06071",5,"42494",77,0,2013,3,"N","San Bernardino County, California","Private","Tobacco and tobacco product merch. whls.","County, NAICS 5-digit -- by ownership sector","All establishment sizes",1,0,0,0,0,0,0,0
"06071",5,"424940",78,0,2013,1,"N","San Bernardino County, California","Private","Tobacco and tobacco product merch. whls.","County, NAICS 6-digit -- by ownership sector","All establishment sizes",1,0,0,0,0,0,0,0
"06071",5,"424940",78,0,2013,2,"N","San Bernardino County, California","Private","Tobacco and tobacco product merch. whls.","County, NAICS 6-digit -- by ownership sector","All establishment sizes",1,0,0,0,0,0,0,0
"06071",5,"424940",78,0,2013,3,"N","San Bernardino County, California","Private","Tobacco and tobacco product merch. whls.","County, NAICS 6-digit -- by ownership sector","All establishment sizes",1,0,0,0,0,0,0,0
"06071",5,"42495",77,0,2013,1,"N","San Bernardino County, California","Private","Paint and supplies merchant wholesalers","County, NAICS 5-digit -- by ownership sector","All establishment sizes",17,0,0,0,0,0,0,0
"06071",5,"42495",77,0,2013,2,"N","San Bernardino County, California","Private","Paint and supplies merchant wholesalers","County, NAICS 5-digit -- by ownership sector","All establishment sizes",17,0,0,0,0,0,0,0
"06071",5,"42495",77,0,2013,3,"","San Bernardino County, California","Private","Paint and supplies merchant wholesalers","County, NAICS 5-digit -- by ownership sector","All establishment sizes",16,134,135,136,1731715,59593,3302,987
"06071",5,"424950",78,0,2013,1,"N","San Bernardino County, California","Private","Paint and supplies merchant wholesalers","County, NAICS 6-digit -- by ownership sector","All establishment sizes",17,0,0,0,0,0,0,0
"06071",5,"424950",78,0,2013,2,"N","San Bernardino County, California","Private","Paint and supplies merchant wholesalers","County, NAICS 6-digit -- by ownership sector","All establishment sizes",17,0,0,0,0,0,0,0
"06071",5,"424950",78,0,2013,3,"","San Bernardino County, California","Private","Paint and supplies merchant wholesalers","County, NAICS 6-digit -- by ownership sector","All establishment sizes",16,134,135,136,1731715,59593,3302,987
"06071",5,"42499",77,0,2013,1,"","San Bernardino County, California","Private","Other nondurable goods merchant wholesalers","County, NAICS 5-digit -- by ownership sector","All establishment sizes",167,1283,1272,1266,10517617,7110395,337248,635
"06071",5,"42499",77,0,2013,2,"","San Bernardino County, California","Private","Other nondurable goods merchant wholesalers","County, NAICS 5-digit -- by ownership sector","All establishment sizes",167,1291,1290,1299,11229141,2192601,100050,668
"06071",5,"42499",77,0,2013,3,"","San Bernardino County, California","Private","Other nondurable goods merchant wholesalers","County, NAICS 5-digit -- by ownership sector","All establishment sizes",172,1296,1412,1310,11711298,836413,38762,673
"06071",5,"424990",78,0,2013,1,"","San Bernardino County, California","Private","Other nondurable goods merchant wholesalers","County, NAICS 6-digit -- by ownership sector","All establishment sizes",167,1283,1272,1266,10517617,7110395,337248,635
"06071",5,"424990",78,0,2013,2,"","San Bernardino County, California","Private","Other nondurable goods merchant wholesalers","County, NAICS 6-digit -- by ownership sector","All establishment sizes",167,1291,1290,1299,11229141,2192601,100050,668
"06071",5,"424990",78,0,2013,3,"","San Bernardino County, California","Private","Other nondurable goods merchant wholesalers","County, NAICS 6-digit -- by ownership sector","All establishment sizes",172,1296,1412,1310,11711298,836413,38762,673
"06071",5,"425",75,0,2013,1,"","San Bernardino County, California","Private","Electronic markets and agents and brokers","County, NAICS 3-digit -- by ownership sector","All establishment sizes",313,2566,2712,2731,36705770,16530439,889211,1058
"06071",5,"425",75,0,2013,2,"","San Bernardino County, California","Private","Electronic markets and agents and brokers","County, NAICS 3-digit -- by ownership sector","All establishment sizes",322,2782,2828,2844,35556693,3283595,171497,971
"06071",5,"425",75,0,2013,3,"","San Bernardino County, California","Private","Electronic markets and agents and brokers","County, NAICS 3-digit -- by ownership sector","All establishment sizes",322,2903,2978,2944,37214725,1910296,95555,973
"06071",5,"4251",76,0,2013,1,"","San Bernardino County, California","Private","Electronic markets and agents and brokers","County, NAICS 4-digit -- by ownership sector","All establishment sizes",313,2566,2712,2731,36705770,16530439,889211,1058
"06071",5,"4251",76,0,2013,2,"","San Bernardino County, California","Private","Electronic markets and agents and brokers","County, NAICS 4-digit -- by ownership sector","All establishment sizes",322,2782,2828,2844,35556693,3283595,171497,971
"06071",5,"4251",76,0,2013,3,"","San Bernardino County, California","Private","Electronic markets and agents and brokers","County, NAICS 4-digit -- by ownership sector","All establishment sizes",322,2903,2978,2944,37214725,1910296,95555,973
"06071",5,"42511",77,0,2013,1,"","San Bernardino County, California","Private","Business to business electronic markets","County, NAICS 5-digit -- by ownership sector","All establishment sizes",10,22,22,22,305759,136972,6471,1069
"06071",5,"42511",77,0,2013,2,"","San Bernardino County, California","Private","Business to business electronic markets","County, NAICS 5-digit -- by ownership sector","All establishment sizes",10,21,21,21,285366,13234,533,1045
"06071",5,"42511",77,0,2013,3,"","San Bernardino County, California","Private","Business to business electronic markets","County, NAICS 5-digit -- by ownership sector","All establishment sizes",10,21,22,22,372917,11365,492,1324
"06071",5,"425110",78,0,2013,1,"","San Bernardino County, California","Private","Business to business electronic markets","County, NAICS 6-digit -- by ownership sector","All establishment sizes",10,22,22,22,305759,136972,6471,1069
"06071",5,"425110",78,0,2013,2,"","San Bernardino County, California","Private","Business to business electronic markets","County, NAICS 6-digit -- by ownership sector","All establishment sizes",10,21,21,21,285366,13234,533,1045
"06071",5,"425110",78,0,2013,3,"","San Bernardino County, California","Private","Business to business electronic markets","County, NAICS 6-digit -- by ownership sector","All establishment sizes",10,21,22,22,372917,11365,492,1324
"06071",5,"42512",77,0,2013,1,"","San Bernardino County, California","Private","Wholesale trade agents and brokers","County, NAICS 5-digit -- by ownership sector","All establishment sizes",303,2544,2690,2709,36400011,16393467,882740,1058
"06071",5,"42512",77,0,2013,2,"","San Bernardino County, California","Private","Wholesale trade agents and brokers","County, NAICS 5-digit -- by ownership sector","All establishment sizes",312,2761,2807,2823,35271327,3270361,170964,970
"06071",5,"42512",77,0,2013,3,"","San Bernardino County, California","Private","Wholesale trade agents and brokers","County, NAICS 5-digit -- by ownership sector","All establishment sizes",312,2882,2956,2922,36841808,1898931,95063,971
"06071",5,"425120",78,0,2013,1,"","San Bernardino County, California","Private","Wholesale trade agents and brokers","County, NAICS 6-digit -- by ownership sector","All establishment sizes",303,2544,2690,2709,36400011,16393467,882740,1058
"06071",5,"425120",78,0,2013,2,"","San Bernardino County, California","Private","Wholesale trade agents and brokers","County, NAICS 6-digit -- by ownership sector","All establishment sizes",312,2761,2807,2823,35271327,3270361,170964,970
"06071",5,"425120",78,0,2013,3,"","San Bernardino County, California","Private","Wholesale trade agents and brokers","County, NAICS 6-digit -- by ownership sector","All establishment sizes",312,2882,2956,2922,36841808,1898931,95063,971
"06071",5,"44-45",74,0,2013,1,"","San Bernardino County, California","Private","Retail trade","County, NAICS Sector -- by ownership sector","All establishment sizes",4348,80808,79780,79617,564507007,358816570,17980634,542
"06071",5,"44-45",74,0,2013,2,"","San Bernardino County, California","Private","Retail trade","County, NAICS Sector -- by ownership sector","All establishment sizes",4376,80058,80837,81387,583971221,124274180,6126403,556
"06071",5,"44-45",74,0,2013,3,"","San Bernardino County, California","Private","Retail trade","County, NAICS Sector -- by ownership sector","All establishment sizes",4397,81417,81871,81631,595259820,68619639,3418165,561
"06071",5,"441",75,0,2013,1,"","San Bernardino County, California","Private","Motor vehicle and parts dealers","County, NAICS 3-digit -- by ownership sector","All establishment sizes",598,10477,10482,10476,119402521,61917457,3514375,877
"06071",5,"441",75,0,2013,2,"","San Bernardino County, California","Private","Motor vehicle and parts dealers","County, NAICS 3-digit -- by ownership sector","All establishment sizes",600,10673,10751,10827,132327870,13797670,772666,947
"06071",5,"441",75,0,2013,3,"","San Bernardino County, California","Private","Motor vehicle and parts dealers","County, NAICS 3-digit -- by ownership sector","All establishment sizes",608,10963,11046,11143,129818931,8951542,501789,904
"06071",5,"4411",76,0,2013,1,"","San Bernardino County, California","Private","Automobile dealers","County, NAICS 4-digit -- by ownership sector","All establishment sizes",165,6182,6198,6120,83651938,38803186,2271724,1043
"06071",5,"4411",76,0,2013,2,"","San Bernardino County, California","Private","Automobile dealers","County, NAICS 4-digit -- by ownership sector","All establishment sizes",167,6257,6324,6349,95035773,7466787,442819,1159
"06071",5,"4411",76,0,2013,3,"","San Bernardino County, California","Private","Automobile dealers","County, NAICS 4-digit -- by ownership sector","All establishment sizes",170,6417,6492,6608,92582980,5372986,316357,1095
"06071",5,"44111",77,0,2013,1,"","San Bernardino County, California","Private","New car dealers","County, NAICS 5-digit -- by ownership sector","All establishment sizes",94,5182,5196,5150,72245892,32370265,1904453,1074
"06071",5,"44111",77,0,2013,2,"","San Bernardino County, California","Private","New car dealers","County, NAICS 5-digit -- by ownership sector","All establishment sizes",94,5243,5317,5323,81362345,5988989,360726,1182
"06071",5,"44111",77,0,2013,3,"","San Bernardino County, California","Private","New car dealers","County, NAICS 5-digit -- by ownership sector","All establishment sizes",96,5379,5450,5608,80542073,4382338,261991,1131
"06071",5,"441110",78,0,2013,1,"","San Bernardino County, California","Private","New car dealers","County, NAICS 6-digit -- by ownership sector","All establishment sizes",94,5182,5196,5150,72245892,32370265,1904453,1074
"06071",5,"441110",78,0,2013,2,"","San Bernardino County, California","Private","New car dealers","County, NAICS 6-digit -- by ownership sector","All establishment sizes",94,5243,5317,5323,81362345,5988989,360726,1182
"06071",5,"441110",78,0,2013,3,"","San Bernardino County, California","Private","New car dealers","County, NAICS 6-digit -- by ownership sector","All establishment sizes",96,5379,5450,5608,80542073,4382338,261991,1131
"06071",5,"44112",77,0,2013,1,"","San Bernardino County, California","Private","Used car dealers","County, NAICS 5-digit -- by ownership sector","All establishment sizes",71,1000,1002,970,11406046,6432921,367271,886
"06071",5,"44112",77,0,2013,2,"","San Bernardino County, California","Private","Used car dealers","County, NAICS 5-digit -- by ownership sector","All establishment sizes",73,1014,1007,1026,13673428,1477798,82093,1036
"06071",5,"44112",77,0,2013,3,"","San Bernardino County, California","Private","Used car dealers","County, NAICS 5-digit -- by ownership sector","All establishment sizes",74,1038,1042,1000,12040907,990648,54366,902
"06071",5,"441120",78,0,2013,1,"","San Bernardino County, California","Private","Used car dealers","County, NAICS 6-digit -- by ownership sector","All establishment sizes",71,1000,1002,970,11406046,6432921,367271,886
"06071",5,"441120",78,0,2013,2,"","San Bernardino County, California","Private","Used car dealers","County, NAICS 6-digit -- by ownership sector","All establishment sizes",73,1014,1007,1026,13673428,1477798,82093,1036
"06071",5,"441120",78,0,2013,3,"","San Bernardino County, California","Private","Used car dealers","County, NAICS 6-digit -- by ownership sector","All establishment sizes",74,1038,1042,1000,12040907,990648,54366,902
"06071",5,"4412",76,0,2013,1,"","San Bernardino County, California","Private","Other motor vehicle dealers","County, NAICS 4-digit -- by ownership sector","All establishment sizes",61,797,807,811,8334270,4930059,295623,796
"06071",5,"4412",76,0,2013,2,"","San Bernardino County, California","Private","Other motor vehicle dealers","County, NAICS 4-digit -- by ownership sector","All establishment sizes",62,832,842,840,9468335,1130612,67902,869
"06071",5,"4412",76,0,2013,3,"","San Bernardino County, California","Private","Other motor vehicle dealers","County, NAICS 4-digit -- by ownership sector","All establishment sizes",64,858,883,872,9805445,840224,46373,866
"06071",5,"44121",77,0,2013,1,"","San Bernardino County, California","Private","Recreational vehicle dealers","County, NAICS 5-digit -- by ownership sector","All establishment sizes",17,309,314,311,3645734,2007325,122720,901
"06071",5,"44121",77,0,2013,2,"","San Bernardino County, California","Private","Recreational vehicle dealers","County, NAICS 5-digit -- by ownership sector","All establishment sizes",17,324,324,314,4363879,428816,25873,1047
"06071",5,"44121",77,0,2013,3,"","San Bernardino County, California","Private","Recreational vehicle dealers","County, NAICS 5-digit -- by ownership sector","All establishment sizes",18,329,353,347,4416830,388982,20309,991
"06071",5,"441210",78,0,2013,1,"","San Bernardino County, California","Private","Recreational vehicle dealers","County, NAICS 6-digit -- by ownership sector","All establishment sizes",17,309,314,311,3645734,2007325,122720,901
"06071",5,"441210",78,0,2013,2,"","San Bernardino County, California","Private","Recreational vehicle dealers","County, NAICS 6-digit -- by ownership sector","All establishment sizes",17,324,324,314,4363879,428816,25873,1047
"06071",5,"441210",78,0,2013,3,"","San Bernardino County, California","Private","Recreational vehicle dealers","County, NAICS 6-digit -- by ownership sector","All establishment sizes",18,329,353,347,4416830,388982,20309,991
"06071",5,"44122",77,0,2013,1,"","San Bernardino County, California","Private","Motorcycle, boat, and other vehicle dealers","County, NAICS 5-digit -- by ownership sector","All establishment sizes",44,488,493,500,4688536,2922734,172903,731
"06071",5,"44122",77,0,2013,2,"","San Bernardino County, California","Private","Motorcycle, boat, and other vehicle dealers","County, NAICS 5-digit -- by ownership sector","All establishment sizes",45,508,518,526,5104456,701796,42029,759
"06071",5,"44122",77,0,2013,3,"","San Bernardino County, California","Private","Motorcycle, boat, and other vehicle dealers","County, NAICS 5-digit -- by ownership sector","All establishment sizes",46,529,530,525,5388615,451242,26064,785
"06071",5,"441222",78,0,2013,1,"","San Bernardino County, California","Private","Boat dealers","County, NAICS 6-digit -- by ownership sector","All establishment sizes",7,46,51,51,565558,308042,19098,882
"06071",5,"441222",78,0,2013,2,"","San Bernardino County, California","Private","Boat dealers","County, NAICS 6-digit -- by ownership sector","All establishment sizes",7,50,56,60,612054,82491,5114,851
"06071",5,"441222",78,0,2013,3,"","San Bernardino County, California","Private","Boat dealers","County, NAICS 6-digit -- by ownership sector","All establishment sizes",8,65,64,60,790445,104797,5330,965
"06071",5,"441228",78,0,2013,1,"","San Bernardino County, California","Private","Motorcycle and other motor vehicle dealers","County, NAICS 6-digit -- by ownership sector","All establishment sizes",37,442,442,449,4122978,2614692,153805,714
"06071",5,"441228",78,0,2013,2,"","San Bernardino County, California","Private","Motorcycle and other motor vehicle dealers","County, NAICS 6-digit -- by ownership sector","All establishment sizes",38,458,462,466,4492402,619305,36915,748
"06071",5,"441228",78,0,2013,3,"","San Bernardino County, California","Private","Motorcycle and other motor vehicle dealers","County, NAICS 6-digit -- by ownership sector","All establishment sizes",38,464,466,465,4598170,346445,20734,761
"06071",5,"4413",76,0,2013,1,"","San Bernardino County, California","Private","Auto parts, accessories, and tire stores","County, NAICS 4-digit -- by ownership sector","All establishment sizes",372,3498,3477,3545,27416313,18184212,947028,601
"06071",5,"4413",76,0,2013,2,"","San Bernardino County, California","Private","Auto parts, accessories, and tire stores","County, NAICS 4-digit -- by ownership sector","All establishment sizes",371,3584,3585,3638,27823762,5200271,261945,594
"06071",5,"4413",76,0,2013,3,"","San Bernardino County, California","Private","Auto parts, accessories, and tire stores","County, NAICS 4-digit -- by ownership sector","All establishment sizes",374,3688,3671,3663,27430506,2738332,139059,574
"06071",5,"44131",77,0,2013,1,"","San Bernardino County, California","Private","Automotive parts and accessories stores","County, NAICS 5-digit -- by ownership sector","All establishment sizes",242,2426,2400,2449,17500839,11926366,626826,555
"06071",5,"44131",77,0,2013,2,"","San Bernardino County, California","Private","Automotive parts and accessories stores","County, NAICS 5-digit -- by ownership sector","All establishment sizes",243,2491,2514,2526,17804831,3762067,193454,546
"06071",5,"44131",77,0,2013,3,"","San Bernardino County, California","Private","Automotive parts and accessories stores","County, NAICS 5-digit -- by ownership sector","All establishment sizes",244,2558,2549,2558,17131391,1888861,97801,516
"06071",5,"441310",78,0,2013,1,"","San Bernardino County, California","Private","Automotive parts and accessories stores","County, NAICS 6-digit -- by ownership sector","All establishment sizes",242,2426,2400,2449,17500839,11926366,626826,555
"06071",5,"441310",78,0,2013,2,"","San Bernardino County, California","Private","Automotive parts and accessories stores","County, NAICS 6-digit -- by ownership sector","All establishment sizes",243,2491,2514,2526,17804831,3762067,193454,546
"06071",5,"441310",78,0,2013,3,"","San Bernardino County, California","Private","Automotive parts and accessories stores","County, NAICS 6-digit -- by ownership sector","All establishment sizes",244,2558,2549,2558,17131391,1888861,97801,516
"06071",5,"44132",77,0,2013,1,"","San Bernardino County, California","Private","Tire dealers","County, NAICS 5-digit -- by ownership sector","All establishment sizes",130,1072,1077,1096,9915474,6257846,320202,705
"06071",5,"44132",77,0,2013,2,"","San Bernardino County, California","Private","Tire dealers","County, NAICS 5-digit -- by ownership sector","All establishment sizes",128,1093,1071,1112,10018931,1438204,68491,706
"06071",5,"44132",77,0,2013,3,"","San Bernardino County, California","Private","Tire dealers","County, NAICS 5-digit -- by ownership sector","All establishment sizes",130,1130,1122,1105,10299115,849471,41258,708
"06071",5,"441320",78,0,2013,1,"","San Bernardino County, California","Private","Tire dealers","County, NAICS 6-digit -- by ownership sector","All establishment sizes",130,1072,1077,1096,9915474,6257846,320202,705
"06071",5,"441320",78,0,2013,2,"","San Bernardino County, California","Private","Tire dealers","County, NAICS 6-digit -- by ownership sector","All establishment sizes",128,1093,1071,1112,10018931,1438204,68491,706
"06071",5,"441320",78,0,2013,3,"","San Bernardino County, California","Private","Tire dealers","County, NAICS 6-digit -- by ownership sector","All establishment sizes",130,1130,1122,1105,10299115,849471,41258,708
"06071",5,"442",75,0,2013,1,"","San Bernardino County, California","Private","Furniture and home furnishings stores","County, NAICS 3-digit -- by ownership sector","All establishment sizes",203,3375,3339,3315,26298839,17919817,1016160,605
"06071",5,"442",75,0,2013,2,"","San Bernardino County, California","Private","Furniture and home furnishings stores","County, NAICS 3-digit -- by ownership sector","All establishment sizes",208,3316,3368,3346,26860999,4973390,266168,618
"06071",5,"442",75,0,2013,3,"","San Bernardino County, California","Private","Furniture and home furnishings stores","County, NAICS 3-digit -- by ownership sector","All establishment sizes",209,3343,3330,3373,26997886,2905553,154614,620
"06071",5,"4421",76,0,2013,1,"","San Bernardino County, California","Private","Furniture stores","County, NAICS 4-digit -- by ownership sector","All establishment sizes",102,2166,2172,2148,18895043,12508704,756407,672
"06071",5,"4421",76,0,2013,2,"","San Bernardino County, California","Private","Furniture stores","County, NAICS 4-digit -- by ownership sector","All establishment sizes",107,2148,2201,2191,19462749,2820291,165554,687
"06071",5,"4421",76,0,2013,3,"","San Bernardino County, California","Private","Furniture stores","County, NAICS 4-digit -- by ownership sector","All establishment sizes",108,2198,2175,2217,19558763,1587739,92882,685
"06071",5,"44211",77,0,2013,1,"","San Bernardino County, California","Private","Furniture stores","County, NAICS 5-digit -- by ownership sector","All establishment sizes",102,2166,2172,2148,18895043,12508704,756407,672
"06071",5,"44211",77,0,2013,2,"","San Bernardino County, California","Private","Furniture stores","County, NAICS 5-digit -- by ownership sector","All establishment sizes",107,2148,2201,2191,19462749,2820291,165554,687
"06071",5,"44211",77,0,2013,3,"","San Bernardino County, California","Private","Furniture stores","County, NAICS 5-digit -- by ownership sector","All establishment sizes",108,2198,2175,2217,19558763,1587739,92882,685
"06071",5,"442110",78,0,2013,1,"","San Bernardino County, California","Private","Furniture stores","County, NAICS 6-digit -- by ownership sector","All establishment sizes",102,2166,2172,2148,18895043,12508704,756407,672
"06071",5,"442110",78,0,2013,2,"","San Bernardino County, California","Private","Furniture stores","County, NAICS 6-digit -- by ownership sector","All establishment sizes",107,2148,2201,2191,19462749,2820291,165554,687
"06071",5,"442110",78,0,2013,3,"","San Bernardino County, California","Private","Furniture stores","County, NAICS 6-digit -- by ownership sector","All establishment sizes",108,2198,2175,2217,19558763,1587739,92882,685
"06071",5,"4422",76,0,2013,1,"","San Bernardino County, California","Private","Home furnishings stores","County, NAICS 4-digit -- by ownership sector","All establishment sizes",101,1209,1167,1167,7403796,5411113,259753,482
"06071",5,"4422",76,0,2013,2,"","San Bernardino County, California","Private","Home furnishings stores","County, NAICS 4-digit -- by ownership sector","All establishment sizes",101,1168,1167,1155,7398250,2153099,100614,489
"06071",5,"4422",76,0,2013,3,"","San Bernardino County, California","Private","Home furnishings stores","County, NAICS 4-digit -- by ownership sector","All establishment sizes",101,1145,1155,1156,7439123,1317814,61732,497
"06071",5,"44221",77,0,2013,1,"","San Bernardino County, California","Private","Floor covering stores","County, NAICS 5-digit -- by ownership sector","All establishment sizes",43,253,255,271,1792397,1320572,62906,531
"06071",5,"44221",77,0,2013,2,"","San Bernardino County, California","Private","Floor covering stores","County, NAICS 5-digit -- by ownership sector","All establishment sizes",44,257,270,257,1932354,557530,25343,569
"06071",5,"44221",77,0,2013,3,"","San Bernardino County, California","Private","Floor covering stores","County, NAICS 5-digit -- by ownership sector","All establishment sizes",45,227,232,242,1771623,250525,11891,583
"06071",5,"442210",78,0,2013,1,"","San Bernardino County, California","Private","Floor covering stores","County, NAICS 6-digit -- by ownership sector","All establishment sizes",43,253,255,271,1792397,1320572,62906,531
"06071",5,"442210",78,0,2013,2,"","San Bernardino County, California","Private","Floor covering stores","County, NAICS 6-digit -- by ownership sector","All establishment sizes",44,257,270,257,1932354,557530,25343,569
"06071",5,"442210",78,0,2013,3,"","San Bernardino County, California","Private","Floor covering stores","County, NAICS 6-digit -- by ownership sector","All establishment sizes",45,227,232,242,1771623,250525,11891,583
"06071",5,"44229",77,0,2013,1,"","San Bernardino County, California","Private","Other home furnishings stores","County, NAICS 5-digit -- by ownership sector","All establishment sizes",58,956,912,896,5611399,4090541,196847,469
"06071",5,"44229",77,0,2013,2,"","San Bernardino County, California","Private","Other home furnishings stores","County, NAICS 5-digit -- by ownership sector","All establishment sizes",57,911,897,898,5465896,1595569,75271,466
"06071",5,"44229",77,0,2013,3,"","San Bernardino County, California","Private","Other home furnishings stores","County, NAICS 5-digit -- by ownership sector","All establishment sizes",56,918,923,914,5667500,1067289,49841,475
"06071",5,"442291",78,0,2013,1,"","San Bernardino County, California","Private","Window treatment stores","County, NAICS 6-digit -- by ownership sector","All establishment sizes",8,22,29,23,149440,118489,4583,466
"06071",5,"442291",78,0,2013,2,"","San Bernardino County, California","Private","Window treatment stores","County, NAICS 6-digit -- by ownership sector","All establishment sizes",8,23,24,27,167588,53052,2133,523
"06071",5,"442291",78,0,2013,3,"","San Bernardino County, California","Private","Window treatment stores","County, NAICS 6-digit -- by ownership sector","All establishment sizes",8,28,24,26,162379,11437,437,480
"06071",5,"442299",78,0,2013,1,"","San Bernardino County, California","Private","All other home furnishings stores","County, NAICS 6-digit -- by ownership sector","All establishment sizes",50,934,883,873,5461959,3972052,192264,469
"06071",5,"442299",78,0,2013,2,"","San Bernardino County, California","Private","All other home furnishings stores","County, NAICS 6-digit -- by ownership sector","All establishment sizes",49,888,873,871,5298308,1542517,73138,465
"06071",5,"442299",78,0,2013,3,"","San Bernardino County, California","Private","All other home furnishings stores","County, NAICS 6-digit -- by ownership sector","All establishment sizes",48,890,899,888,5505121,1055852,49404,475
"06071",5,"443",75,0,2013,1,"","San Bernardino County, California","Private","Electronics and appliance stores","County, NAICS 3-digit -- by ownership sector","All establishment sizes",200,1923,1818,1781,18759840,8733622,463628,784
"06071",5,"443",75,0,2013,2,"","San Bernardino County, California","Private","Electronics and appliance stores","County, NAICS 3-digit -- by ownership sector","All establishment sizes",202,1720,1708,1722,24768542,2393863,125200,1110
"06071",5,"443",75,0,2013,3,"","San Bernardino County, California","Private","Electronics and appliance stores","County, NAICS 3-digit -- by ownership sector","All establishment sizes",194,1731,1792,1779,20177707,1431376,70647,878
"06071",5,"4431",76,0,2013,1,"","San Bernardino County, California","Private","Electronics and appliance stores","County, NAICS 4-digit -- by ownership sector","All establishment sizes",200,1923,1818,1781,18759840,8733622,463628,784
"06071",5,"4431",76,0,2013,2,"","San Bernardino County, California","Private","Electronics and appliance stores","County, NAICS 4-digit -- by ownership sector","All establishment sizes",202,1720,1708,1722,24768542,2393863,125200,1110
"06071",5,"4431",76,0,2013,3,"","San Bernardino County, California","Private","Electronics and appliance stores","County, NAICS 4-digit -- by ownership sector","All establishment sizes",194,1731,1792,1779,20177707,1431376,70647,878
"06071",5,"44314",77,0,2013,1,"","San Bernardino County, California","Private","Electronics and appliances stores","County, NAICS 5-digit -- by ownership sector","All establishment sizes",200,1923,1818,1781,18759840,8733622,463628,784
"06071",5,"44314",77,0,2013,2,"","San Bernardino County, California","Private","Electronics and appliances stores","County, NAICS 5-digit -- by ownership sector","All establishment sizes",202,1720,1708,1722,24768542,2393863,125200,1110
"06071",5,"44314",77,0,2013,3,"","San Bernardino County, California","Private","Electronics and appliances stores","County, NAICS 5-digit -- by ownership sector","All establishment sizes",194,1731,1792,1779,20177707,1431376,70647,878
"06071",5,"443141",78,0,2013,1,"","San Bernardino County, California","Private","Household appliance stores","County, NAICS 6-digit -- by ownership sector","All establishment sizes",25,162,162,167,1254856,868765,50793,590
"06071",5,"443141",78,0,2013,2,"","San Bernardino County, California","Private","Household appliance stores","County, NAICS 6-digit -- by ownership sector","All establishment sizes",24,165,169,173,1405562,212804,11925,640
"06071",5,"443141",78,0,2013,3,"","San Bernardino County, California","Private","Household appliance stores","County, NAICS 6-digit -- by ownership sector","All establishment sizes",25,175,168,173,1316949,90043,5181,589
"06071",5,"443142",78,0,2013,1,"","San Bernardino County, California","Private","Electronics stores","County, NAICS 6-digit -- by ownership sector","All establishment sizes",175,1761,1656,1614,17504984,7864857,412835,803
"06071",5,"443142",78,0,2013,2,"","San Bernardino County, California","Private","Electronics stores","County, NAICS 6-digit -- by ownership sector","All establishment sizes",178,1555,1539,1549,23362980,2181059,113275,1161
"06071",5,"443142",78,0,2013,3,"","San Bernardino County, California","Private","Electronics stores","County, NAICS 6-digit -- by ownership sector","All establishment sizes",169,1556,1624,1606,18860758,1341333,65466,909
"06071",5,"444",75,0,2013,1,"","San Bernardino County, California","Private","Building material and garden supply stores","County, NAICS 3-digit -- by ownership sector","All establishment sizes",282,6088,6254,6393,49572979,32469776,1912751,611
"06071",5,"444",75,0,2013,2,"","San Bernardino County, California","Private","Building material and garden supply stores","County, NAICS 3-digit -- by ownership sector","All establishment sizes",289,6722,6785,6842,51360372,12474311,739848,582
"06071",5,"444",75,0,2013,3,"","San Bernardino County, California","Private","Building material and garden supply stores","County, NAICS 3-digit -- by ownership sector","All establishment sizes",284,6842,6830,6778,48254428,5300474,310221,545
"06071",5,"4441",76,0,2013,1,"","San Bernardino County, California","Private","Building material and supplies dealers","County, NAICS 4-digit -- by ownership sector","All establishment sizes",240,5822,5980,6121,47443043,30903861,1837252,611
"06071",5,"4441",76,0,2013,2,"","San Bernardino County, California","Private","Building material and supplies dealers","County, NAICS 4-digit -- by ownership sector","All establishment sizes",245,6416,6483,6549,48968920,11720856,703284,581
"06071",5,"4441",76,0,2013,3,"","San Bernardino County, California","Private","Building material and supplies dealers","County, NAICS 4-digit -- by ownership sector","All establishment sizes",241,6561,6546,6495,46049147,5010017,296382,542
"06071",5,"44411",77,0,2013,1,"","San Bernardino County, California","Private","Home centers","County, NAICS 5-digit -- by ownership sector","All establishment sizes",51,4537,4668,4794,32831541,23002538,1404928,541
"06071",5,"44411",77,0,2013,2,"","San Bernardino County, California","Private","Home centers","County, NAICS 5-digit -- by ownership sector","All establishment sizes",51,5054,5097,5151,34885065,10024600,615774,526
"06071",5,"44411",77,0,2013,3,"","San Bernardino County, California","Private","Home centers","County, NAICS 5-digit -- by ownership sector","All establishment sizes",48,5183,5159,5084,32196641,3928059,240233,482
"06071",5,"444110",78,0,2013,1,"","San Bernardino County, California","Private","Home centers","County, NAICS 6-digit -- by ownership sector","All establishment sizes",51,4537,4668,4794,32831541,23002538,1404928,541
"06071",5,"444110",78,0,2013,2,"","San Bernardino County, California","Private","Home centers","County, NAICS 6-digit -- by ownership sector","All establishment sizes",51,5054,5097,5151,34885065,10024600,615774,526
"06071",5,"444110",78,0,2013,3,"","San Bernardino County, California","Private","Home centers","County, NAICS 6-digit -- by ownership sector","All establishment sizes",48,5183,5159,5084,32196641,3928059,240233,482
"06071",5,"44412",77,0,2013,1,"","San Bernardino County, California","Private","Paint and wallpaper stores","County, NAICS 5-digit -- by ownership sector","All establishment sizes",40,194,193,198,2178586,1051193,58240,859
"06071",5,"44412",77,0,2013,2,"","San Bernardino County, California","Private","Paint and wallpaper stores","County, NAICS 5-digit -- by ownership sector","All establishment sizes",43,200,202,211,2268521,247494,13916,854
"06071",5,"44412",77,0,2013,3,"","San Bernardino County, California","Private","Paint and wallpaper stores","County, NAICS 5-digit -- by ownership sector","All establishment sizes",40,214,215,214,2003437,127437,7638,719
"06071",5,"444120",78,0,2013,1,"","San Bernardino County, California","Private","Paint and wallpaper stores","County, NAICS 6-digit -- by ownership sector","All establishment sizes",40,194,193,198,2178586,1051193,58240,859
"06071",5,"444120",78,0,2013,2,"","San Bernardino County, California","Private","Paint and wallpaper stores","County, NAICS 6-digit -- by ownership sector","All establishment sizes",43,200,202,211,2268521,247494,13916,854
"06071",5,"444120",78,0,2013,3,"","San Bernardino County, California","Private","Paint and wallpaper stores","County, NAICS 6-digit -- by ownership sector","All establishment sizes",40,214,215,214,2003437,127437,7638,719
"06071",5,"44413",77,0,2013,1,"","San Bernardino County, California","Private","Hardware stores","County, NAICS 5-digit -- by ownership sector","All establishment sizes",51,420,427,430,3835476,2205090,118620,693
"06071",5,"44413",77,0,2013,2,"","San Bernardino County, California","Private","Hardware stores","County, NAICS 5-digit -- by ownership sector","All establishment sizes",51,444,450,450,3570411,582023,30117,613
"06071",5,"44413",77,0,2013,3,"","San Bernardino County, California","Private","Hardware stores","County, NAICS 5-digit -- by ownership sector","All establishment sizes",52,454,445,449,3748878,331073,16862,642
"06071",5,"444130",78,0,2013,1,"","San Bernardino County, California","Private","Hardware stores","County, NAICS 6-digit -- by ownership sector","All establishment sizes",51,420,427,430,3835476,2205090,118620,693
"06071",5,"444130",78,0,2013,2,"","San Bernardino County, California","Private","Hardware stores","County, NAICS 6-digit -- by ownership sector","All establishment sizes",51,444,450,450,3570411,582023,30117,613
"06071",5,"444130",78,0,2013,3,"","San Bernardino County, California","Private","Hardware stores","County, NAICS 6-digit -- by ownership sector","All establishment sizes",52,454,445,449,3748878,331073,16862,642
"06071",5,"44419",77,0,2013,1,"","San Bernardino County, California","Private","Other building material dealers","County, NAICS 5-digit -- by ownership sector","All establishment sizes",98,671,692,699,8597440,4645040,255464,962
"06071",5,"44419",77,0,2013,2,"","San Bernardino County, California","Private","Other building material dealers","County, NAICS 5-digit -- by ownership sector","All establishment sizes",100,718,734,737,8244923,866739,43477,869
"06071",5,"44419",77,0,2013,3,"","San Bernardino County, California","Private","Other building material dealers","County, NAICS 5-digit -- by ownership sector","All establishment sizes",101,710,727,748,8100191,623448,31649,856
"06071",5,"444190",78,0,2013,1,"","San Bernardino County, California","Private","Other building material dealers","County, NAICS 6-digit -- by ownership sector","All establishment sizes",98,671,692,699,8597440,4645040,255464,962
"06071",5,"444190",78,0,2013,2,"","San Bernardino County, California","Private","Other building material dealers","County, NAICS 6-digit -- by ownership sector","All establishment sizes",100,718,734,737,8244923,866739,43477,869
"06071",5,"444190",78,0,2013,3,"","San Bernardino County, California","Private","Other building material dealers","County, NAICS 6-digit -- by ownership sector","All establishment sizes",101,710,727,748,8100191,623448,31649,856
"06071",5,"4442",76,0,2013,1,"","San Bernardino County, California","Private","Lawn and garden equipment and supplies stores","County, NAICS 4-digit -- by ownership sector","All establishment sizes",42,266,274,272,2129936,1565915,75499,605
"06071",5,"4442",76,0,2013,2,"","San Bernardino County, California","Private","Lawn and garden equipment and supplies stores","County, NAICS 4-digit -- by ownership sector","All establishment sizes",44,306,302,293,2391452,753455,36564,613
"06071",5,"4442",76,0,2013,3,"","San Bernardino County, California","Private","Lawn and garden equipment and supplies stores","County, NAICS 4-digit -- by ownership sector","All establishment sizes",43,281,284,283,2205281,290457,13839,600
"06071",5,"44421",77,0,2013,1,"","San Bernardino County, California","Private","Outdoor power equipment stores","County, NAICS 5-digit -- by ownership sector","All establishment sizes",12,116,116,111,981650,787296,38265,660
"06071",5,"44421",77,0,2013,2,"","San Bernardino County, California","Private","Outdoor power equipment stores","County, NAICS 5-digit -- by ownership sector","All establishment sizes",12,113,114,111,1119556,342350,16697,764
"06071",5,"44421",77,0,2013,3,"","San Bernardino County, California","Private","Outdoor power equipment stores","County, NAICS 5-digit -- by ownership sector","All establishment sizes",11,115,114,114,991091,153032,7534,667
"06071",5,"444210",78,0,2013,1,"","San Bernardino County, California","Private","Outdoor power equipment stores","County, NAICS 6-digit -- by ownership sector","All establishment sizes",12,116,116,111,981650,787296,38265,660
"06071",5,"444210",78,0,2013,2,"","San Bernardino County, California","Private","Outdoor power equipment stores","County, NAICS 6-digit -- by ownership sector","All establishment sizes",12,113,114,111,1119556,342350,16697,764
"06071",5,"444210",78,0,2013,3,"","San Bernardino County, California","Private","Outdoor power equipment stores","County, NAICS 6-digit -- by ownership sector","All establishment sizes",11,115,114,114,991091,153032,7534,667
"06071",5,"44422",77,0,2013,1,"","San Bernardino County, California","Private","Nursery, garden, and farm supply stores","County, NAICS 5-digit -- by ownership sector","All establishment sizes",30,150,158,161,1148286,778619,37234,565
"06071",5,"44422",77,0,2013,2,"","San Bernardino County, California","Private","Nursery, garden, and farm supply stores","County, NAICS 5-digit -- by ownership sector","All establishment sizes",32,193,188,182,1271896,411105,19867,521
"06071",5,"44422",77,0,2013,3,"","San Bernardino County, California","Private","Nursery, garden, and farm supply stores","County, NAICS 5-digit -- by ownership sector","All establishment sizes",32,166,170,169,1214190,137425,6305,555
"06071",5,"444220",78,0,2013,1,"","San Bernardino County, California","Private","Nursery, garden, and farm supply stores","County, NAICS 6-digit -- by ownership sector","All establishment sizes",30,150,158,161,1148286,778619,37234,565
"06071",5,"444220",78,0,2013,2,"","San Bernardino County, California","Private","Nursery, garden, and farm supply stores","County, NAICS 6-digit -- by ownership sector","All establishment sizes",32,193,188,182,1271896,411105,19867,521
"06071",5,"444220",78,0,2013,3,"","San Bernardino County, California","Private","Nursery, garden, and farm supply stores","County, NAICS 6-digit -- by ownership sector","All establishment sizes",32,166,170,169,1214190,137425,6305,555
"06071",5,"445",75,0,2013,1,"","San Bernardino County, California","Private","Food and beverage stores","County, NAICS 3-digit -- by ownership sector","All establishment sizes",703,14611,14595,14555,93518040,67652445,2550687,493
"06071",5,"445",75,0,2013,2,"","San Bernardino County, California","Private","Food and beverage stores","County, NAICS 3-digit -- by ownership sector","All establishment sizes",702,14498,14653,14691,95006547,25030694,978981,500
"06071",5,"445",75,0,2013,3,"","San Bernardino County, California","Private","Food and beverage stores","County, NAICS 3-digit -- by ownership sector","All establishment sizes",708,14745,14971,15052,99071564,10100857,409518,511
"06071",5,"4451",76,0,2013,1,"","San Bernardino County, California","Private","Grocery stores","County, NAICS 4-digit -- by ownership sector","All establishment sizes",431,13301,13297,13265,87698029,62977019,2334192,508
"06071",5,"4451",76,0,2013,2,"","San Bernardino County, California","Private","Grocery stores","County, NAICS 4-digit -- by ownership sector","All establishment sizes",431,13211,13381,13418,89343274,22607085,872653,515
"06071",5,"4451",76,0,2013,3,"","San Bernardino County, California","Private","Grocery stores","County, NAICS 4-digit -- by ownership sector","All establishment sizes",435,13513,13728,13806,93402957,8811806,354012,525
"06071",5,"44511",77,0,2013,1,"","San Bernardino County, California","Private","Supermarkets and other grocery stores","County, NAICS 5-digit -- by ownership sector","All establishment sizes",306,12525,12518,12468,84406735,60018646,2190415,519
"06071",5,"44511",77,0,2013,2,"","San Bernardino County, California","Private","Supermarkets and other grocery stores","County, NAICS 5-digit -- by ownership sector","All establishment sizes",308,12427,12577,12602,86124146,21036020,798805,529
"06071",5,"44511",77,0,2013,3,"","San Bernardino County, California","Private","Supermarkets and other grocery stores","County, NAICS 5-digit -- by ownership sector","All establishment sizes",311,12700,12895,12961,89921135,7897044,311890,538
"06071",5,"445110",78,0,2013,1,"","San Bernardino County, California","Private","Supermarkets and other grocery stores","County, NAICS 6-digit -- by ownership sector","All establishment sizes",306,12525,12518,12468,84406735,60018646,2190415,519
"06071",5,"445110",78,0,2013,2,"","San Bernardino County, California","Private","Supermarkets and other grocery stores","County, NAICS 6-digit -- by ownership sector","All establishment sizes",308,12427,12577,12602,86124146,21036020,798805,529
"06071",5,"445110",78,0,2013,3,"","San Bernardino County, California","Private","Supermarkets and other grocery stores","County, NAICS 6-digit -- by ownership sector","All establishment sizes",311,12700,12895,12961,89921135,7897044,311890,538
"06071",5,"44512",77,0,2013,1,"","San Bernardino County, California","Private","Convenience stores","County, NAICS 5-digit -- by ownership sector","All establishment sizes",125,776,779,797,3291294,2958373,143777,323
"06071",5,"44512",77,0,2013,2,"","San Bernardino County, California","Private","Convenience stores","County, NAICS 5-digit -- by ownership sector","All establishment sizes",123,784,804,816,3219128,1571065,73848,309
"06071",5,"44512",77,0,2013,3,"","San Bernardino County, California","Private","Convenience stores","County, NAICS 5-digit -- by ownership sector","All establishment sizes",124,813,833,845,3481822,914762,42122,323
"06071",5,"445120",78,0,2013,1,"","San Bernardino County, California","Private","Convenience stores","County, NAICS 6-digit -- by ownership sector","All establishment sizes",125,776,779,797,3291294,2958373,143777,323
"06071",5,"445120",78,0,2013,2,"","San Bernardino County, California","Private","Convenience stores","County, NAICS 6-digit -- by ownership sector","All establishment sizes",123,784,804,816,3219128,1571065,73848,309
"06071",5,"445120",78,0,2013,3,"","San Bernardino County, California","Private","Convenience stores","County, NAICS 6-digit -- by ownership sector","All establishment sizes",124,813,833,845,3481822,914762,42122,323
"06071",5,"4452",76,0,2013,1,"","San Bernardino County, California","Private","Specialty food stores","County, NAICS 4-digit -- by ownership sector","All establishment sizes",100,793,793,787,4014233,3020622,144102,390
"06071",5,"4452",76,0,2013,2,"","San Bernardino County, California","Private","Specialty food stores","County, NAICS 4-digit -- by ownership sector","All establishment sizes",99,783,764,762,3770287,1328052,57881,377
"06071",5,"4452",76,0,2013,3,"","San Bernardino County, California","Private","Specialty food stores","County, NAICS 4-digit -- by ownership sector","All establishment sizes",99,740,743,750,3812527,724457,30687,394
"06071",5,"44521",77,0,2013,1,"","San Bernardino County, California","Private","Meat markets","County, NAICS 5-digit -- by ownership sector","All establishment sizes",23,226,230,237,1354066,1141894,53635,451
"06071",5,"44521",77,0,2013,2,"","San Bernardino County, California","Private","Meat markets","County, NAICS 5-digit -- by ownership sector","All establishment sizes",22,237,225,224,1272296,397163,17104,428
"06071",5,"44521",77,0,2013,3,"","San Bernardino County, California","Private","Meat markets","County, NAICS 5-digit -- by ownership sector","All establishment sizes",23,223,226,234,1350639,158185,6355,456
"06071",5,"445210",78,0,2013,1,"","San Bernardino County, California","Private","Meat markets","County, NAICS 6-digit -- by ownership sector","All establishment sizes",23,226,230,237,1354066,1141894,53635,451
"06071",5,"445210",78,0,2013,2,"","San Bernardino County, California","Private","Meat markets","County, NAICS 6-digit -- by ownership sector","All establishment sizes",22,237,225,224,1272296,397163,17104,428
"06071",5,"445210",78,0,2013,3,"","San Bernardino County, California","Private","Meat markets","County, NAICS 6-digit -- by ownership sector","All establishment sizes",23,223,226,234,1350639,158185,6355,456
"06071",5,"44522",77,0,2013,1,"","San Bernardino County, California","Private","Fish and seafood markets","County, NAICS 5-digit -- by ownership sector","All establishment sizes",4,15,15,15,69154,41404,2011,355
"06071",5,"44522",77,0,2013,2,"","San Bernardino County, California","Private","Fish and seafood markets","County, NAICS 5-digit -- by ownership sector","All establishment sizes",4,15,15,15,59728,29359,1273,306
"06071",5,"44522",77,0,2013,3,"","San Bernardino County, California","Private","Fish and seafood markets","County, NAICS 5-digit -- by ownership sector","All establishment sizes",4,14,15,14,64008,20481,899,344
"06071",5,"445220",78,0,2013,1,"","San Bernardino County, California","Private","Fish and seafood markets","County, NAICS 6-digit -- by ownership sector","All establishment sizes",4,15,15,15,69154,41404,2011,355
"06071",5,"445220",78,0,2013,2,"","San Bernardino County, California","Private","Fish and seafood markets","County, NAICS 6-digit -- by ownership sector","All establishment sizes",4,15,15,15,59728,29359,1273,306
"06071",5,"445220",78,0,2013,3,"","San Bernardino County, California","Private","Fish and seafood markets","County, NAICS 6-digit -- by ownership sector","All establishment sizes",4,14,15,14,64008,20481,899,344
"06071",5,"44523",77,0,2013,1,"","San Bernardino County, California","Private","Fruit and vegetable markets","County, NAICS 5-digit -- by ownership sector","All establishment sizes",9,54,54,54,260894,238022,10882,372
"06071",5,"44523",77,0,2013,2,"","San Bernardino County, California","Private","Fruit and vegetable markets","County, NAICS 5-digit -- by ownership sector","All establishment sizes",9,58,58,60,269819,131781,5255,354
"06071",5,"44523",77,0,2013,3,"","San Bernardino County, California","Private","Fruit and vegetable markets","County, NAICS 5-digit -- by ownership sector","All establishment sizes",9,58,59,58,257275,80648,2916,339
"06071",5,"445230",78,0,2013,1,"","San Bernardino County, California","Private","Fruit and vegetable markets","County, NAICS 6-digit -- by ownership sector","All establishment sizes",9,54,54,54,260894,238022,10882,372
"06071",5,"445230",78,0,2013,2,"","San Bernardino County, California","Private","Fruit and vegetable markets","County, NAICS 6-digit -- by ownership sector","All establishment sizes",9,58,58,60,269819,131781,5255,354
"06071",5,"445230",78,0,2013,3,"","San Bernardino County, California","Private","Fruit and vegetable markets","County, NAICS 6-digit -- by ownership sector","All establishment sizes",9,58,59,58,257275,80648,2916,339
"06071",5,"44529",77,0,2013,1,"","San Bernardino County, California","Private","Other specialty food stores","County, NAICS 5-digit -- by ownership sector","All establishment sizes",64,498,494,481,2330119,1599302,77574,365
"06071",5,"44529",77,0,2013,2,"","San Bernardino County, California","Private","Other specialty food stores","County, NAICS 5-digit -- by ownership sector","All establishment sizes",64,473,466,463,2168444,769749,34249,357
"06071",5,"44529",77,0,2013,3,"","San Bernardino County, California","Private","Other specialty food stores","County, NAICS 5-digit -- by ownership sector","All establishment sizes",63,445,443,444,2140605,465143,20517,371
"06071",5,"445291",78,0,2013,1,"","San Bernardino County, California","Private","Baked goods stores","County, NAICS 6-digit -- by ownership sector","All establishment sizes",13,82,73,72,690353,367658,18395,702
"06071",5,"445291",78,0,2013,2,"","San Bernardino County, California","Private","Baked goods stores","County, NAICS 6-digit -- by ownership sector","All establishment sizes",12,69,72,71,599067,121939,4775,652
"06071",5,"445291",78,0,2013,3,"","San Bernardino County, California","Private","Baked goods stores","County, NAICS 6-digit -- by ownership sector","All establishment sizes",12,75,73,71,591657,53140,2055,623
"06071",5,"445292",78,0,2013,1,"","San Bernardino County, California","Private","Confectionery and nut stores","County, NAICS 6-digit -- by ownership sector","All establishment sizes",19,170,171,169,510727,390897,20922,231
"06071",5,"445292",78,0,2013,2,"","San Bernardino County, California","Private","Confectionery and nut stores","County, NAICS 6-digit -- by ownership sector","All establishment sizes",19,152,149,146,504958,205795,9890,261
"06071",5,"445292",78,0,2013,3,"","San Bernardino County, California","Private","Confectionery and nut stores","County, NAICS 6-digit -- by ownership sector","All establishment sizes",18,129,133,123,455598,95569,4767,273
"06071",5,"445299",78,0,2013,1,"","San Bernardino County, California","Private","All other specialty food stores","County, NAICS 6-digit -- by ownership sector","All establishment sizes",32,246,250,240,1129039,840747,38257,354
"06071",5,"445299",78,0,2013,2,"","San Bernardino County, California","Private","All other specialty food stores","County, NAICS 6-digit -- by ownership sector","All establishment sizes",33,252,245,246,1064419,442015,19584,331
"06071",5,"445299",78,0,2013,3,"","San Bernardino County, California","Private","All other specialty food stores","County, NAICS 6-digit -- by ownership sector","All establishment sizes",33,241,237,250,1093350,316434,13695,347
"06071",5,"4453",76,0,2013,1,"","San Bernardino County, California","Private","Beer, wine, and liquor stores","County, NAICS 4-digit -- by ownership sector","All establishment sizes",172,517,505,503,1805778,1654804,72393,273
"06071",5,"4453",76,0,2013,2,"","San Bernardino County, California","Private","Beer, wine, and liquor stores","County, NAICS 4-digit -- by ownership sector","All establishment sizes",172,504,508,511,1892986,1095557,48447,287
"06071",5,"4453",76,0,2013,3,"","San Bernardino County, California","Private","Beer, wine, and liquor stores","County, NAICS 4-digit -- by ownership sector","All establishment sizes",174,492,500,496,1856080,564594,24819,288
"06071",5,"44531",77,0,2013,1,"","San Bernardino County, California","Private","Beer, wine, and liquor stores","County, NAICS 5-digit -- by ownership sector","All establishment sizes",172,517,505,503,1805778,1654804,72393,273
"06071",5,"44531",77,0,2013,2,"","San Bernardino County, California","Private","Beer, wine, and liquor stores","County, NAICS 5-digit -- by ownership sector","All establishment sizes",172,504,508,511,1892986,1095557,48447,287
"06071",5,"44531",77,0,2013,3,"","San Bernardino County, California","Private","Beer, wine, and liquor stores","County, NAICS 5-digit -- by ownership sector","All establishment sizes",174,492,500,496,1856080,564594,24819,288
"06071",5,"445310",78,0,2013,1,"","San Bernardino County, California","Private","Beer, wine, and liquor stores","County, NAICS 6-digit -- by ownership sector","All establishment sizes",172,517,505,503,1805778,1654804,72393,273
"06071",5,"445310",78,0,2013,2,"","San Bernardino County, California","Private","Beer, wine, and liquor stores","County, NAICS 6-digit -- by ownership sector","All establishment sizes",172,504,508,511,1892986,1095557,48447,287
"06071",5,"445310",78,0,2013,3,"","San Bernardino County, California","Private","Beer, wine, and liquor stores","County, NAICS 6-digit -- by ownership sector","All establishment sizes",174,492,500,496,1856080,564594,24819,288
"06071",5,"446",75,0,2013,1,"","San Bernardino County, California","Private","Health and personal care stores","County, NAICS 3-digit -- by ownership sector","All establishment sizes",475,4751,4702,4681,44163940,24136295,1210993,721
"06071",5,"446",75,0,2013,2,"","San Bernardino County, California","Private","Health and personal care stores","County, NAICS 3-digit -- by ownership sector","All establishment sizes",477,4695,4715,4738,43570225,5919958,298337,711
"06071",5,"446",75,0,2013,3,"","San Bernardino County, California","Private","Health and personal care stores","County, NAICS 3-digit -- by ownership sector","All establishment sizes",479,4714,4704,4661,42367989,3242682,160946,694
"06071",5,"4461",76,0,2013,1,"","San Bernardino County, California","Private","Health and personal care stores","County, NAICS 4-digit -- by ownership sector","All establishment sizes",475,4751,4702,4681,44163940,24136295,1210993,721
"06071",5,"4461",76,0,2013,2,"","San Bernardino County, California","Private","Health and personal care stores","County, NAICS 4-digit -- by ownership sector","All establishment sizes",477,4695,4715,4738,43570225,5919958,298337,711
"06071",5,"4461",76,0,2013,3,"","San Bernardino County, California","Private","Health and personal care stores","County, NAICS 4-digit -- by ownership sector","All establishment sizes",479,4714,4704,4661,42367989,3242682,160946,694
"06071",5,"44611",77,0,2013,1,"","San Bernardino County, California","Private","Pharmacies and drug stores","County, NAICS 5-digit -- by ownership sector","All establishment sizes",272,3249,3243,3252,35541907,18211828,906523,842
"06071",5,"44611",77,0,2013,2,"","San Bernardino County, California","Private","Pharmacies and drug stores","County, NAICS 5-digit -- by ownership sector","All establishment sizes",271,3261,3226,3228,34363233,3609462,182856,816
"06071",5,"44611",77,0,2013,3,"","San Bernardino County, California","Private","Pharmacies and drug stores","County, NAICS 5-digit -- by ownership sector","All establishment sizes",271,3219,3225,3208,33479671,1879628,93210,800
"06071",5,"446110",78,0,2013,1,"","San Bernardino County, California","Private","Pharmacies and drug stores","County, NAICS 6-digit -- by ownership sector","All establishment sizes",272,3249,3243,3252,35541907,18211828,906523,842
"06071",5,"446110",78,0,2013,2,"","San Bernardino County, California","Private","Pharmacies and drug stores","County, NAICS 6-digit -- by ownership sector","All establishment sizes",271,3261,3226,3228,34363233,3609462,182856,816
"06071",5,"446110",78,0,2013,3,"","San Bernardino County, California","Private","Pharmacies and drug stores","County, NAICS 6-digit -- by ownership sector","All establishment sizes",271,3219,3225,3208,33479671,1879628,93210,800
"06071",5,"44612",77,0,2013,1,"","San Bernardino County, California","Private","Cosmetic and beauty supply stores","County, NAICS 5-digit -- by ownership sector","All establishment sizes",78,775,724,696,2900661,2241357,108621,305
"06071",5,"44612",77,0,2013,2,"","San Bernardino County, California","Private","Cosmetic and beauty supply stores","County, NAICS 5-digit -- by ownership sector","All establishment sizes",79,698,737,749,3091774,1293245,61993,327
"06071",5,"44612",77,0,2013,3,"","San Bernardino County, California","Private","Cosmetic and beauty supply stores","County, NAICS 5-digit -- by ownership sector","All establishment sizes",80,743,715,696,3007202,783136,36981,322
"06071",5,"446120",78,0,2013,1,"","San Bernardino County, California","Private","Cosmetic and beauty supply stores","County, NAICS 6-digit -- by ownership sector","All establishment sizes",78,775,724,696,2900661,2241357,108621,305
"06071",5,"446120",78,0,2013,2,"","San Bernardino County, California","Private","Cosmetic and beauty supply stores","County, NAICS 6-digit -- by ownership sector","All establishment sizes",79,698,737,749,3091774,1293245,61993,327
"06071",5,"446120",78,0,2013,3,"","San Bernardino County, California","Private","Cosmetic and beauty supply stores","County, NAICS 6-digit -- by ownership sector","All establishment sizes",80,743,715,696,3007202,783136,36981,322
"06071",5,"44613",77,0,2013,1,"","San Bernardino County, California","Private","Optical goods stores","County, NAICS 5-digit -- by ownership sector","All establishment sizes",36,217,218,211,1161594,893113,49307,415
"06071",5,"44613",77,0,2013,2,"","San Bernardino County, California","Private","Optical goods stores","County, NAICS 5-digit -- by ownership sector","All establishment sizes",36,218,233,233,1326170,328552,18535,447
"06071",5,"44613",77,0,2013,3,"","San Bernardino County, California","Private","Optical goods stores","County, NAICS 5-digit -- by ownership sector","All establishment sizes",37,237,248,237,1183573,195101,10540,378
"06071",5,"446130",78,0,2013,1,"","San Bernardino County, California","Private","Optical goods stores","County, NAICS 6-digit -- by ownership sector","All establishment sizes",36,217,218,211,1161594,893113,49307,415
"06071",5,"446130",78,0,2013,2,"","San Bernardino County, California","Private","Optical goods stores","County, NAICS 6-digit -- by ownership sector","All establishment sizes",36,218,233,233,1326170,328552,18535,447
"06071",5,"446130",78,0,2013,3,"","San Bernardino County, California","Private","Optical goods stores","County, NAICS 6-digit -- by ownership sector","All establishment sizes",37,237,248,237,1183573,195101,10540,378
"06071",5,"44619",77,0,2013,1,"","San Bernardino County, California","Private","Other health and personal care stores","County, NAICS 5-digit -- by ownership sector","All establishment sizes",89,510,517,522,4559778,2789997,146542,679
"06071",5,"44619",77,0,2013,2,"","San Bernardino County, California","Private","Other health and personal care stores","County, NAICS 5-digit -- by ownership sector","All establishment sizes",91,518,519,528,4789048,688699,34953,706
"06071",5,"44619",77,0,2013,3,"","San Bernardino County, California","Private","Other health and personal care stores","County, NAICS 5-digit -- by ownership sector","All establishment sizes",91,515,516,520,4697543,384817,20215,699
"06071",5,"446191",78,0,2013,1,"","San Bernardino County, California","Private","Food, health, supplement stores","County, NAICS 6-digit -- by ownership sector","All establishment sizes",53,257,268,272,1580463,1183841,56186,458
"06071",5,"446191",78,0,2013,2,"","San Bernardino County, California","Private","Food, health, supplement stores","County, NAICS 6-digit -- by ownership sector","All establishment sizes",53,267,268,277,1729709,482109,23823,492
"06071",5,"446191",78,0,2013,3,"","San Bernardino County, California","Private","Food, health, supplement stores","County, NAICS 6-digit -- by ownership sector","All establishment sizes",52,281,278,285,1796299,228685,11976,491
"06071",5,"446199",78,0,2013,1,"","San Bernardino County, California","Private","All other health and personal care stores","County, NAICS 6-digit -- by ownership sector","All establishment sizes",36,253,249,250,2979315,1606156,90356,914
"06071",5,"446199",78,0,2013,2,"","San Bernardino County, California","Private","All other health and personal care stores","County, NAICS 6-digit -- by ownership sector","All establishment sizes",38,251,251,251,3059339,206590,11130,938
"06071",5,"446199",78,0,2013,3,"","San Bernardino County, California","Private","All other health and personal care stores","County, NAICS 6-digit -- by ownership sector","All establishment sizes",39,234,238,235,2901244,156132,8239,947
"06071",5,"447",75,0,2013,1,"","San Bernardino County, California","Private","Gasoline stations","County, NAICS 3-digit -- by ownership sector","All establishment sizes",317,3560,3576,3629,17752374,15002053,768247,381
"06071",5,"447",75,0,2013,2,"","San Bernardino County, California","Private","Gasoline stations","County, NAICS 3-digit -- by ownership sector","All establishment sizes",319,3696,3749,3781,18719375,7951867,395105,385
"06071",5,"447",75,0,2013,3,"","San Bernardino County, California","Private","Gasoline stations","County, NAICS 3-digit -- by ownership sector","All establishment sizes",318,3700,3733,3718,19956817,5009935,238719,413
"06071",5,"4471",76,0,2013,1,"","San Bernardino County, California","Private","Gasoline stations","County, NAICS 4-digit -- by ownership sector","All establishment sizes",317,3560,3576,3629,17752374,15002053,768247,381
"06071",5,"4471",76,0,2013,2,"","San Bernardino County, California","Private","Gasoline stations","County, NAICS 4-digit -- by ownership sector","All establishment sizes",319,3696,3749,3781,18719375,7951867,395105,385
"06071",5,"4471",76,0,2013,3,"","San Bernardino County, California","Private","Gasoline stations","County, NAICS 4-digit -- by ownership sector","All establishment sizes",318,3700,3733,3718,19956817,5009935,238719,413
"06071",5,"44711",77,0,2013,1,"","San Bernardino County, California","Private","Gasoline stations with convenience stores","County, NAICS 5-digit -- by ownership sector","All establishment sizes",253,2567,2574,2573,11611574,10208261,500590,347
"06071",5,"44711",77,0,2013,2,"","San Bernardino County, California","Private","Gasoline stations with convenience stores","County, NAICS 5-digit -- by ownership sector","All establishment sizes",255,2610,2652,2668,12158502,5556255,260810,354
"06071",5,"44711",77,0,2013,3,"","San Bernardino County, California","Private","Gasoline stations with convenience stores","County, NAICS 5-digit -- by ownership sector","All establishment sizes",255,2606,2613,2590,12595235,3648545,161207,372
"06071",5,"447110",78,0,2013,1,"","San Bernardino County, California","Private","Gasoline stations with convenience stores","County, NAICS 6-digit -- by ownership sector","All establishment sizes",253,2567,2574,2573,11611574,10208261,500590,347
"06071",5,"447110",78,0,2013,2,"","San Bernardino County, California","Private","Gasoline stations with convenience stores","County, NAICS 6-digit -- by ownership sector","All establishment sizes",255,2610,2652,2668,12158502,5556255,260810,354
"06071",5,"447110",78,0,2013,3,"","San Bernardino County, California","Private","Gasoline stations with convenience stores","County, NAICS 6-digit -- by ownership sector","All establishment sizes",255,2606,2613,2590,12595235,3648545,161207,372
"06071",5,"44719",77,0,2013,1,"","San Bernardino County, California","Private","Other gasoline stations","County, NAICS 5-digit -- by ownership sector","All establishment sizes",64,993,1002,1056,6140800,4793792,267657,464
"06071",5,"44719",77,0,2013,2,"","San Bernardino County, California","Private","Other gasoline stations","County, NAICS 5-digit -- by ownership sector","All establishment sizes",64,1086,1097,1113,6560873,2395612,134295,459
"06071",5,"44719",77,0,2013,3,"","San Bernardino County, California","Private","Other gasoline stations","County, NAICS 5-digit -- by ownership sector","All establishment sizes",63,1094,1120,1128,7361582,1361390,77512,508
"06071",5,"447190",78,0,2013,1,"","San Bernardino County, California","Private","Other gasoline stations","County, NAICS 6-digit -- by ownership sector","All establishment sizes",64,993,1002,1056,6140800,4793792,267657,464
"06071",5,"447190",78,0,2013,2,"","San Bernardino County, California","Private","Other gasoline stations","County, NAICS 6-digit -- by ownership sector","All establishment sizes",64,1086,1097,1113,6560873,2395612,134295,459
"06071",5,"447190",78,0,2013,3,"","San Bernardino County, California","Private","Other gasoline stations","County, NAICS 6-digit -- by ownership sector","All establishment sizes",63,1094,1120,1128,7361582,1361390,77512,508
"06071",5,"448",75,0,2013,1,"","San Bernardino County, California","Private","Clothing and clothing accessories stores","County, NAICS 3-digit -- by ownership sector","All establishment sizes",617,9117,8641,8547,35299377,24888048,1259146,310
"06071",5,"448",75,0,2013,2,"","San Bernardino County, California","Private","Clothing and clothing accessories stores","County, NAICS 3-digit -- by ownership sector","All establishment sizes",608,8450,8697,8901,35090948,12233914,604924,311
"06071",5,"448",75,0,2013,3,"","San Bernardino County, California","Private","Clothing and clothing accessories stores","County, NAICS 3-digit -- by ownership sector","All establishment sizes",617,8794,8914,8675,35634630,8831678,439871,312
"06071",5,"4481",76,0,2013,1,"","San Bernardino County, California","Private","Clothing stores","County, NAICS 4-digit -- by ownership sector","All establishment sizes",391,6976,6589,6447,24707184,17526486,877677,285
"06071",5,"4481",76,0,2013,2,"","San Bernardino County, California","Private","Clothing stores","County, NAICS 4-digit -- by ownership sector","All establishment sizes",382,6394,6552,6734,24763850,9030468,442588,290
"06071",5,"4481",76,0,2013,3,"","San Bernardino County, California","Private","Clothing stores","County, NAICS 4-digit -- by ownership sector","All establishment sizes",389,6616,6724,6521,24699350,6644878,328968,287
"06071",5,"44811",77,0,2013,1,"","San Bernardino County, California","Private","Men's clothing stores","County, NAICS 5-digit -- by ownership sector","All establishment sizes",16,129,129,125,812058,514655,30931,489
"06071",5,"44811",77,0,2013,2,"","San Bernardino County, California","Private","Men's clothing stores","County, NAICS 5-digit -- by ownership sector","All establishment sizes",13,134,136,136,864943,196270,11825,492
"06071",5,"44811",77,0,2013,3,"","San Bernardino County, California","Private","Men's clothing stores","County, NAICS 5-digit -- by ownership sector","All establishment sizes",13,135,135,140,814774,135791,8298,459
"06071",5,"448110",78,0,2013,1,"","San Bernardino County, California","Private","Men's clothing stores","County, NAICS 6-digit -- by ownership sector","All establishment sizes",16,129,129,125,812058,514655,30931,489
"06071",5,"448110",78,0,2013,2,"","San Bernardino County, California","Private","Men's clothing stores","County, NAICS 6-digit -- by ownership sector","All establishment sizes",13,134,136,136,864943,196270,11825,492
"06071",5,"448110",78,0,2013,3,"","San Bernardino County, California","Private","Men's clothing stores","County, NAICS 6-digit -- by ownership sector","All establishment sizes",13,135,135,140,814774,135791,8298,459
"06071",5,"44812",77,0,2013,1,"","San Bernardino County, California","Private","Women's clothing stores","County, NAICS 5-digit -- by ownership sector","All establishment sizes",114,1716,1586,1574,5829691,4192702,204587,276
"06071",5,"44812",77,0,2013,2,"","San Bernardino County, California","Private","Women's clothing stores","County, NAICS 5-digit -- by ownership sector","All establishment sizes",112,1564,1562,1547,5839672,2312686,109898,288
"06071",5,"44812",77,0,2013,3,"","San Bernardino County, California","Private","Women's clothing stores","County, NAICS 5-digit -- by ownership sector","All establishment sizes",114,1577,1570,1566,5709312,1700609,85329,280
"06071",5,"448120",78,0,2013,1,"","San Bernardino County, California","Private","Women's clothing stores","County, NAICS 6-digit -- by ownership sector","All establishment sizes",114,1716,1586,1574,5829691,4192702,204587,276
"06071",5,"448120",78,0,2013,2,"","San Bernardino County, California","Private","Women's clothing stores","County, NAICS 6-digit -- by ownership sector","All establishment sizes",112,1564,1562,1547,5839672,2312686,109898,288
"06071",5,"448120",78,0,2013,3,"","San Bernardino County, California","Private","Women's clothing stores","County, NAICS 6-digit -- by ownership sector","All establishment sizes",114,1577,1570,1566,5709312,1700609,85329,280
"06071",5,"44813",77,0,2013,1,"","San Bernardino County, California","Private","Children's and infants' clothing stores","County, NAICS 5-digit -- by ownership sector","All establishment sizes",30,362,354,349,1170726,862894,42455,254
"06071",5,"44813",77,0,2013,2,"","San Bernardino County, California","Private","Children's and infants' clothing stores","County, NAICS 5-digit -- by ownership sector","All establishment sizes",31,373,390,380,1219929,487549,23482,246
"06071",5,"44813",77,0,2013,3,"","San Bernardino County, California","Private","Children's and infants' clothing stores","County, NAICS 5-digit -- by ownership sector","All establishment sizes",31,374,379,374,1213827,322467,15990,249
"06071",5,"448130",78,0,2013,1,"","San Bernardino County, California","Private","Children's and infants' clothing stores","County, NAICS 6-digit -- by ownership sector","All establishment sizes",30,362,354,349,1170726,862894,42455,254
"06071",5,"448130",78,0,2013,2,"","San Bernardino County, California","Private","Children's and infants' clothing stores","County, NAICS 6-digit -- by ownership sector","All establishment sizes",31,373,390,380,1219929,487549,23482,246
"06071",5,"448130",78,0,2013,3,"","San Bernardino County, California","Private","Children's and infants' clothing stores","County, NAICS 6-digit -- by ownership sector","All establishment sizes",31,374,379,374,1213827,322467,15990,249
"06071",5,"44814",77,0,2013,1,"","San Bernardino County, California","Private","Family clothing stores","County, NAICS 5-digit -- by ownership sector","All establishment sizes",142,3653,3466,3410,12375549,8556736,444419,271
"06071",5,"44814",77,0,2013,2,"","San Bernardino County, California","Private","Family clothing stores","County, NAICS 5-digit -- by ownership sector","All establishment sizes",141,3336,3461,3610,12502608,4310416,218931,277
"06071",5,"44814",77,0,2013,3,"","San Bernardino County, California","Private","Family clothing stores","County, NAICS 5-digit -- by ownership sector","All establishment sizes",143,3577,3634,3448,12645184,3578014,177756,274
"06071",5,"448140",78,0,2013,1,"","San Bernardino County, California","Private","Family clothing stores","County, NAICS 6-digit -- by ownership sector","All establishment sizes",142,3653,3466,3410,12375549,8556736,444419,271
"06071",5,"448140",78,0,2013,2,"","San Bernardino County, California","Private","Family clothing stores","County, NAICS 6-digit -- by ownership sector","All establishment sizes",141,3336,3461,3610,12502608,4310416,218931,277
"06071",5,"448140",78,0,2013,3,"","San Bernardino County, California","Private","Family clothing stores","County, NAICS 6-digit -- by ownership sector","All establishment sizes",143,3577,3634,3448,12645184,3578014,177756,274
"06071",5,"44815",77,0,2013,1,"","San Bernardino County, California","Private","Clothing accessories stores","County, NAICS 5-digit -- by ownership sector","All establishment sizes",45,316,297,278,1205863,893224,43557,312
"06071",5,"44815",77,0,2013,2,"","San Bernardino County, California","Private","Clothing accessories stores","County, NAICS 5-digit -- by ownership sector","All establishment sizes",42,282,287,283,1177901,406821,19578,319
"06071",5,"44815",77,0,2013,3,"","San Bernardino County, California","Private","Clothing accessories stores","County, NAICS 5-digit -- by ownership sector","All establishment sizes",44,287,309,293,1242243,336566,15782,322
"06071",5,"448150",78,0,2013,1,"","San Bernardino County, California","Private","Clothing accessories stores","County, NAICS 6-digit -- by ownership sector","All establishment sizes",45,316,297,278,1205863,893224,43557,312
"06071",5,"448150",78,0,2013,2,"","San Bernardino County, California","Private","Clothing accessories stores","County, NAICS 6-digit -- by ownership sector","All establishment sizes",42,282,287,283,1177901,406821,19578,319
"06071",5,"448150",78,0,2013,3,"","San Bernardino County, California","Private","Clothing accessories stores","County, NAICS 6-digit -- by ownership sector","All establishment sizes",44,287,309,293,1242243,336566,15782,322
"06071",5,"44819",77,0,2013,1,"","San Bernardino County, California","Private","Other clothing stores","County, NAICS 5-digit -- by ownership sector","All establishment sizes",44,800,757,711,3313297,2506275,111728,337
"06071",5,"44819",77,0,2013,2,"","San Bernardino County, California","Private","Other clothing stores","County, NAICS 5-digit -- by ownership sector","All establishment sizes",43,705,716,778,3158797,1316726,58874,331
"06071",5,"44819",77,0,2013,3,"","San Bernardino County, California","Private","Other clothing stores","County, NAICS 5-digit -- by ownership sector","All establishment sizes",44,666,697,700,3074010,571431,25813,344
"06071",5,"448190",78,0,2013,1,"","San Bernardino County, California","Private","Other clothing stores","County, NAICS 6-digit -- by ownership sector","All establishment sizes",44,800,757,711,3313297,2506275,111728,337
"06071",5,"448190",78,0,2013,2,"","San Bernardino County, California","Private","Other clothing stores","County, NAICS 6-digit -- by ownership sector","All establishment sizes",43,705,716,778,3158797,1316726,58874,331
"06071",5,"448190",78,0,2013,3,"","San Bernardino County, California","Private","Other clothing stores","County, NAICS 6-digit -- by ownership sector","All establishment sizes",44,666,697,700,3074010,571431,25813,344
"06071",5,"4482",76,0,2013,1,"","San Bernardino County, California","Private","Shoe stores","County, NAICS 4-digit -- by ownership sector","All establishment sizes",131,1282,1233,1292,5296475,3898834,198147,321
"06071",5,"4482",76,0,2013,2,"","San Bernardino County, California","Private","Shoe stores","County, NAICS 4-digit -- by ownership sector","All establishment sizes",130,1280,1386,1418,5337183,2108865,105991,302
"06071",5,"4482",76,0,2013,3,"","San Bernardino County, California","Private","Shoe stores","County, NAICS 4-digit -- by ownership sector","All establishment sizes",131,1409,1420,1383,5728733,1553938,78626,314
"06071",5,"44821",77,0,2013,1,"","San Bernardino County, California","Private","Shoe stores","County, NAICS 5-digit -- by ownership sector","All establishment sizes",131,1282,1233,1292,5296475,3898834,198147,321
"06071",5,"44821",77,0,2013,2,"","San Bernardino County, California","Private","Shoe stores","County, NAICS 5-digit -- by ownership sector","All establishment sizes",130,1280,1386,1418,5337183,2108865,105991,302
"06071",5,"44821",77,0,2013,3,"","San Bernardino County, California","Private","Shoe stores","County, NAICS 5-digit -- by ownership sector","All establishment sizes",131,1409,1420,1383,5728733,1553938,78626,314
"06071",5,"448210",78,0,2013,1,"","San Bernardino County, California","Private","Shoe stores","County, NAICS 6-digit -- by ownership sector","All establishment sizes",131,1282,1233,1292,5296475,3898834,198147,321
"06071",5,"448210",78,0,2013,2,"","San Bernardino County, California","Private","Shoe stores","County, NAICS 6-digit -- by ownership sector","All establishment sizes",130,1280,1386,1418,5337183,2108865,105991,302
"06071",5,"448210",78,0,2013,3,"","San Bernardino County, California","Private","Shoe stores","County, NAICS 6-digit -- by ownership sector","All establishment sizes",131,1409,1420,1383,5728733,1553938,78626,314
"06071",5,"4483",76,0,2013,1,"","San Bernardino County, California","Private","Jewelry, luggage, and leather goods stores","County, NAICS 4-digit -- by ownership sector","All establishment sizes",95,859,819,808,5295718,3462728,183322,492
"06071",5,"4483",76,0,2013,2,"","San Bernardino County, California","Private","Jewelry, luggage, and leather goods stores","County, NAICS 4-digit -- by ownership sector","All establishment sizes",96,776,759,749,4989915,1094581,56345,504
"06071",5,"4483",76,0,2013,3,"","San Bernardino County, California","Private","Jewelry, luggage, and leather goods stores","County, NAICS 4-digit -- by ownership sector","All establishment sizes",97,769,770,771,5206547,632862,32277,520
"06071",5,"44831",77,0,2013,1,"","San Bernardino County, California","Private","Jewelry stores","County, NAICS 5-digit -- by ownership sector","All establishment sizes",79,557,526,530,3655658,2479286,135463,523
"06071",5,"44831",77,0,2013,2,"","San Bernardino County, California","Private","Jewelry stores","County, NAICS 5-digit -- by ownership sector","All establishment sizes",80,507,497,485,3485040,690772,36631,540
"06071",5,"44831",77,0,2013,3,"","San Bernardino County, California","Private","Jewelry stores","County, NAICS 5-digit -- by ownership sector","All establishment sizes",80,504,502,519,3267652,415623,21530,494
"06071",5,"448310",78,0,2013,1,"","San Bernardino County, California","Private","Jewelry stores","County, NAICS 6-digit -- by ownership sector","All establishment sizes",79,557,526,530,3655658,2479286,135463,523
"06071",5,"448310",78,0,2013,2,"","San Bernardino County, California","Private","Jewelry stores","County, NAICS 6-digit -- by ownership sector","All establishment sizes",80,507,497,485,3485040,690772,36631,540
"06071",5,"448310",78,0,2013,3,"","San Bernardino County, California","Private","Jewelry stores","County, NAICS 6-digit -- by ownership sector","All establishment sizes",80,504,502,519,3267652,415623,21530,494
"06071",5,"44832",77,0,2013,1,"","San Bernardino County, California","Private","Luggage and leather goods stores","County, NAICS 5-digit -- by ownership sector","All establishment sizes",16,302,293,278,1640060,983442,47859,434
"06071",5,"44832",77,0,2013,2,"","San Bernardino County, California","Private","Luggage and leather goods stores","County, NAICS 5-digit -- by ownership sector","All establishment sizes",16,269,262,264,1504875,403809,19714,437
"06071",5,"44832",77,0,2013,3,"","San Bernardino County, California","Private","Luggage and leather goods stores","County, NAICS 5-digit -- by ownership sector","All establishment sizes",17,265,268,252,1938895,217239,10747,570
"06071",5,"448320",78,0,2013,1,"","San Bernardino County, California","Private","Luggage and leather goods stores","County, NAICS 6-digit -- by ownership sector","All establishment sizes",16,302,293,278,1640060,983442,47859,434
"06071",5,"448320",78,0,2013,2,"","San Bernardino County, California","Private","Luggage and leather goods stores","County, NAICS 6-digit -- by ownership sector","All establishment sizes",16,269,262,264,1504875,403809,19714,437
"06071",5,"448320",78,0,2013,3,"","San Bernardino County, California","Private","Luggage and leather goods stores","County, NAICS 6-digit -- by ownership sector","All establishment sizes",17,265,268,252,1938895,217239,10747,570
"06071",5,"451",75,0,2013,1,"","San Bernardino County, California","Private","Sporting goods, hobby, book and music stores","County, NAICS 3-digit -- by ownership sector","All establishment sizes",192,3145,2950,2966,13231434,10155304,511427,337
"06071",5,"451",75,0,2013,2,"","San Bernardino County, California","Private","Sporting goods, hobby, book and music stores","County, NAICS 3-digit -- by ownership sector","All establishment sizes",196,2930,2919,2907,13437152,4465230,224907,354
"06071",5,"451",75,0,2013,3,"","San Bernardino County, California","Private","Sporting goods, hobby, book and music stores","County, NAICS 3-digit -- by ownership sector","All establishment sizes",196,2930,2972,3005,13504917,3009389,149212,350
"06071",5,"4511",76,0,2013,1,"","San Bernardino County, California","Private","Sporting goods and musical instrument stores","County, NAICS 4-digit -- by ownership sector","All establishment sizes",162,2807,2643,2664,11885021,9029634,465397,338
"06071",5,"4511",76,0,2013,2,"","San Bernardino County, California","Private","Sporting goods and musical instrument stores","County, NAICS 4-digit -- by ownership sector","All establishment sizes",163,2593,2599,2595,11927533,3932932,203551,353
"06071",5,"4511",76,0,2013,3,"","San Bernardino County, California","Private","Sporting goods and musical instrument stores","County, NAICS 4-digit -- by ownership sector","All establishment sizes",164,2621,2656,2675,12033478,2658936,135272,349
"06071",5,"45111",77,0,2013,1,"","San Bernardino County, California","Private","Sporting goods stores","County, NAICS 5-digit -- by ownership sector","All establishment sizes",83,1645,1573,1547,7506487,5584892,287516,364
"06071",5,"45111",77,0,2013,2,"","San Bernardino County, California","Private","Sporting goods stores","County, NAICS 5-digit -- by ownership sector","All establishment sizes",85,1513,1532,1544,7254517,2255342,117833,365
"06071",5,"45111",77,0,2013,3,"","San Bernardino County, California","Private","Sporting goods stores","County, NAICS 5-digit -- by ownership sector","All establishment sizes",85,1552,1561,1567,7597006,1538552,78185,375
"06071",5,"451110",78,0,2013,1,"","San Bernardino County, California","Private","Sporting goods stores","County, NAICS 6-digit -- by ownership sector","All establishment sizes",83,1645,1573,1547,7506487,5584892,287516,364
"06071",5,"451110",78,0,2013,2,"","San Bernardino County, California","Private","Sporting goods stores","County, NAICS 6-digit -- by ownership sector","All establishment sizes",85,1513,1532,1544,7254517,2255342,117833,365
"06071",5,"451110",78,0,2013,3,"","San Bernardino County, California","Private","Sporting goods stores","County, NAICS 6-digit -- by ownership sector","All establishment sizes",85,1552,1561,1567,7597006,1538552,78185,375
"06071",5,"45112",77,0,2013,1,"","San Bernardino County, California","Private","Hobby, toy, and game stores","County, NAICS 5-digit -- by ownership sector","All establishment sizes",51,838,741,800,2802563,2221725,121211,272
"06071",5,"45112",77,0,2013,2,"","San Bernardino County, California","Private","Hobby, toy, and game stores","County, NAICS 5-digit -- by ownership sector","All establishment sizes",50,780,757,738,3093524,1193718,63727,314
"06071",5,"45112",77,0,2013,3,"","San Bernardino County, California","Private","Hobby, toy, and game stores","County, NAICS 5-digit -- by ownership sector","All establishment sizes",50,758,774,777,2733076,790726,42284,273
"06071",5,"451120",78,0,2013,1,"","San Bernardino County, California","Private","Hobby, toy, and game stores","County, NAICS 6-digit -- by ownership sector","All establishment sizes",51,838,741,800,2802563,2221725,121211,272
"06071",5,"451120",78,0,2013,2,"","San Bernardino County, California","Private","Hobby, toy, and game stores","County, NAICS 6-digit -- by ownership sector","All establishment sizes",50,780,757,738,3093524,1193718,63727,314
"06071",5,"451120",78,0,2013,3,"","San Bernardino County, California","Private","Hobby, toy, and game stores","County, NAICS 6-digit -- by ownership sector","All establishment sizes",50,758,774,777,2733076,790726,42284,273
"06071",5,"45113",77,0,2013,1,"","San Bernardino County, California","Private","Sewing, needlework, and piece goods stores","County, NAICS 5-digit -- by ownership sector","All establishment sizes",12,177,184,175,750109,598941,26167,323
"06071",5,"45113",77,0,2013,2,"","San Bernardino County, California","Private","Sewing, needlework, and piece goods stores","County, NAICS 5-digit -- by ownership sector","All establishment sizes",12,165,166,170,663406,273585,11466,306
"06071",5,"45113",77,0,2013,3,"","San Bernardino County, California","Private","Sewing, needlework, and piece goods stores","County, NAICS 5-digit -- by ownership sector","All establishment sizes",13,170,170,175,782608,194789,8105,351
"06071",5,"451130",78,0,2013,1,"","San Bernardino County, California","Private","Sewing, needlework, and piece goods stores","County, NAICS 6-digit -- by ownership sector","All establishment sizes",12,177,184,175,750109,598941,26167,323
"06071",5,"451130",78,0,2013,2,"","San Bernardino County, California","Private","Sewing, needlework, and piece goods stores","County, NAICS 6-digit -- by ownership sector","All establishment sizes",12,165,166,170,663406,273585,11466,306
"06071",5,"451130",78,0,2013,3,"","San Bernardino County, California","Private","Sewing, needlework, and piece goods stores","County, NAICS 6-digit -- by ownership sector","All establishment sizes",13,170,170,175,782608,194789,8105,351
"06071",5,"45114",77,0,2013,1,"","San Bernardino County, California","Private","Musical instrument and supplies stores","County, NAICS 5-digit -- by ownership sector","All establishment sizes",16,147,145,142,825862,624076,30503,439
"06071",5,"45114",77,0,2013,2,"","San Bernardino County, California","Private","Musical instrument and supplies stores","County, NAICS 5-digit -- by ownership sector","All establishment sizes",16,135,144,143,916086,210287,10525,501
"06071",5,"45114",77,0,2013,3,"","San Bernardino County, California","Private","Musical instrument and supplies stores","County, NAICS 5-digit -- by ownership sector","All establishment sizes",16,141,151,156,920788,134869,6698,474
"06071",5,"451140",78,0,2013,1,"","San Bernardino County, California","Private","Musical instrument and supplies stores","County, NAICS 6-digit -- by ownership sector","All establishment sizes",16,147,145,142,825862,624076,30503,439
"06071",5,"451140",78,0,2013,2,"","San Bernardino County, California","Private","Musical instrument and supplies stores","County, NAICS 6-digit -- by ownership sector","All establishment sizes",16,135,144,143,916086,210287,10525,501
"06071",5,"451140",78,0,2013,3,"","San Bernardino County, California","Private","Musical instrument and supplies stores","County, NAICS 6-digit -- by ownership sector","All establishment sizes",16,141,151,156,920788,134869,6698,474
"06071",5,"4512",76,0,2013,1,"","San Bernardino County, California","Private","Book, periodical, and music stores","County, NAICS 4-digit -- by ownership sector","All establishment sizes",30,338,307,302,1346413,1125670,46030,328
"06071",5,"4512",76,0,2013,2,"","San Bernardino County, California","Private","Book, periodical, and music stores","County, NAICS 4-digit -- by ownership sector","All establishment sizes",33,337,320,312,1509619,532298,21356,360
"06071",5,"4512",76,0,2013,3,"","San Bernardino County, California","Private","Book, periodical, and music stores","County, NAICS 4-digit -- by ownership sector","All establishment sizes",32,309,316,330,1471439,350453,13940,356
"06071",5,"45121",77,0,2013,1,"","San Bernardino County, California","Private","Book stores and news dealers","County, NAICS 5-digit -- by ownership sector","All establishment sizes",30,338,307,302,1346413,1125670,46030,328
"06071",5,"45121",77,0,2013,2,"","San Bernardino County, California","Private","Book stores and news dealers","County, NAICS 5-digit -- by ownership sector","All establishment sizes",33,337,320,312,1509619,532298,21356,360
"06071",5,"45121",77,0,2013,3,"","San Bernardino County, California","Private","Book stores and news dealers","County, NAICS 5-digit -- by ownership sector","All establishment sizes",32,309,316,330,1471439,350453,13940,356
"06071",5,"451211",78,0,2013,1,"N","San Bernardino County, California","Private","Book stores","County, NAICS 6-digit -- by ownership sector","All establishment sizes",28,0,0,0,0,0,0,0
"06071",5,"451211",78,0,2013,2,"N","San Bernardino County, California","Private","Book stores","County, NAICS 6-digit -- by ownership sector","All establishment sizes",32,0,0,0,0,0,0,0
"06071",5,"451211",78,0,2013,3,"N","San Bernardino County, California","Private","Book stores","County, NAICS 6-digit -- by ownership sector","All establishment sizes",31,0,0,0,0,0,0,0
"06071",5,"451212",78,0,2013,1,"N","San Bernardino County, California","Private","News dealers and newsstands","County, NAICS 6-digit -- by ownership sector","All establishment sizes",2,0,0,0,0,0,0,0
"06071",5,"451212",78,0,2013,2,"N","San Bernardino County, California","Private","News dealers and newsstands","County, NAICS 6-digit -- by ownership sector","All establishment sizes",1,0,0,0,0,0,0,0
"06071",5,"451212",78,0,2013,3,"N","San Bernardino County, California","Private","News dealers and newsstands","County, NAICS 6-digit -- by ownership sector","All establishment sizes",1,0,0,0,0,0,0,0
"06071",5,"452",75,0,2013,1,"","San Bernardino County, California","Private","General merchandise stores","County, NAICS 3-digit -- by ownership sector","All establishment sizes",252,18377,18094,17974,103649447,71586333,3462275,439
"06071",5,"452",75,0,2013,2,"","San Bernardino County, California","Private","General merchandise stores","County, NAICS 3-digit -- by ownership sector","All establishment sizes",258,17914,18073,18236,101219911,28256081,1380911,431
"06071",5,"452",75,0,2013,3,"","San Bernardino County, California","Private","General merchandise stores","County, NAICS 3-digit -- by ownership sector","All establishment sizes",260,18305,18206,18019,100660622,15841444,779676,426
"06071",5,"4521",76,0,2013,1,"","San Bernardino County, California","Private","Department stores","County, NAICS 4-digit -- by ownership sector","All establishment sizes",96,11861,11598,11438,62152977,43103299,2181637,411
"06071",5,"4521",76,0,2013,2,"","San Bernardino County, California","Private","Department stores","County, NAICS 4-digit -- by ownership sector","All establishment sizes",97,11392,11511,11609,58864553,19331416,961687,394
"06071",5,"4521",76,0,2013,3,"","San Bernardino County, California","Private","Department stores","County, NAICS 4-digit -- by ownership sector","All establishment sizes",97,11646,11600,11466,60345539,10988293,549133,401
"06071",5,"45211",77,0,2013,1,"","San Bernardino County, California","Private","Department stores","County, NAICS 5-digit -- by ownership sector","All establishment sizes",96,11861,11598,11438,62152977,43103299,2181637,411
"06071",5,"45211",77,0,2013,2,"","San Bernardino County, California","Private","Department stores","County, NAICS 5-digit -- by ownership sector","All establishment sizes",97,11392,11511,11609,58864553,19331416,961687,394
"06071",5,"45211",77,0,2013,3,"","San Bernardino County, California","Private","Department stores","County, NAICS 5-digit -- by ownership sector","All establishment sizes",97,11646,11600,11466,60345539,10988293,549133,401
"06071",5,"452111",78,0,2013,1,"","San Bernardino County, California","Private","Department stores, except discount","County, NAICS 6-digit -- by ownership sector","All establishment sizes",24,2992,2873,2850,17210949,12791597,646903,456
"06071",5,"452111",78,0,2013,2,"","San Bernardino County, California","Private","Department stores, except discount","County, NAICS 6-digit -- by ownership sector","All establishment sizes",24,2884,2909,2865,16217374,4827734,246735,432
"06071",5,"452111",78,0,2013,3,"","San Bernardino County, California","Private","Department stores, except discount","County, NAICS 6-digit -- by ownership sector","All establishment sizes",24,2856,2832,2853,16297807,2678018,136477,440
"06071",5,"452112",78,0,2013,1,"","San Bernardino County, California","Private","Discount department stores","County, NAICS 6-digit -- by ownership sector","All establishment sizes",72,8869,8725,8588,44942028,30311702,1534734,396
"06071",5,"452112",78,0,2013,2,"","San Bernardino County, California","Private","Discount department stores","County, NAICS 6-digit -- by ownership sector","All establishment sizes",73,8508,8602,8744,42647179,14503682,714952,381
"06071",5,"452112",78,0,2013,3,"","San Bernardino County, California","Private","Discount department stores","County, NAICS 6-digit -- by ownership sector","All establishment sizes",73,8790,8768,8613,44047732,8310275,412656,388
"06071",5,"4529",76,0,2013,1,"","San Bernardino County, California","Private","Other general merchandise stores","County, NAICS 4-digit -- by ownership sector","All establishment sizes",156,6516,6496,6536,41496470,28483034,1280638,490
"06071",5,"4529",76,0,2013,2,"","San Bernardino County, California","Private","Other general merchandise stores","County, NAICS 4-digit -- by ownership sector","All establishment sizes",161,6522,6562,6627,42355358,8924665,419224,496
"06071",5,"4529",76,0,2013,3,"","San Bernardino County, California","Private","Other general merchandise stores","County, NAICS 4-digit -- by ownership sector","All establishment sizes",163,6659,6606,6553,40315083,4853151,230543,469
"06071",5,"45291",77,0,2013,1,"","San Bernardino County, California","Private","Warehouse clubs and supercenters","County, NAICS 5-digit -- by ownership sector","All establishment sizes",19,4079,4035,4054,31319957,20495246,900042,594
"06071",5,"45291",77,0,2013,2,"","San Bernardino County, California","Private","Warehouse clubs and supercenters","County, NAICS 5-digit -- by ownership sector","All establishment sizes",18,4036,4068,4093,31718573,4718288,222139,600
"06071",5,"45291",77,0,2013,3,"","San Bernardino County, California","Private","Warehouse clubs and supercenters","County, NAICS 5-digit -- by ownership sector","All establishment sizes",18,4106,4055,4039,29168155,2211105,108153,552
"06071",5,"452910",78,0,2013,1,"","San Bernardino County, California","Private","Warehouse clubs and supercenters","County, NAICS 6-digit -- by ownership sector","All establishment sizes",19,4079,4035,4054,31319957,20495246,900042,594
"06071",5,"452910",78,0,2013,2,"","San Bernardino County, California","Private","Warehouse clubs and supercenters","County, NAICS 6-digit -- by ownership sector","All establishment sizes",18,4036,4068,4093,31718573,4718288,222139,600
"06071",5,"452910",78,0,2013,3,"","San Bernardino County, California","Private","Warehouse clubs and supercenters","County, NAICS 6-digit -- by ownership sector","All establishment sizes",18,4106,4055,4039,29168155,2211105,108153,552
"06071",5,"45299",77,0,2013,1,"","San Bernardino County, California","Private","All other general merchandise stores","County, NAICS 5-digit -- by ownership sector","All establishment sizes",137,2437,2461,2482,10176513,7987788,380596,318
"06071",5,"45299",77,0,2013,2,"","San Bernardino County, California","Private","All other general merchandise stores","County, NAICS 5-digit -- by ownership sector","All establishment sizes",143,2486,2494,2534,10636785,4206377,197085,327
"06071",5,"45299",77,0,2013,3,"","San Bernardino County, California","Private","All other general merchandise stores","County, NAICS 5-digit -- by ownership sector","All establishment sizes",145,2553,2551,2514,11146928,2642046,122390,338
"06071",5,"452990",78,0,2013,1,"","San Bernardino County, California","Private","All other general merchandise stores","County, NAICS 6-digit -- by ownership sector","All establishment sizes",137,2437,2461,2482,10176513,7987788,380596,318
"06071",5,"452990",78,0,2013,2,"","San Bernardino County, California","Private","All other general merchandise stores","County, NAICS 6-digit -- by ownership sector","All establishment sizes",143,2486,2494,2534,10636785,4206377,197085,327
"06071",5,"452990",78,0,2013,3,"","San Bernardino County, California","Private","All other general merchandise stores","County, NAICS 6-digit -- by ownership sector","All establishment sizes",145,2553,2551,2514,11146928,2642046,122390,338
"06071",5,"453",75,0,2013,1,"","San Bernardino County, California","Private","Miscellaneous store retailers","County, NAICS 3-digit -- by ownership sector","All establishment sizes",409,3631,3584,3564,23148793,14089002,733382,496
"06071",5,"453",75,0,2013,2,"","San Bernardino County, California","Private","Miscellaneous store retailers","County, NAICS 3-digit -- by ownership sector","All establishment sizes",413,3675,3708,3690,23881465,5168575,254296,498
"06071",5,"453",75,0,2013,3,"","San Bernardino County, California","Private","Miscellaneous store retailers","County, NAICS 3-digit -- by ownership sector","All establishment sizes",418,3678,3668,3713,24350836,2836827,141145,508
"06071",5,"4531",76,0,2013,1,"","San Bernardino County, California","Private","Florists","County, NAICS 4-digit -- by ownership sector","All establishment sizes",38,121,137,127,483850,456502,17221,290
"06071",5,"4531",76,0,2013,2,"","San Bernardino County, California","Private","Florists","County, NAICS 4-digit -- by ownership sector","All establishment sizes",37,129,131,125,481902,282082,10375,289
"06071",5,"4531",76,0,2013,3,"","San Bernardino County, California","Private","Florists","County, NAICS 4-digit -- by ownership sector","All establishment sizes",38,117,118,119,425542,125569,4872,277
"06071",5,"45311",77,0,2013,1,"","San Bernardino County, California","Private","Florists","County, NAICS 5-digit -- by ownership sector","All establishment sizes",38,121,137,127,483850,456502,17221,290
"06071",5,"45311",77,0,2013,2,"","San Bernardino County, California","Private","Florists","County, NAICS 5-digit -- by ownership sector","All establishment sizes",37,129,131,125,481902,282082,10375,289
"06071",5,"45311",77,0,2013,3,"","San Bernardino County, California","Private","Florists","County, NAICS 5-digit -- by ownership sector","All establishment sizes",38,117,118,119,425542,125569,4872,277
"06071",5,"453110",78,0,2013,1,"","San Bernardino County, California","Private","Florists","County, NAICS 6-digit -- by ownership sector","All establishment sizes",38,121,137,127,483850,456502,17221,290
"06071",5,"453110",78,0,2013,2,"","San Bernardino County, California","Private","Florists","County, NAICS 6-digit -- by ownership sector","All establishment sizes",37,129,131,125,481902,282082,10375,289
"06071",5,"453110",78,0,2013,3,"","San Bernardino County, California","Private","Florists","County, NAICS 6-digit -- by ownership sector","All establishment sizes",38,117,118,119,425542,125569,4872,277
"06071",5,"4532",76,0,2013,1,"","San Bernardino County, California","Private","Office supplies, stationery, and gift stores","County, NAICS 4-digit -- by ownership sector","All establishment sizes",135,1747,1712,1705,12125354,7362273,401826,542
"06071",5,"4532",76,0,2013,2,"","San Bernardino County, California","Private","Office supplies, stationery, and gift stores","County, NAICS 4-digit -- by ownership sector","All establishment sizes",137,1706,1726,1699,12272087,2140570,108763,552
"06071",5,"4532",76,0,2013,3,"","San Bernardino County, California","Private","Office supplies, stationery, and gift stores","County, NAICS 4-digit -- by ownership sector","All establishment sizes",137,1713,1716,1755,12935072,1306250,68629,576
"06071",5,"45321",77,0,2013,1,"","San Bernardino County, California","Private","Office supplies and stationery stores","County, NAICS 5-digit -- by ownership sector","All establishment sizes",53,998,992,994,8167865,4653549,270428,632
"06071",5,"45321",77,0,2013,2,"","San Bernardino County, California","Private","Office supplies and stationery stores","County, NAICS 5-digit -- by ownership sector","All establishment sizes",54,1008,1006,1001,8434656,986890,54436,646
"06071",5,"45321",77,0,2013,3,"","San Bernardino County, California","Private","Office supplies and stationery stores","County, NAICS 5-digit -- by ownership sector","All establishment sizes",54,1024,1014,995,8187894,615054,34534,623
"06071",5,"453210",78,0,2013,1,"","San Bernardino County, California","Private","Office supplies and stationery stores","County, NAICS 6-digit -- by ownership sector","All establishment sizes",53,998,992,994,8167865,4653549,270428,632
"06071",5,"453210",78,0,2013,2,"","San Bernardino County, California","Private","Office supplies and stationery stores","County, NAICS 6-digit -- by ownership sector","All establishment sizes",54,1008,1006,1001,8434656,986890,54436,646
"06071",5,"453210",78,0,2013,3,"","San Bernardino County, California","Private","Office supplies and stationery stores","County, NAICS 6-digit -- by ownership sector","All establishment sizes",54,1024,1014,995,8187894,615054,34534,623
"06071",5,"45322",77,0,2013,1,"","San Bernardino County, California","Private","Gift, novelty, and souvenir stores","County, NAICS 5-digit -- by ownership sector","All establishment sizes",82,749,720,711,3957489,2708724,131398,419
"06071",5,"45322",77,0,2013,2,"","San Bernardino County, California","Private","Gift, novelty, and souvenir stores","County, NAICS 5-digit -- by ownership sector","All establishment sizes",83,698,720,698,3837431,1153680,54327,419
"06071",5,"45322",77,0,2013,3,"","San Bernardino County, California","Private","Gift, novelty, and souvenir stores","County, NAICS 5-digit -- by ownership sector","All establishment sizes",83,689,702,760,4747178,691196,34095,509
"06071",5,"453220",78,0,2013,1,"","San Bernardino County, California","Private","Gift, novelty, and souvenir stores","County, NAICS 6-digit -- by ownership sector","All establishment sizes",82,749,720,711,3957489,2708724,131398,419
"06071",5,"453220",78,0,2013,2,"","San Bernardino County, California","Private","Gift, novelty, and souvenir stores","County, NAICS 6-digit -- by ownership sector","All establishment sizes",83,698,720,698,3837431,1153680,54327,419
"06071",5,"453220",78,0,2013,3,"","San Bernardino County, California","Private","Gift, novelty, and souvenir stores","County, NAICS 6-digit -- by ownership sector","All establishment sizes",83,689,702,760,4747178,691196,34095,509
"06071",5,"4533",76,0,2013,1,"","San Bernardino County, California","Private","Used merchandise stores","County, NAICS 4-digit -- by ownership sector","All establishment sizes",53,606,594,601,3356109,1234902,56916,430
"06071",5,"4533",76,0,2013,2,"","San Bernardino County, California","Private","Used merchandise stores","County, NAICS 4-digit -- by ownership sector","All establishment sizes",56,660,656,666,3041293,617504,28756,354
"06071",5,"4533",76,0,2013,3,"","San Bernardino County, California","Private","Used merchandise stores","County, NAICS 4-digit -- by ownership sector","All establishment sizes",57,656,652,661,3238211,230379,10579,380
"06071",5,"45331",77,0,2013,1,"","San Bernardino County, California","Private","Used merchandise stores","County, NAICS 5-digit -- by ownership sector","All establishment sizes",53,606,594,601,3356109,1234902,56916,430
"06071",5,"45331",77,0,2013,2,"","San Bernardino County, California","Private","Used merchandise stores","County, NAICS 5-digit -- by ownership sector","All establishment sizes",56,660,656,666,3041293,617504,28756,354
"06071",5,"45331",77,0,2013,3,"","San Bernardino County, California","Private","Used merchandise stores","County, NAICS 5-digit -- by ownership sector","All establishment sizes",57,656,652,661,3238211,230379,10579,380
"06071",5,"453310",78,0,2013,1,"","San Bernardino County, California","Private","Used merchandise stores","County, NAICS 6-digit -- by ownership sector","All establishment sizes",53,606,594,601,3356109,1234902,56916,430
"06071",5,"453310",78,0,2013,2,"","San Bernardino County, California","Private","Used merchandise stores","County, NAICS 6-digit -- by ownership sector","All establishment sizes",56,660,656,666,3041293,617504,28756,354
"06071",5,"453310",78,0,2013,3,"","San Bernardino County, California","Private","Used merchandise stores","County, NAICS 6-digit -- by ownership sector","All establishment sizes",57,656,652,661,3238211,230379,10579,380
"06071",5,"4539",76,0,2013,1,"","San Bernardino County, California","Private","Other miscellaneous store retailers","County, NAICS 4-digit -- by ownership sector","All establishment sizes",183,1157,1141,1131,7183480,5035325,257419,483
"06071",5,"4539",76,0,2013,2,"","San Bernardino County, California","Private","Other miscellaneous store retailers","County, NAICS 4-digit -- by ownership sector","All establishment sizes",183,1180,1195,1200,8086183,2128419,106402,522
"06071",5,"4539",76,0,2013,3,"","San Bernardino County, California","Private","Other miscellaneous store retailers","County, NAICS 4-digit -- by ownership sector","All establishment sizes",186,1192,1182,1178,7752011,1174629,57065,504
"06071",5,"45391",77,0,2013,1,"","San Bernardino County, California","Private","Pet and pet supplies stores","County, NAICS 5-digit -- by ownership sector","All establishment sizes",46,564,562,556,2615025,2112650,104210,359
"06071",5,"45391",77,0,2013,2,"","San Bernardino County, California","Private","Pet and pet supplies stores","County, NAICS 5-digit -- by ownership sector","All establishment sizes",45,568,572,588,3206071,1017268,48591,428
"06071",5,"45391",77,0,2013,3,"","San Bernardino County, California","Private","Pet and pet supplies stores","County, NAICS 5-digit -- by ownership sector","All establishment sizes",46,576,570,574,2912400,571884,26939,391
"06071",5,"453910",78,0,2013,1,"","San Bernardino County, California","Private","Pet and pet supplies stores","County, NAICS 6-digit -- by ownership sector","All establishment sizes",46,564,562,556,2615025,2112650,104210,359
"06071",5,"453910",78,0,2013,2,"","San Bernardino County, California","Private","Pet and pet supplies stores","County, NAICS 6-digit -- by ownership sector","All establishment sizes",45,568,572,588,3206071,1017268,48591,428
"06071",5,"453910",78,0,2013,3,"","San Bernardino County, California","Private","Pet and pet supplies stores","County, NAICS 6-digit -- by ownership sector","All establishment sizes",46,576,570,574,2912400,571884,26939,391
"06071",5,"45392",77,0,2013,1,"","San Bernardino County, California","Private","Art dealers","County, NAICS 5-digit -- by ownership sector","All establishment sizes",8,16,18,19,117285,66049,1656,511
"06071",5,"45392",77,0,2013,2,"","San Bernardino County, California","Private","Art dealers","County, NAICS 5-digit -- by ownership sector","All establishment sizes",8,18,18,17,132116,38698,863,575
"06071",5,"45392",77,0,2013,3,"","San Bernardino County, California","Private","Art dealers","County, NAICS 5-digit -- by ownership sector","All establishment sizes",7,16,16,18,128118,16832,357,591
"06071",5,"453920",78,0,2013,1,"","San Bernardino County, California","Private","Art dealers","County, NAICS 6-digit -- by ownership sector","All establishment sizes",8,16,18,19,117285,66049,1656,511
"06071",5,"453920",78,0,2013,2,"","San Bernardino County, California","Private","Art dealers","County, NAICS 6-digit -- by ownership sector","All establishment sizes",8,18,18,17,132116,38698,863,575
"06071",5,"453920",78,0,2013,3,"","San Bernardino County, California","Private","Art dealers","County, NAICS 6-digit -- by ownership sector","All establishment sizes",7,16,16,18,128118,16832,357,591
"06071",5,"45393",77,0,2013,1,"","San Bernardino County, California","Private","Manufactured, mobile, home dealers","County, NAICS 5-digit -- by ownership sector","All establishment sizes",6,73,72,65,1276056,495706,28013,1402
"06071",5,"45393",77,0,2013,2,"","San Bernardino County, California","Private","Manufactured, mobile, home dealers","County, NAICS 5-digit -- by ownership sector","All establishment sizes",6,65,66,67,1033060,11740,445,1204
"06071",5,"45393",77,0,2013,3,"","San Bernardino County, California","Private","Manufactured, mobile, home dealers","County, NAICS 5-digit -- by ownership sector","All establishment sizes",6,66,66,66,1091191,14952,763,1272
"06071",5,"453930",78,0,2013,1,"","San Bernardino County, California","Private","Manufactured, mobile, home dealers","County, NAICS 6-digit -- by ownership sector","All establishment sizes",6,73,72,65,1276056,495706,28013,1402
"06071",5,"453930",78,0,2013,2,"","San Bernardino County, California","Private","Manufactured, mobile, home dealers","County, NAICS 6-digit -- by ownership sector","All establishment sizes",6,65,66,67,1033060,11740,445,1204
"06071",5,"453930",78,0,2013,3,"","San Bernardino County, California","Private","Manufactured, mobile, home dealers","County, NAICS 6-digit -- by ownership sector","All establishment sizes",6,66,66,66,1091191,14952,763,1272
"06071",5,"45399",77,0,2013,1,"","San Bernardino County, California","Private","All other miscellaneous store retailers","County, NAICS 5-digit -- by ownership sector","All establishment sizes",123,504,489,491,3175114,2360920,123540,494
"06071",5,"45399",77,0,2013,2,"","San Bernardino County, California","Private","All other miscellaneous store retailers","County, NAICS 5-digit -- by ownership sector","All establishment sizes",124,529,539,528,3714936,1060713,56503,537
"06071",5,"45399",77,0,2013,3,"","San Bernardino County, California","Private","All other miscellaneous store retailers","County, NAICS 5-digit -- by ownership sector","All establishment sizes",127,534,530,520,3620302,570961,29006,527
"06071",5,"453991",78,0,2013,1,"","San Bernardino County, California","Private","Tobacco stores","County, NAICS 6-digit -- by ownership sector","All establishment sizes",36,82,76,80,453355,325330,13859,440
"06071",5,"453991",78,0,2013,2,"","San Bernardino County, California","Private","Tobacco stores","County, NAICS 6-digit -- by ownership sector","All establishment sizes",37,84,85,84,540624,165531,7206,493
"06071",5,"453991",78,0,2013,3,"","San Bernardino County, California","Private","Tobacco stores","County, NAICS 6-digit -- by ownership sector","All establishment sizes",40,94,98,102,491045,125677,4974,385
"06071",5,"453998",78,0,2013,1,"","San Bernardino County, California","Private","Store retailers not specified elsewhere","County, NAICS 6-digit -- by ownership sector","All establishment sizes",87,422,413,411,2721759,2035590,109681,504
"06071",5,"453998",78,0,2013,2,"","San Bernardino County, California","Private","Store retailers not specified elsewhere","County, NAICS 6-digit -- by ownership sector","All establishment sizes",87,445,454,444,3174312,895182,49297,545
"06071",5,"453998",78,0,2013,3,"","San Bernardino County, California","Private","Store retailers not specified elsewhere","County, NAICS 6-digit -- by ownership sector","All establishment sizes",87,440,432,418,3129257,445284,24032,560
"06071",5,"454",75,0,2013,1,"","San Bernardino County, California","Private","Nonstore retailers","County, NAICS 3-digit -- by ownership sector","All establishment sizes",100,1753,1745,1736,19709423,10266418,577563,869
"06071",5,"454",75,0,2013,2,"","San Bernardino County, California","Private","Nonstore retailers","County, NAICS 3-digit -- by ownership sector","All establishment sizes",104,1769,1711,1706,17727815,1608627,85060,789
"06071",5,"454",75,0,2013,3,"","San Bernardino County, California","Private","Nonstore retailers","County, NAICS 3-digit -- by ownership sector","All establishment sizes",106,1672,1705,1715,34463493,1157882,61807,1562
"06071",5,"4541",76,0,2013,1,"","San Bernardino County, California","Private","Electronic shopping and mail-order houses","County, NAICS 4-digit -- by ownership sector","All establishment sizes",57,1220,1203,1205,13917957,7078955,402039,885
"06071",5,"4541",76,0,2013,2,"","San Bernardino County, California","Private","Electronic shopping and mail-order houses","County, NAICS 4-digit -- by ownership sector","All establishment sizes",62,1210,1211,1209,12140955,1132364,58135,772
"06071",5,"4541",76,0,2013,3,"","San Bernardino County, California","Private","Electronic shopping and mail-order houses","County, NAICS 4-digit -- by ownership sector","All establishment sizes",62,1184,1201,1211,28436049,748567,40434,1825
"06071",5,"45411",77,0,2013,1,"","San Bernardino County, California","Private","Electronic shopping and mail-order houses","County, NAICS 5-digit -- by ownership sector","All establishment sizes",57,1220,1203,1205,13917957,7078955,402039,885
"06071",5,"45411",77,0,2013,2,"","San Bernardino County, California","Private","Electronic shopping and mail-order houses","County, NAICS 5-digit -- by ownership sector","All establishment sizes",62,1210,1211,1209,12140955,1132364,58135,772
"06071",5,"45411",77,0,2013,3,"","San Bernardino County, California","Private","Electronic shopping and mail-order houses","County, NAICS 5-digit -- by ownership sector","All establishment sizes",62,1184,1201,1211,28436049,748567,40434,1825
"06071",5,"454111",78,0,2013,1,"","San Bernardino County, California","Private","Electronic shopping","County, NAICS 6-digit -- by ownership sector","All establishment sizes",42,713,704,698,7543588,3657745,196445,823
"06071",5,"454111",78,0,2013,2,"","San Bernardino County, California","Private","Electronic shopping","County, NAICS 6-digit -- by ownership sector","All establishment sizes",46,696,692,676,6571398,729971,34934,735
"06071",5,"454111",78,0,2013,3,"","San Bernardino County, California","Private","Electronic shopping","County, NAICS 6-digit -- by ownership sector","All establishment sizes",46,640,650,663,21891202,411853,20250,2587
"06071",5,"454112",78,0,2013,1,"","San Bernardino County, California","Private","Electronic auctions","County, NAICS 6-digit -- by ownership sector","All establishment sizes",3,20,20,21,199474,116531,6218,755
"06071",5,"454112",78,0,2013,2,"","San Bernardino County, California","Private","Electronic auctions","County, NAICS 6-digit -- by ownership sector","All establishment sizes",3,21,23,22,204559,31306,1882,715
"06071",5,"454112",78,0,2013,3,"","San Bernardino County, California","Private","Electronic auctions","County, NAICS 6-digit -- by ownership sector","All establishment sizes",3,21,22,22,213025,16676,983,756
"06071",5,"454113",78,0,2013,1,"","San Bernardino County, California","Private","Mail-order houses","County, NAICS 6-digit -- by ownership sector","All establishment sizes",12,487,479,486,6174895,3304679,199376,981
"06071",5,"454113",78,0,2013,2,"","San Bernardino County, California","Private","Mail-order houses","County, NAICS 6-digit -- by ownership sector","All establishment sizes",13,493,496,511,5364998,371087,21319,825
"06071",5,"454113",78,0,2013,3,"","San Bernardino County, California","Private","Mail-order houses","County, NAICS 6-digit -- by ownership sector","All establishment sizes",13,523,529,526,6331822,320038,19201,926
"06071",5,"4542",76,0,2013,1,"","San Bernardino County, California","Private","Vending machine operators","County, NAICS 4-digit -- by ownership sector","All establishment sizes",10,82,84,76,832885,525827,28182,794
"06071",5,"4542",76,0,2013,2,"","San Bernardino County, California","Private","Vending machine operators","County, NAICS 4-digit -- by ownership sector","All establishment sizes",10,85,76,77,803647,53711,2814,779
"06071",5,"4542",76,0,2013,3,"","San Bernardino County, California","Private","Vending machine operators","County, NAICS 4-digit -- by ownership sector","All establishment sizes",11,78,88,88,1009671,79332,3875,917
"06071",5,"45421",77,0,2013,1,"","San Bernardino County, California","Private","Vending machine operators","County, NAICS 5-digit -- by ownership sector","All establishment sizes",10,82,84,76,832885,525827,28182,794
"06071",5,"45421",77,0,2013,2,"","San Bernardino County, California","Private","Vending machine operators","County, NAICS 5-digit -- by ownership sector","All establishment sizes",10,85,76,77,803647,53711,2814,779
"06071",5,"45421",77,0,2013,3,"","San Bernardino County, California","Private","Vending machine operators","County, NAICS 5-digit -- by ownership sector","All establishment sizes",11,78,88,88,1009671,79332,3875,917
"06071",5,"454210",78,0,2013,1,"","San Bernardino County, California","Private","Vending machine operators","County, NAICS 6-digit -- by ownership sector","All establishment sizes",10,82,84,76,832885,525827,28182,794
"06071",5,"454210",78,0,2013,2,"","San Bernardino County, California","Private","Vending machine operators","County, NAICS 6-digit -- by ownership sector","All establishment sizes",10,85,76,77,803647,53711,2814,779
"06071",5,"454210",78,0,2013,3,"","San Bernardino County, California","Private","Vending machine operators","County, NAICS 6-digit -- by ownership sector","All establishment sizes",11,78,88,88,1009671,79332,3875,917
"06071",5,"4543",76,0,2013,1,"","San Bernardino County, California","Private","Direct selling establishments","County, NAICS 4-digit -- by ownership sector","All establishment sizes",33,451,458,455,4958581,2661636,147342,839
"06071",5,"4543",76,0,2013,2,"","San Bernardino County, California","Private","Direct selling establishments","County, NAICS 4-digit -- by ownership sector","All establishment sizes",32,474,424,420,4783213,422552,24111,837
"06071",5,"4543",76,0,2013,3,"","San Bernardino County, California","Private","Direct selling establishments","County, NAICS 4-digit -- by ownership sector","All establishment sizes",33,410,416,416,5017773,329983,17498,932
"06071",5,"45431",77,0,2013,1,"","San Bernardino County, California","Private","Fuel dealers","County, NAICS 5-digit -- by ownership sector","All establishment sizes",15,131,131,128,1453926,865809,47791,860
"06071",5,"45431",77,0,2013,2,"","San Bernardino County, California","Private","Fuel dealers","County, NAICS 5-digit -- by ownership sector","All establishment sizes",14,130,130,130,1351101,53994,2706,799
"06071",5,"45431",77,0,2013,3,"","San Bernardino County, California","Private","Fuel dealers","County, NAICS 5-digit -- by ownership sector","All establishment sizes",14,132,136,139,1615199,83489,3094,916
"06071",5,"454310",78,0,2013,1,"","San Bernardino County, California","Private","Fuel dealers","County, NAICS 6-digit -- by ownership sector","All establishment sizes",15,131,131,128,1453926,865809,47791,860
"06071",5,"454310",78,0,2013,2,"","San Bernardino County, California","Private","Fuel dealers","County, NAICS 6-digit -- by ownership sector","All establishment sizes",14,130,130,130,1351101,53994,2706,799
"06071",5,"454310",78,0,2013,3,"","San Bernardino County, California","Private","Fuel dealers","County, NAICS 6-digit -- by ownership sector","All establishment sizes",14,132,136,139,1615199,83489,3094,916
"06071",5,"45439",77,0,2013,1,"","San Bernardino County, California","Private","Other direct selling establishments","County, NAICS 5-digit -- by ownership sector","All establishment sizes",18,320,327,327,3504655,1795827,99551,830
"06071",5,"45439",77,0,2013,2,"","San Bernardino County, California","Private","Other direct selling establishments","County, NAICS 5-digit -- by ownership sector","All establishment sizes",18,344,294,290,3432112,368558,21405,853
"06071",5,"45439",77,0,2013,3,"","San Bernardino County, California","Private","Other direct selling establishments","County, NAICS 5-digit -- by ownership sector","All establishment sizes",19,278,280,277,3402574,246494,14404,940
"06071",5,"454390",78,0,2013,1,"","San Bernardino County, California","Private","Other direct selling establishments","County, NAICS 6-digit -- by ownership sector","All establishment sizes",18,320,327,327,3504655,1795827,99551,830
"06071",5,"454390",78,0,2013,2,"","San Bernardino County, California","Private","Other direct selling establishments","County, NAICS 6-digit -- by ownership sector","All establishment sizes",18,344,294,290,3432112,368558,21405,853
"06071",5,"454390",78,0,2013,3,"","San Bernardino County, California","Private","Other direct selling establishments","County, NAICS 6-digit -- by ownership sector","All establishment sizes",19,278,280,277,3402574,246494,14404,940
"06071",5,"48-49",74,0,2013,1,"","San Bernardino County, California","Private","Transportation and warehousing","County, NAICS Sector -- by ownership sector","All establishment sizes",1205,45970,46133,46415,485182461,278963738,15097842,808
"06071",5,"48-49",74,0,2013,2,"","San Bernardino County, California","Private","Transportation and warehousing","County, NAICS Sector -- by ownership sector","All establishment sizes",1219,46671,46818,47035,493965579,61362689,3237270,811
"06071",5,"48-49",74,0,2013,3,"","San Bernardino County, California","Private","Transportation and warehousing","County, NAICS Sector -- by ownership sector","All establishment sizes",1238,46989,47924,48893,510507724,41636866,2186983,819
"06071",5,"481",75,0,2013,1,"","San Bernardino County, California","Private","Air transportation","County, NAICS 3-digit -- by ownership sector","All establishment sizes",15,1181,1177,1217,17980516,7066414,316806,1161
"06071",5,"481",75,0,2013,2,"","San Bernardino County, California","Private","Air transportation","County, NAICS 3-digit -- by ownership sector","All establishment sizes",15,1193,1201,1200,17638350,883111,40272,1133
"06071",5,"481",75,0,2013,3,"","San Bernardino County, California","Private","Air transportation","County, NAICS 3-digit -- by ownership sector","All establishment sizes",15,1171,1159,1150,17785067,368385,16673,1179
"06071",5,"4811",76,0,2013,1,"","San Bernardino County, California","Private","Scheduled air transportation","County, NAICS 4-digit -- by ownership sector","All establishment sizes",8,1149,1142,1181,17564603,6863564,307284,1167
"06071",5,"4811",76,0,2013,2,"","San Bernardino County, California","Private","Scheduled air transportation","County, NAICS 4-digit -- by ownership sector","All establishment sizes",8,1156,1164,1163,17195156,822267,37259,1139
"06071",5,"4811",76,0,2013,3,"","San Bernardino County, California","Private","Scheduled air transportation","County, NAICS 4-digit -- by ownership sector","All establishment sizes",8,1133,1124,1113,17347806,332387,15044,1188
"06071",5,"48111",77,0,2013,1,"","San Bernardino County, California","Private","Scheduled air transportation","County, NAICS 5-digit -- by ownership sector","All establishment sizes",8,1149,1142,1181,17564603,6863564,307284,1167
"06071",5,"48111",77,0,2013,2,"","San Bernardino County, California","Private","Scheduled air transportation","County, NAICS 5-digit -- by ownership sector","All establishment sizes",8,1156,1164,1163,17195156,822267,37259,1139
"06071",5,"48111",77,0,2013,3,"","San Bernardino County, California","Private","Scheduled air transportation","County, NAICS 5-digit -- by ownership sector","All establishment sizes",8,1133,1124,1113,17347806,332387,15044,1188
"06071",5,"481111",78,0,2013,1,"N","San Bernardino County, California","Private","Scheduled passenger air transportation","County, NAICS 6-digit -- by ownership sector","All establishment sizes",7,0,0,0,0,0,0,0
"06071",5,"481111",78,0,2013,2,"N","San Bernardino County, California","Private","Scheduled passenger air transportation","County, NAICS 6-digit -- by ownership sector","All establishment sizes",7,0,0,0,0,0,0,0
"06071",5,"481111",78,0,2013,3,"N","San Bernardino County, California","Private","Scheduled passenger air transportation","County, NAICS 6-digit -- by ownership sector","All establishment sizes",7,0,0,0,0,0,0,0
"06071",5,"481112",78,0,2013,1,"N","San Bernardino County, California","Private","Scheduled freight air transportation","County, NAICS 6-digit -- by ownership sector","All establishment sizes",1,0,0,0,0,0,0,0
"06071",5,"481112",78,0,2013,2,"N","San Bernardino County, California","Private","Scheduled freight air transportation","County, NAICS 6-digit -- by ownership sector","All establishment sizes",1,0,0,0,0,0,0,0
"06071",5,"481112",78,0,2013,3,"N","San Bernardino County, California","Private","Scheduled freight air transportation","County, NAICS 6-digit -- by ownership sector","All establishment sizes",1,0,0,0,0,0,0,0
"06071",5,"4812",76,0,2013,1,"","San Bernardino County, California","Private","Nonscheduled air transportation","County, NAICS 4-digit -- by ownership sector","All establishment sizes",7,32,35,36,415913,202850,9522,932
"06071",5,"4812",76,0,2013,2,"","San Bernardino County, California","Private","Nonscheduled air transportation","County, NAICS 4-digit -- by ownership sector","All establishment sizes",7,37,37,37,443194,60844,3013,921
"06071",5,"4812",76,0,2013,3,"","San Bernardino County, California","Private","Nonscheduled air transportation","County, NAICS 4-digit -- by ownership sector","All establishment sizes",7,38,35,37,437261,35998,1629,917
"06071",5,"48121",77,0,2013,1,"","San Bernardino County, California","Private","Nonscheduled air transportation","County, NAICS 5-digit -- by ownership sector","All establishment sizes",7,32,35,36,415913,202850,9522,932
"06071",5,"48121",77,0,2013,2,"","San Bernardino County, California","Private","Nonscheduled air transportation","County, NAICS 5-digit -- by ownership sector","All establishment sizes",7,37,37,37,443194,60844,3013,921
"06071",5,"48121",77,0,2013,3,"","San Bernardino County, California","Private","Nonscheduled air transportation","County, NAICS 5-digit -- by ownership sector","All establishment sizes",7,38,35,37,437261,35998,1629,917
"06071",5,"481211",78,0,2013,1,"N","San Bernardino County, California","Private","Nonscheduled air passenger chartering","County, NAICS 6-digit -- by ownership sector","All establishment sizes",6,0,0,0,0,0,0,0
"06071",5,"481211",78,0,2013,2,"N","San Bernardino County, California","Private","Nonscheduled air passenger chartering","County, NAICS 6-digit -- by ownership sector","All establishment sizes",6,0,0,0,0,0,0,0
"06071",5,"481211",78,0,2013,3,"N","San Bernardino County, California","Private","Nonscheduled air passenger chartering","County, NAICS 6-digit -- by ownership sector","All establishment sizes",6,0,0,0,0,0,0,0
"06071",5,"481212",78,0,2013,1,"N","San Bernardino County, California","Private","Nonscheduled air freight chartering","County, NAICS 6-digit -- by ownership sector","All establishment sizes",1,0,0,0,0,0,0,0
"06071",5,"481212",78,0,2013,2,"N","San Bernardino County, California","Private","Nonscheduled air freight chartering","County, NAICS 6-digit -- by ownership sector","All establishment sizes",1,0,0,0,0,0,0,0
"06071",5,"481212",78,0,2013,3,"N","San Bernardino County, California","Private","Nonscheduled air freight chartering","County, NAICS 6-digit -- by ownership sector","All establishment sizes",1,0,0,0,0,0,0,0
"06071",5,"482",75,0,2013,1,"N","San Bernardino County, California","Private","Rail transportation","County, NAICS 3-digit -- by ownership sector","All establishment sizes",1,0,0,0,0,0,0,0
"06071",5,"482",75,0,2013,2,"N","San Bernardino County, California","Private","Rail transportation","County, NAICS 3-digit -- by ownership sector","All establishment sizes",1,0,0,0,0,0,0,0
"06071",5,"482",75,0,2013,3,"N","San Bernardino County, California","Private","Rail transportation","County, NAICS 3-digit -- by ownership sector","All establishment sizes",1,0,0,0,0,0,0,0
"06071",5,"4821",76,0,2013,1,"N","San Bernardino County, California","Private","Rail transportation","County, NAICS 4-digit -- by ownership sector","All establishment sizes",1,0,0,0,0,0,0,0
"06071",5,"4821",76,0,2013,2,"N","San Bernardino County, California","Private","Rail transportation","County, NAICS 4-digit -- by ownership sector","All establishment sizes",1,0,0,0,0,0,0,0
"06071",5,"4821",76,0,2013,3,"N","San Bernardino County, California","Private","Rail transportation","County, NAICS 4-digit -- by ownership sector","All establishment sizes",1,0,0,0,0,0,0,0
"06071",5,"48211",77,0,2013,1,"N","San Bernardino County, California","Private","Rail transportation","County, NAICS 5-digit -- by ownership sector","All establishment sizes",1,0,0,0,0,0,0,0
"06071",5,"48211",77,0,2013,2,"N","San Bernardino County, California","Private","Rail transportation","County, NAICS 5-digit -- by ownership sector","All establishment sizes",1,0,0,0,0,0,0,0
"06071",5,"48211",77,0,2013,3,"N","San Bernardino County, California","Private","Rail transportation","County, NAICS 5-digit -- by ownership sector","All establishment sizes",1,0,0,0,0,0,0,0
"06071",5,"482111",78,0,2013,1,"N","San Bernardino County, California","Private","Line-haul railroads","County, NAICS 6-digit -- by ownership sector","All establishment sizes",1,0,0,0,0,0,0,0
"06071",5,"482111",78,0,2013,2,"N","San Bernardino County, California","Private","Line-haul railroads","County, NAICS 6-digit -- by ownership sector","All establishment sizes",1,0,0,0,0,0,0,0
"06071",5,"482111",78,0,2013,3,"N","San Bernardino County, California","Private","Line-haul railroads","County, NAICS 6-digit -- by ownership sector","All establishment sizes",1,0,0,0,0,0,0,0
"06071",5,"483",75,0,2013,1,"N","San Bernardino County, California","Private","Water transportation","County, NAICS 3-digit -- by ownership sector","All establishment sizes",3,0,0,0,0,0,0,0
"06071",5,"483",75,0,2013,2,"N","San Bernardino County, California","Private","Water transportation","County, NAICS 3-digit -- by ownership sector","All establishment sizes",3,0,0,0,0,0,0,0
"06071",5,"483",75,0,2013,3,"N","San Bernardino County, California","Private","Water transportation","County, NAICS 3-digit -- by ownership sector","All establishment sizes",3,0,0,0,0,0,0,0
"06071",5,"4831",76,0,2013,1,"N","San Bernardino County, California","Private","Sea, coastal, and great lakes transportation","County, NAICS 4-digit -- by ownership sector","All establishment sizes",3,0,0,0,0,0,0,0
"06071",5,"4831",76,0,2013,2,"N","San Bernardino County, California","Private","Sea, coastal, and great lakes transportation","County, NAICS 4-digit -- by ownership sector","All establishment sizes",3,0,0,0,0,0,0,0
"06071",5,"4831",76,0,2013,3,"N","San Bernardino County, California","Private","Sea, coastal, and great lakes transportation","County, NAICS 4-digit -- by ownership sector","All establishment sizes",3,0,0,0,0,0,0,0
"06071",5,"48311",77,0,2013,1,"N","San Bernardino County, California","Private","Sea, coastal, and great lakes transportation","County, NAICS 5-digit -- by ownership sector","All establishment sizes",3,0,0,0,0,0,0,0
"06071",5,"48311",77,0,2013,2,"N","San Bernardino County, California","Private","Sea, coastal, and great lakes transportation","County, NAICS 5-digit -- by ownership sector","All establishment sizes",3,0,0,0,0,0,0,0
"06071",5,"48311",77,0,2013,3,"N","San Bernardino County, California","Private","Sea, coastal, and great lakes transportation","County, NAICS 5-digit -- by ownership sector","All establishment sizes",3,0,0,0,0,0,0,0
"06071",5,"483111",78,0,2013,1,"N","San Bernardino County, California","Private","Deep sea freight transportation","County, NAICS 6-digit -- by ownership sector","All establishment sizes",1,0,0,0,0,0,0,0
"06071",5,"483111",78,0,2013,2,"N","San Bernardino County, California","Private","Deep sea freight transportation","County, NAICS 6-digit -- by ownership sector","All establishment sizes",1,0,0,0,0,0,0,0
"06071",5,"483111",78,0,2013,3,"N","San Bernardino County, California","Private","Deep sea freight transportation","County, NAICS 6-digit -- by ownership sector","All establishment sizes",1,0,0,0,0,0,0,0
"06071",5,"483113",78,0,2013,1,"N","San Bernardino County, California","Private","Coastal and great lakes freight transport.","County, NAICS 6-digit -- by ownership sector","All establishment sizes",2,0,0,0,0,0,0,0
"06071",5,"483113",78,0,2013,2,"N","San Bernardino County, California","Private","Coastal and great lakes freight transport.","County, NAICS 6-digit -- by ownership sector","All establishment sizes",2,0,0,0,0,0,0,0
"06071",5,"483113",78,0,2013,3,"N","San Bernardino County, California","Private","Coastal and great lakes freight transport.","County, NAICS 6-digit -- by ownership sector","All establishment sizes",2,0,0,0,0,0,0,0
"06071",5,"484",75,0,2013,1,"","San Bernardino County, California","Private","Truck transportation","County, NAICS 3-digit -- by ownership sector","All establishment sizes",598,17755,17993,18070,192510881,107272702,6255595,825
"06071",5,"484",75,0,2013,2,"","San Bernardino County, California","Private","Truck transportation","County, NAICS 3-digit -- by ownership sector","All establishment sizes",616,18421,18462,18460,208624835,19871039,1123427,870
"06071",5,"484",75,0,2013,3,"","San Bernardino County, California","Private","Truck transportation","County, NAICS 3-digit -- by ownership sector","All establishment sizes",628,18437,18316,18348,208989256,13787230,782912,875
"06071",5,"4841",76,0,2013,1,"","San Bernardino County, California","Private","General freight trucking","County, NAICS 4-digit -- by ownership sector","All establishment sizes",426,13940,14147,14197,149060077,82664468,4849917,814
"06071",5,"4841",76,0,2013,2,"","San Bernardino County, California","Private","General freight trucking","County, NAICS 4-digit -- by ownership sector","All establishment sizes",439,14284,14376,14263,158429251,16098194,912007,852
"06071",5,"4841",76,0,2013,3,"","San Bernardino County, California","Private","General freight trucking","County, NAICS 4-digit -- by ownership sector","All establishment sizes",454,14371,14265,14290,160897749,11223615,641058,865
"06071",5,"48411",77,0,2013,1,"","San Bernardino County, California","Private","General freight trucking, local","County, NAICS 5-digit -- by ownership sector","All establishment sizes",250,4319,4375,4400,47152770,21573348,1213155,831
"06071",5,"48411",77,0,2013,2,"","San Bernardino County, California","Private","General freight trucking, local","County, NAICS 5-digit -- by ownership sector","All establishment sizes",258,4461,4576,4523,52853378,5009147,277106,899
"06071",5,"48411",77,0,2013,3,"","San Bernardino County, California","Private","General freight trucking, local","County, NAICS 5-digit -- by ownership sector","All establishment sizes",271,4616,4470,4435,52752942,3852144,211534,900
"06071",5,"484110",78,0,2013,1,"","San Bernardino County, California","Private","General freight trucking, local","County, NAICS 6-digit -- by ownership sector","All establishment sizes",250,4319,4375,4400,47152770,21573348,1213155,831
"06071",5,"484110",78,0,2013,2,"","San Bernardino County, California","Private","General freight trucking, local","County, NAICS 6-digit -- by ownership sector","All establishment sizes",258,4461,4576,4523,52853378,5009147,277106,899
"06071",5,"484110",78,0,2013,3,"","San Bernardino County, California","Private","General freight trucking, local","County, NAICS 6-digit -- by ownership sector","All establishment sizes",271,4616,4470,4435,52752942,3852144,211534,900
"06071",5,"48412",77,0,2013,1,"","San Bernardino County, California","Private","General freight trucking, long-distance","County, NAICS 5-digit -- by ownership sector","All establishment sizes",176,9621,9772,9797,101907307,61091120,3636762,806
"06071",5,"48412",77,0,2013,2,"","San Bernardino County, California","Private","General freight trucking, long-distance","County, NAICS 5-digit -- by ownership sector","All establishment sizes",181,9823,9800,9740,105575873,11089047,634901,830
"06071",5,"48412",77,0,2013,3,"","San Bernardino County, California","Private","General freight trucking, long-distance","County, NAICS 5-digit -- by ownership sector","All establishment sizes",183,9755,9795,9855,108144807,7371471,429524,849
"06071",5,"484121",78,0,2013,1,"","San Bernardino County, California","Private","General freight trucking, long-distance tl","County, NAICS 6-digit -- by ownership sector","All establishment sizes",123,5808,5897,5915,54839612,36361567,2120335,718
"06071",5,"484121",78,0,2013,2,"","San Bernardino County, California","Private","General freight trucking, long-distance tl","County, NAICS 6-digit -- by ownership sector","All establishment sizes",127,5948,5902,5861,57862360,8087712,451909,754
"06071",5,"484121",78,0,2013,3,"","San Bernardino County, California","Private","General freight trucking, long-distance tl","County, NAICS 6-digit -- by ownership sector","All establishment sizes",129,5894,5883,5869,58340473,5175847,295508,763
"06071",5,"484122",78,0,2013,1,"","San Bernardino County, California","Private","General freight trucking, long-distance ltl","County, NAICS 6-digit -- by ownership sector","All establishment sizes",53,3813,3875,3882,47067695,24729553,1516427,939
"06071",5,"484122",78,0,2013,2,"","San Bernardino County, California","Private","General freight trucking, long-distance ltl","County, NAICS 6-digit -- by ownership sector","All establishment sizes",54,3875,3898,3879,47713513,3001335,182992,945
"06071",5,"484122",78,0,2013,3,"","San Bernardino County, California","Private","General freight trucking, long-distance ltl","County, NAICS 6-digit -- by ownership sector","All establishment sizes",54,3861,3912,3986,49804334,2195624,134016,977
"06071",5,"4842",76,0,2013,1,"","San Bernardino County, California","Private","Specialized freight trucking","County, NAICS 4-digit -- by ownership sector","All establishment sizes",172,3815,3846,3873,43450804,24608234,1405678,869
"06071",5,"4842",76,0,2013,2,"","San Bernardino County, California","Private","Specialized freight trucking","County, NAICS 4-digit -- by ownership sector","All establishment sizes",177,4137,4086,4197,50195584,3772845,211420,933
"06071",5,"4842",76,0,2013,3,"","San Bernardino County, California","Private","Specialized freight trucking","County, NAICS 4-digit -- by ownership sector","All establishment sizes",174,4066,4051,4058,48091507,2563615,141854,912
"06071",5,"48421",77,0,2013,1,"","San Bernardino County, California","Private","Used household and office goods moving","County, NAICS 5-digit -- by ownership sector","All establishment sizes",25,628,621,612,6156752,4049677,243414,763
"06071",5,"48421",77,0,2013,2,"","San Bernardino County, California","Private","Used household and office goods moving","County, NAICS 5-digit -- by ownership sector","All establishment sizes",30,778,813,844,8641968,648859,38184,819
"06071",5,"48421",77,0,2013,3,"","San Bernardino County, California","Private","Used household and office goods moving","County, NAICS 5-digit -- by ownership sector","All establishment sizes",30,855,841,834,8314075,381253,23052,758
"06071",5,"484210",78,0,2013,1,"","San Bernardino County, California","Private","Used household and office goods moving","County, NAICS 6-digit -- by ownership sector","All establishment sizes",25,628,621,612,6156752,4049677,243414,763
"06071",5,"484210",78,0,2013,2,"","San Bernardino County, California","Private","Used household and office goods moving","County, NAICS 6-digit -- by ownership sector","All establishment sizes",30,778,813,844,8641968,648859,38184,819
"06071",5,"484210",78,0,2013,3,"","San Bernardino County, California","Private","Used household and office goods moving","County, NAICS 6-digit -- by ownership sector","All establishment sizes",30,855,841,834,8314075,381253,23052,758
"06071",5,"48422",77,0,2013,1,"","San Bernardino County, California","Private","Other specialized trucking, local","County, NAICS 5-digit -- by ownership sector","All establishment sizes",117,2579,2617,2633,30741080,16797142,948074,906
"06071",5,"48422",77,0,2013,2,"","San Bernardino County, California","Private","Other specialized trucking, local","County, NAICS 5-digit -- by ownership sector","All establishment sizes",117,2732,2695,2758,33961152,2120448,121071,958
"06071",5,"48422",77,0,2013,3,"","San Bernardino County, California","Private","Other specialized trucking, local","County, NAICS 5-digit -- by ownership sector","All establishment sizes",115,2606,2608,2620,32906947,1760443,95061,969
"06071",5,"484220",78,0,2013,1,"","San Bernardino County, California","Private","Other specialized trucking, local","County, NAICS 6-digit -- by ownership sector","All establishment sizes",117,2579,2617,2633,30741080,16797142,948074,906
"06071",5,"484220",78,0,2013,2,"","San Bernardino County, California","Private","Other specialized trucking, local","County, NAICS 6-digit -- by ownership sector","All establishment sizes",117,2732,2695,2758,33961152,2120448,121071,958
"06071",5,"484220",78,0,2013,3,"","San Bernardino County, California","Private","Other specialized trucking, local","County, NAICS 6-digit -- by ownership sector","All establishment sizes",115,2606,2608,2620,32906947,1760443,95061,969
"06071",5,"48423",77,0,2013,1,"","San Bernardino County, California","Private","Other specialized trucking, long-distance","County, NAICS 5-digit -- by ownership sector","All establishment sizes",30,608,608,628,6552972,3761415,214190,820
"06071",5,"48423",77,0,2013,2,"","San Bernardino County, California","Private","Other specialized trucking, long-distance","County, NAICS 5-digit -- by ownership sector","All establishment sizes",30,627,578,595,7592464,1003538,52165,973
"06071",5,"48423",77,0,2013,3,"","San Bernardino County, California","Private","Other specialized trucking, long-distance","County, NAICS 5-digit -- by ownership sector","All establishment sizes",29,605,602,604,6870485,421919,23741,875
"06071",5,"484230",78,0,2013,1,"","San Bernardino County, California","Private","Other specialized trucking, long-distance","County, NAICS 6-digit -- by ownership sector","All establishment sizes",30,608,608,628,6552972,3761415,214190,820
"06071",5,"484230",78,0,2013,2,"","San Bernardino County, California","Private","Other specialized trucking, long-distance","County, NAICS 6-digit -- by ownership sector","All establishment sizes",30,627,578,595,7592464,1003538,52165,973
"06071",5,"484230",78,0,2013,3,"","San Bernardino County, California","Private","Other specialized trucking, long-distance","County, NAICS 6-digit -- by ownership sector","All establishment sizes",29,605,602,604,6870485,421919,23741,875
"06071",5,"485",75,0,2013,1,"","San Bernardino County, California","Private","Transit and ground passenger transportation","County, NAICS 3-digit -- by ownership sector","All establishment sizes",66,1806,1877,1887,11190572,8854389,520302,464
"06071",5,"485",75,0,2013,2,"","San Bernardino County, California","Private","Transit and ground passenger transportation","County, NAICS 3-digit -- by ownership sector","All establishment sizes",68,1888,1890,1810,11885707,2654510,154990,491
"06071",5,"485",75,0,2013,3,"","San Bernardino County, California","Private","Transit and ground passenger transportation","County, NAICS 3-digit -- by ownership sector","All establishment sizes",68,1855,2112,2147,11996605,1964565,115733,453
"06071",5,"4851",76,0,2013,1,"N","San Bernardino County, California","Private","Urban transit systems","County, NAICS 4-digit -- by ownership sector","All establishment sizes",3,0,0,0,0,0,0,0
"06071",5,"4851",76,0,2013,2,"N","San Bernardino County, California","Private","Urban transit systems","County, NAICS 4-digit -- by ownership sector","All establishment sizes",3,0,0,0,0,0,0,0
"06071",5,"4851",76,0,2013,3,"N","San Bernardino County, California","Private","Urban transit systems","County, NAICS 4-digit -- by ownership sector","All establishment sizes",3,0,0,0,0,0,0,0
"06071",5,"48511",77,0,2013,1,"N","San Bernardino County, California","Private","Urban transit systems","County, NAICS 5-digit -- by ownership sector","All establishment sizes",3,0,0,0,0,0,0,0
"06071",5,"48511",77,0,2013,2,"N","San Bernardino County, California","Private","Urban transit systems","County, NAICS 5-digit -- by ownership sector","All establishment sizes",3,0,0,0,0,0,0,0
"06071",5,"48511",77,0,2013,3,"N","San Bernardino County, California","Private","Urban transit systems","County, NAICS 5-digit -- by ownership sector","All establishment sizes",3,0,0,0,0,0,0,0
"06071",5,"485111",78,0,2013,1,"N","San Bernardino County, California","Private","Mixed mode transit systems","County, NAICS 6-digit -- by ownership sector","All establishment sizes",2,0,0,0,0,0,0,0
"06071",5,"485111",78,0,2013,2,"N","San Bernardino County, California","Private","Mixed mode transit systems","County, NAICS 6-digit -- by ownership sector","All establishment sizes",2,0,0,0,0,0,0,0
"06071",5,"485111",78,0,2013,3,"N","San Bernardino County, California","Private","Mixed mode transit systems","County, NAICS 6-digit -- by ownership sector","All establishment sizes",2,0,0,0,0,0,0,0
"06071",5,"485113",78,0,2013,1,"N","San Bernardino County, California","Private","Bus and other motor vehicle transit systems","County, NAICS 6-digit -- by ownership sector","All establishment sizes",1,0,0,0,0,0,0,0
"06071",5,"485113",78,0,2013,2,"N","San Bernardino County, California","Private","Bus and other motor vehicle transit systems","County, NAICS 6-digit -- by ownership sector","All establishment sizes",1,0,0,0,0,0,0,0
"06071",5,"485113",78,0,2013,3,"N","San Bernardino County, California","Private","Bus and other motor vehicle transit systems","County, NAICS 6-digit -- by ownership sector","All establishment sizes",1,0,0,0,0,0,0,0
"06071",5,"4852",76,0,2013,1,"N","San Bernardino County, California","Private","Interurban and rural bus transportation","County, NAICS 4-digit -- by ownership sector","All establishment sizes",1,0,0,0,0,0,0,0
"06071",5,"4852",76,0,2013,2,"N","San Bernardino County, California","Private","Interurban and rural bus transportation","County, NAICS 4-digit -- by ownership sector","All establishment sizes",1,0,0,0,0,0,0,0
"06071",5,"4852",76,0,2013,3,"N","San Bernardino County, California","Private","Interurban and rural bus transportation","County, NAICS 4-digit -- by ownership sector","All establishment sizes",1,0,0,0,0,0,0,0
"06071",5,"48521",77,0,2013,1,"N","San Bernardino County, California","Private","Interurban and rural bus transportation","County, NAICS 5-digit -- by ownership sector","All establishment sizes",1,0,0,0,0,0,0,0
"06071",5,"48521",77,0,2013,2,"N","San Bernardino County, California","Private","Interurban and rural bus transportation","County, NAICS 5-digit -- by ownership sector","All establishment sizes",1,0,0,0,0,0,0,0
"06071",5,"48521",77,0,2013,3,"N","San Bernardino County, California","Private","Interurban and rural bus transportation","County, NAICS 5-digit -- by ownership sector","All establishment sizes",1,0,0,0,0,0,0,0
"06071",5,"485210",78,0,2013,1,"N","San Bernardino County, California","Private","Interurban and rural bus transportation","County, NAICS 6-digit -- by ownership sector","All establishment sizes",1,0,0,0,0,0,0,0
"06071",5,"485210",78,0,2013,2,"N","San Bernardino County, California","Private","Interurban and rural bus transportation","County, NAICS 6-digit -- by ownership sector","All establishment sizes",1,0,0,0,0,0,0,0
"06071",5,"485210",78,0,2013,3,"N","San Bernardino County, California","Private","Interurban and rural bus transportation","County, NAICS 6-digit -- by ownership sector","All establishment sizes",1,0,0,0,0,0,0,0
"06071",5,"4853",76,0,2013,1,"","San Bernardino County, California","Private","Taxi and limousine service","County, NAICS 4-digit -- by ownership sector","All establishment sizes",13,88,92,90,445383,382028,18154,381
"06071",5,"4853",76,0,2013,2,"","San Bernardino County, California","Private","Taxi and limousine service","County, NAICS 4-digit -- by ownership sector","All establishment sizes",14,97,95,94,455861,167369,7791,368
"06071",5,"4853",76,0,2013,3,"","San Bernardino County, California","Private","Taxi and limousine service","County, NAICS 4-digit -- by ownership sector","All establishment sizes",13,92,85,85,467862,59176,2404,412
"06071",5,"48531",77,0,2013,1,"N","San Bernardino County, California","Private","Taxi service","County, NAICS 5-digit -- by ownership sector","All establishment sizes",3,0,0,0,0,0,0,0
"06071",5,"48531",77,0,2013,2,"N","San Bernardino County, California","Private","Taxi service","County, NAICS 5-digit -- by ownership sector","All establishment sizes",3,0,0,0,0,0,0,0
"06071",5,"48531",77,0,2013,3,"N","San Bernardino County, California","Private","Taxi service","County, NAICS 5-digit -- by ownership sector","All establishment sizes",3,0,0,0,0,0,0,0
"06071",5,"485310",78,0,2013,1,"N","San Bernardino County, California","Private","Taxi service","County, NAICS 6-digit -- by ownership sector","All establishment sizes",3,0,0,0,0,0,0,0
"06071",5,"485310",78,0,2013,2,"N","San Bernardino County, California","Private","Taxi service","County, NAICS 6-digit -- by ownership sector","All establishment sizes",3,0,0,0,0,0,0,0
"06071",5,"485310",78,0,2013,3,"N","San Bernardino County, California","Private","Taxi service","County, NAICS 6-digit -- by ownership sector","All establishment sizes",3,0,0,0,0,0,0,0
"06071",5,"48532",77,0,2013,1,"N","San Bernardino County, California","Private","Limousine service","County, NAICS 5-digit -- by ownership sector","All establishment sizes",10,0,0,0,0,0,0,0
"06071",5,"48532",77,0,2013,2,"N","San Bernardino County, California","Private","Limousine service","County, NAICS 5-digit -- by ownership sector","All establishment sizes",11,0,0,0,0,0,0,0
"06071",5,"48532",77,0,2013,3,"N","San Bernardino County, California","Private","Limousine service","County, NAICS 5-digit -- by ownership sector","All establishment sizes",10,0,0,0,0,0,0,0
"06071",5,"485320",78,0,2013,1,"N","San Bernardino County, California","Private","Limousine service","County, NAICS 6-digit -- by ownership sector","All establishment sizes",10,0,0,0,0,0,0,0
"06071",5,"485320",78,0,2013,2,"N","San Bernardino County, California","Private","Limousine service","County, NAICS 6-digit -- by ownership sector","All establishment sizes",11,0,0,0,0,0,0,0
"06071",5,"485320",78,0,2013,3,"N","San Bernardino County, California","Private","Limousine service","County, NAICS 6-digit -- by ownership sector","All establishment sizes",10,0,0,0,0,0,0,0
"06071",5,"4854",76,0,2013,1,"","San Bernardino County, California","Private","School and employee bus transportation","County, NAICS 4-digit -- by ownership sector","All establishment sizes",18,1240,1306,1309,7528500,6266435,380872,451
"06071",5,"4854",76,0,2013,2,"","San Bernardino County, California","Private","School and employee bus transportation","County, NAICS 4-digit -- by ownership sector","All establishment sizes",18,1304,1296,1216,7756623,1781794,109341,469
"06071",5,"4854",76,0,2013,3,"","San Bernardino County, California","Private","School and employee bus transportation","County, NAICS 4-digit -- by ownership sector","All establishment sizes",18,1063,1307,1330,6852757,516331,31488,427
"06071",5,"48541",77,0,2013,1,"","San Bernardino County, California","Private","School and employee bus transportation","County, NAICS 5-digit -- by ownership sector","All establishment sizes",18,1240,1306,1309,7528500,6266435,380872,451
"06071",5,"48541",77,0,2013,2,"","San Bernardino County, California","Private","School and employee bus transportation","County, NAICS 5-digit -- by ownership sector","All establishment sizes",18,1304,1296,1216,7756623,1781794,109341,469
"06071",5,"48541",77,0,2013,3,"","San Bernardino County, California","Private","School and employee bus transportation","County, NAICS 5-digit -- by ownership sector","All establishment sizes",18,1063,1307,1330,6852757,516331,31488,427
"06071",5,"485410",78,0,2013,1,"","San Bernardino County, California","Private","School and employee bus transportation","County, NAICS 6-digit -- by ownership sector","All establishment sizes",18,1240,1306,1309,7528500,6266435,380872,451
"06071",5,"485410",78,0,2013,2,"","San Bernardino County, California","Private","School and employee bus transportation","County, NAICS 6-digit -- by ownership sector","All establishment sizes",18,1304,1296,1216,7756623,1781794,109341,469
"06071",5,"485410",78,0,2013,3,"","San Bernardino County, California","Private","School and employee bus transportation","County, NAICS 6-digit -- by ownership sector","All establishment sizes",18,1063,1307,1330,6852757,516331,31488,427
"06071",5,"4855",76,0,2013,1,"","San Bernardino County, California","Private","Charter bus industry","County, NAICS 4-digit -- by ownership sector","All establishment sizes",5,68,65,72,696333,353302,17841,784
"06071",5,"4855",76,0,2013,2,"","San Bernardino County, California","Private","Charter bus industry","County, NAICS 4-digit -- by ownership sector","All establishment sizes",5,72,73,73,785724,104748,5667,832
"06071",5,"4855",76,0,2013,3,"","San Bernardino County, California","Private","Charter bus industry","County, NAICS 4-digit -- by ownership sector","All establishment sizes",5,71,75,75,754213,25787,1407,788
"06071",5,"48551",77,0,2013,1,"","San Bernardino County, California","Private","Charter bus industry","County, NAICS 5-digit -- by ownership sector","All establishment sizes",5,68,65,72,696333,353302,17841,784
"06071",5,"48551",77,0,2013,2,"","San Bernardino County, California","Private","Charter bus industry","County, NAICS 5-digit -- by ownership sector","All establishment sizes",5,72,73,73,785724,104748,5667,832
"06071",5,"48551",77,0,2013,3,"","San Bernardino County, California","Private","Charter bus industry","County, NAICS 5-digit -- by ownership sector","All establishment sizes",5,71,75,75,754213,25787,1407,788
"06071",5,"485510",78,0,2013,1,"","San Bernardino County, California","Private","Charter bus industry","County, NAICS 6-digit -- by ownership sector","All establishment sizes",5,68,65,72,696333,353302,17841,784
"06071",5,"485510",78,0,2013,2,"","San Bernardino County, California","Private","Charter bus industry","County, NAICS 6-digit -- by ownership sector","All establishment sizes",5,72,73,73,785724,104748,5667,832
"06071",5,"485510",78,0,2013,3,"","San Bernardino County, California","Private","Charter bus industry","County, NAICS 6-digit -- by ownership sector","All establishment sizes",5,71,75,75,754213,25787,1407,788
"06071",5,"4859",76,0,2013,1,"","San Bernardino County, California","Private","Other ground passenger transportation","County, NAICS 4-digit -- by ownership sector","All establishment sizes",26,344,349,350,2002219,1513855,83075,443
"06071",5,"4859",76,0,2013,2,"","San Bernardino County, California","Private","Other ground passenger transportation","County, NAICS 4-digit -- by ownership sector","All establishment sizes",27,349,360,361,2371386,529180,27782,511
"06071",5,"4859",76,0,2013,3,"","San Bernardino County, California","Private","Other ground passenger transportation","County, NAICS 4-digit -- by ownership sector","All establishment sizes",28,562,579,591,3388466,1316421,77545,451
"06071",5,"48599",77,0,2013,1,"","San Bernardino County, California","Private","Other ground passenger transportation","County, NAICS 5-digit -- by ownership sector","All establishment sizes",26,344,349,350,2002219,1513855,83075,443
"06071",5,"48599",77,0,2013,2,"","San Bernardino County, California","Private","Other ground passenger transportation","County, NAICS 5-digit -- by ownership sector","All establishment sizes",27,349,360,361,2371386,529180,27782,511
"06071",5,"48599",77,0,2013,3,"","San Bernardino County, California","Private","Other ground passenger transportation","County, NAICS 5-digit -- by ownership sector","All establishment sizes",28,562,579,591,3388466,1316421,77545,451
"06071",5,"485991",78,0,2013,1,"","San Bernardino County, California","Private","Special needs transportation","County, NAICS 6-digit -- by ownership sector","All establishment sizes",16,226,231,230,1231936,910402,51775,414
"06071",5,"485991",78,0,2013,2,"","San Bernardino County, California","Private","Special needs transportation","County, NAICS 6-digit -- by ownership sector","All establishment sizes",17,229,237,246,1507046,324126,17571,488
"06071",5,"485991",78,0,2013,3,"","San Bernardino County, California","Private","Special needs transportation","County, NAICS 6-digit -- by ownership sector","All establishment sizes",18,428,440,454,2543746,1180939,71189,444
"06071",5,"485999",78,0,2013,1,"","San Bernardino County, California","Private","All other ground passenger transportation","County, NAICS 6-digit -- by ownership sector","All establishment sizes",10,118,118,120,770283,603453,31300,499
"06071",5,"485999",78,0,2013,2,"","San Bernardino County, California","Private","All other ground passenger transportation","County, NAICS 6-digit -- by ownership sector","All establishment sizes",10,120,123,115,864340,205054,10211,557
"06071",5,"485999",78,0,2013,3,"","San Bernardino County, California","Private","All other ground passenger transportation","County, NAICS 6-digit -- by ownership sector","All establishment sizes",10,134,139,137,844720,135482,6356,475
"06071",5,"486",75,0,2013,1,"","San Bernardino County, California","Private","Pipeline transportation","County, NAICS 3-digit -- by ownership sector","All establishment sizes",9,155,154,153,4051649,992433,46522,2024
"06071",5,"486",75,0,2013,2,"","San Bernardino County, California","Private","Pipeline transportation","County, NAICS 3-digit -- by ownership sector","All establishment sizes",9,151,156,154,3772800,70796,3585,1889
"06071",5,"486",75,0,2013,3,"","San Bernardino County, California","Private","Pipeline transportation","County, NAICS 3-digit -- by ownership sector","All establishment sizes",9,151,152,156,3243547,44704,2415,1631
"06071",5,"4862",76,0,2013,1,"N","San Bernardino County, California","Private","Pipeline transportation of natural gas","County, NAICS 4-digit -- by ownership sector","All establishment sizes",4,0,0,0,0,0,0,0
"06071",5,"4862",76,0,2013,2,"N","San Bernardino County, California","Private","Pipeline transportation of natural gas","County, NAICS 4-digit -- by ownership sector","All establishment sizes",4,0,0,0,0,0,0,0
"06071",5,"4862",76,0,2013,3,"N","San Bernardino County, California","Private","Pipeline transportation of natural gas","County, NAICS 4-digit -- by ownership sector","All establishment sizes",4,0,0,0,0,0,0,0
"06071",5,"48621",77,0,2013,1,"N","San Bernardino County, California","Private","Pipeline transportation of natural gas","County, NAICS 5-digit -- by ownership sector","All establishment sizes",4,0,0,0,0,0,0,0
"06071",5,"48621",77,0,2013,2,"N","San Bernardino County, California","Private","Pipeline transportation of natural gas","County, NAICS 5-digit -- by ownership sector","All establishment sizes",4,0,0,0,0,0,0,0
"06071",5,"48621",77,0,2013,3,"N","San Bernardino County, California","Private","Pipeline transportation of natural gas","County, NAICS 5-digit -- by ownership sector","All establishment sizes",4,0,0,0,0,0,0,0
"06071",5,"486210",78,0,2013,1,"N","San Bernardino County, California","Private","Pipeline transportation of natural gas","County, NAICS 6-digit -- by ownership sector","All establishment sizes",4,0,0,0,0,0,0,0
"06071",5,"486210",78,0,2013,2,"N","San Bernardino County, California","Private","Pipeline transportation of natural gas","County, NAICS 6-digit -- by ownership sector","All establishment sizes",4,0,0,0,0,0,0,0
"06071",5,"486210",78,0,2013,3,"N","San Bernardino County, California","Private","Pipeline transportation of natural gas","County, NAICS 6-digit -- by ownership sector","All establishment sizes",4,0,0,0,0,0,0,0
"06071",5,"4869",76,0,2013,1,"N","San Bernardino County, California","Private","Other pipeline transportation","County, NAICS 4-digit -- by ownership sector","All establishment sizes",5,0,0,0,0,0,0,0
"06071",5,"4869",76,0,2013,2,"N","San Bernardino County, California","Private","Other pipeline transportation","County, NAICS 4-digit -- by ownership sector","All establishment sizes",5,0,0,0,0,0,0,0
"06071",5,"4869",76,0,2013,3,"N","San Bernardino County, California","Private","Other pipeline transportation","County, NAICS 4-digit -- by ownership sector","All establishment sizes",5,0,0,0,0,0,0,0
"06071",5,"48691",77,0,2013,1,"N","San Bernardino County, California","Private","Refined petroleum product pipeline transport.","County, NAICS 5-digit -- by ownership sector","All establishment sizes",4,0,0,0,0,0,0,0
"06071",5,"48691",77,0,2013,2,"N","San Bernardino County, California","Private","Refined petroleum product pipeline transport.","County, NAICS 5-digit -- by ownership sector","All establishment sizes",4,0,0,0,0,0,0,0
"06071",5,"48691",77,0,2013,3,"N","San Bernardino County, California","Private","Refined petroleum product pipeline transport.","County, NAICS 5-digit -- by ownership sector","All establishment sizes",4,0,0,0,0,0,0,0
"06071",5,"486910",78,0,2013,1,"N","San Bernardino County, California","Private","Refined petroleum product pipeline transport.","County, NAICS 6-digit -- by ownership sector","All establishment sizes",4,0,0,0,0,0,0,0
"06071",5,"486910",78,0,2013,2,"N","San Bernardino County, California","Private","Refined petroleum product pipeline transport.","County, NAICS 6-digit -- by ownership sector","All establishment sizes",4,0,0,0,0,0,0,0
"06071",5,"486910",78,0,2013,3,"N","San Bernardino County, California","Private","Refined petroleum product pipeline transport.","County, NAICS 6-digit -- by ownership sector","All establishment sizes",4,0,0,0,0,0,0,0
"06071",5,"48699",77,0,2013,1,"N","San Bernardino County, California","Private","All other pipeline transportation","County, NAICS 5-digit -- by ownership sector","All establishment sizes",1,0,0,0,0,0,0,0
"06071",5,"48699",77,0,2013,2,"N","San Bernardino County, California","Private","All other pipeline transportation","County, NAICS 5-digit -- by ownership sector","All establishment sizes",1,0,0,0,0,0,0,0
"06071",5,"48699",77,0,2013,3,"N","San Bernardino County, California","Private","All other pipeline transportation","County, NAICS 5-digit -- by ownership sector","All establishment sizes",1,0,0,0,0,0,0,0
"06071",5,"486990",78,0,2013,1,"N","San Bernardino County, California","Private","All other pipeline transportation","County, NAICS 6-digit -- by ownership sector","All establishment sizes",1,0,0,0,0,0,0,0
"06071",5,"486990",78,0,2013,2,"N","San Bernardino County, California","Private","All other pipeline transportation","County, NAICS 6-digit -- by ownership sector","All establishment sizes",1,0,0,0,0,0,0,0
"06071",5,"486990",78,0,2013,3,"N","San Bernardino County, California","Private","All other pipeline transportation","County, NAICS 6-digit -- by ownership sector","All establishment sizes",1,0,0,0,0,0,0,0
"06071",5,"487",75,0,2013,1,"","San Bernardino County, California","Private","Scenic and sightseeing transportation","County, NAICS 3-digit -- by ownership sector","All establishment sizes",3,35,36,37,252025,174744,6099,539
"06071",5,"487",75,0,2013,2,"","San Bernardino County, California","Private","Scenic and sightseeing transportation","County, NAICS 3-digit -- by ownership sector","All establishment sizes",3,38,38,39,284013,72113,3054,570
"06071",5,"487",75,0,2013,3,"","San Bernardino County, California","Private","Scenic and sightseeing transportation","County, NAICS 3-digit -- by ownership sector","All establishment sizes",3,40,40,40,294918,30486,1359,567
"06071",5,"4871",76,0,2013,1,"N","San Bernardino County, California","Private","Scenic and sightseeing transportation, land","County, NAICS 4-digit -- by ownership sector","All establishment sizes",2,0,0,0,0,0,0,0
"06071",5,"4871",76,0,2013,2,"N","San Bernardino County, California","Private","Scenic and sightseeing transportation, land","County, NAICS 4-digit -- by ownership sector","All establishment sizes",2,0,0,0,0,0,0,0
"06071",5,"4871",76,0,2013,3,"N","San Bernardino County, California","Private","Scenic and sightseeing transportation, land","County, NAICS 4-digit -- by ownership sector","All establishment sizes",2,0,0,0,0,0,0,0
"06071",5,"48711",77,0,2013,1,"N","San Bernardino County, California","Private","Scenic and sightseeing transportation, land","County, NAICS 5-digit -- by ownership sector","All establishment sizes",2,0,0,0,0,0,0,0
"06071",5,"48711",77,0,2013,2,"N","San Bernardino County, California","Private","Scenic and sightseeing transportation, land","County, NAICS 5-digit -- by ownership sector","All establishment sizes",2,0,0,0,0,0,0,0
"06071",5,"48711",77,0,2013,3,"N","San Bernardino County, California","Private","Scenic and sightseeing transportation, land","County, NAICS 5-digit -- by ownership sector","All establishment sizes",2,0,0,0,0,0,0,0
"06071",5,"487110",78,0,2013,1,"N","San Bernardino County, California","Private","Scenic and sightseeing transportation, land","County, NAICS 6-digit -- by ownership sector","All establishment sizes",2,0,0,0,0,0,0,0
"06071",5,"487110",78,0,2013,2,"N","San Bernardino County, California","Private","Scenic and sightseeing transportation, land","County, NAICS 6-digit -- by ownership sector","All establishment sizes",2,0,0,0,0,0,0,0
"06071",5,"487110",78,0,2013,3,"N","San Bernardino County, California","Private","Scenic and sightseeing transportation, land","County, NAICS 6-digit -- by ownership sector","All establishment sizes",2,0,0,0,0,0,0,0
"06071",5,"4872",76,0,2013,1,"N","San Bernardino County, California","Private","Scenic and sightseeing transportation, water","County, NAICS 4-digit -- by ownership sector","All establishment sizes",1,0,0,0,0,0,0,0
"06071",5,"4872",76,0,2013,2,"N","San Bernardino County, California","Private","Scenic and sightseeing transportation, water","County, NAICS 4-digit -- by ownership sector","All establishment sizes",1,0,0,0,0,0,0,0
"06071",5,"4872",76,0,2013,3,"N","San Bernardino County, California","Private","Scenic and sightseeing transportation, water","County, NAICS 4-digit -- by ownership sector","All establishment sizes",1,0,0,0,0,0,0,0
"06071",5,"48721",77,0,2013,1,"N","San Bernardino County, California","Private","Scenic and sightseeing transportation, water","County, NAICS 5-digit -- by ownership sector","All establishment sizes",1,0,0,0,0,0,0,0
"06071",5,"48721",77,0,2013,2,"N","San Bernardino County, California","Private","Scenic and sightseeing transportation, water","County, NAICS 5-digit -- by ownership sector","All establishment sizes",1,0,0,0,0,0,0,0
"06071",5,"48721",77,0,2013,3,"N","San Bernardino County, California","Private","Scenic and sightseeing transportation, water","County, NAICS 5-digit -- by ownership sector","All establishment sizes",1,0,0,0,0,0,0,0
"06071",5,"487210",78,0,2013,1,"N","San Bernardino County, California","Private","Scenic and sightseeing transportation, water","County, NAICS 6-digit -- by ownership sector","All establishment sizes",1,0,0,0,0,0,0,0
"06071",5,"487210",78,0,2013,2,"N","San Bernardino County, California","Private","Scenic and sightseeing transportation, water","County, NAICS 6-digit -- by ownership sector","All establishment sizes",1,0,0,0,0,0,0,0
"06071",5,"487210",78,0,2013,3,"N","San Bernardino County, California","Private","Scenic and sightseeing transportation, water","County, NAICS 6-digit -- by ownership sector","All establishment sizes",1,0,0,0,0,0,0,0
"06071",5,"488",75,0,2013,1,"","San Bernardino County, California","Private","Support activities for transportation","County, NAICS 3-digit -- by ownership sector","All establishment sizes",236,4682,4681,4772,41501558,27737838,1527547,678
"06071",5,"488",75,0,2013,2,"","San Bernardino County, California","Private","Support activities for transportation","County, NAICS 3-digit -- by ownership sector","All establishment sizes",235,4808,4831,4839,42725694,7187193,378185,681
"06071",5,"488",75,0,2013,3,"","San Bernardino County, California","Private","Support activities for transportation","County, NAICS 3-digit -- by ownership sector","All establishment sizes",240,4893,4872,4943,43688938,4208993,231371,685
"06071",5,"4881",76,0,2013,1,"","San Bernardino County, California","Private","Support activities for air transportation","County, NAICS 4-digit -- by ownership sector","All establishment sizes",46,1575,1571,1607,13099933,9121630,495799,636
"06071",5,"4881",76,0,2013,2,"","San Bernardino County, California","Private","Support activities for air transportation","County, NAICS 4-digit -- by ownership sector","All establishment sizes",45,1616,1603,1620,13464913,2994640,155482,642
"06071",5,"4881",76,0,2013,3,"","San Bernardino County, California","Private","Support activities for air transportation","County, NAICS 4-digit -- by ownership sector","All establishment sizes",46,1670,1651,1675,13467456,1597655,87465,622
"06071",5,"48811",77,0,2013,1,"","San Bernardino County, California","Private","Airport operations","County, NAICS 5-digit -- by ownership sector","All establishment sizes",17,981,968,991,6030512,5002861,285290,473
"06071",5,"48811",77,0,2013,2,"","San Bernardino County, California","Private","Airport operations","County, NAICS 5-digit -- by ownership sector","All establishment sizes",16,991,995,1012,6088601,1856599,107073,469
"06071",5,"48811",77,0,2013,3,"","San Bernardino County, California","Private","Airport operations","County, NAICS 5-digit -- by ownership sector","All establishment sizes",16,1023,1026,1015,6215927,1011540,59238,468
"06071",5,"488111",78,0,2013,1,"N","San Bernardino County, California","Private","Air traffic control","County, NAICS 6-digit -- by ownership sector","All establishment sizes",3,0,0,0,0,0,0,0
"06071",5,"488111",78,0,2013,2,"N","San Bernardino County, California","Private","Air traffic control","County, NAICS 6-digit -- by ownership sector","All establishment sizes",3,0,0,0,0,0,0,0
"06071",5,"488111",78,0,2013,3,"N","San Bernardino County, California","Private","Air traffic control","County, NAICS 6-digit -- by ownership sector","All establishment sizes",2,0,0,0,0,0,0,0
"06071",5,"488119",78,0,2013,1,"N","San Bernardino County, California","Private","Other airport operations","County, NAICS 6-digit -- by ownership sector","All establishment sizes",14,0,0,0,0,0,0,0
"06071",5,"488119",78,0,2013,2,"N","San Bernardino County, California","Private","Other airport operations","County, NAICS 6-digit -- by ownership sector","All establishment sizes",13,0,0,0,0,0,0,0
"06071",5,"488119",78,0,2013,3,"N","San Bernardino County, California","Private","Other airport operations","County, NAICS 6-digit -- by ownership sector","All establishment sizes",14,0,0,0,0,0,0,0
"06071",5,"48819",77,0,2013,1,"","San Bernardino County, California","Private","Other support activities for air transport.","County, NAICS 5-digit -- by ownership sector","All establishment sizes",29,594,603,616,7069421,4118769,210509,900
"06071",5,"48819",77,0,2013,2,"","San Bernardino County, California","Private","Other support activities for air transport.","County, NAICS 5-digit -- by ownership sector","All establishment sizes",29,625,608,608,7376312,1138041,48409,925
"06071",5,"48819",77,0,2013,3,"","San Bernardino County, California","Private","Other support activities for air transport.","County, NAICS 5-digit -- by ownership sector","All establishment sizes",30,647,625,660,7251529,586115,28227,866
"06071",5,"488190",78,0,2013,1,"","San Bernardino County, California","Private","Other support activities for air transport.","County, NAICS 6-digit -- by ownership sector","All establishment sizes",29,594,603,616,7069421,4118769,210509,900
"06071",5,"488190",78,0,2013,2,"","San Bernardino County, California","Private","Other support activities for air transport.","County, NAICS 6-digit -- by ownership sector","All establishment sizes",29,625,608,608,7376312,1138041,48409,925
"06071",5,"488190",78,0,2013,3,"","San Bernardino County, California","Private","Other support activities for air transport.","County, NAICS 6-digit -- by ownership sector","All establishment sizes",30,647,625,660,7251529,586115,28227,866
"06071",5,"4882",76,0,2013,1,"N","San Bernardino County, California","Private","Support activities for rail transportation","County, NAICS 4-digit -- by ownership sector","All establishment sizes",4,0,0,0,0,0,0,0
"06071",5,"4882",76,0,2013,2,"N","San Bernardino County, California","Private","Support activities for rail transportation","County, NAICS 4-digit -- by ownership sector","All establishment sizes",4,0,0,0,0,0,0,0
"06071",5,"4882",76,0,2013,3,"N","San Bernardino County, California","Private","Support activities for rail transportation","County, NAICS 4-digit -- by ownership sector","All establishment sizes",4,0,0,0,0,0,0,0
"06071",5,"48821",77,0,2013,1,"N","San Bernardino County, California","Private","Support activities for rail transportation","County, NAICS 5-digit -- by ownership sector","All establishment sizes",4,0,0,0,0,0,0,0
"06071",5,"48821",77,0,2013,2,"N","San Bernardino County, California","Private","Support activities for rail transportation","County, NAICS 5-digit -- by ownership sector","All establishment sizes",4,0,0,0,0,0,0,0
"06071",5,"48821",77,0,2013,3,"N","San Bernardino County, California","Private","Support activities for rail transportation","County, NAICS 5-digit -- by ownership sector","All establishment sizes",4,0,0,0,0,0,0,0
"06071",5,"488210",78,0,2013,1,"N","San Bernardino County, California","Private","Support activities for rail transportation","County, NAICS 6-digit -- by ownership sector","All establishment sizes",4,0,0,0,0,0,0,0
"06071",5,"488210",78,0,2013,2,"N","San Bernardino County, California","Private","Support activities for rail transportation","County, NAICS 6-digit -- by ownership sector","All establishment sizes",4,0,0,0,0,0,0,0
"06071",5,"488210",78,0,2013,3,"N","San Bernardino County, California","Private","Support activities for rail transportation","County, NAICS 6-digit -- by ownership sector","All establishment sizes",4,0,0,0,0,0,0,0
"06071",5,"4884",76,0,2013,1,"","San Bernardino County, California","Private","Support activities for road transportation","County, NAICS 4-digit -- by ownership sector","All establishment sizes",98,1611,1606,1636,13489792,9692518,525173,641
"06071",5,"4884",76,0,2013,2,"","San Bernardino County, California","Private","Support activities for road transportation","County, NAICS 4-digit -- by ownership sector","All establishment sizes",98,1638,1629,1649,14024173,2282063,116090,658
"06071",5,"4884",76,0,2013,3,"","San Bernardino County, California","Private","Support activities for road transportation","County, NAICS 4-digit -- by ownership sector","All establishment sizes",99,1590,1566,1576,14239364,1344531,70614,694
"06071",5,"48841",77,0,2013,1,"","San Bernardino County, California","Private","Motor vehicle towing","County, NAICS 5-digit -- by ownership sector","All establishment sizes",76,1210,1201,1229,10873433,7429759,423266,689
"06071",5,"48841",77,0,2013,2,"","San Bernardino County, California","Private","Motor vehicle towing","County, NAICS 5-digit -- by ownership sector","All establishment sizes",76,1230,1212,1226,11252967,1557006,82233,708
"06071",5,"48841",77,0,2013,3,"","San Bernardino County, California","Private","Motor vehicle towing","County, NAICS 5-digit -- by ownership sector","All establishment sizes",77,1178,1179,1187,11442743,1023435,55166,745
"06071",5,"488410",78,0,2013,1,"","San Bernardino County, California","Private","Motor vehicle towing","County, NAICS 6-digit -- by ownership sector","All establishment sizes",76,1210,1201,1229,10873433,7429759,423266,689
"06071",5,"488410",78,0,2013,2,"","San Bernardino County, California","Private","Motor vehicle towing","County, NAICS 6-digit -- by ownership sector","All establishment sizes",76,1230,1212,1226,11252967,1557006,82233,708
"06071",5,"488410",78,0,2013,3,"","San Bernardino County, California","Private","Motor vehicle towing","County, NAICS 6-digit -- by ownership sector","All establishment sizes",77,1178,1179,1187,11442743,1023435,55166,745
"06071",5,"48849",77,0,2013,1,"","San Bernardino County, California","Private","Other support activities for road transport.","County, NAICS 5-digit -- by ownership sector","All establishment sizes",22,401,405,407,2616359,2262759,101907,498
"06071",5,"48849",77,0,2013,2,"","San Bernardino County, California","Private","Other support activities for road transport.","County, NAICS 5-digit -- by ownership sector","All establishment sizes",22,408,417,423,2771206,725057,33857,512
"06071",5,"48849",77,0,2013,3,"","San Bernardino County, California","Private","Other support activities for road transport.","County, NAICS 5-digit -- by ownership sector","All establishment sizes",22,412,387,389,2796621,321096,15448,543
"06071",5,"488490",78,0,2013,1,"","San Bernardino County, California","Private","Other support activities for road transport.","County, NAICS 6-digit -- by ownership sector","All establishment sizes",22,401,405,407,2616359,2262759,101907,498
"06071",5,"488490",78,0,2013,2,"","San Bernardino County, California","Private","Other support activities for road transport.","County, NAICS 6-digit -- by ownership sector","All establishment sizes",22,408,417,423,2771206,725057,33857,512
"06071",5,"488490",78,0,2013,3,"","San Bernardino County, California","Private","Other support activities for road transport.","County, NAICS 6-digit -- by ownership sector","All establishment sizes",22,412,387,389,2796621,321096,15448,543
"06071",5,"4885",76,0,2013,1,"","San Bernardino County, California","Private","Freight transportation arrangement","County, NAICS 4-digit -- by ownership sector","All establishment sizes",74,803,800,806,9180997,4994812,279575,879
"06071",5,"4885",76,0,2013,2,"","San Bernardino County, California","Private","Freight transportation arrangement","County, NAICS 4-digit -- by ownership sector","All establishment sizes",74,801,858,821,9313111,677377,34773,867
"06071",5,"4885",76,0,2013,3,"","San Bernardino County, California","Private","Freight transportation arrangement","County, NAICS 4-digit -- by ownership sector","All establishment sizes",76,888,917,927,9995048,711239,40711,844
"06071",5,"48851",77,0,2013,1,"","San Bernardino County, California","Private","Freight transportation arrangement","County, NAICS 5-digit -- by ownership sector","All establishment sizes",74,803,800,806,9180997,4994812,279575,879
"06071",5,"48851",77,0,2013,2,"","San Bernardino County, California","Private","Freight transportation arrangement","County, NAICS 5-digit -- by ownership sector","All establishment sizes",74,801,858,821,9313111,677377,34773,867
"06071",5,"48851",77,0,2013,3,"","San Bernardino County, California","Private","Freight transportation arrangement","County, NAICS 5-digit -- by ownership sector","All establishment sizes",76,888,917,927,9995048,711239,40711,844
"06071",5,"488510",78,0,2013,1,"","San Bernardino County, California","Private","Freight transportation arrangement","County, NAICS 6-digit -- by ownership sector","All establishment sizes",74,803,800,806,9180997,4994812,279575,879
"06071",5,"488510",78,0,2013,2,"","San Bernardino County, California","Private","Freight transportation arrangement","County, NAICS 6-digit -- by ownership sector","All establishment sizes",74,801,858,821,9313111,677377,34773,867
"06071",5,"488510",78,0,2013,3,"","San Bernardino County, California","Private","Freight transportation arrangement","County, NAICS 6-digit -- by ownership sector","All establishment sizes",76,888,917,927,9995048,711239,40711,844
"06071",5,"4889",76,0,2013,1,"N","San Bernardino County, California","Private","Other support activities for transportation","County, NAICS 4-digit -- by ownership sector","All establishment sizes",14,0,0,0,0,0,0,0
"06071",5,"4889",76,0,2013,2,"N","San Bernardino County, California","Private","Other support activities for transportation","County, NAICS 4-digit -- by ownership sector","All establishment sizes",14,0,0,0,0,0,0,0
"06071",5,"4889",76,0,2013,3,"N","San Bernardino County, California","Private","Other support activities for transportation","County, NAICS 4-digit -- by ownership sector","All establishment sizes",15,0,0,0,0,0,0,0
"06071",5,"48899",77,0,2013,1,"N","San Bernardino County, California","Private","Other support activities for transportation","County, NAICS 5-digit -- by ownership sector","All establishment sizes",14,0,0,0,0,0,0,0
"06071",5,"48899",77,0,2013,2,"N","San Bernardino County, California","Private","Other support activities for transportation","County, NAICS 5-digit -- by ownership sector","All establishment sizes",14,0,0,0,0,0,0,0
"06071",5,"48899",77,0,2013,3,"N","San Bernardino County, California","Private","Other support activities for transportation","County, NAICS 5-digit -- by ownership sector","All establishment sizes",15,0,0,0,0,0,0,0
"06071",5,"488991",78,0,2013,1,"N","San Bernardino County, California","Private","Packing and crating","County, NAICS 6-digit -- by ownership sector","All establishment sizes",5,0,0,0,0,0,0,0
"06071",5,"488991",78,0,2013,2,"N","San Bernardino County, California","Private","Packing and crating","County, NAICS 6-digit -- by ownership sector","All establishment sizes",5,0,0,0,0,0,0,0
"06071",5,"488991",78,0,2013,3,"N","San Bernardino County, California","Private","Packing and crating","County, NAICS 6-digit -- by ownership sector","All establishment sizes",5,0,0,0,0,0,0,0
"06071",5,"488999",78,0,2013,1,"","San Bernardino County, California","Private","All other support activities for transport.","County, NAICS 6-digit -- by ownership sector","All establishment sizes",9,494,509,525,3725844,2680379,162703,563
"06071",5,"488999",78,0,2013,2,"","San Bernardino County, California","Private","All other support activities for transport.","County, NAICS 6-digit -- by ownership sector","All establishment sizes",9,551,539,547,3986720,1021647,62095,562
"06071",5,"488999",78,0,2013,3,"","San Bernardino County, California","Private","All other support activities for transport.","County, NAICS 6-digit -- by ownership sector","All establishment sizes",10,544,535,558,4114951,451324,27261,580
"06071",5,"491",75,0,2013,1,"","San Bernardino County, California","Private","Postal service","County, NAICS 3-digit -- by ownership sector","All establishment sizes",6,27,27,30,160540,122383,6605,441
"06071",5,"491",75,0,2013,2,"","San Bernardino County, California","Private","Postal service","County, NAICS 3-digit -- by ownership sector","All establishment sizes",6,30,29,30,167144,57917,2875,433
"06071",5,"491",75,0,2013,3,"","San Bernardino County, California","Private","Postal service","County, NAICS 3-digit -- by ownership sector","All establishment sizes",6,30,30,30,163453,24381,1177,419
"06071",5,"4911",76,0,2013,1,"","San Bernardino County, California","Private","Postal service","County, NAICS 4-digit -- by ownership sector","All establishment sizes",6,27,27,30,160540,122383,6605,441
"06071",5,"4911",76,0,2013,2,"","San Bernardino County, California","Private","Postal service","County, NAICS 4-digit -- by ownership sector","All establishment sizes",6,30,29,30,167144,57917,2875,433
"06071",5,"4911",76,0,2013,3,"","San Bernardino County, California","Private","Postal service","County, NAICS 4-digit -- by ownership sector","All establishment sizes",6,30,30,30,163453,24381,1177,419
"06071",5,"49111",77,0,2013,1,"","San Bernardino County, California","Private","Postal service","County, NAICS 5-digit -- by ownership sector","All establishment sizes",6,27,27,30,160540,122383,6605,441
"06071",5,"49111",77,0,2013,2,"","San Bernardino County, California","Private","Postal service","County, NAICS 5-digit -- by ownership sector","All establishment sizes",6,30,29,30,167144,57917,2875,433
"06071",5,"49111",77,0,2013,3,"","San Bernardino County, California","Private","Postal service","County, NAICS 5-digit -- by ownership sector","All establishment sizes",6,30,30,30,163453,24381,1177,419
"06071",5,"491110",78,0,2013,1,"","San Bernardino County, California","Private","Postal service","County, NAICS 6-digit -- by ownership sector","All establishment sizes",6,27,27,30,160540,122383,6605,441
"06071",5,"491110",78,0,2013,2,"","San Bernardino County, California","Private","Postal service","County, NAICS 6-digit -- by ownership sector","All establishment sizes",6,30,29,30,167144,57917,2875,433
"06071",5,"491110",78,0,2013,3,"","San Bernardino County, California","Private","Postal service","County, NAICS 6-digit -- by ownership sector","All establishment sizes",6,30,30,30,163453,24381,1177,419
"06071",5,"492",75,0,2013,1,"","San Bernardino County, California","Private","Couriers and messengers","County, NAICS 3-digit -- by ownership sector","All establishment sizes",87,5810,5853,5826,73456221,28731399,1043792,969
"06071",5,"492",75,0,2013,2,"","San Bernardino County, California","Private","Couriers and messengers","County, NAICS 3-digit -- by ownership sector","All establishment sizes",86,5720,5749,5800,69236932,4812656,182475,925
"06071",5,"492",75,0,2013,3,"","San Bernardino County, California","Private","Couriers and messengers","County, NAICS 3-digit -- by ownership sector","All establishment sizes",85,5644,5776,5851,71173128,1864715,73341,951
"06071",5,"4921",76,0,2013,1,"","San Bernardino County, California","Private","Couriers and express delivery services","County, NAICS 4-digit -- by ownership sector","All establishment sizes",37,5375,5406,5384,69629423,26411763,946777,994
"06071",5,"4921",76,0,2013,2,"","San Bernardino County, California","Private","Couriers and express delivery services","County, NAICS 4-digit -- by ownership sector","All establishment sizes",37,5270,5309,5364,65861093,4169167,152877,953
"06071",5,"4921",76,0,2013,3,"","San Bernardino County, California","Private","Couriers and express delivery services","County, NAICS 4-digit -- by ownership sector","All establishment sizes",36,5224,5343,5412,67421512,1509556,57132,974
"06071",5,"49211",77,0,2013,1,"","San Bernardino County, California","Private","Couriers and express delivery services","County, NAICS 5-digit -- by ownership sector","All establishment sizes",37,5375,5406,5384,69629423,26411763,946777,994
"06071",5,"49211",77,0,2013,2,"","San Bernardino County, California","Private","Couriers and express delivery services","County, NAICS 5-digit -- by ownership sector","All establishment sizes",37,5270,5309,5364,65861093,4169167,152877,953
"06071",5,"49211",77,0,2013,3,"","San Bernardino County, California","Private","Couriers and express delivery services","County, NAICS 5-digit -- by ownership sector","All establishment sizes",36,5224,5343,5412,67421512,1509556,57132,974
"06071",5,"492110",78,0,2013,1,"","San Bernardino County, California","Private","Couriers and express delivery services","County, NAICS 6-digit -- by ownership sector","All establishment sizes",37,5375,5406,5384,69629423,26411763,946777,994
"06071",5,"492110",78,0,2013,2,"","San Bernardino County, California","Private","Couriers and express delivery services","County, NAICS 6-digit -- by ownership sector","All establishment sizes",37,5270,5309,5364,65861093,4169167,152877,953
"06071",5,"492110",78,0,2013,3,"","San Bernardino County, California","Private","Couriers and express delivery services","County, NAICS 6-digit -- by ownership sector","All establishment sizes",36,5224,5343,5412,67421512,1509556,57132,974
"06071",5,"4922",76,0,2013,1,"","San Bernardino County, California","Private","Local messengers and local delivery","County, NAICS 4-digit -- by ownership sector","All establishment sizes",50,435,447,442,3826798,2319636,97015,667
"06071",5,"4922",76,0,2013,2,"","San Bernardino County, California","Private","Local messengers and local delivery","County, NAICS 4-digit -- by ownership sector","All establishment sizes",49,450,440,436,3375839,643489,29598,588
"06071",5,"4922",76,0,2013,3,"","San Bernardino County, California","Private","Local messengers and local delivery","County, NAICS 4-digit -- by ownership sector","All establishment sizes",49,420,433,439,3751616,355159,16209,670
"06071",5,"49221",77,0,2013,1,"","San Bernardino County, California","Private","Local messengers and local delivery","County, NAICS 5-digit -- by ownership sector","All establishment sizes",50,435,447,442,3826798,2319636,97015,667
"06071",5,"49221",77,0,2013,2,"","San Bernardino County, California","Private","Local messengers and local delivery","County, NAICS 5-digit -- by ownership sector","All establishment sizes",49,450,440,436,3375839,643489,29598,588
"06071",5,"49221",77,0,2013,3,"","San Bernardino County, California","Private","Local messengers and local delivery","County, NAICS 5-digit -- by ownership sector","All establishment sizes",49,420,433,439,3751616,355159,16209,670
"06071",5,"492210",78,0,2013,1,"","San Bernardino County, California","Private","Local messengers and local delivery","County, NAICS 6-digit -- by ownership sector","All establishment sizes",50,435,447,442,3826798,2319636,97015,667
"06071",5,"492210",78,0,2013,2,"","San Bernardino County, California","Private","Local messengers and local delivery","County, NAICS 6-digit -- by ownership sector","All establishment sizes",49,450,440,436,3375839,643489,29598,588
"06071",5,"492210",78,0,2013,3,"","San Bernardino County, California","Private","Local messengers and local delivery","County, NAICS 6-digit -- by ownership sector","All establishment sizes",49,420,433,439,3751616,355159,16209,670
"06071",5,"493",75,0,2013,1,"","San Bernardino County, California","Private","Warehousing and storage","County, NAICS 3-digit -- by ownership sector","All establishment sizes",181,14456,14271,14359,143544287,97598923,5349783,769
"06071",5,"493",75,0,2013,2,"","San Bernardino County, California","Private","Warehousing and storage","County, NAICS 3-digit -- by ownership sector","All establishment sizes",177,14356,14397,14640,139030519,25688380,1344379,739
"06071",5,"493",75,0,2013,3,"","San Bernardino County, California","Private","Warehousing and storage","County, NAICS 3-digit -- by ownership sector","All establishment sizes",180,14698,15395,16157,152635492,19276765,957870,762
"06071",5,"4931",76,0,2013,1,"","San Bernardino County, California","Private","Warehousing and storage","County, NAICS 4-digit -- by ownership sector","All establishment sizes",181,14456,14271,14359,143544287,97598923,5349783,769
"06071",5,"4931",76,0,2013,2,"","San Bernardino County, California","Private","Warehousing and storage","County, NAICS 4-digit -- by ownership sector","All establishment sizes",177,14356,14397,14640,139030519,25688380,1344379,739
"06071",5,"4931",76,0,2013,3,"","San Bernardino County, California","Private","Warehousing and storage","County, NAICS 4-digit -- by ownership sector","All establishment sizes",180,14698,15395,16157,152635492,19276765,957870,762
"06071",5,"49311",77,0,2013,1,"","San Bernardino County, California","Private","General warehousing and storage","County, NAICS 5-digit -- by ownership sector","All establishment sizes",151,12134,11917,11994,120165457,82250950,4438785,769
"06071",5,"49311",77,0,2013,2,"","San Bernardino County, California","Private","General warehousing and storage","County, NAICS 5-digit -- by ownership sector","All establishment sizes",148,11984,12017,12244,116455207,23030832,1189090,741
"06071",5,"49311",77,0,2013,3,"","San Bernardino County, California","Private","General warehousing and storage","County, NAICS 5-digit -- by ownership sector","All establishment sizes",149,12314,12978,13758,128485739,17343839,844117,759
"06071",5,"493110",78,0,2013,1,"","San Bernardino County, California","Private","General warehousing and storage","County, NAICS 6-digit -- by ownership sector","All establishment sizes",151,12134,11917,11994,120165457,82250950,4438785,769
"06071",5,"493110",78,0,2013,2,"","San Bernardino County, California","Private","General warehousing and storage","County, NAICS 6-digit -- by ownership sector","All establishment sizes",148,11984,12017,12244,116455207,23030832,1189090,741
"06071",5,"493110",78,0,2013,3,"","San Bernardino County, California","Private","General warehousing and storage","County, NAICS 6-digit -- by ownership sector","All establishment sizes",149,12314,12978,13758,128485739,17343839,844117,759
"06071",5,"49312",77,0,2013,1,"N","San Bernardino County, California","Private","Refrigerated warehousing and storage","County, NAICS 5-digit -- by ownership sector","All establishment sizes",9,0,0,0,0,0,0,0
"06071",5,"49312",77,0,2013,2,"N","San Bernardino County, California","Private","Refrigerated warehousing and storage","County, NAICS 5-digit -- by ownership sector","All establishment sizes",8,0,0,0,0,0,0,0
"06071",5,"49312",77,0,2013,3,"N","San Bernardino County, California","Private","Refrigerated warehousing and storage","County, NAICS 5-digit -- by ownership sector","All establishment sizes",8,0,0,0,0,0,0,0
"06071",5,"493120",78,0,2013,1,"N","San Bernardino County, California","Private","Refrigerated warehousing and storage","County, NAICS 6-digit -- by ownership sector","All establishment sizes",9,0,0,0,0,0,0,0
"06071",5,"493120",78,0,2013,2,"N","San Bernardino County, California","Private","Refrigerated warehousing and storage","County, NAICS 6-digit -- by ownership sector","All establishment sizes",8,0,0,0,0,0,0,0
"06071",5,"493120",78,0,2013,3,"N","San Bernardino County, California","Private","Refrigerated warehousing and storage","County, NAICS 6-digit -- by ownership sector","All establishment sizes",8,0,0,0,0,0,0,0
"06071",5,"49319",77,0,2013,1,"N","San Bernardino County, California","Private","Other warehousing and storage","County, NAICS 5-digit -- by ownership sector","All establishment sizes",21,0,0,0,0,0,0,0
"06071",5,"49319",77,0,2013,2,"N","San Bernardino County, California","Private","Other warehousing and storage","County, NAICS 5-digit -- by ownership sector","All establishment sizes",21,0,0,0,0,0,0,0
"06071",5,"49319",77,0,2013,3,"N","San Bernardino County, California","Private","Other warehousing and storage","County, NAICS 5-digit -- by ownership sector","All establishment sizes",23,0,0,0,0,0,0,0
"06071",5,"493190",78,0,2013,1,"N","San Bernardino County, California","Private","Other warehousing and storage","County, NAICS 6-digit -- by ownership sector","All establishment sizes",21,0,0,0,0,0,0,0
"06071",5,"493190",78,0,2013,2,"N","San Bernardino County, California","Private","Other warehousing and storage","County, NAICS 6-digit -- by ownership sector","All establishment sizes",21,0,0,0,0,0,0,0
"06071",5,"493190",78,0,2013,3,"N","San Bernardino County, California","Private","Other warehousing and storage","County, NAICS 6-digit -- by ownership sector","All establishment sizes",23,0,0,0,0,0,0,0
"06071",5,"51",74,0,2013,1,"","San Bernardino County, California","Private","Information","County, NAICS Sector -- by ownership sector","All establishment sizes",271,5059,5040,5010,82109029,25470591,1506940,1254
"06071",5,"51",74,0,2013,2,"","San Bernardino County, California","Private","Information","County, NAICS Sector -- by ownership sector","All establishment sizes",273,5056,5094,5100,65965484,3867254,198251,998
"06071",5,"51",74,0,2013,3,"","San Bernardino County, California","Private","Information","County, NAICS Sector -- by ownership sector","All establishment sizes",274,5033,4969,4922,68141510,2799999,142626,1054
"06071",5,"511",75,0,2013,1,"","San Bernardino County, California","Private","Publishing industries, except internet","County, NAICS 3-digit -- by ownership sector","All establishment sizes",62,776,785,783,10303914,4670850,276894,1014
"06071",5,"511",75,0,2013,2,"","San Bernardino County, California","Private","Publishing industries, except internet","County, NAICS 3-digit -- by ownership sector","All establishment sizes",61,774,788,791,9112341,800997,45847,894
"06071",5,"511",75,0,2013,3,"","San Bernardino County, California","Private","Publishing industries, except internet","County, NAICS 3-digit -- by ownership sector","All establishment sizes",62,790,771,779,9886659,486632,26634,975
"06071",5,"5111",76,0,2013,1,"","San Bernardino County, California","Private","Newspaper, book, and directory publishers","County, NAICS 4-digit -- by ownership sector","All establishment sizes",51,585,585,584,5875513,3398853,199618,773
"06071",5,"5111",76,0,2013,2,"","San Bernardino County, California","Private","Newspaper, book, and directory publishers","County, NAICS 4-digit -- by ownership sector","All establishment sizes",51,590,596,601,5675552,723381,41206,733
"06071",5,"5111",76,0,2013,3,"","San Bernardino County, California","Private","Newspaper, book, and directory publishers","County, NAICS 4-digit -- by ownership sector","All establishment sizes",52,600,577,586,5754565,410647,22220,753
"06071",5,"51111",77,0,2013,1,"","San Bernardino County, California","Private","Newspaper publishers","County, NAICS 5-digit -- by ownership sector","All establishment sizes",24,393,395,386,3725641,2226711,134604,732
"06071",5,"51111",77,0,2013,2,"","San Bernardino County, California","Private","Newspaper publishers","County, NAICS 5-digit -- by ownership sector","All establishment sizes",24,394,403,410,3410598,455212,27541,652
"06071",5,"51111",77,0,2013,3,"","San Bernardino County, California","Private","Newspaper publishers","County, NAICS 5-digit -- by ownership sector","All establishment sizes",24,391,389,393,3524061,218959,13395,693
"06071",5,"511110",78,0,2013,1,"","San Bernardino County, California","Private","Newspaper publishers","County, NAICS 6-digit -- by ownership sector","All establishment sizes",24,393,395,386,3725641,2226711,134604,732
"06071",5,"511110",78,0,2013,2,"","San Bernardino County, California","Private","Newspaper publishers","County, NAICS 6-digit -- by ownership sector","All establishment sizes",24,394,403,410,3410598,455212,27541,652
"06071",5,"511110",78,0,2013,3,"","San Bernardino County, California","Private","Newspaper publishers","County, NAICS 6-digit -- by ownership sector","All establishment sizes",24,391,389,393,3524061,218959,13395,693
"06071",5,"51112",77,0,2013,1,"","San Bernardino County, California","Private","Periodical publishers","County, NAICS 5-digit -- by ownership sector","All establishment sizes",14,69,71,73,461362,355910,16893,500
"06071",5,"51112",77,0,2013,2,"","San Bernardino County, California","Private","Periodical publishers","County, NAICS 5-digit -- by ownership sector","All establishment sizes",14,70,70,71,479723,161113,7497,525
"06071",5,"51112",77,0,2013,3,"","San Bernardino County, California","Private","Periodical publishers","County, NAICS 5-digit -- by ownership sector","All establishment sizes",14,66,66,62,463307,74867,3348,551
"06071",5,"511120",78,0,2013,1,"","San Bernardino County, California","Private","Periodical publishers","County, NAICS 6-digit -- by ownership sector","All establishment sizes",14,69,71,73,461362,355910,16893,500
"06071",5,"511120",78,0,2013,2,"","San Bernardino County, California","Private","Periodical publishers","County, NAICS 6-digit -- by ownership sector","All establishment sizes",14,70,70,71,479723,161113,7497,525
"06071",5,"511120",78,0,2013,3,"","San Bernardino County, California","Private","Periodical publishers","County, NAICS 6-digit -- by ownership sector","All establishment sizes",14,66,66,62,463307,74867,3348,551
"06071",5,"51113",77,0,2013,1,"","San Bernardino County, California","Private","Book publishers","County, NAICS 5-digit -- by ownership sector","All establishment sizes",8,42,41,41,463063,253807,13426,862
"06071",5,"51113",77,0,2013,2,"","San Bernardino County, California","Private","Book publishers","County, NAICS 5-digit -- by ownership sector","All establishment sizes",8,44,43,43,500620,43689,2273,889
"06071",5,"51113",77,0,2013,3,"","San Bernardino County, California","Private","Book publishers","County, NAICS 5-digit -- by ownership sector","All establishment sizes",9,67,44,52,545785,73537,2793,773
"06071",5,"511130",78,0,2013,1,"","San Bernardino County, California","Private","Book publishers","County, NAICS 6-digit -- by ownership sector","All establishment sizes",8,42,41,41,463063,253807,13426,862
"06071",5,"511130",78,0,2013,2,"","San Bernardino County, California","Private","Book publishers","County, NAICS 6-digit -- by ownership sector","All establishment sizes",8,44,43,43,500620,43689,2273,889
"06071",5,"511130",78,0,2013,3,"","San Bernardino County, California","Private","Book publishers","County, NAICS 6-digit -- by ownership sector","All establishment sizes",9,67,44,52,545785,73537,2793,773
"06071",5,"51114",77,0,2013,1,"N","San Bernardino County, California","Private","Directory and mailing list publishers","County, NAICS 5-digit -- by ownership sector","All establishment sizes",3,0,0,0,0,0,0,0
"06071",5,"51114",77,0,2013,2,"N","San Bernardino County, California","Private","Directory and mailing list publishers","County, NAICS 5-digit -- by ownership sector","All establishment sizes",3,0,0,0,0,0,0,0
"06071",5,"51114",77,0,2013,3,"N","San Bernardino County, California","Private","Directory and mailing list publishers","County, NAICS 5-digit -- by ownership sector","All establishment sizes",3,0,0,0,0,0,0,0
"06071",5,"511140",78,0,2013,1,"N","San Bernardino County, California","Private","Directory and mailing list publishers","County, NAICS 6-digit -- by ownership sector","All establishment sizes",3,0,0,0,0,0,0,0
"06071",5,"511140",78,0,2013,2,"N","San Bernardino County, California","Private","Directory and mailing list publishers","County, NAICS 6-digit -- by ownership sector","All establishment sizes",3,0,0,0,0,0,0,0
"06071",5,"511140",78,0,2013,3,"N","San Bernardino County, California","Private","Directory and mailing list publishers","County, NAICS 6-digit -- by ownership sector","All establishment sizes",3,0,0,0,0,0,0,0
"06071",5,"51119",77,0,2013,1,"N","San Bernardino County, California","Private","Other publishers","County, NAICS 5-digit -- by ownership sector","All establishment sizes",2,0,0,0,0,0,0,0
"06071",5,"51119",77,0,2013,2,"N","San Bernardino County, California","Private","Other publishers","County, NAICS 5-digit -- by ownership sector","All establishment sizes",2,0,0,0,0,0,0,0
"06071",5,"51119",77,0,2013,3,"N","San Bernardino County, California","Private","Other publishers","County, NAICS 5-digit -- by ownership sector","All establishment sizes",2,0,0,0,0,0,0,0
"06071",5,"511199",78,0,2013,1,"N","San Bernardino County, California","Private","All other publishers","County, NAICS 6-digit -- by ownership sector","All establishment sizes",2,0,0,0,0,0,0,0
"06071",5,"511199",78,0,2013,2,"N","San Bernardino County, California","Private","All other publishers","County, NAICS 6-digit -- by ownership sector","All establishment sizes",2,0,0,0,0,0,0,0
"06071",5,"511199",78,0,2013,3,"N","San Bernardino County, California","Private","All other publishers","County, NAICS 6-digit -- by ownership sector","All establishment sizes",2,0,0,0,0,0,0,0
"06071",5,"5112",76,0,2013,1,"","San Bernardino County, California","Private","Software publishers","County, NAICS 4-digit -- by ownership sector","All establishment sizes",11,191,200,199,4428401,1271997,77276,1732
"06071",5,"5112",76,0,2013,2,"","San Bernardino County, California","Private","Software publishers","County, NAICS 4-digit -- by ownership sector","All establishment sizes",10,184,192,190,3436789,77616,4641,1401
"06071",5,"5112",76,0,2013,3,"","San Bernardino County, California","Private","Software publishers","County, NAICS 4-digit -- by ownership sector","All establishment sizes",10,190,194,193,4132094,75985,4414,1653
"06071",5,"51121",77,0,2013,1,"","San Bernardino County, California","Private","Software publishers","County, NAICS 5-digit -- by ownership sector","All establishment sizes",11,191,200,199,4428401,1271997,77276,1732
"06071",5,"51121",77,0,2013,2,"","San Bernardino County, California","Private","Software publishers","County, NAICS 5-digit -- by ownership sector","All establishment sizes",10,184,192,190,3436789,77616,4641,1401
"06071",5,"51121",77,0,2013,3,"","San Bernardino County, California","Private","Software publishers","County, NAICS 5-digit -- by ownership sector","All establishment sizes",10,190,194,193,4132094,75985,4414,1653
"06071",5,"511210",78,0,2013,1,"","San Bernardino County, California","Private","Software publishers","County, NAICS 6-digit -- by ownership sector","All establishment sizes",11,191,200,199,4428401,1271997,77276,1732
"06071",5,"511210",78,0,2013,2,"","San Bernardino County, California","Private","Software publishers","County, NAICS 6-digit -- by ownership sector","All establishment sizes",10,184,192,190,3436789,77616,4641,1401
"06071",5,"511210",78,0,2013,3,"","San Bernardino County, California","Private","Software publishers","County, NAICS 6-digit -- by ownership sector","All establishment sizes",10,190,194,193,4132094,75985,4414,1653
"06071",5,"512",75,0,2013,1,"","San Bernardino County, California","Private","Motion picture and sound recording industries","County, NAICS 3-digit -- by ownership sector","All establishment sizes",37,935,923,915,8701654,3019569,151427,724
"06071",5,"512",75,0,2013,2,"","San Bernardino County, California","Private","Motion picture and sound recording industries","County, NAICS 3-digit -- by ownership sector","All establishment sizes",38,937,964,955,7150772,1181716,47779,578
"06071",5,"512",75,0,2013,3,"","San Bernardino County, California","Private","Motion picture and sound recording industries","County, NAICS 3-digit -- by ownership sector","All establishment sizes",39,828,812,777,5050228,936618,37604,482
"06071",5,"5121",76,0,2013,1,"","San Bernardino County, California","Private","Motion picture and video industries","County, NAICS 4-digit -- by ownership sector","All establishment sizes",34,930,910,910,8657081,2986996,150203,726
"06071",5,"5121",76,0,2013,2,"","San Bernardino County, California","Private","Motion picture and video industries","County, NAICS 4-digit -- by ownership sector","All establishment sizes",35,932,948,944,7100788,1158732,46920,580
"06071",5,"5121",76,0,2013,3,"","San Bernardino County, California","Private","Motion picture and video industries","County, NAICS 4-digit -- by ownership sector","All establishment sizes",36,823,807,772,5016028,930418,37387,482
"06071",5,"51211",77,0,2013,1,"","San Bernardino County, California","Private","Motion picture and video production","County, NAICS 5-digit -- by ownership sector","All establishment sizes",14,93,91,93,1646422,699422,40992,1372
"06071",5,"51211",77,0,2013,2,"","San Bernardino County, California","Private","Motion picture and video production","County, NAICS 5-digit -- by ownership sector","All establishment sizes",14,92,94,87,1502231,85813,4249,1270
"06071",5,"51211",77,0,2013,3,"N","San Bernardino County, California","Private","Motion picture and video production","County, NAICS 5-digit -- by ownership sector","All establishment sizes",14,0,0,0,0,0,0,0
"06071",5,"512110",78,0,2013,1,"","San Bernardino County, California","Private","Motion picture and video production","County, NAICS 6-digit -- by ownership sector","All establishment sizes",14,93,91,93,1646422,699422,40992,1372
"06071",5,"512110",78,0,2013,2,"","San Bernardino County, California","Private","Motion picture and video production","County, NAICS 6-digit -- by ownership sector","All establishment sizes",14,92,94,87,1502231,85813,4249,1270
"06071",5,"512110",78,0,2013,3,"N","San Bernardino County, California","Private","Motion picture and video production","County, NAICS 6-digit -- by ownership sector","All establishment sizes",14,0,0,0,0,0,0,0
"06071",5,"51212",77,0,2013,1,"N","San Bernardino County, California","Private","Motion picture and video distribution","County, NAICS 5-digit -- by ownership sector","All establishment sizes",1,0,0,0,0,0,0,0
"06071",5,"51212",77,0,2013,2,"N","San Bernardino County, California","Private","Motion picture and video distribution","County, NAICS 5-digit -- by ownership sector","All establishment sizes",1,0,0,0,0,0,0,0
"06071",5,"51212",77,0,2013,3,"N","San Bernardino County, California","Private","Motion picture and video distribution","County, NAICS 5-digit -- by ownership sector","All establishment sizes",1,0,0,0,0,0,0,0
"06071",5,"512120",78,0,2013,1,"N","San Bernardino County, California","Private","Motion picture and video distribution","County, NAICS 6-digit -- by ownership sector","All establishment sizes",1,0,0,0,0,0,0,0
"06071",5,"512120",78,0,2013,2,"N","San Bernardino County, California","Private","Motion picture and video distribution","County, NAICS 6-digit -- by ownership sector","All establishment sizes",1,0,0,0,0,0,0,0
"06071",5,"512120",78,0,2013,3,"N","San Bernardino County, California","Private","Motion picture and video distribution","County, NAICS 6-digit -- by ownership sector","All establishment sizes",1,0,0,0,0,0,0,0
"06071",5,"51213",77,0,2013,1,"","San Bernardino County, California","Private","Motion picture and video exhibition","County, NAICS 5-digit -- by ownership sector","All establishment sizes",15,686,674,672,4652926,1774631,78325,528
"06071",5,"51213",77,0,2013,2,"","San Bernardino County, California","Private","Motion picture and video exhibition","County, NAICS 5-digit -- by ownership sector","All establishment sizes",16,701,718,726,3856312,1015020,39492,415
"06071",5,"51213",77,0,2013,3,"","San Bernardino County, California","Private","Motion picture and video exhibition","County, NAICS 5-digit -- by ownership sector","All establishment sizes",16,604,588,551,1916330,817681,30741,254
"06071",5,"512131",78,0,2013,1,"N","San Bernardino County, California","Private","Motion picture theaters, except drive-ins","County, NAICS 6-digit -- by ownership sector","All establishment sizes",14,0,0,0,0,0,0,0
"06071",5,"512131",78,0,2013,2,"N","San Bernardino County, California","Private","Motion picture theaters, except drive-ins","County, NAICS 6-digit -- by ownership sector","All establishment sizes",15,0,0,0,0,0,0,0
"06071",5,"512131",78,0,2013,3,"N","San Bernardino County, California","Private","Motion picture theaters, except drive-ins","County, NAICS 6-digit -- by ownership sector","All establishment sizes",15,0,0,0,0,0,0,0
"06071",5,"512132",78,0,2013,1,"N","San Bernardino County, California","Private","Drive-in motion picture theaters","County, NAICS 6-digit -- by ownership sector","All establishment sizes",1,0,0,0,0,0,0,0
"06071",5,"512132",78,0,2013,2,"N","San Bernardino County, California","Private","Drive-in motion picture theaters","County, NAICS 6-digit -- by ownership sector","All establishment sizes",1,0,0,0,0,0,0,0
"06071",5,"512132",78,0,2013,3,"N","San Bernardino County, California","Private","Drive-in motion picture theaters","County, NAICS 6-digit -- by ownership sector","All establishment sizes",1,0,0,0,0,0,0,0
"06071",5,"51219",77,0,2013,1,"N","San Bernardino County, California","Private","Postproduction and other related industries","County, NAICS 5-digit -- by ownership sector","All establishment sizes",4,0,0,0,0,0,0,0
"06071",5,"51219",77,0,2013,2,"N","San Bernardino County, California","Private","Postproduction and other related industries","County, NAICS 5-digit -- by ownership sector","All establishment sizes",4,0,0,0,0,0,0,0
"06071",5,"51219",77,0,2013,3,"","San Bernardino County, California","Private","Postproduction and other related industries","County, NAICS 5-digit -- by ownership sector","All establishment sizes",5,130,128,132,1716861,59025,3543,1016
"06071",5,"512191",78,0,2013,1,"N","San Bernardino County, California","Private","Teleproduction and postproduction services","County, NAICS 6-digit -- by ownership sector","All establishment sizes",3,0,0,0,0,0,0,0
"06071",5,"512191",78,0,2013,2,"N","San Bernardino County, California","Private","Teleproduction and postproduction services","County, NAICS 6-digit -- by ownership sector","All establishment sizes",3,0,0,0,0,0,0,0
"06071",5,"512191",78,0,2013,3,"N","San Bernardino County, California","Private","Teleproduction and postproduction services","County, NAICS 6-digit -- by ownership sector","All establishment sizes",4,0,0,0,0,0,0,0
"06071",5,"512199",78,0,2013,1,"N","San Bernardino County, California","Private","Other motion picture and video industries","County, NAICS 6-digit -- by ownership sector","All establishment sizes",1,0,0,0,0,0,0,0
"06071",5,"512199",78,0,2013,2,"N","San Bernardino County, California","Private","Other motion picture and video industries","County, NAICS 6-digit -- by ownership sector","All establishment sizes",1,0,0,0,0,0,0,0
"06071",5,"512199",78,0,2013,3,"N","San Bernardino County, California","Private","Other motion picture and video industries","County, NAICS 6-digit -- by ownership sector","All establishment sizes",1,0,0,0,0,0,0,0
"06071",5,"5122",76,0,2013,1,"","San Bernardino County, California","Private","Sound recording industries","County, NAICS 4-digit -- by ownership sector","All establishment sizes",3,5,13,5,44573,32573,1224,447
"06071",5,"5122",76,0,2013,2,"","San Bernardino County, California","Private","Sound recording industries","County, NAICS 4-digit -- by ownership sector","All establishment sizes",3,5,16,11,49984,22984,859,360
"06071",5,"5122",76,0,2013,3,"","San Bernardino County, California","Private","Sound recording industries","County, NAICS 4-digit -- by ownership sector","All establishment sizes",3,5,5,5,34200,6200,217,526
"06071",5,"51221",77,0,2013,1,"N","San Bernardino County, California","Private","Record production","County, NAICS 5-digit -- by ownership sector","All establishment sizes",1,0,0,0,0,0,0,0
"06071",5,"51221",77,0,2013,2,"N","San Bernardino County, California","Private","Record production","County, NAICS 5-digit -- by ownership sector","All establishment sizes",1,0,0,0,0,0,0,0
"06071",5,"51221",77,0,2013,3,"N","San Bernardino County, California","Private","Record production","County, NAICS 5-digit -- by ownership sector","All establishment sizes",1,0,0,0,0,0,0,0
"06071",5,"512210",78,0,2013,1,"N","San Bernardino County, California","Private","Record production","County, NAICS 6-digit -- by ownership sector","All establishment sizes",1,0,0,0,0,0,0,0
"06071",5,"512210",78,0,2013,2,"N","San Bernardino County, California","Private","Record production","County, NAICS 6-digit -- by ownership sector","All establishment sizes",1,0,0,0,0,0,0,0
"06071",5,"512210",78,0,2013,3,"N","San Bernardino County, California","Private","Record production","County, NAICS 6-digit -- by ownership sector","All establishment sizes",1,0,0,0,0,0,0,0
"06071",5,"51222",77,0,2013,1,"N","San Bernardino County, California","Private","Integrated record production and distribution","County, NAICS 5-digit -- by ownership sector","All establishment sizes",1,0,0,0,0,0,0,0
"06071",5,"51222",77,0,2013,2,"N","San Bernardino County, California","Private","Integrated record production and distribution","County, NAICS 5-digit -- by ownership sector","All establishment sizes",1,0,0,0,0,0,0,0
"06071",5,"51222",77,0,2013,3,"N","San Bernardino County, California","Private","Integrated record production and distribution","County, NAICS 5-digit -- by ownership sector","All establishment sizes",1,0,0,0,0,0,0,0
"06071",5,"512220",78,0,2013,1,"N","San Bernardino County, California","Private","Integrated record production and distribution","County, NAICS 6-digit -- by ownership sector","All establishment sizes",1,0,0,0,0,0,0,0
"06071",5,"512220",78,0,2013,2,"N","San Bernardino County, California","Private","Integrated record production and distribution","County, NAICS 6-digit -- by ownership sector","All establishment sizes",1,0,0,0,0,0,0,0
"06071",5,"512220",78,0,2013,3,"N","San Bernardino County, California","Private","Integrated record production and distribution","County, NAICS 6-digit -- by ownership sector","All establishment sizes",1,0,0,0,0,0,0,0
"06071",5,"51224",77,0,2013,1,"N","San Bernardino County, California","Private","Sound recording studios","County, NAICS 5-digit -- by ownership sector","All establishment sizes",1,0,0,0,0,0,0,0
"06071",5,"51224",77,0,2013,2,"N","San Bernardino County, California","Private","Sound recording studios","County, NAICS 5-digit -- by ownership sector","All establishment sizes",1,0,0,0,0,0,0,0
"06071",5,"51224",77,0,2013,3,"N","San Bernardino County, California","Private","Sound recording studios","County, NAICS 5-digit -- by ownership sector","All establishment sizes",1,0,0,0,0,0,0,0
"06071",5,"512240",78,0,2013,1,"N","San Bernardino County, California","Private","Sound recording studios","County, NAICS 6-digit -- by ownership sector","All establishment sizes",1,0,0,0,0,0,0,0
"06071",5,"512240",78,0,2013,2,"N","San Bernardino County, California","Private","Sound recording studios","County, NAICS 6-digit -- by ownership sector","All establishment sizes",1,0,0,0,0,0,0,0
"06071",5,"512240",78,0,2013,3,"N","San Bernardino County, California","Private","Sound recording studios","County, NAICS 6-digit -- by ownership sector","All establishment sizes",1,0,0,0,0,0,0,0
"06071",5,"515",75,0,2013,1,"","San Bernardino County, California","Private","Broadcasting, except internet","County, NAICS 3-digit -- by ownership sector","All establishment sizes",29,441,426,436,14520224,2279176,136130,2572
"06071",5,"515",75,0,2013,2,"","San Bernardino County, California","Private","Broadcasting, except internet","County, NAICS 3-digit -- by ownership sector","All establishment sizes",29,438,440,438,6909335,331187,17952,1212
"06071",5,"515",75,0,2013,3,"","San Bernardino County, California","Private","Broadcasting, except internet","County, NAICS 3-digit -- by ownership sector","All establishment sizes",29,451,451,447,7640109,254785,14096,1307
"06071",5,"5151",76,0,2013,1,"","San Bernardino County, California","Private","Radio and television broadcasting","County, NAICS 4-digit -- by ownership sector","All establishment sizes",21,303,292,301,3237815,1413258,83009,834
"06071",5,"5151",76,0,2013,2,"","San Bernardino County, California","Private","Radio and television broadcasting","County, NAICS 4-digit -- by ownership sector","All establishment sizes",21,305,307,308,3389371,273980,14861,850
"06071",5,"5151",76,0,2013,3,"","San Bernardino County, California","Private","Radio and television broadcasting","County, NAICS 4-digit -- by ownership sector","All establishment sizes",21,310,307,298,3206341,190300,10626,809
"06071",5,"51511",77,0,2013,1,"","San Bernardino County, California","Private","Radio broadcasting","County, NAICS 5-digit -- by ownership sector","All establishment sizes",16,290,279,283,3171868,1358994,80308,859
"06071",5,"51511",77,0,2013,2,"","San Bernardino County, California","Private","Radio broadcasting","County, NAICS 5-digit -- by ownership sector","All establishment sizes",16,288,290,291,3318131,247626,13696,881
"06071",5,"51511",77,0,2013,3,"","San Bernardino County, California","Private","Radio broadcasting","County, NAICS 5-digit -- by ownership sector","All establishment sizes",16,294,291,282,3126977,173488,9904,832
"06071",5,"515111",78,0,2013,1,"N","San Bernardino County, California","Private","Radio networks","County, NAICS 6-digit -- by ownership sector","All establishment sizes",2,0,0,0,0,0,0,0
"06071",5,"515111",78,0,2013,2,"N","San Bernardino County, California","Private","Radio networks","County, NAICS 6-digit -- by ownership sector","All establishment sizes",2,0,0,0,0,0,0,0
"06071",5,"515111",78,0,2013,3,"N","San Bernardino County, California","Private","Radio networks","County, NAICS 6-digit -- by ownership sector","All establishment sizes",2,0,0,0,0,0,0,0
"06071",5,"515112",78,0,2013,1,"N","San Bernardino County, California","Private","Radio stations","County, NAICS 6-digit -- by ownership sector","All establishment sizes",14,0,0,0,0,0,0,0
"06071",5,"515112",78,0,2013,2,"N","San Bernardino County, California","Private","Radio stations","County, NAICS 6-digit -- by ownership sector","All establishment sizes",14,0,0,0,0,0,0,0
"06071",5,"515112",78,0,2013,3,"N","San Bernardino County, California","Private","Radio stations","County, NAICS 6-digit -- by ownership sector","All establishment sizes",14,0,0,0,0,0,0,0
"06071",5,"51512",77,0,2013,1,"","San Bernardino County, California","Private","Television broadcasting","County, NAICS 5-digit -- by ownership sector","All establishment sizes",5,13,13,18,65947,54264,2701,346
"06071",5,"51512",77,0,2013,2,"","San Bernardino County, California","Private","Television broadcasting","County, NAICS 5-digit -- by ownership sector","All establishment sizes",5,17,17,17,71240,26354,1165,322
"06071",5,"51512",77,0,2013,3,"","San Bernardino County, California","Private","Television broadcasting","County, NAICS 5-digit -- by ownership sector","All establishment sizes",5,16,16,16,79364,16812,722,382
"06071",5,"515120",78,0,2013,1,"","San Bernardino County, California","Private","Television broadcasting","County, NAICS 6-digit -- by ownership sector","All establishment sizes",5,13,13,18,65947,54264,2701,346
"06071",5,"515120",78,0,2013,2,"","San Bernardino County, California","Private","Television broadcasting","County, NAICS 6-digit -- by ownership sector","All establishment sizes",5,17,17,17,71240,26354,1165,322
"06071",5,"515120",78,0,2013,3,"","San Bernardino County, California","Private","Television broadcasting","County, NAICS 6-digit -- by ownership sector","All establishment sizes",5,16,16,16,79364,16812,722,382
"06071",5,"5152",76,0,2013,1,"","San Bernardino County, California","Private","Cable and other subscription programming","County, NAICS 4-digit -- by ownership sector","All establishment sizes",8,138,134,135,11282409,865918,53121,6397
"06071",5,"5152",76,0,2013,2,"","San Bernardino County, California","Private","Cable and other subscription programming","County, NAICS 4-digit -- by ownership sector","All establishment sizes",8,133,133,130,3519964,57207,3091,2051
"06071",5,"5152",76,0,2013,3,"","San Bernardino County, California","Private","Cable and other subscription programming","County, NAICS 4-digit -- by ownership sector","All establishment sizes",8,141,144,149,4433768,64485,3470,2358
"06071",5,"51521",77,0,2013,1,"","San Bernardino County, California","Private","Cable and other subscription programming","County, NAICS 5-digit -- by ownership sector","All establishment sizes",8,138,134,135,11282409,865918,53121,6397
"06071",5,"51521",77,0,2013,2,"","San Bernardino County, California","Private","Cable and other subscription programming","County, NAICS 5-digit -- by ownership sector","All establishment sizes",8,133,133,130,3519964,57207,3091,2051
"06071",5,"51521",77,0,2013,3,"","San Bernardino County, California","Private","Cable and other subscription programming","County, NAICS 5-digit -- by ownership sector","All establishment sizes",8,141,144,149,4433768,64485,3470,2358
"06071",5,"515210",78,0,2013,1,"","San Bernardino County, California","Private","Cable and other subscription programming","County, NAICS 6-digit -- by ownership sector","All establishment sizes",8,138,134,135,11282409,865918,53121,6397
"06071",5,"515210",78,0,2013,2,"","San Bernardino County, California","Private","Cable and other subscription programming","County, NAICS 6-digit -- by ownership sector","All establishment sizes",8,133,133,130,3519964,57207,3091,2051
"06071",5,"515210",78,0,2013,3,"","San Bernardino County, California","Private","Cable and other subscription programming","County, NAICS 6-digit -- by ownership sector","All establishment sizes",8,141,144,149,4433768,64485,3470,2358
"06071",5,"517",75,0,2013,1,"","San Bernardino County, California","Private","Telecommunications","County, NAICS 3-digit -- by ownership sector","All establishment sizes",127,2728,2729,2694,46958535,14436618,880632,1329
"06071",5,"517",75,0,2013,2,"","San Bernardino County, California","Private","Telecommunications","County, NAICS 3-digit -- by ownership sector","All establishment sizes",127,2706,2699,2707,40784425,1083092,58611,1160
"06071",5,"517",75,0,2013,3,"","San Bernardino County, California","Private","Telecommunications","County, NAICS 3-digit -- by ownership sector","All establishment sizes",126,2750,2725,2707,43536914,831834,47076,1228
"06071",5,"5171",76,0,2013,1,"","San Bernardino County, California","Private","Wired telecommunications carriers","County, NAICS 4-digit -- by ownership sector","All establishment sizes",58,1671,1683,1664,27469693,8521206,522108,1263
"06071",5,"5171",76,0,2013,2,"","San Bernardino County, California","Private","Wired telecommunications carriers","County, NAICS 4-digit -- by ownership sector","All establishment sizes",59,1678,1693,1696,25232501,659947,36258,1149
"06071",5,"5171",76,0,2013,3,"","San Bernardino County, California","Private","Wired telecommunications carriers","County, NAICS 4-digit -- by ownership sector","All establishment sizes",59,1726,1702,1702,26656344,520816,29910,1199
"06071",5,"51711",77,0,2013,1,"","San Bernardino County, California","Private","Wired telecommunications carriers","County, NAICS 5-digit -- by ownership sector","All establishment sizes",58,1671,1683,1664,27469693,8521206,522108,1263
"06071",5,"51711",77,0,2013,2,"","San Bernardino County, California","Private","Wired telecommunications carriers","County, NAICS 5-digit -- by ownership sector","All establishment sizes",59,1678,1693,1696,25232501,659947,36258,1149
"06071",5,"51711",77,0,2013,3,"","San Bernardino County, California","Private","Wired telecommunications carriers","County, NAICS 5-digit -- by ownership sector","All establishment sizes",59,1726,1702,1702,26656344,520816,29910,1199
"06071",5,"517110",78,0,2013,1,"","San Bernardino County, California","Private","Wired telecommunications carriers","County, NAICS 6-digit -- by ownership sector","All establishment sizes",58,1671,1683,1664,27469693,8521206,522108,1263
"06071",5,"517110",78,0,2013,2,"","San Bernardino County, California","Private","Wired telecommunications carriers","County, NAICS 6-digit -- by ownership sector","All establishment sizes",59,1678,1693,1696,25232501,659947,36258,1149
"06071",5,"517110",78,0,2013,3,"","San Bernardino County, California","Private","Wired telecommunications carriers","County, NAICS 6-digit -- by ownership sector","All establishment sizes",59,1726,1702,1702,26656344,520816,29910,1199
"06071",5,"5172",76,0,2013,1,"","San Bernardino County, California","Private","Wireless telecommunications carriers","County, NAICS 4-digit -- by ownership sector","All establishment sizes",42,540,539,533,9269167,3255605,196523,1327
"06071",5,"5172",76,0,2013,2,"","San Bernardino County, California","Private","Wireless telecommunications carriers","County, NAICS 4-digit -- by ownership sector","All establishment sizes",42,530,513,516,7872877,336257,17744,1165
"06071",5,"5172",76,0,2013,3,"","San Bernardino County, California","Private","Wireless telecommunications carriers","County, NAICS 4-digit -- by ownership sector","All establishment sizes",41,525,533,531,7884084,264111,14409,1145
"06071",5,"51721",77,0,2013,1,"","San Bernardino County, California","Private","Wireless telecommunications carriers","County, NAICS 5-digit -- by ownership sector","All establishment sizes",42,540,539,533,9269167,3255605,196523,1327
"06071",5,"51721",77,0,2013,2,"","San Bernardino County, California","Private","Wireless telecommunications carriers","County, NAICS 5-digit -- by ownership sector","All establishment sizes",42,530,513,516,7872877,336257,17744,1165
"06071",5,"51721",77,0,2013,3,"","San Bernardino County, California","Private","Wireless telecommunications carriers","County, NAICS 5-digit -- by ownership sector","All establishment sizes",41,525,533,531,7884084,264111,14409,1145
"06071",5,"517210",78,0,2013,1,"","San Bernardino County, California","Private","Wireless telecommunications carriers","County, NAICS 6-digit -- by ownership sector","All establishment sizes",42,540,539,533,9269167,3255605,196523,1327
"06071",5,"517210",78,0,2013,2,"","San Bernardino County, California","Private","Wireless telecommunications carriers","County, NAICS 6-digit -- by ownership sector","All establishment sizes",42,530,513,516,7872877,336257,17744,1165
"06071",5,"517210",78,0,2013,3,"","San Bernardino County, California","Private","Wireless telecommunications carriers","County, NAICS 6-digit -- by ownership sector","All establishment sizes",41,525,533,531,7884084,264111,14409,1145
"06071",5,"5174",76,0,2013,1,"N","San Bernardino County, California","Private","Satellite telecommunications","County, NAICS 4-digit -- by ownership sector","All establishment sizes",13,0,0,0,0,0,0,0
"06071",5,"5174",76,0,2013,2,"N","San Bernardino County, California","Private","Satellite telecommunications","County, NAICS 4-digit -- by ownership sector","All establishment sizes",13,0,0,0,0,0,0,0
"06071",5,"5174",76,0,2013,3,"N","San Bernardino County, California","Private","Satellite telecommunications","County, NAICS 4-digit -- by ownership sector","All establishment sizes",13,0,0,0,0,0,0,0
"06071",5,"51741",77,0,2013,1,"N","San Bernardino County, California","Private","Satellite telecommunications","County, NAICS 5-digit -- by ownership sector","All establishment sizes",13,0,0,0,0,0,0,0
"06071",5,"51741",77,0,2013,2,"N","San Bernardino County, California","Private","Satellite telecommunications","County, NAICS 5-digit -- by ownership sector","All establishment sizes",13,0,0,0,0,0,0,0
"06071",5,"51741",77,0,2013,3,"N","San Bernardino County, California","Private","Satellite telecommunications","County, NAICS 5-digit -- by ownership sector","All establishment sizes",13,0,0,0,0,0,0,0
"06071",5,"517410",78,0,2013,1,"N","San Bernardino County, California","Private","Satellite telecommunications","County, NAICS 6-digit -- by ownership sector","All establishment sizes",13,0,0,0,0,0,0,0
"06071",5,"517410",78,0,2013,2,"N","San Bernardino County, California","Private","Satellite telecommunications","County, NAICS 6-digit -- by ownership sector","All establishment sizes",13,0,0,0,0,0,0,0
"06071",5,"517410",78,0,2013,3,"N","San Bernardino County, California","Private","Satellite telecommunications","County, NAICS 6-digit -- by ownership sector","All establishment sizes",13,0,0,0,0,0,0,0
"06071",5,"5179",76,0,2013,1,"N","San Bernardino County, California","Private","Other telecommunications","County, NAICS 4-digit -- by ownership sector","All establishment sizes",14,0,0,0,0,0,0,0
"06071",5,"5179",76,0,2013,2,"N","San Bernardino County, California","Private","Other telecommunications","County, NAICS 4-digit -- by ownership sector","All establishment sizes",13,0,0,0,0,0,0,0
"06071",5,"5179",76,0,2013,3,"N","San Bernardino County, California","Private","Other telecommunications","County, NAICS 4-digit -- by ownership sector","All establishment sizes",13,0,0,0,0,0,0,0
"06071",5,"51791",77,0,2013,1,"N","San Bernardino County, California","Private","Other telecommunications","County, NAICS 5-digit -- by ownership sector","All establishment sizes",14,0,0,0,0,0,0,0
"06071",5,"51791",77,0,2013,2,"N","San Bernardino County, California","Private","Other telecommunications","County, NAICS 5-digit -- by ownership sector","All establishment sizes",13,0,0,0,0,0,0,0
"06071",5,"51791",77,0,2013,3,"N","San Bernardino County, California","Private","Other telecommunications","County, NAICS 5-digit -- by ownership sector","All establishment sizes",13,0,0,0,0,0,0,0
"06071",5,"517911",78,0,2013,1,"","San Bernardino County, California","Private","Telecommunications resellers","County, NAICS 6-digit -- by ownership sector","All establishment sizes",8,230,225,216,4460085,1089560,64960,1534
"06071",5,"517911",78,0,2013,2,"","San Bernardino County, California","Private","Telecommunications resellers","County, NAICS 6-digit -- by ownership sector","All establishment sizes",7,217,213,213,3253178,40958,2088,1168
"06071",5,"517911",78,0,2013,3,"","San Bernardino County, California","Private","Telecommunications resellers","County, NAICS 6-digit -- by ownership sector","All establishment sizes",7,218,212,204,3920209,23473,1305,1427
"06071",5,"517919",78,0,2013,1,"N","San Bernardino County, California","Private","All other telecommunications","County, NAICS 6-digit -- by ownership sector","All establishment sizes",6,0,0,0,0,0,0,0
"06071",5,"517919",78,0,2013,2,"N","San Bernardino County, California","Private","All other telecommunications","County, NAICS 6-digit -- by ownership sector","All establishment sizes",6,0,0,0,0,0,0,0
"06071",5,"517919",78,0,2013,3,"N","San Bernardino County, California","Private","All other telecommunications","County, NAICS 6-digit -- by ownership sector","All establishment sizes",6,0,0,0,0,0,0,0
"06071",5,"518",75,0,2013,1,"","San Bernardino County, California","Private","Data processing, hosting and related services","County, NAICS 3-digit -- by ownership sector","All establishment sizes",9,148,147,149,1410804,897035,53094,733
"06071",5,"518",75,0,2013,2,"","San Bernardino County, California","Private","Data processing, hosting and related services","County, NAICS 3-digit -- by ownership sector","All establishment sizes",11,167,167,175,1785206,412829,25028,809
"06071",5,"518",75,0,2013,3,"","San Bernardino County, California","Private","Data processing, hosting and related services","County, NAICS 3-digit -- by ownership sector","All establishment sizes",11,177,172,173,1739912,249973,15078,769
"06071",5,"5182",76,0,2013,1,"","San Bernardino County, California","Private","Data processing, hosting and related services","County, NAICS 4-digit -- by ownership sector","All establishment sizes",9,148,147,149,1410804,897035,53094,733
"06071",5,"5182",76,0,2013,2,"","San Bernardino County, California","Private","Data processing, hosting and related services","County, NAICS 4-digit -- by ownership sector","All establishment sizes",11,167,167,175,1785206,412829,25028,809
"06071",5,"5182",76,0,2013,3,"","San Bernardino County, California","Private","Data processing, hosting and related services","County, NAICS 4-digit -- by ownership sector","All establishment sizes",11,177,172,173,1739912,249973,15078,769
"06071",5,"51821",77,0,2013,1,"","San Bernardino County, California","Private","Data processing and related services","County, NAICS 5-digit -- by ownership sector","All establishment sizes",9,148,147,149,1410804,897035,53094,733
"06071",5,"51821",77,0,2013,2,"","San Bernardino County, California","Private","Data processing and related services","County, NAICS 5-digit -- by ownership sector","All establishment sizes",11,167,167,175,1785206,412829,25028,809
"06071",5,"51821",77,0,2013,3,"","San Bernardino County, California","Private","Data processing and related services","County, NAICS 5-digit -- by ownership sector","All establishment sizes",11,177,172,173,1739912,249973,15078,769
"06071",5,"518210",78,0,2013,1,"","San Bernardino County, California","Private","Data processing, hosting and related services","County, NAICS 6-digit -- by ownership sector","All establishment sizes",9,148,147,149,1410804,897035,53094,733
"06071",5,"518210",78,0,2013,2,"","San Bernardino County, California","Private","Data processing, hosting and related services","County, NAICS 6-digit -- by ownership sector","All establishment sizes",11,167,167,175,1785206,412829,25028,809
"06071",5,"518210",78,0,2013,3,"","San Bernardino County, California","Private","Data processing, hosting and related services","County, NAICS 6-digit -- by ownership sector","All establishment sizes",11,177,172,173,1739912,249973,15078,769
"06071",5,"519",75,0,2013,1,"","San Bernardino County, California","Private","Other information services","County, NAICS 3-digit -- by ownership sector","All establishment sizes",7,31,30,33,213898,167343,8763,525
"06071",5,"519",75,0,2013,2,"","San Bernardino County, California","Private","Other information services","County, NAICS 3-digit -- by ownership sector","All establishment sizes",7,34,36,34,223405,57433,3034,496
"06071",5,"519",75,0,2013,3,"","San Bernardino County, California","Private","Other information services","County, NAICS 3-digit -- by ownership sector","All establishment sizes",7,37,38,39,287688,40157,2138,582
"06071",5,"5191",76,0,2013,1,"","San Bernardino County, California","Private","Other information services","County, NAICS 4-digit -- by ownership sector","All establishment sizes",7,31,30,33,213898,167343,8763,525
"06071",5,"5191",76,0,2013,2,"","San Bernardino County, California","Private","Other information services","County, NAICS 4-digit -- by ownership sector","All establishment sizes",7,34,36,34,223405,57433,3034,496
"06071",5,"5191",76,0,2013,3,"","San Bernardino County, California","Private","Other information services","County, NAICS 4-digit -- by ownership sector","All establishment sizes",7,37,38,39,287688,40157,2138,582
"06071",5,"51911",77,0,2013,1,"N","San Bernardino County, California","Private","News syndicates","County, NAICS 5-digit -- by ownership sector","All establishment sizes",1,0,0,0,0,0,0,0
"06071",5,"51911",77,0,2013,2,"N","San Bernardino County, California","Private","News syndicates","County, NAICS 5-digit -- by ownership sector","All establishment sizes",1,0,0,0,0,0,0,0
"06071",5,"51911",77,0,2013,3,"-","San Bernardino County, California","Private","News syndicates","County, NAICS 5-digit -- by ownership sector","All establishment sizes",0,0,0,0,0,0,0,0
"06071",5,"519110",78,0,2013,1,"N","San Bernardino County, California","Private","News syndicates","County, NAICS 6-digit -- by ownership sector","All establishment sizes",1,0,0,0,0,0,0,0
"06071",5,"519110",78,0,2013,2,"N","San Bernardino County, California","Private","News syndicates","County, NAICS 6-digit -- by ownership sector","All establishment sizes",1,0,0,0,0,0,0,0
"06071",5,"519110",78,0,2013,3,"-","San Bernardino County, California","Private","News syndicates","County, NAICS 6-digit -- by ownership sector","All establishment sizes",0,0,0,0,0,0,0,0
"06071",5,"51912",77,0,2013,1,"N","San Bernardino County, California","Private","Libraries and archives","County, NAICS 5-digit -- by ownership sector","All establishment sizes",1,0,0,0,0,0,0,0
"06071",5,"51912",77,0,2013,2,"N","San Bernardino County, California","Private","Libraries and archives","County, NAICS 5-digit -- by ownership sector","All establishment sizes",1,0,0,0,0,0,0,0
"06071",5,"51912",77,0,2013,3,"N","San Bernardino County, California","Private","Libraries and archives","County, NAICS 5-digit -- by ownership sector","All establishment sizes",1,0,0,0,0,0,0,0
"06071",5,"519120",78,0,2013,1,"N","San Bernardino County, California","Private","Libraries and archives","County, NAICS 6-digit -- by ownership sector","All establishment sizes",1,0,0,0,0,0,0,0
"06071",5,"519120",78,0,2013,2,"N","San Bernardino County, California","Private","Libraries and archives","County, NAICS 6-digit -- by ownership sector","All establishment sizes",1,0,0,0,0,0,0,0
"06071",5,"519120",78,0,2013,3,"N","San Bernardino County, California","Private","Libraries and archives","County, NAICS 6-digit -- by ownership sector","All establishment sizes",1,0,0,0,0,0,0,0
"06071",5,"51913",77,0,2013,1,"","San Bernardino County, California","Private","Internet publishing and web search portals","County, NAICS 5-digit -- by ownership sector","All establishment sizes",5,24,23,26,179448,138575,7084,567
"06071",5,"51913",77,0,2013,2,"","San Bernardino County, California","Private","Internet publishing and web search portals","County, NAICS 5-digit -- by ownership sector","All establishment sizes",5,27,29,27,180341,45310,2445,501
"06071",5,"51913",77,0,2013,3,"N","San Bernardino County, California","Private","Internet publishing and web search portals","County, NAICS 5-digit -- by ownership sector","All establishment sizes",6,0,0,0,0,0,0,0
"06071",5,"519130",78,0,2013,1,"","San Bernardino County, California","Private","Internet publishing and web search portals","County, NAICS 6-digit -- by ownership sector","All establishment sizes",5,24,23,26,179448,138575,7084,567
"06071",5,"519130",78,0,2013,2,"","San Bernardino County, California","Private","Internet publishing and web search portals","County, NAICS 6-digit -- by ownership sector","All establishment sizes",5,27,29,27,180341,45310,2445,501
"06071",5,"519130",78,0,2013,3,"N","San Bernardino County, California","Private","Internet publishing and web search portals","County, NAICS 6-digit -- by ownership sector","All establishment sizes",6,0,0,0,0,0,0,0
"06071",5,"52",74,0,2013,1,"","San Bernardino County, California","Private","Finance and insurance","County, NAICS Sector -- by ownership sector","All establishment sizes",1273,14759,14741,14754,217525411,69920168,4000944,1134
"06071",5,"52",74,0,2013,2,"","San Bernardino County, California","Private","Finance and insurance","County, NAICS Sector -- by ownership sector","All establishment sizes",1284,14674,14765,14805,204277316,11149314,613307,1065
"06071",5,"52",74,0,2013,3,"","San Bernardino County, California","Private","Finance and insurance","County, NAICS Sector -- by ownership sector","All establishment sizes",1286,14811,14740,14574,196339236,7170231,394281,1027
"06071",5,"521",75,0,2013,1,"N","San Bernardino County, California","Private","Monetary authorities - central bank","County, NAICS 3-digit -- by ownership sector","All establishment sizes",1,0,0,0,0,0,0,0
"06071",5,"521",75,0,2013,2,"N","San Bernardino County, California","Private","Monetary authorities - central bank","County, NAICS 3-digit -- by ownership sector","All establishment sizes",1,0,0,0,0,0,0,0
"06071",5,"521",75,0,2013,3,"N","San Bernardino County, California","Private","Monetary authorities - central bank","County, NAICS 3-digit -- by ownership sector","All establishment sizes",1,0,0,0,0,0,0,0
"06071",5,"5211",76,0,2013,1,"N","San Bernardino County, California","Private","Monetary authorities - central bank","County, NAICS 4-digit -- by ownership sector","All establishment sizes",1,0,0,0,0,0,0,0
"06071",5,"5211",76,0,2013,2,"N","San Bernardino County, California","Private","Monetary authorities - central bank","County, NAICS 4-digit -- by ownership sector","All establishment sizes",1,0,0,0,0,0,0,0
"06071",5,"5211",76,0,2013,3,"N","San Bernardino County, California","Private","Monetary authorities - central bank","County, NAICS 4-digit -- by ownership sector","All establishment sizes",1,0,0,0,0,0,0,0
"06071",5,"52111",77,0,2013,1,"N","San Bernardino County, California","Private","Monetary authorities - central bank","County, NAICS 5-digit -- by ownership sector","All establishment sizes",1,0,0,0,0,0,0,0
"06071",5,"52111",77,0,2013,2,"N","San Bernardino County, California","Private","Monetary authorities - central bank","County, NAICS 5-digit -- by ownership sector","All establishment sizes",1,0,0,0,0,0,0,0
"06071",5,"52111",77,0,2013,3,"N","San Bernardino County, California","Private","Monetary authorities - central bank","County, NAICS 5-digit -- by ownership sector","All establishment sizes",1,0,0,0,0,0,0,0
"06071",5,"521110",78,0,2013,1,"N","San Bernardino County, California","Private","Monetary authorities - central bank","County, NAICS 6-digit -- by ownership sector","All establishment sizes",1,0,0,0,0,0,0,0
"06071",5,"521110",78,0,2013,2,"N","San Bernardino County, California","Private","Monetary authorities - central bank","County, NAICS 6-digit -- by ownership sector","All establishment sizes",1,0,0,0,0,0,0,0
"06071",5,"521110",78,0,2013,3,"N","San Bernardino County, California","Private","Monetary authorities - central bank","County, NAICS 6-digit -- by ownership sector","All establishment sizes",1,0,0,0,0,0,0,0
"06071",5,"522",75,0,2013,1,"","San Bernardino County, California","Private","Credit intermediation and related activities","County, NAICS 3-digit -- by ownership sector","All establishment sizes",558,8417,8359,8350,127579287,32507365,1910101,1172
"06071",5,"522",75,0,2013,2,"","San Bernardino County, California","Private","Credit intermediation and related activities","County, NAICS 3-digit -- by ownership sector","All establishment sizes",559,8165,8102,8156,112870124,5012089,293391,1066
"06071",5,"522",75,0,2013,3,"","San Bernardino County, California","Private","Credit intermediation and related activities","County, NAICS 3-digit -- by ownership sector","All establishment sizes",559,8219,8146,8052,109103355,3404105,200301,1031
"06071",5,"5221",76,0,2013,1,"","San Bernardino County, California","Private","Depository credit intermediation","County, NAICS 4-digit -- by ownership sector","All establishment sizes",336,4617,4619,4621,67481104,17661978,1052978,1124
"06071",5,"5221",76,0,2013,2,"","San Bernardino County, California","Private","Depository credit intermediation","County, NAICS 4-digit -- by ownership sector","All establishment sizes",335,4646,4610,4598,54595457,2148251,125370,909
"06071",5,"5221",76,0,2013,3,"","San Bernardino County, California","Private","Depository credit intermediation","County, NAICS 4-digit -- by ownership sector","All establishment sizes",333,4592,4580,4548,55274047,1243303,75184,930
"06071",5,"52211",77,0,2013,1,"","San Bernardino County, California","Private","Commercial banking","County, NAICS 5-digit -- by ownership sector","All establishment sizes",192,2793,2805,2823,44545502,8599744,519382,1221
"06071",5,"52211",77,0,2013,2,"","San Bernardino County, California","Private","Commercial banking","County, NAICS 5-digit -- by ownership sector","All establishment sizes",191,2822,2787,2790,34019044,878004,49939,935
"06071",5,"52211",77,0,2013,3,"","San Bernardino County, California","Private","Commercial banking","County, NAICS 5-digit -- by ownership sector","All establishment sizes",190,2791,2794,2776,35038212,699034,42232,967
"06071",5,"522110",78,0,2013,1,"","San Bernardino County, California","Private","Commercial banking","County, NAICS 6-digit -- by ownership sector","All establishment sizes",192,2793,2805,2823,44545502,8599744,519382,1221
"06071",5,"522110",78,0,2013,2,"","San Bernardino County, California","Private","Commercial banking","County, NAICS 6-digit -- by ownership sector","All establishment sizes",191,2822,2787,2790,34019044,878004,49939,935
"06071",5,"522110",78,0,2013,3,"","San Bernardino County, California","Private","Commercial banking","County, NAICS 6-digit -- by ownership sector","All establishment sizes",190,2791,2794,2776,35038212,699034,42232,967
"06071",5,"52212",77,0,2013,1,"","San Bernardino County, California","Private","Savings institutions","County, NAICS 5-digit -- by ownership sector","All establishment sizes",82,1000,996,979,13791010,4211716,261128,1070
"06071",5,"52212",77,0,2013,2,"","San Bernardino County, California","Private","Savings institutions","County, NAICS 5-digit -- by ownership sector","All establishment sizes",82,987,982,959,12151417,632854,39243,958
"06071",5,"52212",77,0,2013,3,"","San Bernardino County, California","Private","Savings institutions","County, NAICS 5-digit -- by ownership sector","All establishment sizes",81,956,951,936,11402854,260349,16142,926
"06071",5,"522120",78,0,2013,1,"","San Bernardino County, California","Private","Savings institutions","County, NAICS 6-digit -- by ownership sector","All establishment sizes",82,1000,996,979,13791010,4211716,261128,1070
"06071",5,"522120",78,0,2013,2,"","San Bernardino County, California","Private","Savings institutions","County, NAICS 6-digit -- by ownership sector","All establishment sizes",82,987,982,959,12151417,632854,39243,958
"06071",5,"522120",78,0,2013,3,"","San Bernardino County, California","Private","Savings institutions","County, NAICS 6-digit -- by ownership sector","All establishment sizes",81,956,951,936,11402854,260349,16142,926
"06071",5,"52213",77,0,2013,1,"N","San Bernardino County, California","Private","Credit unions","County, NAICS 5-digit -- by ownership sector","All establishment sizes",53,0,0,0,0,0,0,0
"06071",5,"52213",77,0,2013,2,"N","San Bernardino County, California","Private","Credit unions","County, NAICS 5-digit -- by ownership sector","All establishment sizes",53,0,0,0,0,0,0,0
"06071",5,"52213",77,0,2013,3,"N","San Bernardino County, California","Private","Credit unions","County, NAICS 5-digit -- by ownership sector","All establishment sizes",53,0,0,0,0,0,0,0
"06071",5,"522130",78,0,2013,1,"N","San Bernardino County, California","Private","Credit unions","County, NAICS 6-digit -- by ownership sector","All establishment sizes",53,0,0,0,0,0,0,0
"06071",5,"522130",78,0,2013,2,"N","San Bernardino County, California","Private","Credit unions","County, NAICS 6-digit -- by ownership sector","All establishment sizes",53,0,0,0,0,0,0,0
"06071",5,"522130",78,0,2013,3,"N","San Bernardino County, California","Private","Credit unions","County, NAICS 6-digit -- by ownership sector","All establishment sizes",53,0,0,0,0,0,0,0
"06071",5,"52219",77,0,2013,1,"N","San Bernardino County, California","Private","Other depository credit intermediation","County, NAICS 5-digit -- by ownership sector","All establishment sizes",9,0,0,0,0,0,0,0
"06071",5,"52219",77,0,2013,2,"N","San Bernardino County, California","Private","Other depository credit intermediation","County, NAICS 5-digit -- by ownership sector","All establishment sizes",9,0,0,0,0,0,0,0
"06071",5,"52219",77,0,2013,3,"N","San Bernardino County, California","Private","Other depository credit intermediation","County, NAICS 5-digit -- by ownership sector","All establishment sizes",9,0,0,0,0,0,0,0
"06071",5,"522190",78,0,2013,1,"N","San Bernardino County, California","Private","Other depository credit intermediation","County, NAICS 6-digit -- by ownership sector","All establishment sizes",9,0,0,0,0,0,0,0
"06071",5,"522190",78,0,2013,2,"N","San Bernardino County, California","Private","Other depository credit intermediation","County, NAICS 6-digit -- by ownership sector","All establishment sizes",9,0,0,0,0,0,0,0
"06071",5,"522190",78,0,2013,3,"N","San Bernardino County, California","Private","Other depository credit intermediation","County, NAICS 6-digit -- by ownership sector","All establishment sizes",9,0,0,0,0,0,0,0
"06071",5,"5222",76,0,2013,1,"","San Bernardino County, California","Private","Nondepository credit intermediation","County, NAICS 4-digit -- by ownership sector","All establishment sizes",134,2874,2831,2844,43749943,8623576,485611,1181
"06071",5,"5222",76,0,2013,2,"","San Bernardino County, California","Private","Nondepository credit intermediation","County, NAICS 4-digit -- by ownership sector","All establishment sizes",135,2625,2571,2656,38822939,1509726,87748,1141
"06071",5,"5222",76,0,2013,3,"","San Bernardino County, California","Private","Nondepository credit intermediation","County, NAICS 4-digit -- by ownership sector","All establishment sizes",135,2697,2661,2635,39349072,1232173,73162,1136
"06071",5,"52221",77,0,2013,1,"N","San Bernardino County, California","Private","Credit card issuing","County, NAICS 5-digit -- by ownership sector","All establishment sizes",2,0,0,0,0,0,0,0
"06071",5,"52221",77,0,2013,2,"N","San Bernardino County, California","Private","Credit card issuing","County, NAICS 5-digit -- by ownership sector","All establishment sizes",2,0,0,0,0,0,0,0
"06071",5,"52221",77,0,2013,3,"N","San Bernardino County, California","Private","Credit card issuing","County, NAICS 5-digit -- by ownership sector","All establishment sizes",2,0,0,0,0,0,0,0
"06071",5,"522210",78,0,2013,1,"N","San Bernardino County, California","Private","Credit card issuing","County, NAICS 6-digit -- by ownership sector","All establishment sizes",2,0,0,0,0,0,0,0
"06071",5,"522210",78,0,2013,2,"N","San Bernardino County, California","Private","Credit card issuing","County, NAICS 6-digit -- by ownership sector","All establishment sizes",2,0,0,0,0,0,0,0
"06071",5,"522210",78,0,2013,3,"N","San Bernardino County, California","Private","Credit card issuing","County, NAICS 6-digit -- by ownership sector","All establishment sizes",2,0,0,0,0,0,0,0
"06071",5,"52222",77,0,2013,1,"N","San Bernardino County, California","Private","Sales financing","County, NAICS 5-digit -- by ownership sector","All establishment sizes",10,0,0,0,0,0,0,0
"06071",5,"52222",77,0,2013,2,"N","San Bernardino County, California","Private","Sales financing","County, NAICS 5-digit -- by ownership sector","All establishment sizes",10,0,0,0,0,0,0,0
"06071",5,"52222",77,0,2013,3,"N","San Bernardino County, California","Private","Sales financing","County, NAICS 5-digit -- by ownership sector","All establishment sizes",10,0,0,0,0,0,0,0
"06071",5,"522220",78,0,2013,1,"N","San Bernardino County, California","Private","Sales financing","County, NAICS 6-digit -- by ownership sector","All establishment sizes",10,0,0,0,0,0,0,0
"06071",5,"522220",78,0,2013,2,"N","San Bernardino County, California","Private","Sales financing","County, NAICS 6-digit -- by ownership sector","All establishment sizes",10,0,0,0,0,0,0,0
"06071",5,"522220",78,0,2013,3,"N","San Bernardino County, California","Private","Sales financing","County, NAICS 6-digit -- by ownership sector","All establishment sizes",10,0,0,0,0,0,0,0
"06071",5,"52229",77,0,2013,1,"","San Bernardino County, California","Private","Other nondepository credit intermediation","County, NAICS 5-digit -- by ownership sector","All establishment sizes",122,2764,2740,2730,41571809,7868428,440053,1165
"06071",5,"52229",77,0,2013,2,"","San Bernardino County, California","Private","Other nondepository credit intermediation","County, NAICS 5-digit -- by ownership sector","All establishment sizes",123,2511,2457,2539,36655046,1440631,83624,1127
"06071",5,"52229",77,0,2013,3,"","San Bernardino County, California","Private","Other nondepository credit intermediation","County, NAICS 5-digit -- by ownership sector","All establishment sizes",123,2583,2546,2520,37157463,1161923,68975,1121
"06071",5,"522291",78,0,2013,1,"","San Bernardino County, California","Private","Consumer lending","County, NAICS 6-digit -- by ownership sector","All establishment sizes",45,192,195,197,1718882,1207535,70366,679
"06071",5,"522291",78,0,2013,2,"","San Bernardino County, California","Private","Consumer lending","County, NAICS 6-digit -- by ownership sector","All establishment sizes",45,197,200,195,1671640,272041,15637,652
"06071",5,"522291",78,0,2013,3,"","San Bernardino County, California","Private","Consumer lending","County, NAICS 6-digit -- by ownership sector","All establishment sizes",45,197,194,197,1652225,134180,7435,648
"06071",5,"522292",78,0,2013,1,"","San Bernardino County, California","Private","Real estate credit","County, NAICS 6-digit -- by ownership sector","All establishment sizes",54,2478,2448,2437,39090701,6155233,347316,1225
"06071",5,"522292",78,0,2013,2,"","San Bernardino County, California","Private","Real estate credit","County, NAICS 6-digit -- by ownership sector","All establishment sizes",52,2216,2161,2245,34247883,982612,60172,1194
"06071",5,"522292",78,0,2013,3,"","San Bernardino County, California","Private","Real estate credit","County, NAICS 6-digit -- by ownership sector","All establishment sizes",51,2284,2248,2216,34629765,946035,58035,1184
"06071",5,"522293",78,0,2013,1,"N","San Bernardino County, California","Private","International trade financing","County, NAICS 6-digit -- by ownership sector","All establishment sizes",1,0,0,0,0,0,0,0
"06071",5,"522293",78,0,2013,2,"N","San Bernardino County, California","Private","International trade financing","County, NAICS 6-digit -- by ownership sector","All establishment sizes",3,0,0,0,0,0,0,0
"06071",5,"522293",78,0,2013,3,"N","San Bernardino County, California","Private","International trade financing","County, NAICS 6-digit -- by ownership sector","All establishment sizes",3,0,0,0,0,0,0,0
"06071",5,"522294",78,0,2013,1,"N","San Bernardino County, California","Private","Secondary market financing","County, NAICS 6-digit -- by ownership sector","All establishment sizes",2,0,0,0,0,0,0,0
"06071",5,"522294",78,0,2013,2,"N","San Bernardino County, California","Private","Secondary market financing","County, NAICS 6-digit -- by ownership sector","All establishment sizes",2,0,0,0,0,0,0,0
"06071",5,"522294",78,0,2013,3,"N","San Bernardino County, California","Private","Secondary market financing","County, NAICS 6-digit -- by ownership sector","All establishment sizes",3,0,0,0,0,0,0,0
"06071",5,"522298",78,0,2013,1,"","San Bernardino County, California","Private","All other nondepository credit intermediation","County, NAICS 6-digit -- by ownership sector","All establishment sizes",20,80,84,83,675768,443172,18640,631
"06071",5,"522298",78,0,2013,2,"","San Bernardino County, California","Private","All other nondepository credit intermediation","County, NAICS 6-digit -- by ownership sector","All establishment sizes",21,80,80,82,630812,143053,5849,602
"06071",5,"522298",78,0,2013,3,"","San Bernardino County, California","Private","All other nondepository credit intermediation","County, NAICS 6-digit -- by ownership sector","All establishment sizes",21,84,85,85,757370,52711,2076,688
"06071",5,"5223",76,0,2013,1,"","San Bernardino County, California","Private","Activities related to credit intermediation","County, NAICS 4-digit -- by ownership sector","All establishment sizes",88,926,909,885,16348240,6221811,371512,1387
"06071",5,"5223",76,0,2013,2,"","San Bernardino County, California","Private","Activities related to credit intermediation","County, NAICS 4-digit -- by ownership sector","All establishment sizes",89,894,921,902,19451728,1354112,80273,1652
"06071",5,"5223",76,0,2013,3,"","San Bernardino County, California","Private","Activities related to credit intermediation","County, NAICS 4-digit -- by ownership sector","All establishment sizes",91,930,905,869,14480236,928629,51955,1236
"06071",5,"52231",77,0,2013,1,"","San Bernardino County, California","Private","Mortgage and nonmortgage loan brokers","County, NAICS 5-digit -- by ownership sector","All establishment sizes",38,555,529,514,9998370,3878135,231747,1444
"06071",5,"52231",77,0,2013,2,"","San Bernardino County, California","Private","Mortgage and nonmortgage loan brokers","County, NAICS 5-digit -- by ownership sector","All establishment sizes",39,533,558,560,14063187,1014187,61598,1966
"06071",5,"52231",77,0,2013,3,"","San Bernardino County, California","Private","Mortgage and nonmortgage loan brokers","County, NAICS 5-digit -- by ownership sector","All establishment sizes",39,569,551,514,9014013,663308,39312,1273
"06071",5,"522310",78,0,2013,1,"","San Bernardino County, California","Private","Mortgage and nonmortgage loan brokers","County, NAICS 6-digit -- by ownership sector","All establishment sizes",38,555,529,514,9998370,3878135,231747,1444
"06071",5,"522310",78,0,2013,2,"","San Bernardino County, California","Private","Mortgage and nonmortgage loan brokers","County, NAICS 6-digit -- by ownership sector","All establishment sizes",39,533,558,560,14063187,1014187,61598,1966
"06071",5,"522310",78,0,2013,3,"","San Bernardino County, California","Private","Mortgage and nonmortgage loan brokers","County, NAICS 6-digit -- by ownership sector","All establishment sizes",39,569,551,514,9014013,663308,39312,1273
"06071",5,"52232",77,0,2013,1,"","San Bernardino County, California","Private","Financial transaction processing and clearing","County, NAICS 5-digit -- by ownership sector","All establishment sizes",8,220,227,223,4805521,1538880,94261,1655
"06071",5,"52232",77,0,2013,2,"","San Bernardino County, California","Private","Financial transaction processing and clearing","County, NAICS 5-digit -- by ownership sector","All establishment sizes",8,218,216,194,3758889,82629,4739,1381
"06071",5,"52232",77,0,2013,3,"","San Bernardino County, California","Private","Financial transaction processing and clearing","County, NAICS 5-digit -- by ownership sector","All establishment sizes",9,204,199,201,3843658,118749,5464,1469
"06071",5,"522320",78,0,2013,1,"","San Bernardino County, California","Private","Financial transaction processing and clearing","County, NAICS 6-digit -- by ownership sector","All establishment sizes",8,220,227,223,4805521,1538880,94261,1655
"06071",5,"522320",78,0,2013,2,"","San Bernardino County, California","Private","Financial transaction processing and clearing","County, NAICS 6-digit -- by ownership sector","All establishment sizes",8,218,216,194,3758889,82629,4739,1381
"06071",5,"522320",78,0,2013,3,"","San Bernardino County, California","Private","Financial transaction processing and clearing","County, NAICS 6-digit -- by ownership sector","All establishment sizes",9,204,199,201,3843658,118749,5464,1469
"06071",5,"52239",77,0,2013,1,"","San Bernardino County, California","Private","Other credit intermediation activities","County, NAICS 5-digit -- by ownership sector","All establishment sizes",42,151,153,148,1544349,804796,45504,788
"06071",5,"52239",77,0,2013,2,"","San Bernardino County, California","Private","Other credit intermediation activities","County, NAICS 5-digit -- by ownership sector","All establishment sizes",42,143,147,148,1629652,257296,13936,859
"06071",5,"52239",77,0,2013,3,"","San Bernardino County, California","Private","Other credit intermediation activities","County, NAICS 5-digit -- by ownership sector","All establishment sizes",43,157,155,154,1622565,146572,7179,804
"06071",5,"522390",78,0,2013,1,"","San Bernardino County, California","Private","Other credit intermediation activities","County, NAICS 6-digit -- by ownership sector","All establishment sizes",42,151,153,148,1544349,804796,45504,788
"06071",5,"522390",78,0,2013,2,"","San Bernardino County, California","Private","Other credit intermediation activities","County, NAICS 6-digit -- by ownership sector","All establishment sizes",42,143,147,148,1629652,257296,13936,859
"06071",5,"522390",78,0,2013,3,"","San Bernardino County, California","Private","Other credit intermediation activities","County, NAICS 6-digit -- by ownership sector","All establishment sizes",43,157,155,154,1622565,146572,7179,804
"06071",5,"523",75,0,2013,1,"","San Bernardino County, California","Private","Securities, commodity contracts, investments","County, NAICS 3-digit -- by ownership sector","All establishment sizes",175,642,648,650,11660087,3618030,182486,1387
"06071",5,"523",75,0,2013,2,"","San Bernardino County, California","Private","Securities, commodity contracts, investments","County, NAICS 3-digit -- by ownership sector","All establishment sizes",189,668,742,728,10620661,927932,43285,1146
"06071",5,"523",75,0,2013,3,"","San Bernardino County, California","Private","Securities, commodity contracts, investments","County, NAICS 3-digit -- by ownership sector","All establishment sizes",190,731,711,709,10171221,674871,29489,1091
"06071",5,"5231",76,0,2013,1,"N","San Bernardino County, California","Private","Securities and commodity contracts brokerage","County, NAICS 4-digit -- by ownership sector","All establishment sizes",70,0,0,0,0,0,0,0
"06071",5,"5231",76,0,2013,2,"N","San Bernardino County, California","Private","Securities and commodity contracts brokerage","County, NAICS 4-digit -- by ownership sector","All establishment sizes",76,0,0,0,0,0,0,0
"06071",5,"5231",76,0,2013,3,"N","San Bernardino County, California","Private","Securities and commodity contracts brokerage","County, NAICS 4-digit -- by ownership sector","All establishment sizes",75,0,0,0,0,0,0,0
"06071",5,"52311",77,0,2013,1,"","San Bernardino County, California","Private","Investment banking and securities dealing","County, NAICS 5-digit -- by ownership sector","All establishment sizes",10,60,61,62,2367435,322530,17559,2985
"06071",5,"52311",77,0,2013,2,"","San Bernardino County, California","Private","Investment banking and securities dealing","County, NAICS 5-digit -- by ownership sector","All establishment sizes",10,58,58,57,1804616,22588,1180,2407
"06071",5,"52311",77,0,2013,3,"","San Bernardino County, California","Private","Investment banking and securities dealing","County, NAICS 5-digit -- by ownership sector","All establishment sizes",9,54,54,53,1701699,15467,898,2439
"06071",5,"523110",78,0,2013,1,"","San Bernardino County, California","Private","Investment banking and securities dealing","County, NAICS 6-digit -- by ownership sector","All establishment sizes",10,60,61,62,2367435,322530,17559,2985
"06071",5,"523110",78,0,2013,2,"","San Bernardino County, California","Private","Investment banking and securities dealing","County, NAICS 6-digit -- by ownership sector","All establishment sizes",10,58,58,57,1804616,22588,1180,2407
"06071",5,"523110",78,0,2013,3,"","San Bernardino County, California","Private","Investment banking and securities dealing","County, NAICS 6-digit -- by ownership sector","All establishment sizes",9,54,54,53,1701699,15467,898,2439
"06071",5,"52312",77,0,2013,1,"","San Bernardino County, California","Private","Securities brokerage","County, NAICS 5-digit -- by ownership sector","All establishment sizes",49,179,187,186,5114198,955470,51659,2138
"06071",5,"52312",77,0,2013,2,"","San Bernardino County, California","Private","Securities brokerage","County, NAICS 5-digit -- by ownership sector","All establishment sizes",54,193,191,191,4316932,111910,6494,1733
"06071",5,"52312",77,0,2013,3,"","San Bernardino County, California","Private","Securities brokerage","County, NAICS 5-digit -- by ownership sector","All establishment sizes",54,184,184,184,4037365,116210,5899,1688
"06071",5,"523120",78,0,2013,1,"","San Bernardino County, California","Private","Securities brokerage","County, NAICS 6-digit -- by ownership sector","All establishment sizes",49,179,187,186,5114198,955470,51659,2138
"06071",5,"523120",78,0,2013,2,"","San Bernardino County, California","Private","Securities brokerage","County, NAICS 6-digit -- by ownership sector","All establishment sizes",54,193,191,191,4316932,111910,6494,1733
"06071",5,"523120",78,0,2013,3,"","San Bernardino County, California","Private","Securities brokerage","County, NAICS 6-digit -- by ownership sector","All establishment sizes",54,184,184,184,4037365,116210,5899,1688
"06071",5,"52313",77,0,2013,1,"","San Bernardino County, California","Private","Commodity contracts dealing","County, NAICS 5-digit -- by ownership sector","All establishment sizes",8,23,23,24,171938,132009,6033,567
"06071",5,"52313",77,0,2013,2,"","San Bernardino County, California","Private","Commodity contracts dealing","County, NAICS 5-digit -- by ownership sector","All establishment sizes",9,22,21,22,164856,28238,1151,585
"06071",5,"52313",77,0,2013,3,"","San Bernardino County, California","Private","Commodity contracts dealing","County, NAICS 5-digit -- by ownership sector","All establishment sizes",9,22,23,25,170210,33001,1257,561
"06071",5,"523130",78,0,2013,1,"","San Bernardino County, California","Private","Commodity contracts dealing","County, NAICS 6-digit -- by ownership sector","All establishment sizes",8,23,23,24,171938,132009,6033,567
"06071",5,"523130",78,0,2013,2,"","San Bernardino County, California","Private","Commodity contracts dealing","County, NAICS 6-digit -- by ownership sector","All establishment sizes",9,22,21,22,164856,28238,1151,585
"06071",5,"523130",78,0,2013,3,"","San Bernardino County, California","Private","Commodity contracts dealing","County, NAICS 6-digit -- by ownership sector","All establishment sizes",9,22,23,25,170210,33001,1257,561
"06071",5,"52314",77,0,2013,1,"N","San Bernardino County, California","Private","Commodity contracts brokerage","County, NAICS 5-digit -- by ownership sector","All establishment sizes",3,0,0,0,0,0,0,0
"06071",5,"52314",77,0,2013,2,"N","San Bernardino County, California","Private","Commodity contracts brokerage","County, NAICS 5-digit -- by ownership sector","All establishment sizes",3,0,0,0,0,0,0,0
"06071",5,"52314",77,0,2013,3,"N","San Bernardino County, California","Private","Commodity contracts brokerage","County, NAICS 5-digit -- by ownership sector","All establishment sizes",3,0,0,0,0,0,0,0
"06071",5,"523140",78,0,2013,1,"N","San Bernardino County, California","Private","Commodity contracts brokerage","County, NAICS 6-digit -- by ownership sector","All establishment sizes",3,0,0,0,0,0,0,0
"06071",5,"523140",78,0,2013,2,"N","San Bernardino County, California","Private","Commodity contracts brokerage","County, NAICS 6-digit -- by ownership sector","All establishment sizes",3,0,0,0,0,0,0,0
"06071",5,"523140",78,0,2013,3,"N","San Bernardino County, California","Private","Commodity contracts brokerage","County, NAICS 6-digit -- by ownership sector","All establishment sizes",3,0,0,0,0,0,0,0
"06071",5,"5232",76,0,2013,1,"N","San Bernardino County, California","Private","Securities and commodity exchanges","County, NAICS 4-digit -- by ownership sector","All establishment sizes",1,0,0,0,0,0,0,0
"06071",5,"5232",76,0,2013,2,"N","San Bernardino County, California","Private","Securities and commodity exchanges","County, NAICS 4-digit -- by ownership sector","All establishment sizes",1,0,0,0,0,0,0,0
"06071",5,"5232",76,0,2013,3,"N","San Bernardino County, California","Private","Securities and commodity exchanges","County, NAICS 4-digit -- by ownership sector","All establishment sizes",1,0,0,0,0,0,0,0
"06071",5,"52321",77,0,2013,1,"N","San Bernardino County, California","Private","Securities and commodity exchanges","County, NAICS 5-digit -- by ownership sector","All establishment sizes",1,0,0,0,0,0,0,0
"06071",5,"52321",77,0,2013,2,"N","San Bernardino County, California","Private","Securities and commodity exchanges","County, NAICS 5-digit -- by ownership sector","All establishment sizes",1,0,0,0,0,0,0,0
"06071",5,"52321",77,0,2013,3,"N","San Bernardino County, California","Private","Securities and commodity exchanges","County, NAICS 5-digit -- by ownership sector","All establishment sizes",1,0,0,0,0,0,0,0
"06071",5,"523210",78,0,2013,1,"N","San Bernardino County, California","Private","Securities and commodity exchanges","County, NAICS 6-digit -- by ownership sector","All establishment sizes",1,0,0,0,0,0,0,0
"06071",5,"523210",78,0,2013,2,"N","San Bernardino County, California","Private","Securities and commodity exchanges","County, NAICS 6-digit -- by ownership sector","All establishment sizes",1,0,0,0,0,0,0,0
"06071",5,"523210",78,0,2013,3,"N","San Bernardino County, California","Private","Securities and commodity exchanges","County, NAICS 6-digit -- by ownership sector","All establishment sizes",1,0,0,0,0,0,0,0
"06071",5,"5239",76,0,2013,1,"","San Bernardino County, California","Private","Other financial investment activities","County, NAICS 4-digit -- by ownership sector","All establishment sizes",104,371,369,371,3923389,2141394,103970,815
"06071",5,"5239",76,0,2013,2,"","San Bernardino County, California","Private","Other financial investment activities","County, NAICS 4-digit -- by ownership sector","All establishment sizes",112,388,465,451,4278757,757196,34082,757
"06071",5,"5239",76,0,2013,3,"","San Bernardino County, California","Private","Other financial investment activities","County, NAICS 4-digit -- by ownership sector","All establishment sizes",114,464,443,439,4200447,502193,21135,720
"06071",5,"52391",77,0,2013,1,"","San Bernardino County, California","Private","Miscellaneous intermediation","County, NAICS 5-digit -- by ownership sector","All establishment sizes",4,13,11,12,106583,63850,2052,683
"06071",5,"52391",77,0,2013,2,"","San Bernardino County, California","Private","Miscellaneous intermediation","County, NAICS 5-digit -- by ownership sector","All establishment sizes",4,11,10,12,100185,12164,429,701
"06071",5,"52391",77,0,2013,3,"","San Bernardino County, California","Private","Miscellaneous intermediation","County, NAICS 5-digit -- by ownership sector","All establishment sizes",4,11,11,9,105598,11345,524,786
"06071",5,"523910",78,0,2013,1,"","San Bernardino County, California","Private","Miscellaneous intermediation","County, NAICS 6-digit -- by ownership sector","All establishment sizes",4,13,11,12,106583,63850,2052,683
"06071",5,"523910",78,0,2013,2,"","San Bernardino County, California","Private","Miscellaneous intermediation","County, NAICS 6-digit -- by ownership sector","All establishment sizes",4,11,10,12,100185,12164,429,701
"06071",5,"523910",78,0,2013,3,"","San Bernardino County, California","Private","Miscellaneous intermediation","County, NAICS 6-digit -- by ownership sector","All establishment sizes",4,11,11,9,105598,11345,524,786
"06071",5,"52392",77,0,2013,1,"","San Bernardino County, California","Private","Portfolio management","County, NAICS 5-digit -- by ownership sector","All establishment sizes",18,45,45,45,604743,262385,10529,1034
"06071",5,"52392",77,0,2013,2,"","San Bernardino County, California","Private","Portfolio management","County, NAICS 5-digit -- by ownership sector","All establishment sizes",18,49,48,50,664717,68608,2636,1044
"06071",5,"52392",77,0,2013,3,"","San Bernardino County, California","Private","Portfolio management","County, NAICS 5-digit -- by ownership sector","All establishment sizes",18,51,53,55,617902,57179,1904,897
"06071",5,"523920",78,0,2013,1,"","San Bernardino County, California","Private","Portfolio management","County, NAICS 6-digit -- by ownership sector","All establishment sizes",18,45,45,45,604743,262385,10529,1034
"06071",5,"523920",78,0,2013,2,"","San Bernardino County, California","Private","Portfolio management","County, NAICS 6-digit -- by ownership sector","All establishment sizes",18,49,48,50,664717,68608,2636,1044
"06071",5,"523920",78,0,2013,3,"","San Bernardino County, California","Private","Portfolio management","County, NAICS 6-digit -- by ownership sector","All establishment sizes",18,51,53,55,617902,57179,1904,897
"06071",5,"52393",77,0,2013,1,"","San Bernardino County, California","Private","Investment advice","County, NAICS 5-digit -- by ownership sector","All establishment sizes",72,286,288,289,2850931,1661128,84331,762
"06071",5,"52393",77,0,2013,2,"","San Bernardino County, California","Private","Investment advice","County, NAICS 5-digit -- by ownership sector","All establishment sizes",80,303,380,363,3183723,653328,29899,702
"06071",5,"52393",77,0,2013,3,"","San Bernardino County, California","Private","Investment advice","County, NAICS 5-digit -- by ownership sector","All establishment sizes",82,376,353,350,3083656,423668,18132,660
"06071",5,"523930",78,0,2013,1,"","San Bernardino County, California","Private","Investment advice","County, NAICS 6-digit -- by ownership sector","All establishment sizes",72,286,288,289,2850931,1661128,84331,762
"06071",5,"523930",78,0,2013,2,"","San Bernardino County, California","Private","Investment advice","County, NAICS 6-digit -- by ownership sector","All establishment sizes",80,303,380,363,3183723,653328,29899,702
"06071",5,"523930",78,0,2013,3,"","San Bernardino County, California","Private","Investment advice","County, NAICS 6-digit -- by ownership sector","All establishment sizes",82,376,353,350,3083656,423668,18132,660
"06071",5,"52399",77,0,2013,1,"","San Bernardino County, California","Private","All other financial investment activities","County, NAICS 5-digit -- by ownership sector","All establishment sizes",10,27,25,25,361132,154031,7058,1082
"06071",5,"52399",77,0,2013,2,"","San Bernardino County, California","Private","All other financial investment activities","County, NAICS 5-digit -- by ownership sector","All establishment sizes",10,25,27,26,330132,23096,1118,977
"06071",5,"52399",77,0,2013,3,"","San Bernardino County, California","Private","All other financial investment activities","County, NAICS 5-digit -- by ownership sector","All establishment sizes",10,26,26,25,393291,10001,575,1179
"06071",5,"523991",78,0,2013,1,"N","San Bernardino County, California","Private","Trust, fiduciary, and custody activities","County, NAICS 6-digit -- by ownership sector","All establishment sizes",9,0,0,0,0,0,0,0
"06071",5,"523991",78,0,2013,2,"N","San Bernardino County, California","Private","Trust, fiduciary, and custody activities","County, NAICS 6-digit -- by ownership sector","All establishment sizes",9,0,0,0,0,0,0,0
"06071",5,"523991",78,0,2013,3,"N","San Bernardino County, California","Private","Trust, fiduciary, and custody activities","County, NAICS 6-digit -- by ownership sector","All establishment sizes",9,0,0,0,0,0,0,0
"06071",5,"523999",78,0,2013,1,"N","San Bernardino County, California","Private","Miscellaneous financial investment activities","County, NAICS 6-digit -- by ownership sector","All establishment sizes",1,0,0,0,0,0,0,0
"06071",5,"523999",78,0,2013,2,"N","San Bernardino County, California","Private","Miscellaneous financial investment activities","County, NAICS 6-digit -- by ownership sector","All establishment sizes",1,0,0,0,0,0,0,0
"06071",5,"523999",78,0,2013,3,"N","San Bernardino County, California","Private","Miscellaneous financial investment activities","County, NAICS 6-digit -- by ownership sector","All establishment sizes",1,0,0,0,0,0,0,0
"06071",5,"524",75,0,2013,1,"","San Bernardino County, California","Private","Insurance carriers and related activities","County, NAICS 3-digit -- by ownership sector","All establishment sizes",537,5697,5731,5751,78270037,33782273,1907932,1051
"06071",5,"524",75,0,2013,2,"","San Bernardino County, California","Private","Insurance carriers and related activities","County, NAICS 3-digit -- by ownership sector","All establishment sizes",532,5838,5917,5917,80763484,5198593,276267,1055
"06071",5,"524",75,0,2013,3,"","San Bernardino County, California","Private","Insurance carriers and related activities","County, NAICS 3-digit -- by ownership sector","All establishment sizes",532,5855,5874,5804,77009185,3064773,163591,1014
"06071",5,"5241",76,0,2013,1,"","San Bernardino County, California","Private","Insurance carriers","County, NAICS 4-digit -- by ownership sector","All establishment sizes",93,3087,3082,3072,48736980,18102471,1073607,1217
"06071",5,"5241",76,0,2013,2,"","San Bernardino County, California","Private","Insurance carriers","County, NAICS 4-digit -- by ownership sector","All establishment sizes",91,3141,3166,3172,50447831,1571908,95065,1228
"06071",5,"5241",76,0,2013,3,"","San Bernardino County, California","Private","Insurance carriers","County, NAICS 4-digit -- by ownership sector","All establishment sizes",93,3144,3126,3094,47147019,938558,55894,1162
"06071",5,"52411",77,0,2013,1,"","San Bernardino County, California","Private","Direct life and health insurance carriers","County, NAICS 5-digit -- by ownership sector","All establishment sizes",18,1019,1024,1013,13582623,6660587,400557,1026
"06071",5,"52411",77,0,2013,2,"","San Bernardino County, California","Private","Direct life and health insurance carriers","County, NAICS 5-digit -- by ownership sector","All establishment sizes",16,1061,1096,1106,15807146,909024,54987,1118
"06071",5,"52411",77,0,2013,3,"","San Bernardino County, California","Private","Direct life and health insurance carriers","County, NAICS 5-digit -- by ownership sector","All establishment sizes",17,1108,1090,1096,15663393,424528,25013,1097
"06071",5,"524113",78,0,2013,1,"N","San Bernardino County, California","Private","Direct life insurance carriers","County, NAICS 6-digit -- by ownership sector","All establishment sizes",10,0,0,0,0,0,0,0
"06071",5,"524113",78,0,2013,2,"N","San Bernardino County, California","Private","Direct life insurance carriers","County, NAICS 6-digit -- by ownership sector","All establishment sizes",9,0,0,0,0,0,0,0
"06071",5,"524113",78,0,2013,3,"N","San Bernardino County, California","Private","Direct life insurance carriers","County, NAICS 6-digit -- by ownership sector","All establishment sizes",9,0,0,0,0,0,0,0
"06071",5,"524114",78,0,2013,1,"N","San Bernardino County, California","Private","Direct health and medical insurance carriers","County, NAICS 6-digit -- by ownership sector","All establishment sizes",8,0,0,0,0,0,0,0
"06071",5,"524114",78,0,2013,2,"N","San Bernardino County, California","Private","Direct health and medical insurance carriers","County, NAICS 6-digit -- by ownership sector","All establishment sizes",7,0,0,0,0,0,0,0
"06071",5,"524114",78,0,2013,3,"N","San Bernardino County, California","Private","Direct health and medical insurance carriers","County, NAICS 6-digit -- by ownership sector","All establishment sizes",8,0,0,0,0,0,0,0
"06071",5,"52412",77,0,2013,1,"","San Bernardino County, California","Private","Direct insurers, except life and health","County, NAICS 5-digit -- by ownership sector","All establishment sizes",75,2068,2058,2059,35154357,11441884,673050,1312
"06071",5,"52412",77,0,2013,2,"","San Bernardino County, California","Private","Direct insurers, except life and health","County, NAICS 5-digit -- by ownership sector","All establishment sizes",75,2080,2070,2066,34640685,662884,40078,1286
"06071",5,"52412",77,0,2013,3,"","San Bernardino County, California","Private","Direct insurers, except life and health","County, NAICS 5-digit -- by ownership sector","All establishment sizes",76,2036,2036,1998,31483626,514030,30881,1197
"06071",5,"524126",78,0,2013,1,"","San Bernardino County, California","Private","Direct property and casualty insurers","County, NAICS 6-digit -- by ownership sector","All establishment sizes",38,1192,1192,1183,21548280,7204547,411207,1394
"06071",5,"524126",78,0,2013,2,"","San Bernardino County, California","Private","Direct property and casualty insurers","County, NAICS 6-digit -- by ownership sector","All establishment sizes",38,1208,1198,1179,20181492,238004,13853,1299
"06071",5,"524126",78,0,2013,3,"","San Bernardino County, California","Private","Direct property and casualty insurers","County, NAICS 6-digit -- by ownership sector","All establishment sizes",37,1157,1160,1156,17555853,203168,11653,1167
"06071",5,"524127",78,0,2013,1,"N","San Bernardino County, California","Private","Direct title insurance carriers","County, NAICS 6-digit -- by ownership sector","All establishment sizes",31,0,0,0,0,0,0,0
"06071",5,"524127",78,0,2013,2,"N","San Bernardino County, California","Private","Direct title insurance carriers","County, NAICS 6-digit -- by ownership sector","All establishment sizes",31,0,0,0,0,0,0,0
"06071",5,"524127",78,0,2013,3,"N","San Bernardino County, California","Private","Direct title insurance carriers","County, NAICS 6-digit -- by ownership sector","All establishment sizes",33,0,0,0,0,0,0,0
"06071",5,"524128",78,0,2013,1,"N","San Bernardino County, California","Private","Other direct insurance carriers","County, NAICS 6-digit -- by ownership sector","All establishment sizes",6,0,0,0,0,0,0,0
"06071",5,"524128",78,0,2013,2,"N","San Bernardino County, California","Private","Other direct insurance carriers","County, NAICS 6-digit -- by ownership sector","All establishment sizes",6,0,0,0,0,0,0,0
"06071",5,"524128",78,0,2013,3,"N","San Bernardino County, California","Private","Other direct insurance carriers","County, NAICS 6-digit -- by ownership sector","All establishment sizes",6,0,0,0,0,0,0,0
"06071",5,"5242",76,0,2013,1,"","San Bernardino County, California","Private","Insurance agencies and brokerages","County, NAICS 4-digit -- by ownership sector","All establishment sizes",444,2610,2649,2679,29533057,15679802,834325,859
"06071",5,"5242",76,0,2013,2,"","San Bernardino County, California","Private","Insurance agencies and brokerages","County, NAICS 4-digit -- by ownership sector","All establishment sizes",441,2697,2751,2745,30315653,3626685,181202,854
"06071",5,"5242",76,0,2013,3,"","San Bernardino County, California","Private","Insurance agencies and brokerages","County, NAICS 4-digit -- by ownership sector","All establishment sizes",439,2711,2748,2710,29862166,2126215,107697,844
"06071",5,"52421",77,0,2013,1,"","San Bernardino County, California","Private","Insurance agencies and brokerages","County, NAICS 5-digit -- by ownership sector","All establishment sizes",410,2147,2194,2221,22475398,12741644,658844,790
"06071",5,"52421",77,0,2013,2,"","San Bernardino County, California","Private","Insurance agencies and brokerages","County, NAICS 5-digit -- by ownership sector","All establishment sizes",407,2230,2285,2263,23473801,3192614,155721,799
"06071",5,"52421",77,0,2013,3,"","San Bernardino County, California","Private","Insurance agencies and brokerages","County, NAICS 5-digit -- by ownership sector","All establishment sizes",405,2239,2264,2228,23078948,1850788,91221,791
"06071",5,"524210",78,0,2013,1,"","San Bernardino County, California","Private","Insurance agencies and brokerages","County, NAICS 6-digit -- by ownership sector","All establishment sizes",410,2147,2194,2221,22475398,12741644,658844,790
"06071",5,"524210",78,0,2013,2,"","San Bernardino County, California","Private","Insurance agencies and brokerages","County, NAICS 6-digit -- by ownership sector","All establishment sizes",407,2230,2285,2263,23473801,3192614,155721,799
"06071",5,"524210",78,0,2013,3,"","San Bernardino County, California","Private","Insurance agencies and brokerages","County, NAICS 6-digit -- by ownership sector","All establishment sizes",405,2239,2264,2228,23078948,1850788,91221,791
"06071",5,"52429",77,0,2013,1,"","San Bernardino County, California","Private","Other insurance related activities","County, NAICS 5-digit -- by ownership sector","All establishment sizes",34,463,455,458,7057659,2938158,175481,1184
"06071",5,"52429",77,0,2013,2,"","San Bernardino County, California","Private","Other insurance related activities","County, NAICS 5-digit -- by ownership sector","All establishment sizes",34,467,466,482,6841852,434071,25481,1116
"06071",5,"52429",77,0,2013,3,"","San Bernardino County, California","Private","Other insurance related activities","County, NAICS 5-digit -- by ownership sector","All establishment sizes",34,472,484,482,6783218,275427,16476,1089
"06071",5,"524291",78,0,2013,1,"","San Bernardino County, California","Private","Claims adjusting","County, NAICS 6-digit -- by ownership sector","All establishment sizes",16,95,93,91,1613708,600155,36240,1335
"06071",5,"524291",78,0,2013,2,"","San Bernardino County, California","Private","Claims adjusting","County, NAICS 6-digit -- by ownership sector","All establishment sizes",16,94,89,92,1353593,82600,4895,1136
"06071",5,"524291",78,0,2013,3,"","San Bernardino County, California","Private","Claims adjusting","County, NAICS 6-digit -- by ownership sector","All establishment sizes",16,87,92,93,1266101,49300,2868,1074
"06071",5,"524292",78,0,2013,1,"","San Bernardino County, California","Private","Third party administration of insurance funds","County, NAICS 6-digit -- by ownership sector","All establishment sizes",11,267,263,268,4186068,1662228,101881,1211
"06071",5,"524292",78,0,2013,2,"","San Bernardino County, California","Private","Third party administration of insurance funds","County, NAICS 6-digit -- by ownership sector","All establishment sizes",11,268,269,272,4124904,204818,12365,1177
"06071",5,"524292",78,0,2013,3,"","San Bernardino County, California","Private","Third party administration of insurance funds","County, NAICS 6-digit -- by ownership sector","All establishment sizes",11,274,277,275,4067912,127882,7879,1136
"06071",5,"524298",78,0,2013,1,"","San Bernardino County, California","Private","All other insurance related activities","County, NAICS 6-digit -- by ownership sector","All establishment sizes",7,101,99,99,1257883,675775,37360,971
"06071",5,"524298",78,0,2013,2,"","San Bernardino County, California","Private","All other insurance related activities","County, NAICS 6-digit -- by ownership sector","All establishment sizes",7,105,108,118,1363355,146653,8221,951
"06071",5,"524298",78,0,2013,3,"","San Bernardino County, California","Private","All other insurance related activities","County, NAICS 6-digit -- by ownership sector","All establishment sizes",7,111,115,114,1449205,98245,5729,984
"06071",5,"525",75,0,2013,1,"N","San Bernardino County, California","Private","Funds, trusts, and other financial vehicles","County, NAICS 3-digit -- by ownership sector","All establishment sizes",2,0,0,0,0,0,0,0
"06071",5,"525",75,0,2013,2,"N","San Bernardino County, California","Private","Funds, trusts, and other financial vehicles","County, NAICS 3-digit -- by ownership sector","All establishment sizes",3,0,0,0,0,0,0,0
"06071",5,"525",75,0,2013,3,"N","San Bernardino County, California","Private","Funds, trusts, and other financial vehicles","County, NAICS 3-digit -- by ownership sector","All establishment sizes",4,0,0,0,0,0,0,0
"06071",5,"5259",76,0,2013,1,"N","San Bernardino County, California","Private","Other investment pools and funds","County, NAICS 4-digit -- by ownership sector","All establishment sizes",2,0,0,0,0,0,0,0
"06071",5,"5259",76,0,2013,2,"N","San Bernardino County, California","Private","Other investment pools and funds","County, NAICS 4-digit -- by ownership sector","All establishment sizes",3,0,0,0,0,0,0,0
"06071",5,"5259",76,0,2013,3,"N","San Bernardino County, California","Private","Other investment pools and funds","County, NAICS 4-digit -- by ownership sector","All establishment sizes",4,0,0,0,0,0,0,0
"06071",5,"52592",77,0,2013,1,"-","San Bernardino County, California","Private","Trusts, estates, and agency accounts","County, NAICS 5-digit -- by ownership sector","All establishment sizes",0,0,0,0,0,0,0,0
"06071",5,"52592",77,0,2013,2,"N","San Bernardino County, California","Private","Trusts, estates, and agency accounts","County, NAICS 5-digit -- by ownership sector","All establishment sizes",1,0,0,0,0,0,0,0
"06071",5,"52592",77,0,2013,3,"N","San Bernardino County, California","Private","Trusts, estates, and agency accounts","County, NAICS 5-digit -- by ownership sector","All establishment sizes",1,0,0,0,0,0,0,0
"06071",5,"525920",78,0,2013,1,"-","San Bernardino County, California","Private","Trusts, estates, and agency accounts","County, NAICS 6-digit -- by ownership sector","All establishment sizes",0,0,0,0,0,0,0,0
"06071",5,"525920",78,0,2013,2,"N","San Bernardino County, California","Private","Trusts, estates, and agency accounts","County, NAICS 6-digit -- by ownership sector","All establishment sizes",1,0,0,0,0,0,0,0
"06071",5,"525920",78,0,2013,3,"N","San Bernardino County, California","Private","Trusts, estates, and agency accounts","County, NAICS 6-digit -- by ownership sector","All establishment sizes",1,0,0,0,0,0,0,0
"06071",5,"52599",77,0,2013,1,"N","San Bernardino County, California","Private","Other financial vehicles","County, NAICS 5-digit -- by ownership sector","All establishment sizes",2,0,0,0,0,0,0,0
"06071",5,"52599",77,0,2013,2,"N","San Bernardino County, California","Private","Other financial vehicles","County, NAICS 5-digit -- by ownership sector","All establishment sizes",2,0,0,0,0,0,0,0
"06071",5,"52599",77,0,2013,3,"","San Bernardino County, California","Private","Other financial vehicles","County, NAICS 5-digit -- by ownership sector","All establishment sizes",3,5,8,8,50399,26482,900,554
"06071",5,"525990",78,0,2013,1,"N","San Bernardino County, California","Private","Other financial vehicles","County, NAICS 6-digit -- by ownership sector","All establishment sizes",2,0,0,0,0,0,0,0
"06071",5,"525990",78,0,2013,2,"N","San Bernardino County, California","Private","Other financial vehicles","County, NAICS 6-digit -- by ownership sector","All establishment sizes",2,0,0,0,0,0,0,0
"06071",5,"525990",78,0,2013,3,"","San Bernardino County, California","Private","Other financial vehicles","County, NAICS 6-digit -- by ownership sector","All establishment sizes",3,5,8,8,50399,26482,900,554
"06071",5,"53",74,0,2013,1,"","San Bernardino County, California","Private","Real estate and rental and leasing","County, NAICS Sector -- by ownership sector","All establishment sizes",1254,6954,6990,6967,66972705,38254189,2072038,739
"06071",5,"53",74,0,2013,2,"","San Bernardino County, California","Private","Real estate and rental and leasing","County, NAICS Sector -- by ownership sector","All establishment sizes",1289,7089,7132,7174,67979419,9493145,472182,733
"06071",5,"53",74,0,2013,3,"","San Bernardino County, California","Private","Real estate and rental and leasing","County, NAICS Sector -- by ownership sector","All establishment sizes",1286,7100,7118,7149,67491167,6070792,309495,729
"06071",5,"531",75,0,2013,1,"","San Bernardino County, California","Private","Real estate","County, NAICS 3-digit -- by ownership sector","All establishment sizes",1015,4867,4917,4896,45276957,26304728,1405409,712
"06071",5,"531",75,0,2013,2,"","San Bernardino County, California","Private","Real estate","County, NAICS 3-digit -- by ownership sector","All establishment sizes",1047,4993,5005,5067,46561945,6920160,347895,713
"06071",5,"531",75,0,2013,3,"","San Bernardino County, California","Private","Real estate","County, NAICS 3-digit -- by ownership sector","All establishment sizes",1048,5040,5064,5121,46298312,4189911,213258,702
"06071",5,"5311",76,0,2013,1,"","San Bernardino County, California","Private","Lessors of real estate","County, NAICS 4-digit -- by ownership sector","All establishment sizes",365,1835,1817,1825,13922994,9156701,468772,587
"06071",5,"5311",76,0,2013,2,"","San Bernardino County, California","Private","Lessors of real estate","County, NAICS 4-digit -- by ownership sector","All establishment sizes",368,1878,1872,1878,15264342,2835141,138186,626
"06071",5,"5311",76,0,2013,3,"","San Bernardino County, California","Private","Lessors of real estate","County, NAICS 4-digit -- by ownership sector","All establishment sizes",368,1875,1909,2001,14393093,1578484,74640,574
"06071",5,"53111",77,0,2013,1,"","San Bernardino County, California","Private","Lessors of residential buildings","County, NAICS 5-digit -- by ownership sector","All establishment sizes",108,778,767,774,6248863,4058683,216590,622
"06071",5,"53111",77,0,2013,2,"","San Bernardino County, California","Private","Lessors of residential buildings","County, NAICS 5-digit -- by ownership sector","All establishment sizes",110,786,788,776,7216069,1175011,59939,709
"06071",5,"53111",77,0,2013,3,"","San Bernardino County, California","Private","Lessors of residential buildings","County, NAICS 5-digit -- by ownership sector","All establishment sizes",112,797,831,842,6915694,757027,35730,646
"06071",5,"531110",78,0,2013,1,"","San Bernardino County, California","Private","Lessors of residential buildings","County, NAICS 6-digit -- by ownership sector","All establishment sizes",108,778,767,774,6248863,4058683,216590,622
"06071",5,"531110",78,0,2013,2,"","San Bernardino County, California","Private","Lessors of residential buildings","County, NAICS 6-digit -- by ownership sector","All establishment sizes",110,786,788,776,7216069,1175011,59939,709
"06071",5,"531110",78,0,2013,3,"","San Bernardino County, California","Private","Lessors of residential buildings","County, NAICS 6-digit -- by ownership sector","All establishment sizes",112,797,831,842,6915694,757027,35730,646
"06071",5,"53112",77,0,2013,1,"","San Bernardino County, California","Private","Lessors of nonresidential buildings","County, NAICS 5-digit -- by ownership sector","All establishment sizes",47,196,198,207,1706240,924265,43062,655
"06071",5,"53112",77,0,2013,2,"","San Bernardino County, California","Private","Lessors of nonresidential buildings","County, NAICS 5-digit -- by ownership sector","All establishment sizes",48,204,207,203,1868853,291880,13543,702
"06071",5,"53112",77,0,2013,3,"","San Bernardino County, California","Private","Lessors of nonresidential buildings","County, NAICS 5-digit -- by ownership sector","All establishment sizes",48,199,196,288,1763512,159675,8091,596
"06071",5,"531120",78,0,2013,1,"","San Bernardino County, California","Private","Lessors of nonresidential buildings","County, NAICS 6-digit -- by ownership sector","All establishment sizes",47,196,198,207,1706240,924265,43062,655
"06071",5,"531120",78,0,2013,2,"","San Bernardino County, California","Private","Lessors of nonresidential buildings","County, NAICS 6-digit -- by ownership sector","All establishment sizes",48,204,207,203,1868853,291880,13543,702
"06071",5,"531120",78,0,2013,3,"","San Bernardino County, California","Private","Lessors of nonresidential buildings","County, NAICS 6-digit -- by ownership sector","All establishment sizes",48,199,196,288,1763512,159675,8091,596
"06071",5,"53113",77,0,2013,1,"","San Bernardino County, California","Private","Miniwarehouse and self-storage unit operators","County, NAICS 5-digit -- by ownership sector","All establishment sizes",109,409,407,394,2861185,1992513,109503,546
"06071",5,"53113",77,0,2013,2,"","San Bernardino County, California","Private","Miniwarehouse and self-storage unit operators","County, NAICS 5-digit -- by ownership sector","All establishment sizes",109,418,423,439,2833141,688398,35203,511
"06071",5,"53113",77,0,2013,3,"","San Bernardino County, California","Private","Miniwarehouse and self-storage unit operators","County, NAICS 5-digit -- by ownership sector","All establishment sizes",107,417,413,416,2541396,336641,16743,471
"06071",5,"531130",78,0,2013,1,"","San Bernardino County, California","Private","Miniwarehouse and self-storage unit operators","County, NAICS 6-digit -- by ownership sector","All establishment sizes",109,409,407,394,2861185,1992513,109503,546
"06071",5,"531130",78,0,2013,2,"","San Bernardino County, California","Private","Miniwarehouse and self-storage unit operators","County, NAICS 6-digit -- by ownership sector","All establishment sizes",109,418,423,439,2833141,688398,35203,511
"06071",5,"531130",78,0,2013,3,"","San Bernardino County, California","Private","Miniwarehouse and self-storage unit operators","County, NAICS 6-digit -- by ownership sector","All establishment sizes",107,417,413,416,2541396,336641,16743,471
"06071",5,"53119",77,0,2013,1,"","San Bernardino County, California","Private","Lessors of other real estate property","County, NAICS 5-digit -- by ownership sector","All establishment sizes",101,452,445,450,3106706,2181240,99617,532
"06071",5,"53119",77,0,2013,2,"","San Bernardino County, California","Private","Lessors of other real estate property","County, NAICS 5-digit -- by ownership sector","All establishment sizes",101,470,454,460,3346279,679852,29501,558
"06071",5,"53119",77,0,2013,3,"","San Bernardino County, California","Private","Lessors of other real estate property","County, NAICS 5-digit -- by ownership sector","All establishment sizes",101,462,469,455,3172491,325141,14076,528
"06071",5,"531190",78,0,2013,1,"","San Bernardino County, California","Private","Lessors of other real estate property","County, NAICS 6-digit -- by ownership sector","All establishment sizes",101,452,445,450,3106706,2181240,99617,532
"06071",5,"531190",78,0,2013,2,"","San Bernardino County, California","Private","Lessors of other real estate property","County, NAICS 6-digit -- by ownership sector","All establishment sizes",101,470,454,460,3346279,679852,29501,558
"06071",5,"531190",78,0,2013,3,"","San Bernardino County, California","Private","Lessors of other real estate property","County, NAICS 6-digit -- by ownership sector","All establishment sizes",101,462,469,455,3172491,325141,14076,528
"06071",5,"5312",76,0,2013,1,"","San Bernardino County, California","Private","Offices of real estate agents and brokers","County, NAICS 4-digit -- by ownership sector","All establishment sizes",320,1065,1080,1080,11704726,5851062,308644,838
"06071",5,"5312",76,0,2013,2,"","San Bernardino County, California","Private","Offices of real estate agents and brokers","County, NAICS 4-digit -- by ownership sector","All establishment sizes",330,1095,1116,1098,11224174,1756159,88777,783
"06071",5,"5312",76,0,2013,3,"","San Bernardino County, California","Private","Offices of real estate agents and brokers","County, NAICS 4-digit -- by ownership sector","All establishment sizes",334,1082,1088,1091,11265513,1026746,52341,797
"06071",5,"53121",77,0,2013,1,"","San Bernardino County, California","Private","Offices of real estate agents and brokers","County, NAICS 5-digit -- by ownership sector","All establishment sizes",320,1065,1080,1080,11704726,5851062,308644,838
"06071",5,"53121",77,0,2013,2,"","San Bernardino County, California","Private","Offices of real estate agents and brokers","County, NAICS 5-digit -- by ownership sector","All establishment sizes",330,1095,1116,1098,11224174,1756159,88777,783
"06071",5,"53121",77,0,2013,3,"","San Bernardino County, California","Private","Offices of real estate agents and brokers","County, NAICS 5-digit -- by ownership sector","All establishment sizes",334,1082,1088,1091,11265513,1026746,52341,797
"06071",5,"531210",78,0,2013,1,"","San Bernardino County, California","Private","Offices of real estate agents and brokers","County, NAICS 6-digit -- by ownership sector","All establishment sizes",320,1065,1080,1080,11704726,5851062,308644,838
"06071",5,"531210",78,0,2013,2,"","San Bernardino County, California","Private","Offices of real estate agents and brokers","County, NAICS 6-digit -- by ownership sector","All establishment sizes",330,1095,1116,1098,11224174,1756159,88777,783
"06071",5,"531210",78,0,2013,3,"","San Bernardino County, California","Private","Offices of real estate agents and brokers","County, NAICS 6-digit -- by ownership sector","All establishment sizes",334,1082,1088,1091,11265513,1026746,52341,797
"06071",5,"5313",76,0,2013,1,"","San Bernardino County, California","Private","Activities related to real estate","County, NAICS 4-digit -- by ownership sector","All establishment sizes",330,1967,2020,1991,19649237,11296965,627993,759
"06071",5,"5313",76,0,2013,2,"","San Bernardino County, California","Private","Activities related to real estate","County, NAICS 4-digit -- by ownership sector","All establishment sizes",349,2020,2017,2091,20073429,2328860,120932,756
"06071",5,"5313",76,0,2013,3,"","San Bernardino County, California","Private","Activities related to real estate","County, NAICS 4-digit -- by ownership sector","All establishment sizes",346,2083,2067,2029,20639706,1584681,86277,771
"06071",5,"53131",77,0,2013,1,"","San Bernardino County, California","Private","Real estate property managers","County, NAICS 5-digit -- by ownership sector","All establishment sizes",241,1610,1649,1625,15605909,8943935,496538,737
"06071",5,"53131",77,0,2013,2,"","San Bernardino County, California","Private","Real estate property managers","County, NAICS 5-digit -- by ownership sector","All establishment sizes",258,1668,1661,1725,15653214,1827420,95263,715
"06071",5,"53131",77,0,2013,3,"","San Bernardino County, California","Private","Real estate property managers","County, NAICS 5-digit -- by ownership sector","All establishment sizes",256,1722,1692,1669,16140253,1201625,65671,733
"06071",5,"531311",78,0,2013,1,"","San Bernardino County, California","Private","Residential property managers","County, NAICS 6-digit -- by ownership sector","All establishment sizes",188,1334,1347,1341,11836032,7241893,407664,679
"06071",5,"531311",78,0,2013,2,"","San Bernardino County, California","Private","Residential property managers","County, NAICS 6-digit -- by ownership sector","All establishment sizes",204,1369,1369,1412,12194286,1560409,82658,678
"06071",5,"531311",78,0,2013,3,"","San Bernardino County, California","Private","Residential property managers","County, NAICS 6-digit -- by ownership sector","All establishment sizes",204,1402,1373,1354,12288073,949655,52698,687
"06071",5,"531312",78,0,2013,1,"","San Bernardino County, California","Private","nonresidential property managers","County, NAICS 6-digit -- by ownership sector","All establishment sizes",53,276,302,284,3769877,1702042,88874,1009
"06071",5,"531312",78,0,2013,2,"","San Bernardino County, California","Private","nonresidential property managers","County, NAICS 6-digit -- by ownership sector","All establishment sizes",54,299,292,313,3458928,267011,12605,883
"06071",5,"531312",78,0,2013,3,"","San Bernardino County, California","Private","nonresidential property managers","County, NAICS 6-digit -- by ownership sector","All establishment sizes",52,320,319,315,3852180,251970,12973,932
"06071",5,"53132",77,0,2013,1,"","San Bernardino County, California","Private","Offices of real estate appraisers","County, NAICS 5-digit -- by ownership sector","All establishment sizes",31,51,51,54,509519,322048,13253,754
"06071",5,"53132",77,0,2013,2,"","San Bernardino County, California","Private","Offices of real estate appraisers","County, NAICS 5-digit -- by ownership sector","All establishment sizes",32,57,57,61,583549,118443,4600,770
"06071",5,"53132",77,0,2013,3,"","San Bernardino County, California","Private","Offices of real estate appraisers","County, NAICS 5-digit -- by ownership sector","All establishment sizes",32,58,60,55,608520,79809,2886,812
"06071",5,"531320",78,0,2013,1,"","San Bernardino County, California","Private","Offices of real estate appraisers","County, NAICS 6-digit -- by ownership sector","All establishment sizes",31,51,51,54,509519,322048,13253,754
"06071",5,"531320",78,0,2013,2,"","San Bernardino County, California","Private","Offices of real estate appraisers","County, NAICS 6-digit -- by ownership sector","All establishment sizes",32,57,57,61,583549,118443,4600,770
"06071",5,"531320",78,0,2013,3,"","San Bernardino County, California","Private","Offices of real estate appraisers","County, NAICS 6-digit -- by ownership sector","All establishment sizes",32,58,60,55,608520,79809,2886,812
"06071",5,"53139",77,0,2013,1,"","San Bernardino County, California","Private","Other activities related to real estate","County, NAICS 5-digit -- by ownership sector","All establishment sizes",58,306,320,312,3533809,2030982,118202,869
"06071",5,"53139",77,0,2013,2,"","San Bernardino County, California","Private","Other activities related to real estate","County, NAICS 5-digit -- by ownership sector","All establishment sizes",59,295,299,305,3836666,382997,21069,985
"06071",5,"53139",77,0,2013,3,"","San Bernardino County, California","Private","Other activities related to real estate","County, NAICS 5-digit -- by ownership sector","All establishment sizes",58,303,315,305,3890933,303247,17720,973
"06071",5,"531390",78,0,2013,1,"","San Bernardino County, California","Private","Other activities related to real estate","County, NAICS 6-digit -- by ownership sector","All establishment sizes",58,306,320,312,3533809,2030982,118202,869
"06071",5,"531390",78,0,2013,2,"","San Bernardino County, California","Private","Other activities related to real estate","County, NAICS 6-digit -- by ownership sector","All establishment sizes",59,295,299,305,3836666,382997,21069,985
"06071",5,"531390",78,0,2013,3,"","San Bernardino County, California","Private","Other activities related to real estate","County, NAICS 6-digit -- by ownership sector","All establishment sizes",58,303,315,305,3890933,303247,17720,973
"06071",5,"532",75,0,2013,1,"N","San Bernardino County, California","Private","Rental and leasing services","County, NAICS 3-digit -- by ownership sector","All establishment sizes",236,0,0,0,0,0,0,0
"06071",5,"532",75,0,2013,2,"N","San Bernardino County, California","Private","Rental and leasing services","County, NAICS 3-digit -- by ownership sector","All establishment sizes",239,0,0,0,0,0,0,0
"06071",5,"532",75,0,2013,3,"N","San Bernardino County, California","Private","Rental and leasing services","County, NAICS 3-digit -- by ownership sector","All establishment sizes",235,0,0,0,0,0,0,0
"06071",5,"5321",76,0,2013,1,"","San Bernardino County, California","Private","Automotive equipment rental and leasing","County, NAICS 4-digit -- by ownership sector","All establishment sizes",72,868,882,872,10199550,5236906,297245,898
"06071",5,"5321",76,0,2013,2,"","San Bernardino County, California","Private","Automotive equipment rental and leasing","County, NAICS 4-digit -- by ownership sector","All establishment sizes",74,899,904,895,9876323,714016,39634,845
"06071",5,"5321",76,0,2013,3,"","San Bernardino County, California","Private","Automotive equipment rental and leasing","County, NAICS 4-digit -- by ownership sector","All establishment sizes",74,858,848,844,9357003,561623,31594,847
"06071",5,"53211",77,0,2013,1,"","San Bernardino County, California","Private","Passenger car rental and leasing","County, NAICS 5-digit -- by ownership sector","All establishment sizes",44,484,498,483,5092982,2886787,154419,802
"06071",5,"53211",77,0,2013,2,"","San Bernardino County, California","Private","Passenger car rental and leasing","County, NAICS 5-digit -- by ownership sector","All establishment sizes",45,500,498,512,5399102,446845,23564,825
"06071",5,"53211",77,0,2013,3,"","San Bernardino County, California","Private","Passenger car rental and leasing","County, NAICS 5-digit -- by ownership sector","All establishment sizes",45,490,486,479,5310694,381749,20751,842
"06071",5,"532111",78,0,2013,1,"N","San Bernardino County, California","Private","Passenger car rental","County, NAICS 6-digit -- by ownership sector","All establishment sizes",43,0,0,0,0,0,0,0
"06071",5,"532111",78,0,2013,2,"N","San Bernardino County, California","Private","Passenger car rental","County, NAICS 6-digit -- by ownership sector","All establishment sizes",44,0,0,0,0,0,0,0
"06071",5,"532111",78,0,2013,3,"N","San Bernardino County, California","Private","Passenger car rental","County, NAICS 6-digit -- by ownership sector","All establishment sizes",44,0,0,0,0,0,0,0
"06071",5,"532112",78,0,2013,1,"N","San Bernardino County, California","Private","Passenger car leasing","County, NAICS 6-digit -- by ownership sector","All establishment sizes",1,0,0,0,0,0,0,0
"06071",5,"532112",78,0,2013,2,"N","San Bernardino County, California","Private","Passenger car leasing","County, NAICS 6-digit -- by ownership sector","All establishment sizes",1,0,0,0,0,0,0,0
"06071",5,"532112",78,0,2013,3,"N","San Bernardino County, California","Private","Passenger car leasing","County, NAICS 6-digit -- by ownership sector","All establishment sizes",1,0,0,0,0,0,0,0
"06071",5,"53212",77,0,2013,1,"","San Bernardino County, California","Private","Truck, trailer, and rv rental and leasing","County, NAICS 5-digit -- by ownership sector","All establishment sizes",28,384,384,389,5106568,2350119,142826,1019
"06071",5,"53212",77,0,2013,2,"","San Bernardino County, California","Private","Truck, trailer, and rv rental and leasing","County, NAICS 5-digit -- by ownership sector","All establishment sizes",29,399,406,383,4477221,267171,16070,870
"06071",5,"53212",77,0,2013,3,"","San Bernardino County, California","Private","Truck, trailer, and rv rental and leasing","County, NAICS 5-digit -- by ownership sector","All establishment sizes",29,368,362,365,4046309,179874,10843,853
"06071",5,"532120",78,0,2013,1,"","San Bernardino County, California","Private","Truck, trailer, and rv rental and leasing","County, NAICS 6-digit -- by ownership sector","All establishment sizes",28,384,384,389,5106568,2350119,142826,1019
"06071",5,"532120",78,0,2013,2,"","San Bernardino County, California","Private","Truck, trailer, and rv rental and leasing","County, NAICS 6-digit -- by ownership sector","All establishment sizes",29,399,406,383,4477221,267171,16070,870
"06071",5,"532120",78,0,2013,3,"","San Bernardino County, California","Private","Truck, trailer, and rv rental and leasing","County, NAICS 6-digit -- by ownership sector","All establishment sizes",29,368,362,365,4046309,179874,10843,853
"06071",5,"5322",76,0,2013,1,"","San Bernardino County, California","Private","Consumer goods rental","County, NAICS 4-digit -- by ownership sector","All establishment sizes",93,645,641,641,4406474,3239782,169515,528
"06071",5,"5322",76,0,2013,2,"","San Bernardino County, California","Private","Consumer goods rental","County, NAICS 4-digit -- by ownership sector","All establishment sizes",94,657,649,653,4402418,1267356,54018,519
"06071",5,"5322",76,0,2013,3,"","San Bernardino County, California","Private","Consumer goods rental","County, NAICS 4-digit -- by ownership sector","All establishment sizes",92,632,633,617,4491045,849448,37941,551
"06071",5,"53221",77,0,2013,1,"N","San Bernardino County, California","Private","Consumer electronics and appliances rental","County, NAICS 5-digit -- by ownership sector","All establishment sizes",8,0,0,0,0,0,0,0
"06071",5,"53221",77,0,2013,2,"N","San Bernardino County, California","Private","Consumer electronics and appliances rental","County, NAICS 5-digit -- by ownership sector","All establishment sizes",8,0,0,0,0,0,0,0
"06071",5,"53221",77,0,2013,3,"N","San Bernardino County, California","Private","Consumer electronics and appliances rental","County, NAICS 5-digit -- by ownership sector","All establishment sizes",8,0,0,0,0,0,0,0
"06071",5,"532210",78,0,2013,1,"N","San Bernardino County, California","Private","Consumer electronics and appliances rental","County, NAICS 6-digit -- by ownership sector","All establishment sizes",8,0,0,0,0,0,0,0
"06071",5,"532210",78,0,2013,2,"N","San Bernardino County, California","Private","Consumer electronics and appliances rental","County, NAICS 6-digit -- by ownership sector","All establishment sizes",8,0,0,0,0,0,0,0
"06071",5,"532210",78,0,2013,3,"N","San Bernardino County, California","Private","Consumer electronics and appliances rental","County, NAICS 6-digit -- by ownership sector","All establishment sizes",8,0,0,0,0,0,0,0
"06071",5,"53222",77,0,2013,1,"N","San Bernardino County, California","Private","Formal wear and costume rental","County, NAICS 5-digit -- by ownership sector","All establishment sizes",5,0,0,0,0,0,0,0
"06071",5,"53222",77,0,2013,2,"N","San Bernardino County, California","Private","Formal wear and costume rental","County, NAICS 5-digit -- by ownership sector","All establishment sizes",5,0,0,0,0,0,0,0
"06071",5,"53222",77,0,2013,3,"N","San Bernardino County, California","Private","Formal wear and costume rental","County, NAICS 5-digit -- by ownership sector","All establishment sizes",6,0,0,0,0,0,0,0
"06071",5,"532220",78,0,2013,1,"N","San Bernardino County, California","Private","Formal wear and costume rental","County, NAICS 6-digit -- by ownership sector","All establishment sizes",5,0,0,0,0,0,0,0
"06071",5,"532220",78,0,2013,2,"N","San Bernardino County, California","Private","Formal wear and costume rental","County, NAICS 6-digit -- by ownership sector","All establishment sizes",5,0,0,0,0,0,0,0
"06071",5,"532220",78,0,2013,3,"N","San Bernardino County, California","Private","Formal wear and costume rental","County, NAICS 6-digit -- by ownership sector","All establishment sizes",6,0,0,0,0,0,0,0
"06071",5,"53223",77,0,2013,1,"","San Bernardino County, California","Private","Video tape and disc rental","County, NAICS 5-digit -- by ownership sector","All establishment sizes",19,145,148,146,684971,539866,27092,360
"06071",5,"53223",77,0,2013,2,"","San Bernardino County, California","Private","Video tape and disc rental","County, NAICS 5-digit -- by ownership sector","All establishment sizes",19,150,146,149,499542,331720,13294,259
"06071",5,"53223",77,0,2013,3,"","San Bernardino County, California","Private","Video tape and disc rental","County, NAICS 5-digit -- by ownership sector","All establishment sizes",17,142,140,143,507490,236003,9292,276
"06071",5,"532230",78,0,2013,1,"","San Bernardino County, California","Private","Video tape and disc rental","County, NAICS 6-digit -- by ownership sector","All establishment sizes",19,145,148,146,684971,539866,27092,360
"06071",5,"532230",78,0,2013,2,"","San Bernardino County, California","Private","Video tape and disc rental","County, NAICS 6-digit -- by ownership sector","All establishment sizes",19,150,146,149,499542,331720,13294,259
"06071",5,"532230",78,0,2013,3,"","San Bernardino County, California","Private","Video tape and disc rental","County, NAICS 6-digit -- by ownership sector","All establishment sizes",17,142,140,143,507490,236003,9292,276
"06071",5,"53229",77,0,2013,1,"","San Bernardino County, California","Private","Other consumer goods rental","County, NAICS 5-digit -- by ownership sector","All establishment sizes",61,399,386,384,2873374,2088837,108445,567
"06071",5,"53229",77,0,2013,2,"","San Bernardino County, California","Private","Other consumer goods rental","County, NAICS 5-digit -- by ownership sector","All establishment sizes",62,394,392,392,3026172,775309,32733,593
"06071",5,"53229",77,0,2013,3,"","San Bernardino County, California","Private","Other consumer goods rental","County, NAICS 5-digit -- by ownership sector","All establishment sizes",61,379,376,356,3103645,515011,23367,645
"06071",5,"532291",78,0,2013,1,"","San Bernardino County, California","Private","Home health equipment rental","County, NAICS 6-digit -- by ownership sector","All establishment sizes",9,61,59,56,652402,405543,22293,855
"06071",5,"532291",78,0,2013,2,"","San Bernardino County, California","Private","Home health equipment rental","County, NAICS 6-digit -- by ownership sector","All establishment sizes",9,54,52,54,601294,37938,1876,867
"06071",5,"532291",78,0,2013,3,"","San Bernardino County, California","Private","Home health equipment rental","County, NAICS 6-digit -- by ownership sector","All establishment sizes",9,34,41,38,638339,16796,862,1304
"06071",5,"532292",78,0,2013,1,"","San Bernardino County, California","Private","Recreational goods rental","County, NAICS 6-digit -- by ownership sector","All establishment sizes",10,74,72,66,252364,223802,12802,275
"06071",5,"532292",78,0,2013,2,"","San Bernardino County, California","Private","Recreational goods rental","County, NAICS 6-digit -- by ownership sector","All establishment sizes",10,56,36,40,122358,60976,3652,214
"06071",5,"532292",78,0,2013,3,"","San Bernardino County, California","Private","Recreational goods rental","County, NAICS 6-digit -- by ownership sector","All establishment sizes",10,42,42,38,151007,60483,3592,286
"06071",5,"532299",78,0,2013,1,"","San Bernardino County, California","Private","All other consumer goods rental","County, NAICS 6-digit -- by ownership sector","All establishment sizes",42,264,255,262,1968608,1459492,73350,582
"06071",5,"532299",78,0,2013,2,"","San Bernardino County, California","Private","All other consumer goods rental","County, NAICS 6-digit -- by ownership sector","All establishment sizes",43,284,304,298,2302520,676395,27205,600
"06071",5,"532299",78,0,2013,3,"","San Bernardino County, California","Private","All other consumer goods rental","County, NAICS 6-digit -- by ownership sector","All establishment sizes",42,303,293,280,2314299,437732,18913,610
"06071",5,"5323",76,0,2013,1,"N","San Bernardino County, California","Private","General rental centers","County, NAICS 4-digit -- by ownership sector","All establishment sizes",17,0,0,0,0,0,0,0
"06071",5,"5323",76,0,2013,2,"N","San Bernardino County, California","Private","General rental centers","County, NAICS 4-digit -- by ownership sector","All establishment sizes",17,0,0,0,0,0,0,0
"06071",5,"5323",76,0,2013,3,"N","San Bernardino County, California","Private","General rental centers","County, NAICS 4-digit -- by ownership sector","All establishment sizes",17,0,0,0,0,0,0,0
"06071",5,"53231",77,0,2013,1,"N","San Bernardino County, California","Private","General rental centers","County, NAICS 5-digit -- by ownership sector","All establishment sizes",17,0,0,0,0,0,0,0
"06071",5,"53231",77,0,2013,2,"N","San Bernardino County, California","Private","General rental centers","County, NAICS 5-digit -- by ownership sector","All establishment sizes",17,0,0,0,0,0,0,0
"06071",5,"53231",77,0,2013,3,"N","San Bernardino County, California","Private","General rental centers","County, NAICS 5-digit -- by ownership sector","All establishment sizes",17,0,0,0,0,0,0,0
"06071",5,"532310",78,0,2013,1,"N","San Bernardino County, California","Private","General rental centers","County, NAICS 6-digit -- by ownership sector","All establishment sizes",17,0,0,0,0,0,0,0
"06071",5,"532310",78,0,2013,2,"N","San Bernardino County, California","Private","General rental centers","County, NAICS 6-digit -- by ownership sector","All establishment sizes",17,0,0,0,0,0,0,0
"06071",5,"532310",78,0,2013,3,"N","San Bernardino County, California","Private","General rental centers","County, NAICS 6-digit -- by ownership sector","All establishment sizes",17,0,0,0,0,0,0,0
"06071",5,"5324",76,0,2013,1,"","San Bernardino County, California","Private","Machinery and equipment rental and leasing","County, NAICS 4-digit -- by ownership sector","All establishment sizes",54,414,412,421,5579223,2645459,155358,1032
"06071",5,"5324",76,0,2013,2,"","San Bernardino County, California","Private","Machinery and equipment rental and leasing","County, NAICS 4-digit -- by ownership sector","All establishment sizes",54,400,413,406,5601373,384686,20848,1060
"06071",5,"5324",76,0,2013,3,"","San Bernardino County, California","Private","Machinery and equipment rental and leasing","County, NAICS 4-digit -- by ownership sector","All establishment sizes",52,404,418,413,5691949,350784,20843,1064
"06071",5,"53241",77,0,2013,1,"","San Bernardino County, California","Private","Heavy machinery rental and leasing","County, NAICS 5-digit -- by ownership sector","All establishment sizes",24,248,246,249,3833226,1632034,98457,1191
"06071",5,"53241",77,0,2013,2,"","San Bernardino County, California","Private","Heavy machinery rental and leasing","County, NAICS 5-digit -- by ownership sector","All establishment sizes",24,248,245,248,3928207,150853,8552,1223
"06071",5,"53241",77,0,2013,3,"","San Bernardino County, California","Private","Heavy machinery rental and leasing","County, NAICS 5-digit -- by ownership sector","All establishment sizes",23,248,253,255,3997971,163908,10062,1220
"06071",5,"532411",78,0,2013,1,"N","San Bernardino County, California","Private","Transportation equipment rental and leasing","County, NAICS 6-digit -- by ownership sector","All establishment sizes",1,0,0,0,0,0,0,0
"06071",5,"532411",78,0,2013,2,"N","San Bernardino County, California","Private","Transportation equipment rental and leasing","County, NAICS 6-digit -- by ownership sector","All establishment sizes",1,0,0,0,0,0,0,0
"06071",5,"532411",78,0,2013,3,"N","San Bernardino County, California","Private","Transportation equipment rental and leasing","County, NAICS 6-digit -- by ownership sector","All establishment sizes",1,0,0,0,0,0,0,0
"06071",5,"532412",78,0,2013,1,"N","San Bernardino County, California","Private","Other heavy machinery rental and leasing","County, NAICS 6-digit -- by ownership sector","All establishment sizes",23,0,0,0,0,0,0,0
"06071",5,"532412",78,0,2013,2,"N","San Bernardino County, California","Private","Other heavy machinery rental and leasing","County, NAICS 6-digit -- by ownership sector","All establishment sizes",23,0,0,0,0,0,0,0
"06071",5,"532412",78,0,2013,3,"N","San Bernardino County, California","Private","Other heavy machinery rental and leasing","County, NAICS 6-digit -- by ownership sector","All establishment sizes",22,0,0,0,0,0,0,0
"06071",5,"53242",77,0,2013,1,"N","San Bernardino County, California","Private","Office equipment rental and leasing","County, NAICS 5-digit -- by ownership sector","All establishment sizes",1,0,0,0,0,0,0,0
"06071",5,"53242",77,0,2013,2,"N","San Bernardino County, California","Private","Office equipment rental and leasing","County, NAICS 5-digit -- by ownership sector","All establishment sizes",1,0,0,0,0,0,0,0
"06071",5,"53242",77,0,2013,3,"N","San Bernardino County, California","Private","Office equipment rental and leasing","County, NAICS 5-digit -- by ownership sector","All establishment sizes",1,0,0,0,0,0,0,0
"06071",5,"532420",78,0,2013,1,"N","San Bernardino County, California","Private","Office equipment rental and leasing","County, NAICS 6-digit -- by ownership sector","All establishment sizes",1,0,0,0,0,0,0,0
"06071",5,"532420",78,0,2013,2,"N","San Bernardino County, California","Private","Office equipment rental and leasing","County, NAICS 6-digit -- by ownership sector","All establishment sizes",1,0,0,0,0,0,0,0
"06071",5,"532420",78,0,2013,3,"N","San Bernardino County, California","Private","Office equipment rental and leasing","County, NAICS 6-digit -- by ownership sector","All establishment sizes",1,0,0,0,0,0,0,0
"06071",5,"53249",77,0,2013,1,"N","San Bernardino County, California","Private","Other machinery rental and leasing","County, NAICS 5-digit -- by ownership sector","All establishment sizes",29,0,0,0,0,0,0,0
"06071",5,"53249",77,0,2013,2,"N","San Bernardino County, California","Private","Other machinery rental and leasing","County, NAICS 5-digit -- by ownership sector","All establishment sizes",29,0,0,0,0,0,0,0
"06071",5,"53249",77,0,2013,3,"N","San Bernardino County, California","Private","Other machinery rental and leasing","County, NAICS 5-digit -- by ownership sector","All establishment sizes",28,0,0,0,0,0,0,0
"06071",5,"532490",78,0,2013,1,"N","San Bernardino County, California","Private","Other machinery rental and leasing","County, NAICS 6-digit -- by ownership sector","All establishment sizes",29,0,0,0,0,0,0,0
"06071",5,"532490",78,0,2013,2,"N","San Bernardino County, California","Private","Other machinery rental and leasing","County, NAICS 6-digit -- by ownership sector","All establishment sizes",29,0,0,0,0,0,0,0
"06071",5,"532490",78,0,2013,3,"N","San Bernardino County, California","Private","Other machinery rental and leasing","County, NAICS 6-digit -- by ownership sector","All establishment sizes",28,0,0,0,0,0,0,0
"06071",5,"533",75,0,2013,1,"N","San Bernardino County, California","Private","Lessors of nonfinancial intangible assets","County, NAICS 3-digit -- by ownership sector","All establishment sizes",3,0,0,0,0,0,0,0
"06071",5,"533",75,0,2013,2,"N","San Bernardino County, California","Private","Lessors of nonfinancial intangible assets","County, NAICS 3-digit -- by ownership sector","All establishment sizes",3,0,0,0,0,0,0,0
"06071",5,"533",75,0,2013,3,"N","San Bernardino County, California","Private","Lessors of nonfinancial intangible assets","County, NAICS 3-digit -- by ownership sector","All establishment sizes",3,0,0,0,0,0,0,0
"06071",5,"5331",76,0,2013,1,"N","San Bernardino County, California","Private","Lessors of nonfinancial intangible assets","County, NAICS 4-digit -- by ownership sector","All establishment sizes",3,0,0,0,0,0,0,0
"06071",5,"5331",76,0,2013,2,"N","San Bernardino County, California","Private","Lessors of nonfinancial intangible assets","County, NAICS 4-digit -- by ownership sector","All establishment sizes",3,0,0,0,0,0,0,0
"06071",5,"5331",76,0,2013,3,"N","San Bernardino County, California","Private","Lessors of nonfinancial intangible assets","County, NAICS 4-digit -- by ownership sector","All establishment sizes",3,0,0,0,0,0,0,0
"06071",5,"53311",77,0,2013,1,"N","San Bernardino County, California","Private","Lessors of nonfinancial intangible assets","County, NAICS 5-digit -- by ownership sector","All establishment sizes",3,0,0,0,0,0,0,0
"06071",5,"53311",77,0,2013,2,"N","San Bernardino County, California","Private","Lessors of nonfinancial intangible assets","County, NAICS 5-digit -- by ownership sector","All establishment sizes",3,0,0,0,0,0,0,0
"06071",5,"53311",77,0,2013,3,"N","San Bernardino County, California","Private","Lessors of nonfinancial intangible assets","County, NAICS 5-digit -- by ownership sector","All establishment sizes",3,0,0,0,0,0,0,0
"06071",5,"533110",78,0,2013,1,"N","San Bernardino County, California","Private","Lessors of nonfinancial intangible assets","County, NAICS 6-digit -- by ownership sector","All establishment sizes",3,0,0,0,0,0,0,0
"06071",5,"533110",78,0,2013,2,"N","San Bernardino County, California","Private","Lessors of nonfinancial intangible assets","County, NAICS 6-digit -- by ownership sector","All establishment sizes",3,0,0,0,0,0,0,0
"06071",5,"533110",78,0,2013,3,"N","San Bernardino County, California","Private","Lessors of nonfinancial intangible assets","County, NAICS 6-digit -- by ownership sector","All establishment sizes",3,0,0,0,0,0,0,0
"06071",5,"54",74,0,2013,1,"","San Bernardino County, California","Private","Professional and technical services","County, NAICS Sector -- by ownership sector","All establishment sizes",2487,19942,20290,20343,277610356,119821352,6169446,1058
"06071",5,"54",74,0,2013,2,"","San Bernardino County, California","Private","Professional and technical services","County, NAICS Sector -- by ownership sector","All establishment sizes",2534,20679,19812,19822,282325375,23615919,1165247,1080
"06071",5,"54",74,0,2013,3,"","San Bernardino County, California","Private","Professional and technical services","County, NAICS Sector -- by ownership sector","All establishment sizes",2569,19855,19907,19932,278341943,15832305,757214,1076
"06071",5,"541",75,0,2013,1,"","San Bernardino County, California","Private","Professional and technical services","County, NAICS 3-digit -- by ownership sector","All establishment sizes",2487,19942,20290,20343,277610356,119821352,6169446,1058
"06071",5,"541",75,0,2013,2,"","San Bernardino County, California","Private","Professional and technical services","County, NAICS 3-digit -- by ownership sector","All establishment sizes",2534,20679,19812,19822,282325375,23615919,1165247,1080
"06071",5,"541",75,0,2013,3,"","San Bernardino County, California","Private","Professional and technical services","County, NAICS 3-digit -- by ownership sector","All establishment sizes",2569,19855,19907,19932,278341943,15832305,757214,1076
"06071",5,"5411",76,0,2013,1,"","San Bernardino County, California","Private","Legal services","County, NAICS 4-digit -- by ownership sector","All establishment sizes",396,2384,2328,2437,31949877,14481925,783392,1031
"06071",5,"5411",76,0,2013,2,"","San Bernardino County, California","Private","Legal services","County, NAICS 4-digit -- by ownership sector","All establishment sizes",395,2435,2471,2449,33390843,3194387,157185,1048
"06071",5,"5411",76,0,2013,3,"","San Bernardino County, California","Private","Legal services","County, NAICS 4-digit -- by ownership sector","All establishment sizes",395,2429,2316,2284,32896753,1852181,92747,1080
"06071",5,"54111",77,0,2013,1,"","San Bernardino County, California","Private","Offices of lawyers","County, NAICS 5-digit -- by ownership sector","All establishment sizes",381,2230,2172,2277,29821888,13504343,724592,1030
"06071",5,"54111",77,0,2013,2,"","San Bernardino County, California","Private","Offices of lawyers","County, NAICS 5-digit -- by ownership sector","All establishment sizes",381,2285,2315,2287,30889918,3069841,150275,1035
"06071",5,"54111",77,0,2013,3,"","San Bernardino County, California","Private","Offices of lawyers","County, NAICS 5-digit -- by ownership sector","All establishment sizes",381,2270,2160,2128,30318774,1745382,86809,1067
"06071",5,"541110",78,0,2013,1,"","San Bernardino County, California","Private","Offices of lawyers","County, NAICS 6-digit -- by ownership sector","All establishment sizes",381,2230,2172,2277,29821888,13504343,724592,1030
"06071",5,"541110",78,0,2013,2,"","San Bernardino County, California","Private","Offices of lawyers","County, NAICS 6-digit -- by ownership sector","All establishment sizes",381,2285,2315,2287,30889918,3069841,150275,1035
"06071",5,"541110",78,0,2013,3,"","San Bernardino County, California","Private","Offices of lawyers","County, NAICS 6-digit -- by ownership sector","All establishment sizes",381,2270,2160,2128,30318774,1745382,86809,1067
"06071",5,"54119",77,0,2013,1,"","San Bernardino County, California","Private","Other legal services","County, NAICS 5-digit -- by ownership sector","All establishment sizes",15,154,156,160,2127989,977582,58800,1045
"06071",5,"54119",77,0,2013,2,"","San Bernardino County, California","Private","Other legal services","County, NAICS 5-digit -- by ownership sector","All establishment sizes",14,150,156,162,2500925,124546,6910,1233
"06071",5,"54119",77,0,2013,3,"","San Bernardino County, California","Private","Other legal services","County, NAICS 5-digit -- by ownership sector","All establishment sizes",14,159,156,156,2577979,106799,5938,1263
"06071",5,"541191",78,0,2013,1,"N","San Bernardino County, California","Private","Title abstract and settlement offices","County, NAICS 6-digit -- by ownership sector","All establishment sizes",2,0,0,0,0,0,0,0
"06071",5,"541191",78,0,2013,2,"N","San Bernardino County, California","Private","Title abstract and settlement offices","County, NAICS 6-digit -- by ownership sector","All establishment sizes",2,0,0,0,0,0,0,0
"06071",5,"541191",78,0,2013,3,"N","San Bernardino County, California","Private","Title abstract and settlement offices","County, NAICS 6-digit -- by ownership sector","All establishment sizes",2,0,0,0,0,0,0,0
"06071",5,"541199",78,0,2013,1,"N","San Bernardino County, California","Private","All other legal services","County, NAICS 6-digit -- by ownership sector","All establishment sizes",13,0,0,0,0,0,0,0
"06071",5,"541199",78,0,2013,2,"N","San Bernardino County, California","Private","All other legal services","County, NAICS 6-digit -- by ownership sector","All establishment sizes",12,0,0,0,0,0,0,0
"06071",5,"541199",78,0,2013,3,"N","San Bernardino County, California","Private","All other legal services","County, NAICS 6-digit -- by ownership sector","All establishment sizes",12,0,0,0,0,0,0,0
"06071",5,"5412",76,0,2013,1,"","San Bernardino County, California","Private","Accounting and bookkeeping services","County, NAICS 4-digit -- by ownership sector","All establishment sizes",435,3387,3571,3430,31217521,17544043,973582,693
"06071",5,"5412",76,0,2013,2,"","San Bernardino County, California","Private","Accounting and bookkeeping services","County, NAICS 4-digit -- by ownership sector","All establishment sizes",441,3436,2576,2504,29893317,3434966,185893,810
"06071",5,"5412",76,0,2013,3,"","San Bernardino County, California","Private","Accounting and bookkeeping services","County, NAICS 4-digit -- by ownership sector","All establishment sizes",442,2416,2418,2455,26764992,1289037,69417,847
"06071",5,"54121",77,0,2013,1,"","San Bernardino County, California","Private","Accounting and bookkeeping services","County, NAICS 5-digit -- by ownership sector","All establishment sizes",435,3387,3571,3430,31217521,17544043,973582,693
"06071",5,"54121",77,0,2013,2,"","San Bernardino County, California","Private","Accounting and bookkeeping services","County, NAICS 5-digit -- by ownership sector","All establishment sizes",441,3436,2576,2504,29893317,3434966,185893,810
"06071",5,"54121",77,0,2013,3,"","San Bernardino County, California","Private","Accounting and bookkeeping services","County, NAICS 5-digit -- by ownership sector","All establishment sizes",442,2416,2418,2455,26764992,1289037,69417,847
"06071",5,"541211",78,0,2013,1,"","San Bernardino County, California","Private","Offices of certified public accountants","County, NAICS 6-digit -- by ownership sector","All establishment sizes",124,693,713,733,9141436,4428872,222971,986
"06071",5,"541211",78,0,2013,2,"","San Bernardino County, California","Private","Offices of certified public accountants","County, NAICS 6-digit -- by ownership sector","All establishment sizes",125,703,677,680,9096186,600038,29730,1019
"06071",5,"541211",78,0,2013,3,"","San Bernardino County, California","Private","Offices of certified public accountants","County, NAICS 6-digit -- by ownership sector","All establishment sizes",126,666,656,657,8435406,403295,21407,984
"06071",5,"541213",78,0,2013,1,"","San Bernardino County, California","Private","Tax preparation services","County, NAICS 6-digit -- by ownership sector","All establishment sizes",147,1164,1300,1101,4898886,3958550,225779,317
"06071",5,"541213",78,0,2013,2,"","San Bernardino County, California","Private","Tax preparation services","County, NAICS 6-digit -- by ownership sector","All establishment sizes",151,1104,331,310,3967613,1218588,68687,525
"06071",5,"541213",78,0,2013,3,"","San Bernardino County, California","Private","Tax preparation services","County, NAICS 6-digit -- by ownership sector","All establishment sizes",150,254,266,284,1864297,176603,8928,535
"06071",5,"541214",78,0,2013,1,"","San Bernardino County, California","Private","Payroll services","County, NAICS 6-digit -- by ownership sector","All establishment sizes",15,568,567,574,8090113,3684658,225122,1092
"06071",5,"541214",78,0,2013,2,"","San Bernardino County, California","Private","Payroll services","County, NAICS 6-digit -- by ownership sector","All establishment sizes",15,574,558,532,7313668,422637,25354,1014
"06071",5,"541214",78,0,2013,3,"","San Bernardino County, California","Private","Payroll services","County, NAICS 6-digit -- by ownership sector","All establishment sizes",15,521,522,517,7175956,131187,7886,1062
"06071",5,"541219",78,0,2013,1,"","San Bernardino County, California","Private","Other accounting services","County, NAICS 6-digit -- by ownership sector","All establishment sizes",149,962,991,1022,9087086,5471963,299710,705
"06071",5,"541219",78,0,2013,2,"","San Bernardino County, California","Private","Other accounting services","County, NAICS 6-digit -- by ownership sector","All establishment sizes",150,1055,1010,982,9515850,1193703,62122,721
"06071",5,"541219",78,0,2013,3,"","San Bernardino County, California","Private","Other accounting services","County, NAICS 6-digit -- by ownership sector","All establishment sizes",151,975,974,997,9289333,577952,31196,728
"06071",5,"5413",76,0,2013,1,"","San Bernardino County, California","Private","Architectural and engineering services","County, NAICS 4-digit -- by ownership sector","All establishment sizes",374,4028,4062,4082,74962591,27676077,1530726,1421
"06071",5,"5413",76,0,2013,2,"","San Bernardino County, California","Private","Architectural and engineering services","County, NAICS 4-digit -- by ownership sector","All establishment sizes",376,4161,4164,4173,73133364,3532943,192757,1350
"06071",5,"5413",76,0,2013,3,"","San Bernardino County, California","Private","Architectural and engineering services","County, NAICS 4-digit -- by ownership sector","All establishment sizes",376,4173,4172,4141,73406068,2202520,121689,1357
"06071",5,"54131",77,0,2013,1,"","San Bernardino County, California","Private","Architectural services","County, NAICS 5-digit -- by ownership sector","All establishment sizes",52,485,491,486,8495800,3333342,200895,1341
"06071",5,"54131",77,0,2013,2,"","San Bernardino County, California","Private","Architectural services","County, NAICS 5-digit -- by ownership sector","All establishment sizes",47,506,502,506,8852511,665672,40264,1349
"06071",5,"54131",77,0,2013,3,"","San Bernardino County, California","Private","Architectural services","County, NAICS 5-digit -- by ownership sector","All establishment sizes",47,506,501,494,9407096,279971,16251,1446
"06071",5,"541310",78,0,2013,1,"","San Bernardino County, California","Private","Architectural services","County, NAICS 6-digit -- by ownership sector","All establishment sizes",52,485,491,486,8495800,3333342,200895,1341
"06071",5,"541310",78,0,2013,2,"","San Bernardino County, California","Private","Architectural services","County, NAICS 6-digit -- by ownership sector","All establishment sizes",47,506,502,506,8852511,665672,40264,1349
"06071",5,"541310",78,0,2013,3,"","San Bernardino County, California","Private","Architectural services","County, NAICS 6-digit -- by ownership sector","All establishment sizes",47,506,501,494,9407096,279971,16251,1446
"06071",5,"54132",77,0,2013,1,"","San Bernardino County, California","Private","Landscape architectural services","County, NAICS 5-digit -- by ownership sector","All establishment sizes",18,113,110,113,1027791,708732,32962,706
"06071",5,"54132",77,0,2013,2,"","San Bernardino County, California","Private","Landscape architectural services","County, NAICS 5-digit -- by ownership sector","All establishment sizes",18,109,106,101,1004815,106062,4462,734
"06071",5,"54132",77,0,2013,3,"","San Bernardino County, California","Private","Landscape architectural services","County, NAICS 5-digit -- by ownership sector","All establishment sizes",18,105,104,103,1068155,47206,2811,790
"06071",5,"541320",78,0,2013,1,"","San Bernardino County, California","Private","Landscape architectural services","County, NAICS 6-digit -- by ownership sector","All establishment sizes",18,113,110,113,1027791,708732,32962,706
"06071",5,"541320",78,0,2013,2,"","San Bernardino County, California","Private","Landscape architectural services","County, NAICS 6-digit -- by ownership sector","All establishment sizes",18,109,106,101,1004815,106062,4462,734
"06071",5,"541320",78,0,2013,3,"","San Bernardino County, California","Private","Landscape architectural services","County, NAICS 6-digit -- by ownership sector","All establishment sizes",18,105,104,103,1068155,47206,2811,790
"06071",5,"54133",77,0,2013,1,"","San Bernardino County, California","Private","Engineering services","County, NAICS 5-digit -- by ownership sector","All establishment sizes",195,1957,1979,2000,39361793,14303310,817775,1530
"06071",5,"54133",77,0,2013,2,"","San Bernardino County, California","Private","Engineering services","County, NAICS 5-digit -- by ownership sector","All establishment sizes",200,2046,2047,2041,37201812,1635864,89374,1400
"06071",5,"54133",77,0,2013,3,"","San Bernardino County, California","Private","Engineering services","County, NAICS 5-digit -- by ownership sector","All establishment sizes",200,2012,2028,2004,37812362,1182388,66828,1444
"06071",5,"541330",78,0,2013,1,"","San Bernardino County, California","Private","Engineering services","County, NAICS 6-digit -- by ownership sector","All establishment sizes",195,1957,1979,2000,39361793,14303310,817775,1530
"06071",5,"541330",78,0,2013,2,"","San Bernardino County, California","Private","Engineering services","County, NAICS 6-digit -- by ownership sector","All establishment sizes",200,2046,2047,2041,37201812,1635864,89374,1400
"06071",5,"541330",78,0,2013,3,"","San Bernardino County, California","Private","Engineering services","County, NAICS 6-digit -- by ownership sector","All establishment sizes",200,2012,2028,2004,37812362,1182388,66828,1444
"06071",5,"54134",77,0,2013,1,"","San Bernardino County, California","Private","Drafting services","County, NAICS 5-digit -- by ownership sector","All establishment sizes",7,33,32,29,307226,178018,9667,754
"06071",5,"54134",77,0,2013,2,"","San Bernardino County, California","Private","Drafting services","County, NAICS 5-digit -- by ownership sector","All establishment sizes",7,32,32,31,341531,34402,1847,830
"06071",5,"54134",77,0,2013,3,"","San Bernardino County, California","Private","Drafting services","County, NAICS 5-digit -- by ownership sector","All establishment sizes",7,31,34,32,362625,21909,1228,863
"06071",5,"541340",78,0,2013,1,"","San Bernardino County, California","Private","Drafting services","County, NAICS 6-digit -- by ownership sector","All establishment sizes",7,33,32,29,307226,178018,9667,754
"06071",5,"541340",78,0,2013,2,"","San Bernardino County, California","Private","Drafting services","County, NAICS 6-digit -- by ownership sector","All establishment sizes",7,32,32,31,341531,34402,1847,830
"06071",5,"541340",78,0,2013,3,"","San Bernardino County, California","Private","Drafting services","County, NAICS 6-digit -- by ownership sector","All establishment sizes",7,31,34,32,362625,21909,1228,863
"06071",5,"54135",77,0,2013,1,"","San Bernardino County, California","Private","Building inspection services","County, NAICS 5-digit -- by ownership sector","All establishment sizes",36,171,173,167,2331580,1140235,60085,1053
"06071",5,"54135",77,0,2013,2,"","San Bernardino County, California","Private","Building inspection services","County, NAICS 5-digit -- by ownership sector","All establishment sizes",37,182,184,186,2682559,315499,17389,1121
"06071",5,"54135",77,0,2013,3,"","San Bernardino County, California","Private","Building inspection services","County, NAICS 5-digit -- by ownership sector","All establishment sizes",37,184,186,191,2711592,130169,7053,1115
"06071",5,"541350",78,0,2013,1,"","San Bernardino County, California","Private","Building inspection services","County, NAICS 6-digit -- by ownership sector","All establishment sizes",36,171,173,167,2331580,1140235,60085,1053
"06071",5,"541350",78,0,2013,2,"","San Bernardino County, California","Private","Building inspection services","County, NAICS 6-digit -- by ownership sector","All establishment sizes",37,182,184,186,2682559,315499,17389,1121
"06071",5,"541350",78,0,2013,3,"","San Bernardino County, California","Private","Building inspection services","County, NAICS 6-digit -- by ownership sector","All establishment sizes",37,184,186,191,2711592,130169,7053,1115
"06071",5,"54136",77,0,2013,1,"","San Bernardino County, California","Private","Geophysical surveying and mapping services","County, NAICS 5-digit -- by ownership sector","All establishment sizes",4,25,27,28,244193,151043,8447,704
"06071",5,"54136",77,0,2013,2,"","San Bernardino County, California","Private","Geophysical surveying and mapping services","County, NAICS 5-digit -- by ownership sector","All establishment sizes",4,30,28,29,297580,48926,2550,789
"06071",5,"54136",77,0,2013,3,"","San Bernardino County, California","Private","Geophysical surveying and mapping services","County, NAICS 5-digit -- by ownership sector","All establishment sizes",4,29,29,30,268384,19824,999,704
"06071",5,"541360",78,0,2013,1,"","San Bernardino County, California","Private","Geophysical surveying and mapping services","County, NAICS 6-digit -- by ownership sector","All establishment sizes",4,25,27,28,244193,151043,8447,704
"06071",5,"541360",78,0,2013,2,"","San Bernardino County, California","Private","Geophysical surveying and mapping services","County, NAICS 6-digit -- by ownership sector","All establishment sizes",4,30,28,29,297580,48926,2550,789
"06071",5,"541360",78,0,2013,3,"","San Bernardino County, California","Private","Geophysical surveying and mapping services","County, NAICS 6-digit -- by ownership sector","All establishment sizes",4,29,29,30,268384,19824,999,704
"06071",5,"54137",77,0,2013,1,"","San Bernardino County, California","Private","Other surveying and mapping services","County, NAICS 5-digit -- by ownership sector","All establishment sizes",32,197,198,203,3140836,1295066,72327,1212
"06071",5,"54137",77,0,2013,2,"","San Bernardino County, California","Private","Other surveying and mapping services","County, NAICS 5-digit -- by ownership sector","All establishment sizes",33,203,213,212,3027070,182237,10223,1112
"06071",5,"54137",77,0,2013,3,"","San Bernardino County, California","Private","Other surveying and mapping services","County, NAICS 5-digit -- by ownership sector","All establishment sizes",33,218,207,210,3173370,124212,7333,1153
"06071",5,"541370",78,0,2013,1,"","San Bernardino County, California","Private","Other surveying and mapping services","County, NAICS 6-digit -- by ownership sector","All establishment sizes",32,197,198,203,3140836,1295066,72327,1212
"06071",5,"541370",78,0,2013,2,"","San Bernardino County, California","Private","Other surveying and mapping services","County, NAICS 6-digit -- by ownership sector","All establishment sizes",33,203,213,212,3027070,182237,10223,1112
"06071",5,"541370",78,0,2013,3,"","San Bernardino County, California","Private","Other surveying and mapping services","County, NAICS 6-digit -- by ownership sector","All establishment sizes",33,218,207,210,3173370,124212,7333,1153
"06071",5,"54138",77,0,2013,1,"","San Bernardino County, California","Private","Testing laboratories","County, NAICS 5-digit -- by ownership sector","All establishment sizes",30,1047,1052,1056,20053372,6566331,328568,1467
"06071",5,"54138",77,0,2013,2,"","San Bernardino County, California","Private","Testing laboratories","County, NAICS 5-digit -- by ownership sector","All establishment sizes",30,1053,1052,1067,19725486,544281,26648,1435
"06071",5,"54138",77,0,2013,3,"","San Bernardino County, California","Private","Testing laboratories","County, NAICS 5-digit -- by ownership sector","All establishment sizes",30,1088,1083,1077,18602484,396841,19186,1322
"06071",5,"541380",78,0,2013,1,"","San Bernardino County, California","Private","Testing laboratories","County, NAICS 6-digit -- by ownership sector","All establishment sizes",30,1047,1052,1056,20053372,6566331,328568,1467
"06071",5,"541380",78,0,2013,2,"","San Bernardino County, California","Private","Testing laboratories","County, NAICS 6-digit -- by ownership sector","All establishment sizes",30,1053,1052,1067,19725486,544281,26648,1435
"06071",5,"541380",78,0,2013,3,"","San Bernardino County, California","Private","Testing laboratories","County, NAICS 6-digit -- by ownership sector","All establishment sizes",30,1088,1083,1077,18602484,396841,19186,1322
"06071",5,"5414",76,0,2013,1,"","San Bernardino County, California","Private","Specialized design services","County, NAICS 4-digit -- by ownership sector","All establishment sizes",85,358,357,359,3193313,1865189,93408,686
"06071",5,"5414",76,0,2013,2,"","San Bernardino County, California","Private","Specialized design services","County, NAICS 4-digit -- by ownership sector","All establishment sizes",89,358,369,372,3403050,583207,26868,715
"06071",5,"5414",76,0,2013,3,"","San Bernardino County, California","Private","Specialized design services","County, NAICS 4-digit -- by ownership sector","All establishment sizes",90,362,376,379,3546786,335195,15694,733
"06071",5,"54141",77,0,2013,1,"","San Bernardino County, California","Private","Interior design services","County, NAICS 5-digit -- by ownership sector","All establishment sizes",22,78,73,78,913532,438347,25956,921
"06071",5,"54141",77,0,2013,2,"","San Bernardino County, California","Private","Interior design services","County, NAICS 5-digit -- by ownership sector","All establishment sizes",23,81,86,84,932245,130148,6701,857
"06071",5,"54141",77,0,2013,3,"","San Bernardino County, California","Private","Interior design services","County, NAICS 5-digit -- by ownership sector","All establishment sizes",23,82,89,89,921903,81729,4401,818
"06071",5,"541410",78,0,2013,1,"","San Bernardino County, California","Private","Interior design services","County, NAICS 6-digit -- by ownership sector","All establishment sizes",22,78,73,78,913532,438347,25956,921
"06071",5,"541410",78,0,2013,2,"","San Bernardino County, California","Private","Interior design services","County, NAICS 6-digit -- by ownership sector","All establishment sizes",23,81,86,84,932245,130148,6701,857
"06071",5,"541410",78,0,2013,3,"","San Bernardino County, California","Private","Interior design services","County, NAICS 6-digit -- by ownership sector","All establishment sizes",23,82,89,89,921903,81729,4401,818
"06071",5,"54142",77,0,2013,1,"","San Bernardino County, California","Private","Industrial design services","County, NAICS 5-digit -- by ownership sector","All establishment sizes",6,40,39,44,544189,195214,8389,1021
"06071",5,"54142",77,0,2013,2,"","San Bernardino County, California","Private","Industrial design services","County, NAICS 5-digit -- by ownership sector","All establishment sizes",7,46,40,40,675757,82085,3501,1238
"06071",5,"54142",77,0,2013,3,"","San Bernardino County, California","Private","Industrial design services","County, NAICS 5-digit -- by ownership sector","All establishment sizes",7,46,47,47,631816,56112,3020,1041
"06071",5,"541420",78,0,2013,1,"","San Bernardino County, California","Private","Industrial design services","County, NAICS 6-digit -- by ownership sector","All establishment sizes",6,40,39,44,544189,195214,8389,1021
"06071",5,"541420",78,0,2013,2,"","San Bernardino County, California","Private","Industrial design services","County, NAICS 6-digit -- by ownership sector","All establishment sizes",7,46,40,40,675757,82085,3501,1238
"06071",5,"541420",78,0,2013,3,"","San Bernardino County, California","Private","Industrial design services","County, NAICS 6-digit -- by ownership sector","All establishment sizes",7,46,47,47,631816,56112,3020,1041
"06071",5,"54143",77,0,2013,1,"","San Bernardino County, California","Private","Graphic design services","County, NAICS 5-digit -- by ownership sector","All establishment sizes",49,216,221,214,1553524,1125508,54241,551
"06071",5,"54143",77,0,2013,2,"","San Bernardino County, California","Private","Graphic design services","County, NAICS 5-digit -- by ownership sector","All establishment sizes",51,208,221,225,1620441,339661,15369,572
"06071",5,"54143",77,0,2013,3,"","San Bernardino County, California","Private","Graphic design services","County, NAICS 5-digit -- by ownership sector","All establishment sizes",51,212,217,220,1696199,179683,7463,603
"06071",5,"541430",78,0,2013,1,"","San Bernardino County, California","Private","Graphic design services","County, NAICS 6-digit -- by ownership sector","All establishment sizes",49,216,221,214,1553524,1125508,54241,551
"06071",5,"541430",78,0,2013,2,"","San Bernardino County, California","Private","Graphic design services","County, NAICS 6-digit -- by ownership sector","All establishment sizes",51,208,221,225,1620441,339661,15369,572
"06071",5,"541430",78,0,2013,3,"","San Bernardino County, California","Private","Graphic design services","County, NAICS 6-digit -- by ownership sector","All establishment sizes",51,212,217,220,1696199,179683,7463,603
"06071",5,"54149",77,0,2013,1,"","San Bernardino County, California","Private","Other specialized design services","County, NAICS 5-digit -- by ownership sector","All establishment sizes",8,24,24,23,182068,106120,4822,592
"06071",5,"54149",77,0,2013,2,"","San Bernardino County, California","Private","Other specialized design services","County, NAICS 5-digit -- by ownership sector","All establishment sizes",8,23,22,23,174607,31313,1297,593
"06071",5,"54149",77,0,2013,3,"","San Bernardino County, California","Private","Other specialized design services","County, NAICS 5-digit -- by ownership sector","All establishment sizes",9,22,23,23,296868,17671,810,1007
"06071",5,"541490",78,0,2013,1,"","San Bernardino County, California","Private","Other specialized design services","County, NAICS 6-digit -- by ownership sector","All establishment sizes",8,24,24,23,182068,106120,4822,592
"06071",5,"541490",78,0,2013,2,"","San Bernardino County, California","Private","Other specialized design services","County, NAICS 6-digit -- by ownership sector","All establishment sizes",8,23,22,23,174607,31313,1297,593
"06071",5,"541490",78,0,2013,3,"","San Bernardino County, California","Private","Other specialized design services","County, NAICS 6-digit -- by ownership sector","All establishment sizes",9,22,23,23,296868,17671,810,1007
"06071",5,"5415",76,0,2013,1,"","San Bernardino County, California","Private","Computer systems design and related services","County, NAICS 4-digit -- by ownership sector","All establishment sizes",190,3043,3076,3060,65523261,21396373,910730,1647
"06071",5,"5415",76,0,2013,2,"","San Bernardino County, California","Private","Computer systems design and related services","County, NAICS 4-digit -- by ownership sector","All establishment sizes",196,3202,3102,3127,68751049,1449269,62819,1682
"06071",5,"5415",76,0,2013,3,"","San Bernardino County, California","Private","Computer systems design and related services","County, NAICS 4-digit -- by ownership sector","All establishment sizes",195,3145,3145,3103,69768432,1519801,67252,1714
"06071",5,"54151",77,0,2013,1,"","San Bernardino County, California","Private","Computer systems design and related services","County, NAICS 5-digit -- by ownership sector","All establishment sizes",190,3043,3076,3060,65523261,21396373,910730,1647
"06071",5,"54151",77,0,2013,2,"","San Bernardino County, California","Private","Computer systems design and related services","County, NAICS 5-digit -- by ownership sector","All establishment sizes",196,3202,3102,3127,68751049,1449269,62819,1682
"06071",5,"54151",77,0,2013,3,"","San Bernardino County, California","Private","Computer systems design and related services","County, NAICS 5-digit -- by ownership sector","All establishment sizes",195,3145,3145,3103,69768432,1519801,67252,1714
"06071",5,"541511",78,0,2013,1,"","San Bernardino County, California","Private","Custom computer programming services","County, NAICS 6-digit -- by ownership sector","All establishment sizes",101,430,442,440,7513147,3026767,156089,1321
"06071",5,"541511",78,0,2013,2,"","San Bernardino County, California","Private","Custom computer programming services","County, NAICS 6-digit -- by ownership sector","All establishment sizes",104,431,444,436,7681995,498129,23211,1352
"06071",5,"541511",78,0,2013,3,"","San Bernardino County, California","Private","Custom computer programming services","County, NAICS 6-digit -- by ownership sector","All establishment sizes",104,442,448,455,8297218,356981,16824,1424
"06071",5,"541512",78,0,2013,1,"","San Bernardino County, California","Private","Computer systems design services","County, NAICS 6-digit -- by ownership sector","All establishment sizes",72,390,400,387,6095744,2746948,143228,1195
"06071",5,"541512",78,0,2013,2,"","San Bernardino County, California","Private","Computer systems design services","County, NAICS 6-digit -- by ownership sector","All establishment sizes",74,535,399,404,6217238,331554,15249,1072
"06071",5,"541512",78,0,2013,3,"","San Bernardino County, California","Private","Computer systems design services","County, NAICS 6-digit -- by ownership sector","All establishment sizes",73,405,405,392,6259805,233382,10576,1202
"06071",5,"541513",78,0,2013,1,"N","San Bernardino County, California","Private","Computer facilities management services","County, NAICS 6-digit -- by ownership sector","All establishment sizes",4,0,0,0,0,0,0,0
"06071",5,"541513",78,0,2013,2,"N","San Bernardino County, California","Private","Computer facilities management services","County, NAICS 6-digit -- by ownership sector","All establishment sizes",4,0,0,0,0,0,0,0
"06071",5,"541513",78,0,2013,3,"N","San Bernardino County, California","Private","Computer facilities management services","County, NAICS 6-digit -- by ownership sector","All establishment sizes",4,0,0,0,0,0,0,0
"06071",5,"541519",78,0,2013,1,"N","San Bernardino County, California","Private","Other computer related services","County, NAICS 6-digit -- by ownership sector","All establishment sizes",13,0,0,0,0,0,0,0
"06071",5,"541519",78,0,2013,2,"N","San Bernardino County, California","Private","Other computer related services","County, NAICS 6-digit -- by ownership sector","All establishment sizes",14,0,0,0,0,0,0,0
"06071",5,"541519",78,0,2013,3,"N","San Bernardino County, California","Private","Other computer related services","County, NAICS 6-digit -- by ownership sector","All establishment sizes",14,0,0,0,0,0,0,0
"06071",5,"5416",76,0,2013,1,"","San Bernardino County, California","Private","Management and technical consulting services","County, NAICS 4-digit -- by ownership sector","All establishment sizes",716,4303,4366,4360,49686032,24835418,1274514,880
"06071",5,"5416",76,0,2013,2,"","San Bernardino County, California","Private","Management and technical consulting services","County, NAICS 4-digit -- by ownership sector","All establishment sizes",743,4486,4516,4586,51672251,6726919,311832,878
"06071",5,"5416",76,0,2013,3,"","San Bernardino County, California","Private","Management and technical consulting services","County, NAICS 4-digit -- by ownership sector","All establishment sizes",785,4747,4723,4776,49185014,5707795,246480,797
"06071",5,"54161",77,0,2013,1,"","San Bernardino County, California","Private","Management consulting services","County, NAICS 5-digit -- by ownership sector","All establishment sizes",255,2582,2548,2541,34157191,15852160,855131,1028
"06071",5,"54161",77,0,2013,2,"","San Bernardino County, California","Private","Management consulting services","County, NAICS 5-digit -- by ownership sector","All establishment sizes",264,2546,2534,2599,35402771,3243588,153556,1064
"06071",5,"54161",77,0,2013,3,"","San Bernardino County, California","Private","Management consulting services","County, NAICS 5-digit -- by ownership sector","All establishment sizes",270,2573,2571,2553,31045081,2457933,109298,931
"06071",5,"541611",78,0,2013,1,"","San Bernardino County, California","Private","Administrative management consulting services","County, NAICS 6-digit -- by ownership sector","All establishment sizes",86,673,666,658,9011085,4121252,227589,1041
"06071",5,"541611",78,0,2013,2,"","San Bernardino County, California","Private","Administrative management consulting services","County, NAICS 6-digit -- by ownership sector","All establishment sizes",89,648,649,664,12720611,729315,37199,1497
"06071",5,"541611",78,0,2013,3,"","San Bernardino County, California","Private","Administrative management consulting services","County, NAICS 6-digit -- by ownership sector","All establishment sizes",92,666,665,649,8211880,456614,21501,957
"06071",5,"541612",78,0,2013,1,"","San Bernardino County, California","Private","Human resources consulting services","County, NAICS 6-digit -- by ownership sector","All establishment sizes",14,325,290,274,1965717,1461495,65020,510
"06071",5,"541612",78,0,2013,2,"","San Bernardino County, California","Private","Human resources consulting services","County, NAICS 6-digit -- by ownership sector","All establishment sizes",13,246,246,248,1985766,911841,35600,619
"06071",5,"541612",78,0,2013,3,"","San Bernardino County, California","Private","Human resources consulting services","County, NAICS 6-digit -- by ownership sector","All establishment sizes",13,241,235,232,1931738,778433,28612,630
"06071",5,"541613",78,0,2013,1,"","San Bernardino County, California","Private","Marketing consulting services","County, NAICS 6-digit -- by ownership sector","All establishment sizes",50,194,209,209,2192735,1158976,55079,827
"06071",5,"541613",78,0,2013,2,"","San Bernardino County, California","Private","Marketing consulting services","County, NAICS 6-digit -- by ownership sector","All establishment sizes",53,246,239,261,2506209,512925,22080,775
"06071",5,"541613",78,0,2013,3,"","San Bernardino County, California","Private","Marketing consulting services","County, NAICS 6-digit -- by ownership sector","All establishment sizes",55,270,282,272,2695715,476253,19401,755
"06071",5,"541614",78,0,2013,1,"","San Bernardino County, California","Private","Process and logistics consulting services","County, NAICS 6-digit -- by ownership sector","All establishment sizes",67,986,979,990,13889446,6324419,361078,1085
"06071",5,"541614",78,0,2013,2,"","San Bernardino County, California","Private","Process and logistics consulting services","County, NAICS 6-digit -- by ownership sector","All establishment sizes",70,981,973,999,10780990,701189,40030,843
"06071",5,"541614",78,0,2013,3,"","San Bernardino County, California","Private","Process and logistics consulting services","County, NAICS 6-digit -- by ownership sector","All establishment sizes",70,978,974,969,11234564,436299,24162,888
"06071",5,"541618",78,0,2013,1,"","San Bernardino County, California","Private","Other management consulting services","County, NAICS 6-digit -- by ownership sector","All establishment sizes",38,404,404,410,7098208,2786018,146365,1345
"06071",5,"541618",78,0,2013,2,"","San Bernardino County, California","Private","Other management consulting services","County, NAICS 6-digit -- by ownership sector","All establishment sizes",39,425,427,427,7409195,388318,18647,1337
"06071",5,"541618",78,0,2013,3,"","San Bernardino County, California","Private","Other management consulting services","County, NAICS 6-digit -- by ownership sector","All establishment sizes",40,418,415,431,6971184,310334,15622,1273
"06071",5,"54162",77,0,2013,1,"","San Bernardino County, California","Private","Environmental consulting services","County, NAICS 5-digit -- by ownership sector","All establishment sizes",23,242,247,250,3567582,1580631,83435,1114
"06071",5,"54162",77,0,2013,2,"","San Bernardino County, California","Private","Environmental consulting services","County, NAICS 5-digit -- by ownership sector","All establishment sizes",22,242,238,236,3393054,213187,12541,1094
"06071",5,"54162",77,0,2013,3,"","San Bernardino County, California","Private","Environmental consulting services","County, NAICS 5-digit -- by ownership sector","All establishment sizes",22,239,201,200,3383636,166531,8927,1220
"06071",5,"541620",78,0,2013,1,"","San Bernardino County, California","Private","Environmental consulting services","County, NAICS 6-digit -- by ownership sector","All establishment sizes",23,242,247,250,3567582,1580631,83435,1114
"06071",5,"541620",78,0,2013,2,"","San Bernardino County, California","Private","Environmental consulting services","County, NAICS 6-digit -- by ownership sector","All establishment sizes",22,242,238,236,3393054,213187,12541,1094
"06071",5,"541620",78,0,2013,3,"","San Bernardino County, California","Private","Environmental consulting services","County, NAICS 6-digit -- by ownership sector","All establishment sizes",22,239,201,200,3383636,166531,8927,1220
"06071",5,"54169",77,0,2013,1,"","San Bernardino County, California","Private","Other technical consulting services","County, NAICS 5-digit -- by ownership sector","All establishment sizes",438,1479,1571,1569,11961259,7402627,335948,598
"06071",5,"54169",77,0,2013,2,"","San Bernardino County, California","Private","Other technical consulting services","County, NAICS 5-digit -- by ownership sector","All establishment sizes",457,1698,1744,1751,12876426,3270144,145735,572
"06071",5,"54169",77,0,2013,3,"","San Bernardino County, California","Private","Other technical consulting services","County, NAICS 5-digit -- by ownership sector","All establishment sizes",493,1935,1951,2023,14756297,3083331,128255,576
"06071",5,"541690",78,0,2013,1,"","San Bernardino County, California","Private","Other technical consulting services","County, NAICS 6-digit -- by ownership sector","All establishment sizes",438,1479,1571,1569,11961259,7402627,335948,598
"06071",5,"541690",78,0,2013,2,"","San Bernardino County, California","Private","Other technical consulting services","County, NAICS 6-digit -- by ownership sector","All establishment sizes",457,1698,1744,1751,12876426,3270144,145735,572
"06071",5,"541690",78,0,2013,3,"","San Bernardino County, California","Private","Other technical consulting services","County, NAICS 6-digit -- by ownership sector","All establishment sizes",493,1935,1951,2023,14756297,3083331,128255,576
"06071",5,"5417",76,0,2013,1,"","San Bernardino County, California","Private","Scientific research and development services","County, NAICS 4-digit -- by ownership sector","All establishment sizes",43,250,246,250,3804603,1581227,88669,1177
"06071",5,"5417",76,0,2013,2,"","San Bernardino County, California","Private","Scientific research and development services","County, NAICS 4-digit -- by ownership sector","All establishment sizes",44,239,254,251,3738254,316891,17715,1160
"06071",5,"5417",76,0,2013,3,"","San Bernardino County, California","Private","Scientific research and development services","County, NAICS 4-digit -- by ownership sector","All establishment sizes",46,251,252,243,3896172,200508,10809,1205
"06071",5,"54171",77,0,2013,1,"","San Bernardino County, California","Private","Physical, engineering and biological research","County, NAICS 5-digit -- by ownership sector","All establishment sizes",37,184,185,183,2934978,1125410,61943,1227
"06071",5,"54171",77,0,2013,2,"","San Bernardino County, California","Private","Physical, engineering and biological research","County, NAICS 5-digit -- by ownership sector","All establishment sizes",38,174,189,183,2960962,244982,13405,1251
"06071",5,"54171",77,0,2013,3,"","San Bernardino County, California","Private","Physical, engineering and biological research","County, NAICS 5-digit -- by ownership sector","All establishment sizes",40,194,196,196,3086577,127336,6495,1216
"06071",5,"541711",78,0,2013,1,"","San Bernardino County, California","Private","Research and development in biotechnology","County, NAICS 6-digit -- by ownership sector","All establishment sizes",13,70,71,70,965932,362409,19368,1056
"06071",5,"541711",78,0,2013,2,"","San Bernardino County, California","Private","Research and development in biotechnology","County, NAICS 6-digit -- by ownership sector","All establishment sizes",13,58,71,74,949968,134955,7088,1080
"06071",5,"541711",78,0,2013,3,"","San Bernardino County, California","Private","Research and development in biotechnology","County, NAICS 6-digit -- by ownership sector","All establishment sizes",15,76,74,74,1056630,44520,1983,1089
"06071",5,"541712",78,0,2013,1,"","San Bernardino County, California","Private","Other physical and biological research","County, NAICS 6-digit -- by ownership sector","All establishment sizes",24,114,114,113,1969046,763001,42575,1333
"06071",5,"541712",78,0,2013,2,"","San Bernardino County, California","Private","Other physical and biological research","County, NAICS 6-digit -- by ownership sector","All establishment sizes",25,116,118,109,2010994,110027,6317,1353
"06071",5,"541712",78,0,2013,3,"","San Bernardino County, California","Private","Other physical and biological research","County, NAICS 6-digit -- by ownership sector","All establishment sizes",25,118,122,122,2029947,82816,4512,1294
"06071",5,"54172",77,0,2013,1,"","San Bernardino County, California","Private","Social science and humanities research","County, NAICS 5-digit -- by ownership sector","All establishment sizes",6,66,61,67,869625,455817,26726,1034
"06071",5,"54172",77,0,2013,2,"","San Bernardino County, California","Private","Social science and humanities research","County, NAICS 5-digit -- by ownership sector","All establishment sizes",6,65,65,68,777292,71909,4310,906
"06071",5,"54172",77,0,2013,3,"","San Bernardino County, California","Private","Social science and humanities research","County, NAICS 5-digit -- by ownership sector","All establishment sizes",6,57,56,47,809595,73172,4314,1168
"06071",5,"541720",78,0,2013,1,"","San Bernardino County, California","Private","Social science and humanities research","County, NAICS 6-digit -- by ownership sector","All establishment sizes",6,66,61,67,869625,455817,26726,1034
"06071",5,"541720",78,0,2013,2,"","San Bernardino County, California","Private","Social science and humanities research","County, NAICS 6-digit -- by ownership sector","All establishment sizes",6,65,65,68,777292,71909,4310,906
"06071",5,"541720",78,0,2013,3,"","San Bernardino County, California","Private","Social science and humanities research","County, NAICS 6-digit -- by ownership sector","All establishment sizes",6,57,56,47,809595,73172,4314,1168
"06071",5,"5418",76,0,2013,1,"","San Bernardino County, California","Private","Advertising, pr, and related services","County, NAICS 4-digit -- by ownership sector","All establishment sizes",55,607,623,642,5419861,2933480,149833,668
"06071",5,"5418",76,0,2013,2,"","San Bernardino County, California","Private","Advertising, pr, and related services","County, NAICS 4-digit -- by ownership sector","All establishment sizes",57,673,666,690,5510500,1296447,58009,627
"06071",5,"5418",76,0,2013,3,"","San Bernardino County, California","Private","Advertising, pr, and related services","County, NAICS 4-digit -- by ownership sector","All establishment sizes",58,695,679,671,5535010,772453,33402,625
"06071",5,"54181",77,0,2013,1,"","San Bernardino County, California","Private","Advertising agencies","County, NAICS 5-digit -- by ownership sector","All establishment sizes",22,133,134,145,1533962,844129,39355,859
"06071",5,"54181",77,0,2013,2,"","San Bernardino County, California","Private","Advertising agencies","County, NAICS 5-digit -- by ownership sector","All establishment sizes",24,174,173,180,1750454,424249,16122,767
"06071",5,"54181",77,0,2013,3,"","San Bernardino County, California","Private","Advertising agencies","County, NAICS 5-digit -- by ownership sector","All establishment sizes",25,186,179,180,1676583,340318,12201,710
"06071",5,"541810",78,0,2013,1,"","San Bernardino County, California","Private","Advertising agencies","County, NAICS 6-digit -- by ownership sector","All establishment sizes",22,133,134,145,1533962,844129,39355,859
"06071",5,"541810",78,0,2013,2,"","San Bernardino County, California","Private","Advertising agencies","County, NAICS 6-digit -- by ownership sector","All establishment sizes",24,174,173,180,1750454,424249,16122,767
"06071",5,"541810",78,0,2013,3,"","San Bernardino County, California","Private","Advertising agencies","County, NAICS 6-digit -- by ownership sector","All establishment sizes",25,186,179,180,1676583,340318,12201,710
"06071",5,"54182",77,0,2013,1,"","San Bernardino County, California","Private","Public relations agencies","County, NAICS 5-digit -- by ownership sector","All establishment sizes",3,14,15,15,142489,81468,4821,747
"06071",5,"54182",77,0,2013,2,"","San Bernardino County, California","Private","Public relations agencies","County, NAICS 5-digit -- by ownership sector","All establishment sizes",3,15,15,15,199178,14096,867,1021
"06071",5,"54182",77,0,2013,3,"","San Bernardino County, California","Private","Public relations agencies","County, NAICS 5-digit -- by ownership sector","All establishment sizes",3,15,15,15,137545,7498,465,705
"06071",5,"541820",78,0,2013,1,"","San Bernardino County, California","Private","Public relations agencies","County, NAICS 6-digit -- by ownership sector","All establishment sizes",3,14,15,15,142489,81468,4821,747
"06071",5,"541820",78,0,2013,2,"","San Bernardino County, California","Private","Public relations agencies","County, NAICS 6-digit -- by ownership sector","All establishment sizes",3,15,15,15,199178,14096,867,1021
"06071",5,"541820",78,0,2013,3,"","San Bernardino County, California","Private","Public relations agencies","County, NAICS 6-digit -- by ownership sector","All establishment sizes",3,15,15,15,137545,7498,465,705
"06071",5,"54183",77,0,2013,1,"N","San Bernardino County, California","Private","Media buying agencies","County, NAICS 5-digit -- by ownership sector","All establishment sizes",1,0,0,0,0,0,0,0
"06071",5,"54183",77,0,2013,2,"N","San Bernardino County, California","Private","Media buying agencies","County, NAICS 5-digit -- by ownership sector","All establishment sizes",1,0,0,0,0,0,0,0
"06071",5,"54183",77,0,2013,3,"N","San Bernardino County, California","Private","Media buying agencies","County, NAICS 5-digit -- by ownership sector","All establishment sizes",1,0,0,0,0,0,0,0
"06071",5,"541830",78,0,2013,1,"N","San Bernardino County, California","Private","Media buying agencies","County, NAICS 6-digit -- by ownership sector","All establishment sizes",1,0,0,0,0,0,0,0
"06071",5,"541830",78,0,2013,2,"N","San Bernardino County, California","Private","Media buying agencies","County, NAICS 6-digit -- by ownership sector","All establishment sizes",1,0,0,0,0,0,0,0
"06071",5,"541830",78,0,2013,3,"N","San Bernardino County, California","Private","Media buying agencies","County, NAICS 6-digit -- by ownership sector","All establishment sizes",1,0,0,0,0,0,0,0
"06071",5,"54184",77,0,2013,1,"N","San Bernardino County, California","Private","Media representatives","County, NAICS 5-digit -- by ownership sector","All establishment sizes",3,0,0,0,0,0,0,0
"06071",5,"54184",77,0,2013,2,"N","San Bernardino County, California","Private","Media representatives","County, NAICS 5-digit -- by ownership sector","All establishment sizes",3,0,0,0,0,0,0,0
"06071",5,"54184",77,0,2013,3,"N","San Bernardino County, California","Private","Media representatives","County, NAICS 5-digit -- by ownership sector","All establishment sizes",3,0,0,0,0,0,0,0
"06071",5,"541840",78,0,2013,1,"N","San Bernardino County, California","Private","Media representatives","County, NAICS 6-digit -- by ownership sector","All establishment sizes",3,0,0,0,0,0,0,0
"06071",5,"541840",78,0,2013,2,"N","San Bernardino County, California","Private","Media representatives","County, NAICS 6-digit -- by ownership sector","All establishment sizes",3,0,0,0,0,0,0,0
"06071",5,"541840",78,0,2013,3,"N","San Bernardino County, California","Private","Media representatives","County, NAICS 6-digit -- by ownership sector","All establishment sizes",3,0,0,0,0,0,0,0
"06071",5,"54185",77,0,2013,1,"","San Bernardino County, California","Private","Outdoor advertising","County, NAICS 5-digit -- by ownership sector","All establishment sizes",7,41,41,44,1083975,327699,19207,1985
"06071",5,"54185",77,0,2013,2,"","San Bernardino County, California","Private","Outdoor advertising","County, NAICS 5-digit -- by ownership sector","All establishment sizes",7,49,49,50,1034246,36293,2143,1613
"06071",5,"54185",77,0,2013,3,"","San Bernardino County, California","Private","Outdoor advertising","County, NAICS 5-digit -- by ownership sector","All establishment sizes",7,49,49,49,893529,5227,324,1403
"06071",5,"541850",78,0,2013,1,"","San Bernardino County, California","Private","Outdoor advertising","County, NAICS 6-digit -- by ownership sector","All establishment sizes",7,41,41,44,1083975,327699,19207,1985
"06071",5,"541850",78,0,2013,2,"","San Bernardino County, California","Private","Outdoor advertising","County, NAICS 6-digit -- by ownership sector","All establishment sizes",7,49,49,50,1034246,36293,2143,1613
"06071",5,"541850",78,0,2013,3,"","San Bernardino County, California","Private","Outdoor advertising","County, NAICS 6-digit -- by ownership sector","All establishment sizes",7,49,49,49,893529,5227,324,1403
"06071",5,"54186",77,0,2013,1,"N","San Bernardino County, California","Private","Direct mail advertising","County, NAICS 5-digit -- by ownership sector","All establishment sizes",2,0,0,0,0,0,0,0
"06071",5,"54186",77,0,2013,2,"N","San Bernardino County, California","Private","Direct mail advertising","County, NAICS 5-digit -- by ownership sector","All establishment sizes",2,0,0,0,0,0,0,0
"06071",5,"54186",77,0,2013,3,"N","San Bernardino County, California","Private","Direct mail advertising","County, NAICS 5-digit -- by ownership sector","All establishment sizes",2,0,0,0,0,0,0,0
"06071",5,"541860",78,0,2013,1,"N","San Bernardino County, California","Private","Direct mail advertising","County, NAICS 6-digit -- by ownership sector","All establishment sizes",2,0,0,0,0,0,0,0
"06071",5,"541860",78,0,2013,2,"N","San Bernardino County, California","Private","Direct mail advertising","County, NAICS 6-digit -- by ownership sector","All establishment sizes",2,0,0,0,0,0,0,0
"06071",5,"541860",78,0,2013,3,"N","San Bernardino County, California","Private","Direct mail advertising","County, NAICS 6-digit -- by ownership sector","All establishment sizes",2,0,0,0,0,0,0,0
"06071",5,"54187",77,0,2013,1,"N","San Bernardino County, California","Private","Advertising material distribution services","County, NAICS 5-digit -- by ownership sector","All establishment sizes",1,0,0,0,0,0,0,0
"06071",5,"54187",77,0,2013,2,"N","San Bernardino County, California","Private","Advertising material distribution services","County, NAICS 5-digit -- by ownership sector","All establishment sizes",1,0,0,0,0,0,0,0
"06071",5,"54187",77,0,2013,3,"N","San Bernardino County, California","Private","Advertising material distribution services","County, NAICS 5-digit -- by ownership sector","All establishment sizes",1,0,0,0,0,0,0,0
"06071",5,"541870",78,0,2013,1,"N","San Bernardino County, California","Private","Advertising material distribution services","County, NAICS 6-digit -- by ownership sector","All establishment sizes",1,0,0,0,0,0,0,0
"06071",5,"541870",78,0,2013,2,"N","San Bernardino County, California","Private","Advertising material distribution services","County, NAICS 6-digit -- by ownership sector","All establishment sizes",1,0,0,0,0,0,0,0
"06071",5,"541870",78,0,2013,3,"N","San Bernardino County, California","Private","Advertising material distribution services","County, NAICS 6-digit -- by ownership sector","All establishment sizes",1,0,0,0,0,0,0,0
"06071",5,"54189",77,0,2013,1,"","San Bernardino County, California","Private","Other services related to advertising","County, NAICS 5-digit -- by ownership sector","All establishment sizes",16,285,291,294,907485,812192,40303,241
"06071",5,"54189",77,0,2013,2,"","San Bernardino County, California","Private","Other services related to advertising","County, NAICS 5-digit -- by ownership sector","All establishment sizes",16,304,288,296,1024683,666936,32227,266
"06071",5,"54189",77,0,2013,3,"","San Bernardino County, California","Private","Other services related to advertising","County, NAICS 5-digit -- by ownership sector","All establishment sizes",16,297,299,297,886453,329555,15986,229
"06071",5,"541890",78,0,2013,1,"","San Bernardino County, California","Private","Other services related to advertising","County, NAICS 6-digit -- by ownership sector","All establishment sizes",16,285,291,294,907485,812192,40303,241
"06071",5,"541890",78,0,2013,2,"","San Bernardino County, California","Private","Other services related to advertising","County, NAICS 6-digit -- by ownership sector","All establishment sizes",16,304,288,296,1024683,666936,32227,266
"06071",5,"541890",78,0,2013,3,"","San Bernardino County, California","Private","Other services related to advertising","County, NAICS 6-digit -- by ownership sector","All establishment sizes",16,297,299,297,886453,329555,15986,229
"06071",5,"5419",76,0,2013,1,"","San Bernardino County, California","Private","Other professional and technical services","County, NAICS 4-digit -- by ownership sector","All establishment sizes",193,1582,1661,1723,11853297,7507620,364592,551
"06071",5,"5419",76,0,2013,2,"","San Bernardino County, California","Private","Other professional and technical services","County, NAICS 4-digit -- by ownership sector","All establishment sizes",193,1689,1694,1670,12832747,3080890,152169,586
"06071",5,"5419",76,0,2013,3,"","San Bernardino County, California","Private","Other professional and technical services","County, NAICS 4-digit -- by ownership sector","All establishment sizes",182,1637,1826,1880,13342716,1952815,99724,576
"06071",5,"54191",77,0,2013,1,"N","San Bernardino County, California","Private","Marketing research and public opinion polling","County, NAICS 5-digit -- by ownership sector","All establishment sizes",12,0,0,0,0,0,0,0
"06071",5,"54191",77,0,2013,2,"","San Bernardino County, California","Private","Marketing research and public opinion polling","County, NAICS 5-digit -- by ownership sector","All establishment sizes",12,60,61,54,662515,107233,5523,874
"06071",5,"54191",77,0,2013,3,"N","San Bernardino County, California","Private","Marketing research and public opinion polling","County, NAICS 5-digit -- by ownership sector","All establishment sizes",12,0,0,0,0,0,0,0
"06071",5,"541910",78,0,2013,1,"N","San Bernardino County, California","Private","Marketing research and public opinion polling","County, NAICS 6-digit -- by ownership sector","All establishment sizes",12,0,0,0,0,0,0,0
"06071",5,"541910",78,0,2013,2,"","San Bernardino County, California","Private","Marketing research and public opinion polling","County, NAICS 6-digit -- by ownership sector","All establishment sizes",12,60,61,54,662515,107233,5523,874
"06071",5,"541910",78,0,2013,3,"N","San Bernardino County, California","Private","Marketing research and public opinion polling","County, NAICS 6-digit -- by ownership sector","All establishment sizes",12,0,0,0,0,0,0,0
"06071",5,"54192",77,0,2013,1,"","San Bernardino County, California","Private","Photographic services","County, NAICS 5-digit -- by ownership sector","All establishment sizes",46,275,333,357,1186252,956860,51412,284
"06071",5,"54192",77,0,2013,2,"","San Bernardino County, California","Private","Photographic services","County, NAICS 5-digit -- by ownership sector","All establishment sizes",45,319,263,185,1160807,496257,26316,349
"06071",5,"54192",77,0,2013,3,"","San Bernardino County, California","Private","Photographic services","County, NAICS 5-digit -- by ownership sector","All establishment sizes",35,172,361,418,1226629,388556,21514,298
"06071",5,"541921",78,0,2013,1,"N","San Bernardino County, California","Private","Photography studios, portrait","County, NAICS 6-digit -- by ownership sector","All establishment sizes",45,0,0,0,0,0,0,0
"06071",5,"541921",78,0,2013,2,"N","San Bernardino County, California","Private","Photography studios, portrait","County, NAICS 6-digit -- by ownership sector","All establishment sizes",43,0,0,0,0,0,0,0
"06071",5,"541921",78,0,2013,3,"N","San Bernardino County, California","Private","Photography studios, portrait","County, NAICS 6-digit -- by ownership sector","All establishment sizes",33,0,0,0,0,0,0,0
"06071",5,"541922",78,0,2013,1,"N","San Bernardino County, California","Private","Commercial photography","County, NAICS 6-digit -- by ownership sector","All establishment sizes",1,0,0,0,0,0,0,0
"06071",5,"541922",78,0,2013,2,"N","San Bernardino County, California","Private","Commercial photography","County, NAICS 6-digit -- by ownership sector","All establishment sizes",2,0,0,0,0,0,0,0
"06071",5,"541922",78,0,2013,3,"N","San Bernardino County, California","Private","Commercial photography","County, NAICS 6-digit -- by ownership sector","All establishment sizes",2,0,0,0,0,0,0,0
"06071",5,"54193",77,0,2013,1,"N","San Bernardino County, California","Private","Translation and interpretation services","County, NAICS 5-digit -- by ownership sector","All establishment sizes",4,0,0,0,0,0,0,0
"06071",5,"54193",77,0,2013,2,"","San Bernardino County, California","Private","Translation and interpretation services","County, NAICS 5-digit -- by ownership sector","All establishment sizes",5,43,37,68,279834,103674,6377,436
"06071",5,"54193",77,0,2013,3,"N","San Bernardino County, California","Private","Translation and interpretation services","County, NAICS 5-digit -- by ownership sector","All establishment sizes",5,0,0,0,0,0,0,0
"06071",5,"541930",78,0,2013,1,"N","San Bernardino County, California","Private","Translation and interpretation services","County, NAICS 6-digit -- by ownership sector","All establishment sizes",4,0,0,0,0,0,0,0
"06071",5,"541930",78,0,2013,2,"","San Bernardino County, California","Private","Translation and interpretation services","County, NAICS 6-digit -- by ownership sector","All establishment sizes",5,43,37,68,279834,103674,6377,436
"06071",5,"541930",78,0,2013,3,"N","San Bernardino County, California","Private","Translation and interpretation services","County, NAICS 6-digit -- by ownership sector","All establishment sizes",5,0,0,0,0,0,0,0
"06071",5,"54194",77,0,2013,1,"","San Bernardino County, California","Private","Veterinary services","County, NAICS 5-digit -- by ownership sector","All establishment sizes",112,1052,1068,1081,8592139,5198345,238546,619
"06071",5,"54194",77,0,2013,2,"","San Bernardino County, California","Private","Veterinary services","County, NAICS 5-digit -- by ownership sector","All establishment sizes",110,1066,1091,1107,9030162,1748030,80053,638
"06071",5,"54194",77,0,2013,3,"","San Bernardino County, California","Private","Veterinary services","County, NAICS 5-digit -- by ownership sector","All establishment sizes",109,1085,1114,1100,9341530,921565,42755,653
"06071",5,"541940",78,0,2013,1,"","San Bernardino County, California","Private","Veterinary services","County, NAICS 6-digit -- by ownership sector","All establishment sizes",112,1052,1068,1081,8592139,5198345,238546,619
"06071",5,"541940",78,0,2013,2,"","San Bernardino County, California","Private","Veterinary services","County, NAICS 6-digit -- by ownership sector","All establishment sizes",110,1066,1091,1107,9030162,1748030,80053,638
"06071",5,"541940",78,0,2013,3,"","San Bernardino County, California","Private","Veterinary services","County, NAICS 6-digit -- by ownership sector","All establishment sizes",109,1085,1114,1100,9341530,921565,42755,653
"06071",5,"54199",77,0,2013,1,"","San Bernardino County, California","Private","All other professional and technical services","County, NAICS 5-digit -- by ownership sector","All establishment sizes",19,143,155,185,1316999,869512,48591,629
"06071",5,"54199",77,0,2013,2,"","San Bernardino County, California","Private","All other professional and technical services","County, NAICS 5-digit -- by ownership sector","All establishment sizes",21,201,242,256,1699429,625696,33900,561
"06071",5,"54199",77,0,2013,3,"","San Bernardino County, California","Private","All other professional and technical services","County, NAICS 5-digit -- by ownership sector","All establishment sizes",21,253,258,279,1899298,546905,30059,555
"06071",5,"541990",78,0,2013,1,"","San Bernardino County, California","Private","All other professional and technical services","County, NAICS 6-digit -- by ownership sector","All establishment sizes",19,143,155,185,1316999,869512,48591,629
"06071",5,"541990",78,0,2013,2,"","San Bernardino County, California","Private","All other professional and technical services","County, NAICS 6-digit -- by ownership sector","All establishment sizes",21,201,242,256,1699429,625696,33900,561
"06071",5,"541990",78,0,2013,3,"","San Bernardino County, California","Private","All other professional and technical services","County, NAICS 6-digit -- by ownership sector","All establishment sizes",21,253,258,279,1899298,546905,30059,555
"06071",5,"55",74,0,2013,1,"","San Bernardino County, California","Private","Management of companies and enterprises","County, NAICS Sector -- by ownership sector","All establishment sizes",125,5624,5612,5631,97881957,51008976,2298997,1339
"06071",5,"55",74,0,2013,2,"","San Bernardino County, California","Private","Management of companies and enterprises","County, NAICS Sector -- by ownership sector","All establishment sizes",122,5543,5635,5630,89073414,12060719,515210,1223
"06071",5,"55",74,0,2013,3,"","San Bernardino County, California","Private","Management of companies and enterprises","County, NAICS Sector -- by ownership sector","All establishment sizes",122,5566,5607,5572,87217181,5646821,255087,1202
"06071",5,"551",75,0,2013,1,"","San Bernardino County, California","Private","Management of companies and enterprises","County, NAICS 3-digit -- by ownership sector","All establishment sizes",125,5624,5612,5631,97881957,51008976,2298997,1339
"06071",5,"551",75,0,2013,2,"","San Bernardino County, California","Private","Management of companies and enterprises","County, NAICS 3-digit -- by ownership sector","All establishment sizes",122,5543,5635,5630,89073414,12060719,515210,1223
"06071",5,"551",75,0,2013,3,"","San Bernardino County, California","Private","Management of companies and enterprises","County, NAICS 3-digit -- by ownership sector","All establishment sizes",122,5566,5607,5572,87217181,5646821,255087,1202
"06071",5,"5511",76,0,2013,1,"","San Bernardino County, California","Private","Management of companies and enterprises","County, NAICS 4-digit -- by ownership sector","All establishment sizes",125,5624,5612,5631,97881957,51008976,2298997,1339
"06071",5,"5511",76,0,2013,2,"","San Bernardino County, California","Private","Management of companies and enterprises","County, NAICS 4-digit -- by ownership sector","All establishment sizes",122,5543,5635,5630,89073414,12060719,515210,1223
"06071",5,"5511",76,0,2013,3,"","San Bernardino County, California","Private","Management of companies and enterprises","County, NAICS 4-digit -- by ownership sector","All establishment sizes",122,5566,5607,5572,87217181,5646821,255087,1202
"06071",5,"55111",77,0,2013,1,"","San Bernardino County, California","Private","Management of companies and enterprises","County, NAICS 5-digit -- by ownership sector","All establishment sizes",125,5624,5612,5631,97881957,51008976,2298997,1339
"06071",5,"55111",77,0,2013,2,"","San Bernardino County, California","Private","Management of companies and enterprises","County, NAICS 5-digit -- by ownership sector","All establishment sizes",122,5543,5635,5630,89073414,12060719,515210,1223
"06071",5,"55111",77,0,2013,3,"","San Bernardino County, California","Private","Management of companies and enterprises","County, NAICS 5-digit -- by ownership sector","All establishment sizes",122,5566,5607,5572,87217181,5646821,255087,1202
"06071",5,"551111",78,0,2013,1,"N","San Bernardino County, California","Private","Offices of bank holding companies","County, NAICS 6-digit -- by ownership sector","All establishment sizes",1,0,0,0,0,0,0,0
"06071",5,"551111",78,0,2013,2,"N","San Bernardino County, California","Private","Offices of bank holding companies","County, NAICS 6-digit -- by ownership sector","All establishment sizes",1,0,0,0,0,0,0,0
"06071",5,"551111",78,0,2013,3,"N","San Bernardino County, California","Private","Offices of bank holding companies","County, NAICS 6-digit -- by ownership sector","All establishment sizes",2,0,0,0,0,0,0,0
"06071",5,"551112",78,0,2013,1,"N","San Bernardino County, California","Private","Offices of other holding companies","County, NAICS 6-digit -- by ownership sector","All establishment sizes",6,0,0,0,0,0,0,0
"06071",5,"551112",78,0,2013,2,"N","San Bernardino County, California","Private","Offices of other holding companies","County, NAICS 6-digit -- by ownership sector","All establishment sizes",6,0,0,0,0,0,0,0
"06071",5,"551112",78,0,2013,3,"N","San Bernardino County, California","Private","Offices of other holding companies","County, NAICS 6-digit -- by ownership sector","All establishment sizes",6,0,0,0,0,0,0,0
"06071",5,"551114",78,0,2013,1,"","San Bernardino County, California","Private","Managing offices","County, NAICS 6-digit -- by ownership sector","All establishment sizes",118,5542,5532,5553,97223403,50522597,2279148,1349
"06071",5,"551114",78,0,2013,2,"","San Bernardino County, California","Private","Managing offices","County, NAICS 6-digit -- by ownership sector","All establishment sizes",115,5472,5515,5511,88251338,11861839,507373,1234
"06071",5,"551114",78,0,2013,3,"","San Bernardino County, California","Private","Managing offices","County, NAICS 6-digit -- by ownership sector","All establishment sizes",114,5455,5504,5471,86258062,5495709,249060,1212
"06071",5,"56",74,0,2013,1,"","San Bernardino County, California","Private","Administrative and waste services","County, NAICS Sector -- by ownership sector","All establishment sizes",1565,44771,46761,45311,308280721,213862894,11772495,520
"06071",5,"56",74,0,2013,2,"","San Bernardino County, California","Private","Administrative and waste services","County, NAICS Sector -- by ownership sector","All establishment sizes",1594,47398,48352,49222,324667828,102589044,5595652,517
"06071",5,"56",74,0,2013,3,"","San Bernardino County, California","Private","Administrative and waste services","County, NAICS Sector -- by ownership sector","All establishment sizes",1608,48959,50685,51700,342865396,75702604,4112246,523
"06071",5,"561",75,0,2013,1,"","San Bernardino County, California","Private","Administrative and support services","County, NAICS 3-digit -- by ownership sector","All establishment sizes",1443,42698,44657,43170,282958168,200288094,11007130,500
"06071",5,"561",75,0,2013,2,"","San Bernardino County, California","Private","Administrative and support services","County, NAICS 3-digit -- by ownership sector","All establishment sizes",1470,45189,46158,46967,299455681,100433149,5486653,500
"06071",5,"561",75,0,2013,3,"","San Bernardino County, California","Private","Administrative and support services","County, NAICS 3-digit -- by ownership sector","All establishment sizes",1481,46799,48523,49505,316437105,74407567,4044123,504
"06071",5,"5611",76,0,2013,1,"","San Bernardino County, California","Private","Office administrative services","County, NAICS 4-digit -- by ownership sector","All establishment sizes",200,3599,3695,3817,43249719,21326121,1018276,898
"06071",5,"5611",76,0,2013,2,"","San Bernardino County, California","Private","Office administrative services","County, NAICS 4-digit -- by ownership sector","All establishment sizes",204,3752,3753,3769,41433006,5002616,221023,848
"06071",5,"5611",76,0,2013,3,"","San Bernardino County, California","Private","Office administrative services","County, NAICS 4-digit -- by ownership sector","All establishment sizes",203,3587,3790,3908,40655409,2875959,120727,831
"06071",5,"56111",77,0,2013,1,"","San Bernardino County, California","Private","Office administrative services","County, NAICS 5-digit -- by ownership sector","All establishment sizes",200,3599,3695,3817,43249719,21326121,1018276,898
"06071",5,"56111",77,0,2013,2,"","San Bernardino County, California","Private","Office administrative services","County, NAICS 5-digit -- by ownership sector","All establishment sizes",204,3752,3753,3769,41433006,5002616,221023,848
"06071",5,"56111",77,0,2013,3,"","San Bernardino County, California","Private","Office administrative services","County, NAICS 5-digit -- by ownership sector","All establishment sizes",203,3587,3790,3908,40655409,2875959,120727,831
"06071",5,"561110",78,0,2013,1,"","San Bernardino County, California","Private","Office administrative services","County, NAICS 6-digit -- by ownership sector","All establishment sizes",200,3599,3695,3817,43249719,21326121,1018276,898
"06071",5,"561110",78,0,2013,2,"","San Bernardino County, California","Private","Office administrative services","County, NAICS 6-digit -- by ownership sector","All establishment sizes",204,3752,3753,3769,41433006,5002616,221023,848
"06071",5,"561110",78,0,2013,3,"","San Bernardino County, California","Private","Office administrative services","County, NAICS 6-digit -- by ownership sector","All establishment sizes",203,3587,3790,3908,40655409,2875959,120727,831
"06071",5,"5612",76,0,2013,1,"","San Bernardino County, California","Private","Facilities support services","County, NAICS 4-digit -- by ownership sector","All establishment sizes",17,1824,2112,1729,22888532,11537607,638156,932
"06071",5,"5612",76,0,2013,2,"","San Bernardino County, California","Private","Facilities support services","County, NAICS 4-digit -- by ownership sector","All establishment sizes",16,1868,1870,1921,22077160,2770065,155145,900
"06071",5,"5612",76,0,2013,3,"","San Bernardino County, California","Private","Facilities support services","County, NAICS 4-digit -- by ownership sector","All establishment sizes",16,1785,1785,1613,20899115,962171,53348,931
"06071",5,"56121",77,0,2013,1,"","San Bernardino County, California","Private","Facilities support services","County, NAICS 5-digit -- by ownership sector","All establishment sizes",17,1824,2112,1729,22888532,11537607,638156,932
"06071",5,"56121",77,0,2013,2,"","San Bernardino County, California","Private","Facilities support services","County, NAICS 5-digit -- by ownership sector","All establishment sizes",16,1868,1870,1921,22077160,2770065,155145,900
"06071",5,"56121",77,0,2013,3,"","San Bernardino County, California","Private","Facilities support services","County, NAICS 5-digit -- by ownership sector","All establishment sizes",16,1785,1785,1613,20899115,962171,53348,931
"06071",5,"561210",78,0,2013,1,"","San Bernardino County, California","Private","Facilities support services","County, NAICS 6-digit -- by ownership sector","All establishment sizes",17,1824,2112,1729,22888532,11537607,638156,932
"06071",5,"561210",78,0,2013,2,"","San Bernardino County, California","Private","Facilities support services","County, NAICS 6-digit -- by ownership sector","All establishment sizes",16,1868,1870,1921,22077160,2770065,155145,900
"06071",5,"561210",78,0,2013,3,"","San Bernardino County, California","Private","Facilities support services","County, NAICS 6-digit -- by ownership sector","All establishment sizes",16,1785,1785,1613,20899115,962171,53348,931
"06071",5,"5613",76,0,2013,1,"","San Bernardino County, California","Private","Employment services","County, NAICS 4-digit -- by ownership sector","All establishment sizes",222,24276,25951,24738,126938697,103675341,5955368,391
"06071",5,"5613",76,0,2013,2,"","San Bernardino County, California","Private","Employment services","County, NAICS 4-digit -- by ownership sector","All establishment sizes",224,26207,27104,27803,141517392,68679953,3889479,403
"06071",5,"5613",76,0,2013,3,"","San Bernardino County, California","Private","Employment services","County, NAICS 4-digit -- by ownership sector","All establishment sizes",226,27968,29024,29886,155670714,55346437,3096271,413
"06071",5,"56131",77,0,2013,1,"","San Bernardino County, California","Private","Employment placement and executive search","County, NAICS 5-digit -- by ownership sector","All establishment sizes",31,2774,2803,2701,18374448,12871200,746693,512
"06071",5,"56131",77,0,2013,2,"","San Bernardino County, California","Private","Employment placement and executive search","County, NAICS 5-digit -- by ownership sector","All establishment sizes",32,3055,3070,3198,21056968,7064831,396796,521
"06071",5,"56131",77,0,2013,3,"","San Bernardino County, California","Private","Employment placement and executive search","County, NAICS 5-digit -- by ownership sector","All establishment sizes",33,2892,3018,3152,22357582,6006458,321535,569
"06071",5,"561311",78,0,2013,1,"N","San Bernardino County, California","Private","Employment placement agencies","County, NAICS 6-digit -- by ownership sector","All establishment sizes",28,0,0,0,0,0,0,0
"06071",5,"561311",78,0,2013,2,"N","San Bernardino County, California","Private","Employment placement agencies","County, NAICS 6-digit -- by ownership sector","All establishment sizes",28,0,0,0,0,0,0,0
"06071",5,"561311",78,0,2013,3,"N","San Bernardino County, California","Private","Employment placement agencies","County, NAICS 6-digit -- by ownership sector","All establishment sizes",29,0,0,0,0,0,0,0
"06071",5,"561312",78,0,2013,1,"N","San Bernardino County, California","Private","Executive search services","County, NAICS 6-digit -- by ownership sector","All establishment sizes",3,0,0,0,0,0,0,0
"06071",5,"561312",78,0,2013,2,"N","San Bernardino County, California","Private","Executive search services","County, NAICS 6-digit -- by ownership sector","All establishment sizes",4,0,0,0,0,0,0,0
"06071",5,"561312",78,0,2013,3,"N","San Bernardino County, California","Private","Executive search services","County, NAICS 6-digit -- by ownership sector","All establishment sizes",4,0,0,0,0,0,0,0
"06071",5,"56132",77,0,2013,1,"","San Bernardino County, California","Private","Temporary help services","County, NAICS 5-digit -- by ownership sector","All establishment sizes",154,19437,21104,20028,93183247,80755346,4682762,355
"06071",5,"56132",77,0,2013,2,"","San Bernardino County, California","Private","Temporary help services","County, NAICS 5-digit -- by ownership sector","All establishment sizes",156,21240,22138,22720,104345417,57928956,3281254,364
"06071",5,"56132",77,0,2013,3,"","San Bernardino County, California","Private","Temporary help services","County, NAICS 5-digit -- by ownership sector","All establishment sizes",155,23089,23655,24262,115329408,46011984,2571219,375
"06071",5,"561320",78,0,2013,1,"","San Bernardino County, California","Private","Temporary help services","County, NAICS 6-digit -- by ownership sector","All establishment sizes",154,19437,21104,20028,93183247,80755346,4682762,355
"06071",5,"561320",78,0,2013,2,"","San Bernardino County, California","Private","Temporary help services","County, NAICS 6-digit -- by ownership sector","All establishment sizes",156,21240,22138,22720,104345417,57928956,3281254,364
"06071",5,"561320",78,0,2013,3,"","San Bernardino County, California","Private","Temporary help services","County, NAICS 6-digit -- by ownership sector","All establishment sizes",155,23089,23655,24262,115329408,46011984,2571219,375
"06071",5,"56133",77,0,2013,1,"","San Bernardino County, California","Private","Professional employer organizations","County, NAICS 5-digit -- by ownership sector","All establishment sizes",37,2065,2044,2009,15381002,10048795,525913,580
"06071",5,"56133",77,0,2013,2,"","San Bernardino County, California","Private","Professional employer organizations","County, NAICS 5-digit -- by ownership sector","All establishment sizes",36,1912,1896,1885,16115007,3686166,211429,653
"06071",5,"56133",77,0,2013,3,"","San Bernardino County, California","Private","Professional employer organizations","County, NAICS 5-digit -- by ownership sector","All establishment sizes",38,1987,2351,2472,17983724,3327995,203517,609
"06071",5,"561330",78,0,2013,1,"","San Bernardino County, California","Private","Professional employer organizations","County, NAICS 6-digit -- by ownership sector","All establishment sizes",37,2065,2044,2009,15381002,10048795,525913,580
"06071",5,"561330",78,0,2013,2,"","San Bernardino County, California","Private","Professional employer organizations","County, NAICS 6-digit -- by ownership sector","All establishment sizes",36,1912,1896,1885,16115007,3686166,211429,653
"06071",5,"561330",78,0,2013,3,"","San Bernardino County, California","Private","Professional employer organizations","County, NAICS 6-digit -- by ownership sector","All establishment sizes",38,1987,2351,2472,17983724,3327995,203517,609
"06071",5,"5614",76,0,2013,1,"","San Bernardino County, California","Private","Business support services","County, NAICS 4-digit -- by ownership sector","All establishment sizes",122,1166,1180,1186,10675649,6171873,338936,698
"06071",5,"5614",76,0,2013,2,"","San Bernardino County, California","Private","Business support services","County, NAICS 4-digit -- by ownership sector","All establishment sizes",129,1223,1238,1226,11190983,1890005,92350,700
"06071",5,"5614",76,0,2013,3,"","San Bernardino County, California","Private","Business support services","County, NAICS 4-digit -- by ownership sector","All establishment sizes",133,1185,1267,1233,11251453,1252805,60926,705
"06071",5,"56141",77,0,2013,1,"N","San Bernardino County, California","Private","Document preparation services","County, NAICS 5-digit -- by ownership sector","All establishment sizes",11,0,0,0,0,0,0,0
"06071",5,"56141",77,0,2013,2,"N","San Bernardino County, California","Private","Document preparation services","County, NAICS 5-digit -- by ownership sector","All establishment sizes",12,0,0,0,0,0,0,0
"06071",5,"56141",77,0,2013,3,"N","San Bernardino County, California","Private","Document preparation services","County, NAICS 5-digit -- by ownership sector","All establishment sizes",12,0,0,0,0,0,0,0
"06071",5,"561410",78,0,2013,1,"N","San Bernardino County, California","Private","Document preparation services","County, NAICS 6-digit -- by ownership sector","All establishment sizes",11,0,0,0,0,0,0,0
"06071",5,"561410",78,0,2013,2,"N","San Bernardino County, California","Private","Document preparation services","County, NAICS 6-digit -- by ownership sector","All establishment sizes",12,0,0,0,0,0,0,0
"06071",5,"561410",78,0,2013,3,"N","San Bernardino County, California","Private","Document preparation services","County, NAICS 6-digit -- by ownership sector","All establishment sizes",12,0,0,0,0,0,0,0
"06071",5,"56142",77,0,2013,1,"","San Bernardino County, California","Private","Telephone call centers","County, NAICS 5-digit -- by ownership sector","All establishment sizes",14,318,328,320,3395023,1646443,101846,811
"06071",5,"56142",77,0,2013,2,"","San Bernardino County, California","Private","Telephone call centers","County, NAICS 5-digit -- by ownership sector","All establishment sizes",15,314,313,306,3175524,338928,20755,785
"06071",5,"56142",77,0,2013,3,"","San Bernardino County, California","Private","Telephone call centers","County, NAICS 5-digit -- by ownership sector","All establishment sizes",16,275,333,320,3530484,374840,20410,878
"06071",5,"561421",78,0,2013,1,"","San Bernardino County, California","Private","Telephone answering services","County, NAICS 6-digit -- by ownership sector","All establishment sizes",5,29,31,31,260316,166882,10184,660
"06071",5,"561421",78,0,2013,2,"","San Bernardino County, California","Private","Telephone answering services","County, NAICS 6-digit -- by ownership sector","All establishment sizes",5,31,28,28,209263,31444,1749,555
"06071",5,"561421",78,0,2013,3,"","San Bernardino County, California","Private","Telephone answering services","County, NAICS 6-digit -- by ownership sector","All establishment sizes",5,29,29,31,237121,40695,2435,615
"06071",5,"561422",78,0,2013,1,"","San Bernardino County, California","Private","Telemarketing and other contact centers","County, NAICS 6-digit -- by ownership sector","All establishment sizes",9,289,297,289,3134707,1479561,91662,827
"06071",5,"561422",78,0,2013,2,"","San Bernardino County, California","Private","Telemarketing and other contact centers","County, NAICS 6-digit -- by ownership sector","All establishment sizes",10,283,285,278,2966261,307484,19006,809
"06071",5,"561422",78,0,2013,3,"","San Bernardino County, California","Private","Telemarketing and other contact centers","County, NAICS 6-digit -- by ownership sector","All establishment sizes",11,246,304,289,3293363,334145,17975,906
"06071",5,"56143",77,0,2013,1,"","San Bernardino County, California","Private","Business service centers","County, NAICS 5-digit -- by ownership sector","All establishment sizes",46,332,342,348,2609833,1719763,93198,589
"06071",5,"56143",77,0,2013,2,"","San Bernardino County, California","Private","Business service centers","County, NAICS 5-digit -- by ownership sector","All establishment sizes",49,342,344,353,2929888,641456,31727,651
"06071",5,"56143",77,0,2013,3,"","San Bernardino County, California","Private","Business service centers","County, NAICS 5-digit -- by ownership sector","All establishment sizes",50,354,367,362,2861452,333984,16911,610
"06071",5,"561431",78,0,2013,1,"","San Bernardino County, California","Private","Private mail centers","County, NAICS 6-digit -- by ownership sector","All establishment sizes",20,115,119,125,1153646,535145,26217,742
"06071",5,"561431",78,0,2013,2,"","San Bernardino County, California","Private","Private mail centers","County, NAICS 6-digit -- by ownership sector","All establishment sizes",22,115,120,121,1098048,222894,8866,712
"06071",5,"561431",78,0,2013,3,"","San Bernardino County, California","Private","Private mail centers","County, NAICS 6-digit -- by ownership sector","All establishment sizes",23,111,123,129,1080136,112917,4654,687
"06071",5,"561439",78,0,2013,1,"","San Bernardino County, California","Private","Other business service centers","County, NAICS 6-digit -- by ownership sector","All establishment sizes",26,217,223,223,1456187,1184618,66981,507
"06071",5,"561439",78,0,2013,2,"","San Bernardino County, California","Private","Other business service centers","County, NAICS 6-digit -- by ownership sector","All establishment sizes",27,227,224,232,1831840,418562,22861,619
"06071",5,"561439",78,0,2013,3,"","San Bernardino County, California","Private","Other business service centers","County, NAICS 6-digit -- by ownership sector","All establishment sizes",27,243,244,233,1781316,221067,12257,571
"06071",5,"56144",77,0,2013,1,"","San Bernardino County, California","Private","Collection agencies","County, NAICS 5-digit -- by ownership sector","All establishment sizes",13,257,256,257,2251640,1456765,75116,675
"06071",5,"56144",77,0,2013,2,"","San Bernardino County, California","Private","Collection agencies","County, NAICS 5-digit -- by ownership sector","All establishment sizes",13,286,290,285,2302045,416231,18534,617
"06071",5,"56144",77,0,2013,3,"","San Bernardino County, California","Private","Collection agencies","County, NAICS 5-digit -- by ownership sector","All establishment sizes",14,279,280,278,2329311,229949,10435,642
"06071",5,"561440",78,0,2013,1,"","San Bernardino County, California","Private","Collection agencies","County, NAICS 6-digit -- by ownership sector","All establishment sizes",13,257,256,257,2251640,1456765,75116,675
"06071",5,"561440",78,0,2013,2,"","San Bernardino County, California","Private","Collection agencies","County, NAICS 6-digit -- by ownership sector","All establishment sizes",13,286,290,285,2302045,416231,18534,617
"06071",5,"561440",78,0,2013,3,"","San Bernardino County, California","Private","Collection agencies","County, NAICS 6-digit -- by ownership sector","All establishment sizes",14,279,280,278,2329311,229949,10435,642
"06071",5,"56145",77,0,2013,1,"N","San Bernardino County, California","Private","Credit bureaus","County, NAICS 5-digit -- by ownership sector","All establishment sizes",1,0,0,0,0,0,0,0
"06071",5,"56145",77,0,2013,2,"N","San Bernardino County, California","Private","Credit bureaus","County, NAICS 5-digit -- by ownership sector","All establishment sizes",1,0,0,0,0,0,0,0
"06071",5,"56145",77,0,2013,3,"N","San Bernardino County, California","Private","Credit bureaus","County, NAICS 5-digit -- by ownership sector","All establishment sizes",1,0,0,0,0,0,0,0
"06071",5,"561450",78,0,2013,1,"N","San Bernardino County, California","Private","Credit bureaus","County, NAICS 6-digit -- by ownership sector","All establishment sizes",1,0,0,0,0,0,0,0
"06071",5,"561450",78,0,2013,2,"N","San Bernardino County, California","Private","Credit bureaus","County, NAICS 6-digit -- by ownership sector","All establishment sizes",1,0,0,0,0,0,0,0
"06071",5,"561450",78,0,2013,3,"N","San Bernardino County, California","Private","Credit bureaus","County, NAICS 6-digit -- by ownership sector","All establishment sizes",1,0,0,0,0,0,0,0
"06071",5,"56149",77,0,2013,1,"","San Bernardino County, California","Private","Other business support services","County, NAICS 5-digit -- by ownership sector","All establishment sizes",37,198,196,206,1718167,1014025,52491,661
"06071",5,"56149",77,0,2013,2,"","San Bernardino County, California","Private","Other business support services","County, NAICS 5-digit -- by ownership sector","All establishment sizes",39,217,220,206,1843722,351190,15255,662
"06071",5,"56149",77,0,2013,3,"","San Bernardino County, California","Private","Other business support services","County, NAICS 5-digit -- by ownership sector","All establishment sizes",40,199,204,194,1695872,187898,7622,656
"06071",5,"561491",78,0,2013,1,"","San Bernardino County, California","Private","Repossession services","County, NAICS 6-digit -- by ownership sector","All establishment sizes",6,30,31,35,181211,142044,8255,436
"06071",5,"561491",78,0,2013,2,"","San Bernardino County, California","Private","Repossession services","County, NAICS 6-digit -- by ownership sector","All establishment sizes",7,33,39,34,196638,63005,3099,428
"06071",5,"561491",78,0,2013,3,"","San Bernardino County, California","Private","Repossession services","County, NAICS 6-digit -- by ownership sector","All establishment sizes",8,20,16,16,165080,18294,791,733
"06071",5,"561492",78,0,2013,1,"","San Bernardino County, California","Private","Court reporting and stenotype services","County, NAICS 6-digit -- by ownership sector","All establishment sizes",10,58,58,56,424858,314998,15461,570
"06071",5,"561492",78,0,2013,2,"","San Bernardino County, California","Private","Court reporting and stenotype services","County, NAICS 6-digit -- by ownership sector","All establishment sizes",10,60,58,55,422051,34664,1506,563
"06071",5,"561492",78,0,2013,3,"","San Bernardino County, California","Private","Court reporting and stenotype services","County, NAICS 6-digit -- by ownership sector","All establishment sizes",10,54,55,51,398630,11678,478,575
"06071",5,"561499",78,0,2013,1,"","San Bernardino County, California","Private","All other business support services","County, NAICS 6-digit -- by ownership sector","All establishment sizes",21,110,107,115,1112098,556983,28775,773
"06071",5,"561499",78,0,2013,2,"","San Bernardino County, California","Private","All other business support services","County, NAICS 6-digit -- by ownership sector","All establishment sizes",22,124,123,117,1225033,253521,10650,777
"06071",5,"561499",78,0,2013,3,"","San Bernardino County, California","Private","All other business support services","County, NAICS 6-digit -- by ownership sector","All establishment sizes",22,125,133,127,1132162,157926,6353,679
"06071",5,"5615",76,0,2013,1,"","San Bernardino County, California","Private","Travel arrangement and reservation services","County, NAICS 4-digit -- by ownership sector","All establishment sizes",36,331,350,370,4030048,1564143,83540,885
"06071",5,"5615",76,0,2013,2,"","San Bernardino County, California","Private","Travel arrangement and reservation services","County, NAICS 4-digit -- by ownership sector","All establishment sizes",37,382,379,385,4123886,419838,17312,830
"06071",5,"5615",76,0,2013,3,"","San Bernardino County, California","Private","Travel arrangement and reservation services","County, NAICS 4-digit -- by ownership sector","All establishment sizes",37,391,386,379,3836276,237633,10171,766
"06071",5,"56151",77,0,2013,1,"","San Bernardino County, California","Private","Travel agencies","County, NAICS 5-digit -- by ownership sector","All establishment sizes",22,57,58,59,353049,256828,9138,468
"06071",5,"56151",77,0,2013,2,"","San Bernardino County, California","Private","Travel agencies","County, NAICS 5-digit -- by ownership sector","All establishment sizes",24,61,65,68,654937,155387,5587,779
"06071",5,"56151",77,0,2013,3,"","San Bernardino County, California","Private","Travel agencies","County, NAICS 5-digit -- by ownership sector","All establishment sizes",24,68,68,63,387605,56359,2034,449
"06071",5,"561510",78,0,2013,1,"","San Bernardino County, California","Private","Travel agencies","County, NAICS 6-digit -- by ownership sector","All establishment sizes",22,57,58,59,353049,256828,9138,468
"06071",5,"561510",78,0,2013,2,"","San Bernardino County, California","Private","Travel agencies","County, NAICS 6-digit -- by ownership sector","All establishment sizes",24,61,65,68,654937,155387,5587,779
"06071",5,"561510",78,0,2013,3,"","San Bernardino County, California","Private","Travel agencies","County, NAICS 6-digit -- by ownership sector","All establishment sizes",24,68,68,63,387605,56359,2034,449
"06071",5,"56152",77,0,2013,1,"N","San Bernardino County, California","Private","Tour operators","County, NAICS 5-digit -- by ownership sector","All establishment sizes",3,0,0,0,0,0,0,0
"06071",5,"56152",77,0,2013,2,"N","San Bernardino County, California","Private","Tour operators","County, NAICS 5-digit -- by ownership sector","All establishment sizes",3,0,0,0,0,0,0,0
"06071",5,"56152",77,0,2013,3,"N","San Bernardino County, California","Private","Tour operators","County, NAICS 5-digit -- by ownership sector","All establishment sizes",3,0,0,0,0,0,0,0
"06071",5,"561520",78,0,2013,1,"N","San Bernardino County, California","Private","Tour operators","County, NAICS 6-digit -- by ownership sector","All establishment sizes",3,0,0,0,0,0,0,0
"06071",5,"561520",78,0,2013,2,"N","San Bernardino County, California","Private","Tour operators","County, NAICS 6-digit -- by ownership sector","All establishment sizes",3,0,0,0,0,0,0,0
"06071",5,"561520",78,0,2013,3,"N","San Bernardino County, California","Private","Tour operators","County, NAICS 6-digit -- by ownership sector","All establishment sizes",3,0,0,0,0,0,0,0
"06071",5,"56159",77,0,2013,1,"N","San Bernardino County, California","Private","Other travel arrangement services","County, NAICS 5-digit -- by ownership sector","All establishment sizes",11,0,0,0,0,0,0,0
"06071",5,"56159",77,0,2013,2,"N","San Bernardino County, California","Private","Other travel arrangement services","County, NAICS 5-digit -- by ownership sector","All establishment sizes",10,0,0,0,0,0,0,0
"06071",5,"56159",77,0,2013,3,"N","San Bernardino County, California","Private","Other travel arrangement services","County, NAICS 5-digit -- by ownership sector","All establishment sizes",10,0,0,0,0,0,0,0
"06071",5,"561591",78,0,2013,1,"","San Bernardino County, California","Private","Convention and visitors bureaus","County, NAICS 6-digit -- by ownership sector","All establishment sizes",3,9,9,8,71366,35544,2085,633
"06071",5,"561591",78,0,2013,2,"N","San Bernardino County, California","Private","Convention and visitors bureaus","County, NAICS 6-digit -- by ownership sector","All establishment sizes",2,0,0,0,0,0,0,0
"06071",5,"561591",78,0,2013,3,"N","San Bernardino County, California","Private","Convention and visitors bureaus","County, NAICS 6-digit -- by ownership sector","All establishment sizes",2,0,0,0,0,0,0,0
"06071",5,"561599",78,0,2013,1,"N","San Bernardino County, California","Private","All other travel arrangement services","County, NAICS 6-digit -- by ownership sector","All establishment sizes",8,0,0,0,0,0,0,0
"06071",5,"561599",78,0,2013,2,"N","San Bernardino County, California","Private","All other travel arrangement services","County, NAICS 6-digit -- by ownership sector","All establishment sizes",8,0,0,0,0,0,0,0
"06071",5,"561599",78,0,2013,3,"N","San Bernardino County, California","Private","All other travel arrangement services","County, NAICS 6-digit -- by ownership sector","All establishment sizes",8,0,0,0,0,0,0,0
"06071",5,"5616",76,0,2013,1,"","San Bernardino County, California","Private","Investigation and security services","County, NAICS 4-digit -- by ownership sector","All establishment sizes",141,3938,3893,3901,25826267,19062762,1094617,508
"06071",5,"5616",76,0,2013,2,"","San Bernardino County, California","Private","Investigation and security services","County, NAICS 4-digit -- by ownership sector","All establishment sizes",145,4053,4049,4113,25514967,6241358,338972,482
"06071",5,"5616",76,0,2013,3,"","San Bernardino County, California","Private","Investigation and security services","County, NAICS 4-digit -- by ownership sector","All establishment sizes",146,4124,4152,4208,26887824,4157830,223321,497
"06071",5,"56161",77,0,2013,1,"","San Bernardino County, California","Private","Security and armored car services","County, NAICS 5-digit -- by ownership sector","All establishment sizes",99,3422,3381,3397,18985775,15720531,907993,430
"06071",5,"56161",77,0,2013,2,"","San Bernardino County, California","Private","Security and armored car services","County, NAICS 5-digit -- by ownership sector","All establishment sizes",101,3540,3518,3570,19331908,5799995,317163,420
"06071",5,"56161",77,0,2013,3,"","San Bernardino County, California","Private","Security and armored car services","County, NAICS 5-digit -- by ownership sector","All establishment sizes",102,3577,3585,3648,19704906,3643966,196735,421
"06071",5,"561611",78,0,2013,1,"","San Bernardino County, California","Private","Investigation services","County, NAICS 6-digit -- by ownership sector","All establishment sizes",21,67,71,69,551401,352315,16255,615
"06071",5,"561611",78,0,2013,2,"","San Bernardino County, California","Private","Investigation services","County, NAICS 6-digit -- by ownership sector","All establishment sizes",21,63,69,67,573022,117208,5894,665
"06071",5,"561611",78,0,2013,3,"","San Bernardino County, California","Private","Investigation services","County, NAICS 6-digit -- by ownership sector","All establishment sizes",22,67,71,74,557685,63317,2877,607
"06071",5,"561612",78,0,2013,1,"","San Bernardino County, California","Private","Security guards and patrol services","County, NAICS 6-digit -- by ownership sector","All establishment sizes",73,2993,2949,2957,15242091,13054089,751738,395
"06071",5,"561612",78,0,2013,2,"","San Bernardino County, California","Private","Security guards and patrol services","County, NAICS 6-digit -- by ownership sector","All establishment sizes",75,3102,3085,3143,15205182,5439960,296756,376
"06071",5,"561612",78,0,2013,3,"","San Bernardino County, California","Private","Security guards and patrol services","County, NAICS 6-digit -- by ownership sector","All establishment sizes",75,3159,3160,3216,16105955,3420193,184280,390
"06071",5,"561613",78,0,2013,1,"","San Bernardino County, California","Private","Armored car services","County, NAICS 6-digit -- by ownership sector","All establishment sizes",5,362,361,371,3192283,2314127,140000,673
"06071",5,"561613",78,0,2013,2,"","San Bernardino County, California","Private","Armored car services","County, NAICS 6-digit -- by ownership sector","All establishment sizes",5,375,364,360,3553704,242827,14513,746
"06071",5,"561613",78,0,2013,3,"","San Bernardino County, California","Private","Armored car services","County, NAICS 6-digit -- by ownership sector","All establishment sizes",5,351,354,358,3041266,160456,9578,660
"06071",5,"56162",77,0,2013,1,"","San Bernardino County, California","Private","Security systems services","County, NAICS 5-digit -- by ownership sector","All establishment sizes",42,516,512,504,6840492,3342231,186624,1030
"06071",5,"56162",77,0,2013,2,"","San Bernardino County, California","Private","Security systems services","County, NAICS 5-digit -- by ownership sector","All establishment sizes",44,513,531,543,6183059,441363,21809,899
"06071",5,"56162",77,0,2013,3,"","San Bernardino County, California","Private","Security systems services","County, NAICS 5-digit -- by ownership sector","All establishment sizes",44,547,567,560,7182918,513864,26586,990
"06071",5,"561621",78,0,2013,1,"","San Bernardino County, California","Private","Security systems services, except locksmiths","County, NAICS 6-digit -- by ownership sector","All establishment sizes",28,472,468,459,6571133,3125074,176814,1084
"06071",5,"561621",78,0,2013,2,"","San Bernardino County, California","Private","Security systems services, except locksmiths","County, NAICS 6-digit -- by ownership sector","All establishment sizes",29,462,483,495,5860245,379134,19002,939
"06071",5,"561621",78,0,2013,3,"","San Bernardino County, California","Private","Security systems services, except locksmiths","County, NAICS 6-digit -- by ownership sector","All establishment sizes",29,499,521,511,6891082,484742,25320,1039
"06071",5,"561622",78,0,2013,1,"","San Bernardino County, California","Private","Locksmiths","County, NAICS 6-digit -- by ownership sector","All establishment sizes",14,44,44,45,269359,217157,9810,467
"06071",5,"561622",78,0,2013,2,"","San Bernardino County, California","Private","Locksmiths","County, NAICS 6-digit -- by ownership sector","All establishment sizes",15,51,48,48,322814,62229,2807,507
"06071",5,"561622",78,0,2013,3,"","San Bernardino County, California","Private","Locksmiths","County, NAICS 6-digit -- by ownership sector","All establishment sizes",15,48,46,49,291836,29122,1266,471
"06071",5,"5617",76,0,2013,1,"","San Bernardino County, California","Private","Services to buildings and dwellings","County, NAICS 4-digit -- by ownership sector","All establishment sizes",611,6700,6594,6560,43014018,32976169,1672957,500
"06071",5,"5617",76,0,2013,2,"","San Bernardino County, California","Private","Services to buildings and dwellings","County, NAICS 4-digit -- by ownership sector","All establishment sizes",620,6857,6905,6906,46920712,14207265,712109,524
"06071",5,"5617",76,0,2013,3,"","San Bernardino County, California","Private","Services to buildings and dwellings","County, NAICS 4-digit -- by ownership sector","All establishment sizes",625,6929,7264,7423,50054087,8703394,434685,534
"06071",5,"56171",77,0,2013,1,"","San Bernardino County, California","Private","Exterminating and pest control services","County, NAICS 5-digit -- by ownership sector","All establishment sizes",67,589,593,598,5975829,3742836,206134,775
"06071",5,"56171",77,0,2013,2,"","San Bernardino County, California","Private","Exterminating and pest control services","County, NAICS 5-digit -- by ownership sector","All establishment sizes",70,630,623,626,6387609,670493,34848,784
"06071",5,"56171",77,0,2013,3,"","San Bernardino County, California","Private","Exterminating and pest control services","County, NAICS 5-digit -- by ownership sector","All establishment sizes",71,626,640,631,6774025,423819,22178,824
"06071",5,"561710",78,0,2013,1,"","San Bernardino County, California","Private","Exterminating and pest control services","County, NAICS 6-digit -- by ownership sector","All establishment sizes",67,589,593,598,5975829,3742836,206134,775
"06071",5,"561710",78,0,2013,2,"","San Bernardino County, California","Private","Exterminating and pest control services","County, NAICS 6-digit -- by ownership sector","All establishment sizes",70,630,623,626,6387609,670493,34848,784
"06071",5,"561710",78,0,2013,3,"","San Bernardino County, California","Private","Exterminating and pest control services","County, NAICS 6-digit -- by ownership sector","All establishment sizes",71,626,640,631,6774025,423819,22178,824
"06071",5,"56172",77,0,2013,1,"","San Bernardino County, California","Private","Janitorial services","County, NAICS 5-digit -- by ownership sector","All establishment sizes",223,2278,2246,2255,11564715,9514108,477362,394
"06071",5,"56172",77,0,2013,2,"","San Bernardino County, California","Private","Janitorial services","County, NAICS 5-digit -- by ownership sector","All establishment sizes",224,2266,2285,2273,12292745,4881556,238054,416
"06071",5,"56172",77,0,2013,3,"","San Bernardino County, California","Private","Janitorial services","County, NAICS 5-digit -- by ownership sector","All establishment sizes",221,2213,2263,2211,12096723,1959515,87748,417
"06071",5,"561720",78,0,2013,1,"","San Bernardino County, California","Private","Janitorial services","County, NAICS 6-digit -- by ownership sector","All establishment sizes",223,2278,2246,2255,11564715,9514108,477362,394
"06071",5,"561720",78,0,2013,2,"","San Bernardino County, California","Private","Janitorial services","County, NAICS 6-digit -- by ownership sector","All establishment sizes",224,2266,2285,2273,12292745,4881556,238054,416
"06071",5,"561720",78,0,2013,3,"","San Bernardino County, California","Private","Janitorial services","County, NAICS 6-digit -- by ownership sector","All establishment sizes",221,2213,2263,2211,12096723,1959515,87748,417
"06071",5,"56173",77,0,2013,1,"","San Bernardino County, California","Private","Landscaping services","County, NAICS 5-digit -- by ownership sector","All establishment sizes",242,2832,2787,2837,18587818,14143743,707521,507
"06071",5,"56173",77,0,2013,2,"","San Bernardino County, California","Private","Landscaping services","County, NAICS 5-digit -- by ownership sector","All establishment sizes",244,2983,2999,3022,20921528,6077634,308970,536
"06071",5,"56173",77,0,2013,3,"","San Bernardino County, California","Private","Landscaping services","County, NAICS 5-digit -- by ownership sector","All establishment sizes",251,3044,3089,3112,22029702,3414750,176169,550
"06071",5,"561730",78,0,2013,1,"","San Bernardino County, California","Private","Landscaping services","County, NAICS 6-digit -- by ownership sector","All establishment sizes",242,2832,2787,2837,18587818,14143743,707521,507
"06071",5,"561730",78,0,2013,2,"","San Bernardino County, California","Private","Landscaping services","County, NAICS 6-digit -- by ownership sector","All establishment sizes",244,2983,2999,3022,20921528,6077634,308970,536
"06071",5,"561730",78,0,2013,3,"","San Bernardino County, California","Private","Landscaping services","County, NAICS 6-digit -- by ownership sector","All establishment sizes",251,3044,3089,3112,22029702,3414750,176169,550
"06071",5,"56174",77,0,2013,1,"","San Bernardino County, California","Private","Carpet and upholstery cleaning services","County, NAICS 5-digit -- by ownership sector","All establishment sizes",28,752,716,620,5051971,4231779,223841,558
"06071",5,"56174",77,0,2013,2,"","San Bernardino County, California","Private","Carpet and upholstery cleaning services","County, NAICS 5-digit -- by ownership sector","All establishment sizes",29,717,724,708,5306446,2061489,107379,570
"06071",5,"56174",77,0,2013,3,"","San Bernardino County, California","Private","Carpet and upholstery cleaning services","County, NAICS 5-digit -- by ownership sector","All establishment sizes",29,771,955,1153,6876165,2619695,135874,551
"06071",5,"561740",78,0,2013,1,"","San Bernardino County, California","Private","Carpet and upholstery cleaning services","County, NAICS 6-digit -- by ownership sector","All establishment sizes",28,752,716,620,5051971,4231779,223841,558
"06071",5,"561740",78,0,2013,2,"","San Bernardino County, California","Private","Carpet and upholstery cleaning services","County, NAICS 6-digit -- by ownership sector","All establishment sizes",29,717,724,708,5306446,2061489,107379,570
"06071",5,"561740",78,0,2013,3,"","San Bernardino County, California","Private","Carpet and upholstery cleaning services","County, NAICS 6-digit -- by ownership sector","All establishment sizes",29,771,955,1153,6876165,2619695,135874,551
"06071",5,"56179",77,0,2013,1,"","San Bernardino County, California","Private","Other services to buildings and dwellings","County, NAICS 5-digit -- by ownership sector","All establishment sizes",51,249,252,250,1833685,1343703,58099,563
"06071",5,"56179",77,0,2013,2,"","San Bernardino County, California","Private","Other services to buildings and dwellings","County, NAICS 5-digit -- by ownership sector","All establishment sizes",53,261,274,277,2012384,516093,22858,572
"06071",5,"56179",77,0,2013,3,"","San Bernardino County, California","Private","Other services to buildings and dwellings","County, NAICS 5-digit -- by ownership sector","All establishment sizes",53,275,317,316,2277472,285615,12716,579
"06071",5,"561790",78,0,2013,1,"","San Bernardino County, California","Private","Other services to buildings and dwellings","County, NAICS 6-digit -- by ownership sector","All establishment sizes",51,249,252,250,1833685,1343703,58099,563
"06071",5,"561790",78,0,2013,2,"","San Bernardino County, California","Private","Other services to buildings and dwellings","County, NAICS 6-digit -- by ownership sector","All establishment sizes",53,261,274,277,2012384,516093,22858,572
"06071",5,"561790",78,0,2013,3,"","San Bernardino County, California","Private","Other services to buildings and dwellings","County, NAICS 6-digit -- by ownership sector","All establishment sizes",53,275,317,316,2277472,285615,12716,579
"06071",5,"5619",76,0,2013,1,"","San Bernardino County, California","Private","Other support services","County, NAICS 4-digit -- by ownership sector","All establishment sizes",94,864,882,869,6335238,3974078,205280,559
"06071",5,"5619",76,0,2013,2,"","San Bernardino County, California","Private","Other support services","County, NAICS 4-digit -- by ownership sector","All establishment sizes",95,847,860,844,6677575,1222049,60263,604
"06071",5,"5619",76,0,2013,3,"","San Bernardino County, California","Private","Other support services","County, NAICS 4-digit -- by ownership sector","All establishment sizes",95,830,855,855,7182227,871338,44674,653
"06071",5,"56191",77,0,2013,1,"","San Bernardino County, California","Private","Packaging and labeling services","County, NAICS 5-digit -- by ownership sector","All establishment sizes",28,272,281,284,2765076,1535937,75308,762
"06071",5,"56191",77,0,2013,2,"","San Bernardino County, California","Private","Packaging and labeling services","County, NAICS 5-digit -- by ownership sector","All establishment sizes",29,267,269,276,2830316,308221,13541,804
"06071",5,"56191",77,0,2013,3,"","San Bernardino County, California","Private","Packaging and labeling services","County, NAICS 5-digit -- by ownership sector","All establishment sizes",30,269,284,283,3157244,205364,9145,872
"06071",5,"561910",78,0,2013,1,"","San Bernardino County, California","Private","Packaging and labeling services","County, NAICS 6-digit -- by ownership sector","All establishment sizes",28,272,281,284,2765076,1535937,75308,762
"06071",5,"561910",78,0,2013,2,"","San Bernardino County, California","Private","Packaging and labeling services","County, NAICS 6-digit -- by ownership sector","All establishment sizes",29,267,269,276,2830316,308221,13541,804
"06071",5,"561910",78,0,2013,3,"","San Bernardino County, California","Private","Packaging and labeling services","County, NAICS 6-digit -- by ownership sector","All establishment sizes",30,269,284,283,3157244,205364,9145,872
"06071",5,"56192",77,0,2013,1,"","San Bernardino County, California","Private","Convention and trade show organizers","County, NAICS 5-digit -- by ownership sector","All establishment sizes",7,181,181,198,926097,565456,34943,382
"06071",5,"56192",77,0,2013,2,"","San Bernardino County, California","Private","Convention and trade show organizers","County, NAICS 5-digit -- by ownership sector","All establishment sizes",7,176,172,164,1025842,229998,14163,462
"06071",5,"56192",77,0,2013,3,"","San Bernardino County, California","Private","Convention and trade show organizers","County, NAICS 5-digit -- by ownership sector","All establishment sizes",7,150,144,155,1177943,169262,10398,605
"06071",5,"561920",78,0,2013,1,"","San Bernardino County, California","Private","Convention and trade show organizers","County, NAICS 6-digit -- by ownership sector","All establishment sizes",7,181,181,198,926097,565456,34943,382
"06071",5,"561920",78,0,2013,2,"","San Bernardino County, California","Private","Convention and trade show organizers","County, NAICS 6-digit -- by ownership sector","All establishment sizes",7,176,172,164,1025842,229998,14163,462
"06071",5,"561920",78,0,2013,3,"","San Bernardino County, California","Private","Convention and trade show organizers","County, NAICS 6-digit -- by ownership sector","All establishment sizes",7,150,144,155,1177943,169262,10398,605
"06071",5,"56199",77,0,2013,1,"","San Bernardino County, California","Private","All other support services","County, NAICS 5-digit -- by ownership sector","All establishment sizes",59,411,420,387,2644065,1872685,95029,501
"06071",5,"56199",77,0,2013,2,"","San Bernardino County, California","Private","All other support services","County, NAICS 5-digit -- by ownership sector","All establishment sizes",59,404,419,404,2821417,683830,32559,531
"06071",5,"56199",77,0,2013,3,"","San Bernardino County, California","Private","All other support services","County, NAICS 5-digit -- by ownership sector","All establishment sizes",58,411,427,417,2847040,496712,25131,524
"06071",5,"561990",78,0,2013,1,"","San Bernardino County, California","Private","All other support services","County, NAICS 6-digit -- by ownership sector","All establishment sizes",59,411,420,387,2644065,1872685,95029,501
"06071",5,"561990",78,0,2013,2,"","San Bernardino County, California","Private","All other support services","County, NAICS 6-digit -- by ownership sector","All establishment sizes",59,404,419,404,2821417,683830,32559,531
"06071",5,"561990",78,0,2013,3,"","San Bernardino County, California","Private","All other support services","County, NAICS 6-digit -- by ownership sector","All establishment sizes",58,411,427,417,2847040,496712,25131,524
"06071",5,"562",75,0,2013,1,"","San Bernardino County, California","Private","Waste management and remediation services","County, NAICS 3-digit -- by ownership sector","All establishment sizes",122,2073,2104,2141,25322553,13574800,765365,925
"06071",5,"562",75,0,2013,2,"","San Bernardino County, California","Private","Waste management and remediation services","County, NAICS 3-digit -- by ownership sector","All establishment sizes",124,2209,2194,2255,25212147,2155895,108999,874
"06071",5,"562",75,0,2013,3,"","San Bernardino County, California","Private","Waste management and remediation services","County, NAICS 3-digit -- by ownership sector","All establishment sizes",127,2160,2162,2195,26428291,1295037,68123,936
"06071",5,"5621",76,0,2013,1,"","San Bernardino County, California","Private","Waste collection","County, NAICS 4-digit -- by ownership sector","All establishment sizes",60,1350,1361,1346,17003535,9067434,507654,967
"06071",5,"5621",76,0,2013,2,"","San Bernardino County, California","Private","Waste collection","County, NAICS 4-digit -- by ownership sector","All establishment sizes",61,1370,1351,1336,15132027,1117263,59308,861
"06071",5,"5621",76,0,2013,3,"","San Bernardino County, California","Private","Waste collection","County, NAICS 4-digit -- by ownership sector","All establishment sizes",63,1333,1328,1313,16004634,776625,41058,929
"06071",5,"56211",77,0,2013,1,"","San Bernardino County, California","Private","Waste collection","County, NAICS 5-digit -- by ownership sector","All establishment sizes",60,1350,1361,1346,17003535,9067434,507654,967
"06071",5,"56211",77,0,2013,2,"","San Bernardino County, California","Private","Waste collection","County, NAICS 5-digit -- by ownership sector","All establishment sizes",61,1370,1351,1336,15132027,1117263,59308,861
"06071",5,"56211",77,0,2013,3,"","San Bernardino County, California","Private","Waste collection","County, NAICS 5-digit -- by ownership sector","All establishment sizes",63,1333,1328,1313,16004634,776625,41058,929
"06071",5,"562111",78,0,2013,1,"","San Bernardino County, California","Private","Solid waste collection","County, NAICS 6-digit -- by ownership sector","All establishment sizes",37,453,446,422,4793184,2938650,146680,837
"06071",5,"562111",78,0,2013,2,"","San Bernardino County, California","Private","Solid waste collection","County, NAICS 6-digit -- by ownership sector","All establishment sizes",38,412,403,392,4439349,452164,22553,849
"06071",5,"562111",78,0,2013,3,"","San Bernardino County, California","Private","Solid waste collection","County, NAICS 6-digit -- by ownership sector","All establishment sizes",40,396,397,383,4444950,253360,12007,872
"06071",5,"562112",78,0,2013,1,"","San Bernardino County, California","Private","Hazardous waste collection","County, NAICS 6-digit -- by ownership sector","All establishment sizes",12,744,760,771,10792226,5158062,309850,1095
"06071",5,"562112",78,0,2013,2,"","San Bernardino County, California","Private","Hazardous waste collection","County, NAICS 6-digit -- by ownership sector","All establishment sizes",12,800,791,787,9163724,472916,27914,889
"06071",5,"562112",78,0,2013,3,"","San Bernardino County, California","Private","Hazardous waste collection","County, NAICS 6-digit -- by ownership sector","All establishment sizes",12,775,779,778,10063438,381797,22784,996
"06071",5,"562119",78,0,2013,1,"","San Bernardino County, California","Private","Other waste collection","County, NAICS 6-digit -- by ownership sector","All establishment sizes",11,153,155,153,1418125,970722,51124,710
"06071",5,"562119",78,0,2013,2,"","San Bernardino County, California","Private","Other waste collection","County, NAICS 6-digit -- by ownership sector","All establishment sizes",11,158,157,157,1528954,192183,8841,748
"06071",5,"562119",78,0,2013,3,"","San Bernardino County, California","Private","Other waste collection","County, NAICS 6-digit -- by ownership sector","All establishment sizes",11,162,152,152,1496246,141468,6267,741
"06071",5,"5622",76,0,2013,1,"","San Bernardino County, California","Private","Waste treatment and disposal","County, NAICS 4-digit -- by ownership sector","All establishment sizes",10,150,150,149,1568958,710668,39473,806
"06071",5,"5622",76,0,2013,2,"","San Bernardino County, California","Private","Waste treatment and disposal","County, NAICS 4-digit -- by ownership sector","All establishment sizes",10,149,151,154,1595194,323336,10013,811
"06071",5,"5622",76,0,2013,3,"","San Bernardino County, California","Private","Waste treatment and disposal","County, NAICS 4-digit -- by ownership sector","All establishment sizes",10,148,150,149,1616404,40192,2108,834
"06071",5,"56221",77,0,2013,1,"","San Bernardino County, California","Private","Waste treatment and disposal","County, NAICS 5-digit -- by ownership sector","All establishment sizes",10,150,150,149,1568958,710668,39473,806
"06071",5,"56221",77,0,2013,2,"","San Bernardino County, California","Private","Waste treatment and disposal","County, NAICS 5-digit -- by ownership sector","All establishment sizes",10,149,151,154,1595194,323336,10013,811
"06071",5,"56221",77,0,2013,3,"","San Bernardino County, California","Private","Waste treatment and disposal","County, NAICS 5-digit -- by ownership sector","All establishment sizes",10,148,150,149,1616404,40192,2108,834
"06071",5,"562211",78,0,2013,1,"","San Bernardino County, California","Private","Hazardous waste treatment and disposal","County, NAICS 6-digit -- by ownership sector","All establishment sizes",5,76,77,76,823319,472123,25968,830
"06071",5,"562211",78,0,2013,2,"","San Bernardino County, California","Private","Hazardous waste treatment and disposal","County, NAICS 6-digit -- by ownership sector","All establishment sizes",5,75,78,80,885129,62965,3663,877
"06071",5,"562211",78,0,2013,3,"","San Bernardino County, California","Private","Hazardous waste treatment and disposal","County, NAICS 6-digit -- by ownership sector","All establishment sizes",5,78,79,80,866435,24145,1426,844
"06071",5,"562212",78,0,2013,1,"","San Bernardino County, California","Private","Solid waste landfill","County, NAICS 6-digit -- by ownership sector","All establishment sizes",3,10,10,10,107252,65247,2988,825
"06071",5,"562212",78,0,2013,2,"","San Bernardino County, California","Private","Solid waste landfill","County, NAICS 6-digit -- by ownership sector","All establishment sizes",3,11,11,11,101743,6741,323,711
"06071",5,"562212",78,0,2013,3,"","San Bernardino County, California","Private","Solid waste landfill","County, NAICS 6-digit -- by ownership sector","All establishment sizes",3,9,9,9,103098,3089,129,881
"06071",5,"562213",78,0,2013,1,"N","San Bernardino County, California","Private","Solid waste combustors and incinerators","County, NAICS 6-digit -- by ownership sector","All establishment sizes",1,0,0,0,0,0,0,0
"06071",5,"562213",78,0,2013,2,"N","San Bernardino County, California","Private","Solid waste combustors and incinerators","County, NAICS 6-digit -- by ownership sector","All establishment sizes",1,0,0,0,0,0,0,0
"06071",5,"562213",78,0,2013,3,"N","San Bernardino County, California","Private","Solid waste combustors and incinerators","County, NAICS 6-digit -- by ownership sector","All establishment sizes",1,0,0,0,0,0,0,0
"06071",5,"562219",78,0,2013,1,"N","San Bernardino County, California","Private","Other nonhazardous waste disposal","County, NAICS 6-digit -- by ownership sector","All establishment sizes",1,0,0,0,0,0,0,0
"06071",5,"562219",78,0,2013,2,"N","San Bernardino County, California","Private","Other nonhazardous waste disposal","County, NAICS 6-digit -- by ownership sector","All establishment sizes",1,0,0,0,0,0,0,0
"06071",5,"562219",78,0,2013,3,"N","San Bernardino County, California","Private","Other nonhazardous waste disposal","County, NAICS 6-digit -- by ownership sector","All establishment sizes",1,0,0,0,0,0,0,0
"06071",5,"5629",76,0,2013,1,"","San Bernardino County, California","Private","Remediation and other waste services","County, NAICS 4-digit -- by ownership sector","All establishment sizes",52,573,593,646,6750060,3796698,218238,860
"06071",5,"5629",76,0,2013,2,"","San Bernardino County, California","Private","Remediation and other waste services","County, NAICS 4-digit -- by ownership sector","All establishment sizes",53,690,692,765,8484926,715296,39678,912
"06071",5,"5629",76,0,2013,3,"","San Bernardino County, California","Private","Remediation and other waste services","County, NAICS 4-digit -- by ownership sector","All establishment sizes",54,679,684,733,8807253,478220,24957,970
"06071",5,"56291",77,0,2013,1,"","San Bernardino County, California","Private","Remediation services","County, NAICS 5-digit -- by ownership sector","All establishment sizes",16,142,158,227,2180458,1058478,59701,955
"06071",5,"56291",77,0,2013,2,"","San Bernardino County, California","Private","Remediation services","County, NAICS 5-digit -- by ownership sector","All establishment sizes",17,295,298,367,4232541,285055,15804,1017
"06071",5,"56291",77,0,2013,3,"","San Bernardino County, California","Private","Remediation services","County, NAICS 5-digit -- by ownership sector","All establishment sizes",17,288,292,292,4279545,182042,8519,1133
"06071",5,"562910",78,0,2013,1,"","San Bernardino County, California","Private","Remediation services","County, NAICS 6-digit -- by ownership sector","All establishment sizes",16,142,158,227,2180458,1058478,59701,955
"06071",5,"562910",78,0,2013,2,"","San Bernardino County, California","Private","Remediation services","County, NAICS 6-digit -- by ownership sector","All establishment sizes",17,295,298,367,4232541,285055,15804,1017
"06071",5,"562910",78,0,2013,3,"","San Bernardino County, California","Private","Remediation services","County, NAICS 6-digit -- by ownership sector","All establishment sizes",17,288,292,292,4279545,182042,8519,1133
"06071",5,"56292",77,0,2013,1,"","San Bernardino County, California","Private","Materials recovery facilities","County, NAICS 5-digit -- by ownership sector","All establishment sizes",6,105,106,101,1025222,613996,33851,758
"06071",5,"56292",77,0,2013,2,"","San Bernardino County, California","Private","Materials recovery facilities","County, NAICS 5-digit -- by ownership sector","All establishment sizes",6,101,102,104,1039815,127733,6364,782
"06071",5,"56292",77,0,2013,3,"","San Bernardino County, California","Private","Materials recovery facilities","County, NAICS 5-digit -- by ownership sector","All establishment sizes",6,105,98,102,1088952,81978,3864,824
"06071",5,"562920",78,0,2013,1,"","San Bernardino County, California","Private","Materials recovery facilities","County, NAICS 6-digit -- by ownership sector","All establishment sizes",6,105,106,101,1025222,613996,33851,758
"06071",5,"562920",78,0,2013,2,"","San Bernardino County, California","Private","Materials recovery facilities","County, NAICS 6-digit -- by ownership sector","All establishment sizes",6,101,102,104,1039815,127733,6364,782
"06071",5,"562920",78,0,2013,3,"","San Bernardino County, California","Private","Materials recovery facilities","County, NAICS 6-digit -- by ownership sector","All establishment sizes",6,105,98,102,1088952,81978,3864,824
"06071",5,"56299",77,0,2013,1,"","San Bernardino County, California","Private","All other waste management services","County, NAICS 5-digit -- by ownership sector","All establishment sizes",30,326,329,318,3544380,2124224,124686,841
"06071",5,"56299",77,0,2013,2,"","San Bernardino County, California","Private","All other waste management services","County, NAICS 5-digit -- by ownership sector","All establishment sizes",30,294,292,294,3212570,302508,17510,842
"06071",5,"56299",77,0,2013,3,"","San Bernardino County, California","Private","All other waste management services","County, NAICS 5-digit -- by ownership sector","All establishment sizes",31,286,294,339,3438756,214200,12574,864
"06071",5,"562991",78,0,2013,1,"","San Bernardino County, California","Private","Septic tank and related services","County, NAICS 6-digit -- by ownership sector","All establishment sizes",22,206,208,197,2054259,1239435,70211,776
"06071",5,"562991",78,0,2013,2,"","San Bernardino County, California","Private","Septic tank and related services","County, NAICS 6-digit -- by ownership sector","All establishment sizes",22,196,195,196,2077437,204657,11465,817
"06071",5,"562991",78,0,2013,3,"","San Bernardino County, California","Private","Septic tank and related services","County, NAICS 6-digit -- by ownership sector","All establishment sizes",23,215,224,220,2215072,159823,9204,776
"06071",5,"562998",78,0,2013,1,"","San Bernardino County, California","Private","Miscellaneous waste management services","County, NAICS 6-digit -- by ownership sector","All establishment sizes",8,120,121,121,1490121,884789,54475,950
"06071",5,"562998",78,0,2013,2,"","San Bernardino County, California","Private","Miscellaneous waste management services","County, NAICS 6-digit -- by ownership sector","All establishment sizes",8,98,97,98,1135133,97851,6045,894
"06071",5,"562998",78,0,2013,3,"","San Bernardino County, California","Private","Miscellaneous waste management services","County, NAICS 6-digit -- by ownership sector","All establishment sizes",8,71,70,119,1223684,54377,3370,1086
"06071",5,"61",74,0,2013,1,"","San Bernardino County, California","Private","Educational services","County, NAICS Sector -- by ownership sector","All establishment sizes",343,8680,8952,8948,90003017,22124582,1267871,781
"06071",5,"61",74,0,2013,2,"","San Bernardino County, California","Private","Educational services","County, NAICS Sector -- by ownership sector","All establishment sizes",347,8879,8898,8468,88334388,5225876,276993,777
"06071",5,"61",74,0,2013,3,"","San Bernardino County, California","Private","Educational services","County, NAICS Sector -- by ownership sector","All establishment sizes",351,7849,8049,8703,89083560,4484927,232556,836
"06071",5,"611",75,0,2013,1,"","San Bernardino County, California","Private","Educational services","County, NAICS 3-digit -- by ownership sector","All establishment sizes",343,8680,8952,8948,90003017,22124582,1267871,781
"06071",5,"611",75,0,2013,2,"","San Bernardino County, California","Private","Educational services","County, NAICS 3-digit -- by ownership sector","All establishment sizes",347,8879,8898,8468,88334388,5225876,276993,777
"06071",5,"611",75,0,2013,3,"","San Bernardino County, California","Private","Educational services","County, NAICS 3-digit -- by ownership sector","All establishment sizes",351,7849,8049,8703,89083560,4484927,232556,836
"06071",5,"6111",76,0,2013,1,"","San Bernardino County, California","Private","Elementary and secondary schools","County, NAICS 4-digit -- by ownership sector","All establishment sizes",86,2389,2458,2474,20936942,6091221,337728,660
"06071",5,"6111",76,0,2013,2,"","San Bernardino County, California","Private","Elementary and secondary schools","County, NAICS 4-digit -- by ownership sector","All establishment sizes",86,2500,2525,2366,21108262,1277969,66826,659
"06071",5,"6111",76,0,2013,3,"","San Bernardino County, California","Private","Elementary and secondary schools","County, NAICS 4-digit -- by ownership sector","All establishment sizes",89,1777,2162,2487,20003480,1382415,71516,718
"06071",5,"61111",77,0,2013,1,"","San Bernardino County, California","Private","Elementary and secondary schools","County, NAICS 5-digit -- by ownership sector","All establishment sizes",86,2389,2458,2474,20936942,6091221,337728,660
"06071",5,"61111",77,0,2013,2,"","San Bernardino County, California","Private","Elementary and secondary schools","County, NAICS 5-digit -- by ownership sector","All establishment sizes",86,2500,2525,2366,21108262,1277969,66826,659
"06071",5,"61111",77,0,2013,3,"","San Bernardino County, California","Private","Elementary and secondary schools","County, NAICS 5-digit -- by ownership sector","All establishment sizes",89,1777,2162,2487,20003480,1382415,71516,718
"06071",5,"611110",78,0,2013,1,"","San Bernardino County, California","Private","Elementary and secondary schools","County, NAICS 6-digit -- by ownership sector","All establishment sizes",86,2389,2458,2474,20936942,6091221,337728,660
"06071",5,"611110",78,0,2013,2,"","San Bernardino County, California","Private","Elementary and secondary schools","County, NAICS 6-digit -- by ownership sector","All establishment sizes",86,2500,2525,2366,21108262,1277969,66826,659
"06071",5,"611110",78,0,2013,3,"","San Bernardino County, California","Private","Elementary and secondary schools","County, NAICS 6-digit -- by ownership sector","All establishment sizes",89,1777,2162,2487,20003480,1382415,71516,718
"06071",5,"6112",76,0,2013,1,"","San Bernardino County, California","Private","Junior colleges","County, NAICS 4-digit -- by ownership sector","All establishment sizes",4,319,316,324,3095252,1780301,110379,745
"06071",5,"6112",76,0,2013,2,"","San Bernardino County, California","Private","Junior colleges","County, NAICS 4-digit -- by ownership sector","All establishment sizes",4,304,301,324,3173447,286751,17778,788
"06071",5,"6112",76,0,2013,3,"","San Bernardino County, California","Private","Junior colleges","County, NAICS 4-digit -- by ownership sector","All establishment sizes",5,302,286,292,3004943,200472,12429,788
"06071",5,"61121",77,0,2013,1,"","San Bernardino County, California","Private","Junior colleges","County, NAICS 5-digit -- by ownership sector","All establishment sizes",4,319,316,324,3095252,1780301,110379,745
"06071",5,"61121",77,0,2013,2,"","San Bernardino County, California","Private","Junior colleges","County, NAICS 5-digit -- by ownership sector","All establishment sizes",4,304,301,324,3173447,286751,17778,788
"06071",5,"61121",77,0,2013,3,"","San Bernardino County, California","Private","Junior colleges","County, NAICS 5-digit -- by ownership sector","All establishment sizes",5,302,286,292,3004943,200472,12429,788
"06071",5,"611210",78,0,2013,1,"","San Bernardino County, California","Private","Junior colleges","County, NAICS 6-digit -- by ownership sector","All establishment sizes",4,319,316,324,3095252,1780301,110379,745
"06071",5,"611210",78,0,2013,2,"","San Bernardino County, California","Private","Junior colleges","County, NAICS 6-digit -- by ownership sector","All establishment sizes",4,304,301,324,3173447,286751,17778,788
"06071",5,"611210",78,0,2013,3,"","San Bernardino County, California","Private","Junior colleges","County, NAICS 6-digit -- by ownership sector","All establishment sizes",5,302,286,292,3004943,200472,12429,788
"06071",5,"6113",76,0,2013,1,"","San Bernardino County, California","Private","Colleges and universities","County, NAICS 4-digit -- by ownership sector","All establishment sizes",21,3313,3461,3493,45348066,2114444,130660,1019
"06071",5,"6113",76,0,2013,2,"","San Bernardino County, California","Private","Colleges and universities","County, NAICS 4-digit -- by ownership sector","All establishment sizes",21,3492,3482,3253,43267702,385438,23880,976
"06071",5,"6113",76,0,2013,3,"","San Bernardino County, California","Private","Colleges and universities","County, NAICS 4-digit -- by ownership sector","All establishment sizes",21,3354,3155,3403,45848749,386051,23751,1067
"06071",5,"61131",77,0,2013,1,"","San Bernardino County, California","Private","Colleges and universities","County, NAICS 5-digit -- by ownership sector","All establishment sizes",21,3313,3461,3493,45348066,2114444,130660,1019
"06071",5,"61131",77,0,2013,2,"","San Bernardino County, California","Private","Colleges and universities","County, NAICS 5-digit -- by ownership sector","All establishment sizes",21,3492,3482,3253,43267702,385438,23880,976
"06071",5,"61131",77,0,2013,3,"","San Bernardino County, California","Private","Colleges and universities","County, NAICS 5-digit -- by ownership sector","All establishment sizes",21,3354,3155,3403,45848749,386051,23751,1067
"06071",5,"611310",78,0,2013,1,"","San Bernardino County, California","Private","Colleges and universities","County, NAICS 6-digit -- by ownership sector","All establishment sizes",21,3313,3461,3493,45348066,2114444,130660,1019
"06071",5,"611310",78,0,2013,2,"","San Bernardino County, California","Private","Colleges and universities","County, NAICS 6-digit -- by ownership sector","All establishment sizes",21,3492,3482,3253,43267702,385438,23880,976
"06071",5,"611310",78,0,2013,3,"","San Bernardino County, California","Private","Colleges and universities","County, NAICS 6-digit -- by ownership sector","All establishment sizes",21,3354,3155,3403,45848749,386051,23751,1067
"06071",5,"6114",76,0,2013,1,"","San Bernardino County, California","Private","Business, computer and management training","County, NAICS 4-digit -- by ownership sector","All establishment sizes",15,124,118,123,1111222,672792,40232,703
"06071",5,"6114",76,0,2013,2,"","San Bernardino County, California","Private","Business, computer and management training","County, NAICS 4-digit -- by ownership sector","All establishment sizes",15,112,112,116,1191974,164633,9785,809
"06071",5,"6114",76,0,2013,3,"","San Bernardino County, California","Private","Business, computer and management training","County, NAICS 4-digit -- by ownership sector","All establishment sizes",15,110,113,117,1109779,126245,7641,753
"06071",5,"61141",77,0,2013,1,"N","San Bernardino County, California","Private","Business and secretarial schools","County, NAICS 5-digit -- by ownership sector","All establishment sizes",1,0,0,0,0,0,0,0
"06071",5,"61141",77,0,2013,2,"N","San Bernardino County, California","Private","Business and secretarial schools","County, NAICS 5-digit -- by ownership sector","All establishment sizes",1,0,0,0,0,0,0,0
"06071",5,"61141",77,0,2013,3,"N","San Bernardino County, California","Private","Business and secretarial schools","County, NAICS 5-digit -- by ownership sector","All establishment sizes",1,0,0,0,0,0,0,0
"06071",5,"611410",78,0,2013,1,"N","San Bernardino County, California","Private","Business and secretarial schools","County, NAICS 6-digit -- by ownership sector","All establishment sizes",1,0,0,0,0,0,0,0
"06071",5,"611410",78,0,2013,2,"N","San Bernardino County, California","Private","Business and secretarial schools","County, NAICS 6-digit -- by ownership sector","All establishment sizes",1,0,0,0,0,0,0,0
"06071",5,"611410",78,0,2013,3,"N","San Bernardino County, California","Private","Business and secretarial schools","County, NAICS 6-digit -- by ownership sector","All establishment sizes",1,0,0,0,0,0,0,0
"06071",5,"61142",77,0,2013,1,"N","San Bernardino County, California","Private","Computer training","County, NAICS 5-digit -- by ownership sector","All establishment sizes",2,0,0,0,0,0,0,0
"06071",5,"61142",77,0,2013,2,"N","San Bernardino County, California","Private","Computer training","County, NAICS 5-digit -- by ownership sector","All establishment sizes",2,0,0,0,0,0,0,0
"06071",5,"61142",77,0,2013,3,"N","San Bernardino County, California","Private","Computer training","County, NAICS 5-digit -- by ownership sector","All establishment sizes",2,0,0,0,0,0,0,0
"06071",5,"611420",78,0,2013,1,"N","San Bernardino County, California","Private","Computer training","County, NAICS 6-digit -- by ownership sector","All establishment sizes",2,0,0,0,0,0,0,0
"06071",5,"611420",78,0,2013,2,"N","San Bernardino County, California","Private","Computer training","County, NAICS 6-digit -- by ownership sector","All establishment sizes",2,0,0,0,0,0,0,0
"06071",5,"611420",78,0,2013,3,"N","San Bernardino County, California","Private","Computer training","County, NAICS 6-digit -- by ownership sector","All establishment sizes",2,0,0,0,0,0,0,0
"06071",5,"61143",77,0,2013,1,"","San Bernardino County, California","Private","Management training","County, NAICS 5-digit -- by ownership sector","All establishment sizes",12,115,108,113,997951,611182,36412,685
"06071",5,"61143",77,0,2013,2,"","San Bernardino County, California","Private","Management training","County, NAICS 5-digit -- by ownership sector","All establishment sizes",12,101,101,105,1069180,155488,9218,804
"06071",5,"61143",77,0,2013,3,"","San Bernardino County, California","Private","Management training","County, NAICS 5-digit -- by ownership sector","All establishment sizes",12,96,102,107,985432,121686,7358,746
"06071",5,"611430",78,0,2013,1,"","San Bernardino County, California","Private","Management training","County, NAICS 6-digit -- by ownership sector","All establishment sizes",12,115,108,113,997951,611182,36412,685
"06071",5,"611430",78,0,2013,2,"","San Bernardino County, California","Private","Management training","County, NAICS 6-digit -- by ownership sector","All establishment sizes",12,101,101,105,1069180,155488,9218,804
"06071",5,"611430",78,0,2013,3,"","San Bernardino County, California","Private","Management training","County, NAICS 6-digit -- by ownership sector","All establishment sizes",12,96,102,107,985432,121686,7358,746
"06071",5,"6115",76,0,2013,1,"","San Bernardino County, California","Private","Technical and trade schools","County, NAICS 4-digit -- by ownership sector","All establishment sizes",44,1284,1327,1270,13859933,7586038,459175,824
"06071",5,"6115",76,0,2013,2,"","San Bernardino County, California","Private","Technical and trade schools","County, NAICS 4-digit -- by ownership sector","All establishment sizes",44,1269,1260,1250,13819145,1215680,72118,844
"06071",5,"6115",76,0,2013,3,"","San Bernardino County, California","Private","Technical and trade schools","County, NAICS 4-digit -- by ownership sector","All establishment sizes",44,1204,1201,1234,13338125,874432,51527,846
"06071",5,"61151",77,0,2013,1,"","San Bernardino County, California","Private","Technical and trade schools","County, NAICS 5-digit -- by ownership sector","All establishment sizes",44,1284,1327,1270,13859933,7586038,459175,824
"06071",5,"61151",77,0,2013,2,"","San Bernardino County, California","Private","Technical and trade schools","County, NAICS 5-digit -- by ownership sector","All establishment sizes",44,1269,1260,1250,13819145,1215680,72118,844
"06071",5,"61151",77,0,2013,3,"","San Bernardino County, California","Private","Technical and trade schools","County, NAICS 5-digit -- by ownership sector","All establishment sizes",44,1204,1201,1234,13338125,874432,51527,846
"06071",5,"611511",78,0,2013,1,"","San Bernardino County, California","Private","Cosmetology and barber schools","County, NAICS 6-digit -- by ownership sector","All establishment sizes",6,40,38,36,299150,201391,11341,606
"06071",5,"611511",78,0,2013,2,"N","San Bernardino County, California","Private","Cosmetology and barber schools","County, NAICS 6-digit -- by ownership sector","All establishment sizes",6,0,0,0,0,0,0,0
"06071",5,"611511",78,0,2013,3,"N","San Bernardino County, California","Private","Cosmetology and barber schools","County, NAICS 6-digit -- by ownership sector","All establishment sizes",6,0,0,0,0,0,0,0
"06071",5,"611512",78,0,2013,1,"","San Bernardino County, California","Private","Flight training","County, NAICS 6-digit -- by ownership sector","All establishment sizes",3,19,21,17,72285,66155,2892,293
"06071",5,"611512",78,0,2013,2,"N","San Bernardino County, California","Private","Flight training","County, NAICS 6-digit -- by ownership sector","All establishment sizes",3,0,0,0,0,0,0,0
"06071",5,"611512",78,0,2013,3,"N","San Bernardino County, California","Private","Flight training","County, NAICS 6-digit -- by ownership sector","All establishment sizes",3,0,0,0,0,0,0,0
"06071",5,"611513",78,0,2013,1,"","San Bernardino County, California","Private","Apprenticeship training","County, NAICS 6-digit -- by ownership sector","All establishment sizes",7,98,105,108,1046172,610254,36491,776
"06071",5,"611513",78,0,2013,2,"","San Bernardino County, California","Private","Apprenticeship training","County, NAICS 6-digit -- by ownership sector","All establishment sizes",7,109,113,113,1100644,170068,9807,758
"06071",5,"611513",78,0,2013,3,"","San Bernardino County, California","Private","Apprenticeship training","County, NAICS 6-digit -- by ownership sector","All establishment sizes",7,113,110,117,1119301,124434,7118,760
"06071",5,"611519",78,0,2013,1,"","San Bernardino County, California","Private","Other technical and trade schools","County, NAICS 6-digit -- by ownership sector","All establishment sizes",28,1127,1163,1109,12442326,6708238,408451,845
"06071",5,"611519",78,0,2013,2,"","San Bernardino County, California","Private","Other technical and trade schools","County, NAICS 6-digit -- by ownership sector","All establishment sizes",28,1102,1090,1079,12351793,961854,57961,871
"06071",5,"611519",78,0,2013,3,"","San Bernardino County, California","Private","Other technical and trade schools","County, NAICS 6-digit -- by ownership sector","All establishment sizes",28,1033,1033,1059,11834710,686596,41242,874
"06071",5,"6116",76,0,2013,1,"","San Bernardino County, California","Private","Other schools and instruction","County, NAICS 4-digit -- by ownership sector","All establishment sizes",140,1045,1052,1046,3852704,2970441,141254,283
"06071",5,"6116",76,0,2013,2,"","San Bernardino County, California","Private","Other schools and instruction","County, NAICS 4-digit -- by ownership sector","All establishment sizes",143,983,1001,962,4043430,1632542,74835,317
"06071",5,"6116",76,0,2013,3,"","San Bernardino County, California","Private","Other schools and instruction","County, NAICS 4-digit -- by ownership sector","All establishment sizes",142,938,970,988,4329081,1361093,58745,345
"06071",5,"61161",77,0,2013,1,"N","San Bernardino County, California","Private","Fine arts schools","County, NAICS 5-digit -- by ownership sector","All establishment sizes",24,0,0,0,0,0,0,0
"06071",5,"61161",77,0,2013,2,"N","San Bernardino County, California","Private","Fine arts schools","County, NAICS 5-digit -- by ownership sector","All establishment sizes",25,0,0,0,0,0,0,0
"06071",5,"61161",77,0,2013,3,"N","San Bernardino County, California","Private","Fine arts schools","County, NAICS 5-digit -- by ownership sector","All establishment sizes",24,0,0,0,0,0,0,0
"06071",5,"611610",78,0,2013,1,"N","San Bernardino County, California","Private","Fine arts schools","County, NAICS 6-digit -- by ownership sector","All establishment sizes",24,0,0,0,0,0,0,0
"06071",5,"611610",78,0,2013,2,"N","San Bernardino County, California","Private","Fine arts schools","County, NAICS 6-digit -- by ownership sector","All establishment sizes",25,0,0,0,0,0,0,0
"06071",5,"611610",78,0,2013,3,"N","San Bernardino County, California","Private","Fine arts schools","County, NAICS 6-digit -- by ownership sector","All establishment sizes",24,0,0,0,0,0,0,0
"06071",5,"61162",77,0,2013,1,"","San Bernardino County, California","Private","Sports and recreation instruction","County, NAICS 5-digit -- by ownership sector","All establishment sizes",49,214,220,218,814910,680730,30880,288
"06071",5,"61162",77,0,2013,2,"","San Bernardino County, California","Private","Sports and recreation instruction","County, NAICS 5-digit -- by ownership sector","All establishment sizes",49,212,213,230,900225,372035,15522,317
"06071",5,"61162",77,0,2013,3,"","San Bernardino County, California","Private","Sports and recreation instruction","County, NAICS 5-digit -- by ownership sector","All establishment sizes",49,239,222,199,914862,239259,8816,320
"06071",5,"611620",78,0,2013,1,"","San Bernardino County, California","Private","Sports and recreation instruction","County, NAICS 6-digit -- by ownership sector","All establishment sizes",49,214,220,218,814910,680730,30880,288
"06071",5,"611620",78,0,2013,2,"","San Bernardino County, California","Private","Sports and recreation instruction","County, NAICS 6-digit -- by ownership sector","All establishment sizes",49,212,213,230,900225,372035,15522,317
"06071",5,"611620",78,0,2013,3,"","San Bernardino County, California","Private","Sports and recreation instruction","County, NAICS 6-digit -- by ownership sector","All establishment sizes",49,239,222,199,914862,239259,8816,320
"06071",5,"61163",77,0,2013,1,"N","San Bernardino County, California","Private","Language schools","County, NAICS 5-digit -- by ownership sector","All establishment sizes",2,0,0,0,0,0,0,0
"06071",5,"61163",77,0,2013,2,"N","San Bernardino County, California","Private","Language schools","County, NAICS 5-digit -- by ownership sector","All establishment sizes",2,0,0,0,0,0,0,0
"06071",5,"61163",77,0,2013,3,"N","San Bernardino County, California","Private","Language schools","County, NAICS 5-digit -- by ownership sector","All establishment sizes",2,0,0,0,0,0,0,0
"06071",5,"611630",78,0,2013,1,"N","San Bernardino County, California","Private","Language schools","County, NAICS 6-digit -- by ownership sector","All establishment sizes",2,0,0,0,0,0,0,0
"06071",5,"611630",78,0,2013,2,"N","San Bernardino County, California","Private","Language schools","County, NAICS 6-digit -- by ownership sector","All establishment sizes",2,0,0,0,0,0,0,0
"06071",5,"611630",78,0,2013,3,"N","San Bernardino County, California","Private","Language schools","County, NAICS 6-digit -- by ownership sector","All establishment sizes",2,0,0,0,0,0,0,0
"06071",5,"61169",77,0,2013,1,"","San Bernardino County, California","Private","All other schools and instruction","County, NAICS 5-digit -- by ownership sector","All establishment sizes",65,671,665,665,2621467,1901549,92594,302
"06071",5,"61169",77,0,2013,2,"","San Bernardino County, California","Private","All other schools and instruction","County, NAICS 5-digit -- by ownership sector","All establishment sizes",67,605,616,578,2641712,987898,46462,339
"06071",5,"61169",77,0,2013,3,"","San Bernardino County, California","Private","All other schools and instruction","County, NAICS 5-digit -- by ownership sector","All establishment sizes",67,564,584,624,2914120,965219,42785,380
"06071",5,"611691",78,0,2013,1,"","San Bernardino County, California","Private","Exam preparation and tutoring","County, NAICS 6-digit -- by ownership sector","All establishment sizes",35,433,418,419,1353912,1007704,47895,246
"06071",5,"611691",78,0,2013,2,"","San Bernardino County, California","Private","Exam preparation and tutoring","County, NAICS 6-digit -- by ownership sector","All establishment sizes",35,387,391,359,1302727,546444,24743,264
"06071",5,"611691",78,0,2013,3,"","San Bernardino County, California","Private","Exam preparation and tutoring","County, NAICS 6-digit -- by ownership sector","All establishment sizes",35,366,380,387,1736101,710658,30353,354
"06071",5,"611692",78,0,2013,1,"","San Bernardino County, California","Private","Automobile driving schools","County, NAICS 6-digit -- by ownership sector","All establishment sizes",15,96,98,101,360453,322088,16210,282
"06071",5,"611692",78,0,2013,2,"","San Bernardino County, California","Private","Automobile driving schools","County, NAICS 6-digit -- by ownership sector","All establishment sizes",16,95,99,94,372226,196955,10162,298
"06071",5,"611692",78,0,2013,3,"","San Bernardino County, California","Private","Automobile driving schools","County, NAICS 6-digit -- by ownership sector","All establishment sizes",16,94,98,94,355804,127776,6724,287
"06071",5,"611699",78,0,2013,1,"","San Bernardino County, California","Private","Miscellaneous schools and instruction","County, NAICS 6-digit -- by ownership sector","All establishment sizes",15,142,149,145,907102,571757,28489,480
"06071",5,"611699",78,0,2013,2,"","San Bernardino County, California","Private","Miscellaneous schools and instruction","County, NAICS 6-digit -- by ownership sector","All establishment sizes",16,123,126,125,966759,244499,11557,597
"06071",5,"611699",78,0,2013,3,"","San Bernardino County, California","Private","Miscellaneous schools and instruction","County, NAICS 6-digit -- by ownership sector","All establishment sizes",16,104,106,143,822215,126785,5708,538
"06071",5,"6117",76,0,2013,1,"","San Bernardino County, California","Private","Educational support services","County, NAICS 4-digit -- by ownership sector","All establishment sizes",33,206,220,218,1798898,909345,48443,645
"06071",5,"6117",76,0,2013,2,"","San Bernardino County, California","Private","Educational support services","County, NAICS 4-digit -- by ownership sector","All establishment sizes",34,219,217,197,1730428,262863,11771,631
"06071",5,"6117",76,0,2013,3,"","San Bernardino County, California","Private","Educational support services","County, NAICS 4-digit -- by ownership sector","All establishment sizes",35,164,162,182,1449403,154219,6947,658
"06071",5,"61171",77,0,2013,1,"","San Bernardino County, California","Private","Educational support services","County, NAICS 5-digit -- by ownership sector","All establishment sizes",33,206,220,218,1798898,909345,48443,645
"06071",5,"61171",77,0,2013,2,"","San Bernardino County, California","Private","Educational support services","County, NAICS 5-digit -- by ownership sector","All establishment sizes",34,219,217,197,1730428,262863,11771,631
"06071",5,"61171",77,0,2013,3,"","San Bernardino County, California","Private","Educational support services","County, NAICS 5-digit -- by ownership sector","All establishment sizes",35,164,162,182,1449403,154219,6947,658
"06071",5,"611710",78,0,2013,1,"","San Bernardino County, California","Private","Educational support services","County, NAICS 6-digit -- by ownership sector","All establishment sizes",33,206,220,218,1798898,909345,48443,645
"06071",5,"611710",78,0,2013,2,"","San Bernardino County, California","Private","Educational support services","County, NAICS 6-digit -- by ownership sector","All establishment sizes",34,219,217,197,1730428,262863,11771,631
"06071",5,"611710",78,0,2013,3,"","San Bernardino County, California","Private","Educational support services","County, NAICS 6-digit -- by ownership sector","All establishment sizes",35,164,162,182,1449403,154219,6947,658
"06071",5,"62",74,0,2013,1,"","San Bernardino County, California","Private","Health care and social assistance","County, NAICS Sector -- by ownership sector","All establishment sizes",18352,85878,85919,86356,889781365,274302822,12908109,795
"06071",5,"62",74,0,2013,2,"","San Bernardino County, California","Private","Health care and social assistance","County, NAICS Sector -- by ownership sector","All establishment sizes",19917,86173,86367,86197,946700783,93006696,4426845,844
"06071",5,"62",74,0,2013,3,"","San Bernardino County, California","Private","Health care and social assistance","County, NAICS Sector -- by ownership sector","All establishment sizes",20725,87262,87624,87735,894757707,53738379,2530425,786
"06071",5,"621",75,0,2013,1,"","San Bernardino County, California","Private","Ambulatory health care services","County, NAICS 3-digit -- by ownership sector","All establishment sizes",2584,30433,30496,30718,422275038,147803873,6785832,1063
"06071",5,"621",75,0,2013,2,"","San Bernardino County, California","Private","Ambulatory health care services","County, NAICS 3-digit -- by ownership sector","All establishment sizes",2615,30563,30763,30608,445452469,29607749,1404249,1118
"06071",5,"621",75,0,2013,3,"","San Bernardino County, California","Private","Ambulatory health care services","County, NAICS 3-digit -- by ownership sector","All establishment sizes",2625,30645,30788,31091,429310972,16121919,775005,1071
"06071",5,"6211",76,0,2013,1,"","San Bernardino County, California","Private","Offices of physicians","County, NAICS 4-digit -- by ownership sector","All establishment sizes",1100,15561,15522,15728,276518215,73687556,3178618,1363
"06071",5,"6211",76,0,2013,2,"","San Bernardino County, California","Private","Offices of physicians","County, NAICS 4-digit -- by ownership sector","All establishment sizes",1114,15538,15687,15640,295575952,11138128,508404,1455
"06071",5,"6211",76,0,2013,3,"","San Bernardino County, California","Private","Offices of physicians","County, NAICS 4-digit -- by ownership sector","All establishment sizes",1119,15745,15827,15972,281431822,5556910,259243,1366
"06071",5,"62111",77,0,2013,1,"","San Bernardino County, California","Private","Offices of physicians","County, NAICS 5-digit -- by ownership sector","All establishment sizes",1100,15561,15522,15728,276518215,73687556,3178618,1363
"06071",5,"62111",77,0,2013,2,"","San Bernardino County, California","Private","Offices of physicians","County, NAICS 5-digit -- by ownership sector","All establishment sizes",1114,15538,15687,15640,295575952,11138128,508404,1455
"06071",5,"62111",77,0,2013,3,"","San Bernardino County, California","Private","Offices of physicians","County, NAICS 5-digit -- by ownership sector","All establishment sizes",1119,15745,15827,15972,281431822,5556910,259243,1366
"06071",5,"621111",78,0,2013,1,"","San Bernardino County, California","Private","Offices of physicians, except mental health","County, NAICS 6-digit -- by ownership sector","All establishment sizes",1068,15390,15352,15552,274320632,72740104,3144641,1367
"06071",5,"621111",78,0,2013,2,"","San Bernardino County, California","Private","Offices of physicians, except mental health","County, NAICS 6-digit -- by ownership sector","All establishment sizes",1082,15357,15509,15460,292997888,10870904,499125,1460
"06071",5,"621111",78,0,2013,3,"","San Bernardino County, California","Private","Offices of physicians, except mental health","County, NAICS 6-digit -- by ownership sector","All establishment sizes",1087,15561,15642,15786,278758350,5411585,253563,1369
"06071",5,"621112",78,0,2013,1,"","San Bernardino County, California","Private","Offices of mental health physicians","County, NAICS 6-digit -- by ownership sector","All establishment sizes",32,171,170,176,2197583,947452,33977,981
"06071",5,"621112",78,0,2013,2,"","San Bernardino County, California","Private","Offices of mental health physicians","County, NAICS 6-digit -- by ownership sector","All establishment sizes",32,181,178,180,2578064,267224,9279,1104
"06071",5,"621112",78,0,2013,3,"","San Bernardino County, California","Private","Offices of mental health physicians","County, NAICS 6-digit -- by ownership sector","All establishment sizes",32,184,185,186,2673472,145325,5680,1112
"06071",5,"6212",76,0,2013,1,"","San Bernardino County, California","Private","Offices of dentists","County, NAICS 4-digit -- by ownership sector","All establishment sizes",714,4524,4603,4610,40700278,24912416,1180329,684
"06071",5,"6212",76,0,2013,2,"","San Bernardino County, California","Private","Offices of dentists","County, NAICS 4-digit -- by ownership sector","All establishment sizes",722,4573,4609,4599,43201404,6486539,306453,723
"06071",5,"6212",76,0,2013,3,"","San Bernardino County, California","Private","Offices of dentists","County, NAICS 4-digit -- by ownership sector","All establishment sizes",732,4578,4623,4694,43086622,3016025,146304,716
"06071",5,"62121",77,0,2013,1,"","San Bernardino County, California","Private","Offices of dentists","County, NAICS 5-digit -- by ownership sector","All establishment sizes",714,4524,4603,4610,40700278,24912416,1180329,684
"06071",5,"62121",77,0,2013,2,"","San Bernardino County, California","Private","Offices of dentists","County, NAICS 5-digit -- by ownership sector","All establishment sizes",722,4573,4609,4599,43201404,6486539,306453,723
"06071",5,"62121",77,0,2013,3,"","San Bernardino County, California","Private","Offices of dentists","County, NAICS 5-digit -- by ownership sector","All establishment sizes",732,4578,4623,4694,43086622,3016025,146304,716
"06071",5,"621210",78,0,2013,1,"","San Bernardino County, California","Private","Offices of dentists","County, NAICS 6-digit -- by ownership sector","All establishment sizes",714,4524,4603,4610,40700278,24912416,1180329,684
"06071",5,"621210",78,0,2013,2,"","San Bernardino County, California","Private","Offices of dentists","County, NAICS 6-digit -- by ownership sector","All establishment sizes",722,4573,4609,4599,43201404,6486539,306453,723
"06071",5,"621210",78,0,2013,3,"","San Bernardino County, California","Private","Offices of dentists","County, NAICS 6-digit -- by ownership sector","All establishment sizes",732,4578,4623,4694,43086622,3016025,146304,716
"06071",5,"6213",76,0,2013,1,"","San Bernardino County, California","Private","Offices of other health practitioners","County, NAICS 4-digit -- by ownership sector","All establishment sizes",388,2021,2040,2010,16658388,10787124,516912,633
"06071",5,"6213",76,0,2013,2,"","San Bernardino County, California","Private","Offices of other health practitioners","County, NAICS 4-digit -- by ownership sector","All establishment sizes",394,2008,2037,2002,17112201,3191888,153607,653
"06071",5,"6213",76,0,2013,3,"","San Bernardino County, California","Private","Offices of other health practitioners","County, NAICS 4-digit -- by ownership sector","All establishment sizes",394,1996,1989,1994,16864500,1737085,84111,651
"06071",5,"62131",77,0,2013,1,"","San Bernardino County, California","Private","Offices of chiropractors","County, NAICS 5-digit -- by ownership sector","All establishment sizes",107,382,379,380,2032489,1625896,73646,411
"06071",5,"62131",77,0,2013,2,"","San Bernardino County, California","Private","Offices of chiropractors","County, NAICS 5-digit -- by ownership sector","All establishment sizes",110,382,389,388,2207747,790316,36552,440
"06071",5,"62131",77,0,2013,3,"","San Bernardino County, California","Private","Offices of chiropractors","County, NAICS 5-digit -- by ownership sector","All establishment sizes",109,381,370,390,2193698,387722,18209,444
"06071",5,"621310",78,0,2013,1,"","San Bernardino County, California","Private","Offices of chiropractors","County, NAICS 6-digit -- by ownership sector","All establishment sizes",107,382,379,380,2032489,1625896,73646,411
"06071",5,"621310",78,0,2013,2,"","San Bernardino County, California","Private","Offices of chiropractors","County, NAICS 6-digit -- by ownership sector","All establishment sizes",110,382,389,388,2207747,790316,36552,440
"06071",5,"621310",78,0,2013,3,"","San Bernardino County, California","Private","Offices of chiropractors","County, NAICS 6-digit -- by ownership sector","All establishment sizes",109,381,370,390,2193698,387722,18209,444
"06071",5,"62132",77,0,2013,1,"","San Bernardino County, California","Private","Offices of optometrists","County, NAICS 5-digit -- by ownership sector","All establishment sizes",118,603,617,618,5555796,3597640,169327,698
"06071",5,"62132",77,0,2013,2,"","San Bernardino County, California","Private","Offices of optometrists","County, NAICS 5-digit -- by ownership sector","All establishment sizes",118,609,614,606,5443507,826364,38434,687
"06071",5,"62132",77,0,2013,3,"","San Bernardino County, California","Private","Offices of optometrists","County, NAICS 5-digit -- by ownership sector","All establishment sizes",118,599,599,613,5298248,339216,16235,675
"06071",5,"621320",78,0,2013,1,"","San Bernardino County, California","Private","Offices of optometrists","County, NAICS 6-digit -- by ownership sector","All establishment sizes",118,603,617,618,5555796,3597640,169327,698
"06071",5,"621320",78,0,2013,2,"","San Bernardino County, California","Private","Offices of optometrists","County, NAICS 6-digit -- by ownership sector","All establishment sizes",118,609,614,606,5443507,826364,38434,687
"06071",5,"621320",78,0,2013,3,"","San Bernardino County, California","Private","Offices of optometrists","County, NAICS 6-digit -- by ownership sector","All establishment sizes",118,599,599,613,5298248,339216,16235,675
"06071",5,"62133",77,0,2013,1,"","San Bernardino County, California","Private","Offices of mental health practitioners","County, NAICS 5-digit -- by ownership sector","All establishment sizes",30,141,136,134,1071099,550727,23742,601
"06071",5,"62133",77,0,2013,2,"","San Bernardino County, California","Private","Offices of mental health practitioners","County, NAICS 5-digit -- by ownership sector","All establishment sizes",30,124,132,130,1202309,153092,7072,719
"06071",5,"62133",77,0,2013,3,"","San Bernardino County, California","Private","Offices of mental health practitioners","County, NAICS 5-digit -- by ownership sector","All establishment sizes",29,131,132,127,1152309,98427,4438,682
"06071",5,"621330",78,0,2013,1,"","San Bernardino County, California","Private","Offices of mental health practitioners","County, NAICS 6-digit -- by ownership sector","All establishment sizes",30,141,136,134,1071099,550727,23742,601
"06071",5,"621330",78,0,2013,2,"","San Bernardino County, California","Private","Offices of mental health practitioners","County, NAICS 6-digit -- by ownership sector","All establishment sizes",30,124,132,130,1202309,153092,7072,719
"06071",5,"621330",78,0,2013,3,"","San Bernardino County, California","Private","Offices of mental health practitioners","County, NAICS 6-digit -- by ownership sector","All establishment sizes",29,131,132,127,1152309,98427,4438,682
"06071",5,"62134",77,0,2013,1,"","San Bernardino County, California","Private","Offices of specialty therapists","County, NAICS 5-digit -- by ownership sector","All establishment sizes",84,647,658,642,5874554,3678093,185662,696
"06071",5,"62134",77,0,2013,2,"","San Bernardino County, California","Private","Offices of specialty therapists","County, NAICS 5-digit -- by ownership sector","All establishment sizes",85,657,653,645,5951896,1058066,54347,703
"06071",5,"62134",77,0,2013,3,"","San Bernardino County, California","Private","Offices of specialty therapists","County, NAICS 5-digit -- by ownership sector","All establishment sizes",86,640,637,631,5902711,710108,36028,714
"06071",5,"621340",78,0,2013,1,"","San Bernardino County, California","Private","Offices of specialty therapists","County, NAICS 6-digit -- by ownership sector","All establishment sizes",84,647,658,642,5874554,3678093,185662,696
"06071",5,"621340",78,0,2013,2,"","San Bernardino County, California","Private","Offices of specialty therapists","County, NAICS 6-digit -- by ownership sector","All establishment sizes",85,657,653,645,5951896,1058066,54347,703
"06071",5,"621340",78,0,2013,3,"","San Bernardino County, California","Private","Offices of specialty therapists","County, NAICS 6-digit -- by ownership sector","All establishment sizes",86,640,637,631,5902711,710108,36028,714
"06071",5,"62139",77,0,2013,1,"","San Bernardino County, California","Private","Offices of all other health practitioners","County, NAICS 5-digit -- by ownership sector","All establishment sizes",49,248,250,236,2124450,1334768,64535,668
"06071",5,"62139",77,0,2013,2,"","San Bernardino County, California","Private","Offices of all other health practitioners","County, NAICS 5-digit -- by ownership sector","All establishment sizes",51,236,249,233,2306742,364050,17202,741
"06071",5,"62139",77,0,2013,3,"","San Bernardino County, California","Private","Offices of all other health practitioners","County, NAICS 5-digit -- by ownership sector","All establishment sizes",52,245,251,233,2317534,201612,9201,734
"06071",5,"621391",78,0,2013,1,"","San Bernardino County, California","Private","Offices of podiatrists","County, NAICS 6-digit -- by ownership sector","All establishment sizes",16,95,98,97,800429,483474,22385,637
"06071",5,"621391",78,0,2013,2,"","San Bernardino County, California","Private","Offices of podiatrists","County, NAICS 6-digit -- by ownership sector","All establishment sizes",16,94,96,93,817049,152719,7295,666
"06071",5,"621391",78,0,2013,3,"","San Bernardino County, California","Private","Offices of podiatrists","County, NAICS 6-digit -- by ownership sector","All establishment sizes",16,95,93,97,803230,63963,3076,650
"06071",5,"621399",78,0,2013,1,"","San Bernardino County, California","Private","Offices of miscellaneous health practitioners","County, NAICS 6-digit -- by ownership sector","All establishment sizes",33,153,152,139,1324021,851294,42150,688
"06071",5,"621399",78,0,2013,2,"","San Bernardino County, California","Private","Offices of miscellaneous health practitioners","County, NAICS 6-digit -- by ownership sector","All establishment sizes",35,142,153,140,1489693,211331,9907,790
"06071",5,"621399",78,0,2013,3,"","San Bernardino County, California","Private","Offices of miscellaneous health practitioners","County, NAICS 6-digit -- by ownership sector","All establishment sizes",36,150,158,136,1514304,137649,6125,787
"06071",5,"6214",76,0,2013,1,"","San Bernardino County, California","Private","Outpatient care centers","County, NAICS 4-digit -- by ownership sector","All establishment sizes",139,2540,2565,2561,32972212,11868036,574917,993
"06071",5,"6214",76,0,2013,2,"","San Bernardino County, California","Private","Outpatient care centers","County, NAICS 4-digit -- by ownership sector","All establishment sizes",142,2592,2601,2595,36123135,1798685,93937,1070
"06071",5,"6214",76,0,2013,3,"","San Bernardino County, California","Private","Outpatient care centers","County, NAICS 4-digit -- by ownership sector","All establishment sizes",134,2433,2432,2462,32449585,879310,45830,1022
"06071",5,"62141",77,0,2013,1,"","San Bernardino County, California","Private","Family planning centers","County, NAICS 5-digit -- by ownership sector","All establishment sizes",5,57,57,56,793838,386191,22589,1078
"06071",5,"62141",77,0,2013,2,"","San Bernardino County, California","Private","Family planning centers","County, NAICS 5-digit -- by ownership sector","All establishment sizes",5,53,52,55,647427,36742,1983,934
"06071",5,"62141",77,0,2013,3,"","San Bernardino County, California","Private","Family planning centers","County, NAICS 5-digit -- by ownership sector","All establishment sizes",5,52,51,51,723423,36151,2168,1084
"06071",5,"621410",78,0,2013,1,"","San Bernardino County, California","Private","Family planning centers","County, NAICS 6-digit -- by ownership sector","All establishment sizes",5,57,57,56,793838,386191,22589,1078
"06071",5,"621410",78,0,2013,2,"","San Bernardino County, California","Private","Family planning centers","County, NAICS 6-digit -- by ownership sector","All establishment sizes",5,53,52,55,647427,36742,1983,934
"06071",5,"621410",78,0,2013,3,"","San Bernardino County, California","Private","Family planning centers","County, NAICS 6-digit -- by ownership sector","All establishment sizes",5,52,51,51,723423,36151,2168,1084
"06071",5,"62142",77,0,2013,1,"","San Bernardino County, California","Private","Outpatient mental health centers","County, NAICS 5-digit -- by ownership sector","All establishment sizes",51,729,752,771,6612283,2174942,130433,678
"06071",5,"62142",77,0,2013,2,"","San Bernardino County, California","Private","Outpatient mental health centers","County, NAICS 5-digit -- by ownership sector","All establishment sizes",52,793,784,771,6927624,610564,36578,681
"06071",5,"62142",77,0,2013,3,"","San Bernardino County, California","Private","Outpatient mental health centers","County, NAICS 5-digit -- by ownership sector","All establishment sizes",42,615,592,611,5997418,207330,12314,761
"06071",5,"621420",78,0,2013,1,"","San Bernardino County, California","Private","Outpatient mental health centers","County, NAICS 6-digit -- by ownership sector","All establishment sizes",51,729,752,771,6612283,2174942,130433,678
"06071",5,"621420",78,0,2013,2,"","San Bernardino County, California","Private","Outpatient mental health centers","County, NAICS 6-digit -- by ownership sector","All establishment sizes",52,793,784,771,6927624,610564,36578,681
"06071",5,"621420",78,0,2013,3,"","San Bernardino County, California","Private","Outpatient mental health centers","County, NAICS 6-digit -- by ownership sector","All establishment sizes",42,615,592,611,5997418,207330,12314,761
"06071",5,"62149",77,0,2013,1,"","San Bernardino County, California","Private","Other outpatient care centers","County, NAICS 5-digit -- by ownership sector","All establishment sizes",83,1754,1756,1734,25566091,9306903,421895,1125
"06071",5,"62149",77,0,2013,2,"","San Bernardino County, California","Private","Other outpatient care centers","County, NAICS 5-digit -- by ownership sector","All establishment sizes",85,1746,1765,1769,28548084,1151379,55376,1248
"06071",5,"62149",77,0,2013,3,"","San Bernardino County, California","Private","Other outpatient care centers","County, NAICS 5-digit -- by ownership sector","All establishment sizes",87,1766,1789,1800,25728744,635829,31348,1109
"06071",5,"621491",78,0,2013,1,"","San Bernardino County, California","Private","Hmo medical centers","County, NAICS 6-digit -- by ownership sector","All establishment sizes",13,531,533,547,11402501,3108235,122143,1633
"06071",5,"621491",78,0,2013,2,"","San Bernardino County, California","Private","Hmo medical centers","County, NAICS 6-digit -- by ownership sector","All establishment sizes",13,536,549,550,12379279,138178,5755,1747
"06071",5,"621491",78,0,2013,3,"","San Bernardino County, California","Private","Hmo medical centers","County, NAICS 6-digit -- by ownership sector","All establishment sizes",14,555,556,569,11121388,5603,264,1528
"06071",5,"621492",78,0,2013,1,"","San Bernardino County, California","Private","Kidney dialysis centers","County, NAICS 6-digit -- by ownership sector","All establishment sizes",30,645,643,641,7890149,3937003,181313,944
"06071",5,"621492",78,0,2013,2,"","San Bernardino County, California","Private","Kidney dialysis centers","County, NAICS 6-digit -- by ownership sector","All establishment sizes",31,646,651,653,9515908,507233,23416,1126
"06071",5,"621492",78,0,2013,3,"","San Bernardino County, California","Private","Kidney dialysis centers","County, NAICS 6-digit -- by ownership sector","All establishment sizes",31,652,653,656,8089261,313593,14492,952
"06071",5,"621493",78,0,2013,1,"","San Bernardino County, California","Private","Freestanding emergency medical centers","County, NAICS 6-digit -- by ownership sector","All establishment sizes",19,309,309,302,3161619,1702033,87728,793
"06071",5,"621493",78,0,2013,2,"","San Bernardino County, California","Private","Freestanding emergency medical centers","County, NAICS 6-digit -- by ownership sector","All establishment sizes",19,296,293,298,3064866,331361,16120,797
"06071",5,"621493",78,0,2013,3,"","San Bernardino County, California","Private","Freestanding emergency medical centers","County, NAICS 6-digit -- by ownership sector","All establishment sizes",19,295,301,303,3160319,195332,9391,811
"06071",5,"621498",78,0,2013,1,"","San Bernardino County, California","Private","All other outpatient care centers","County, NAICS 6-digit -- by ownership sector","All establishment sizes",21,269,271,244,3111822,559632,30711,916
"06071",5,"621498",78,0,2013,2,"","San Bernardino County, California","Private","All other outpatient care centers","County, NAICS 6-digit -- by ownership sector","All establishment sizes",22,268,272,268,3588031,174607,10085,1025
"06071",5,"621498",78,0,2013,3,"","San Bernardino County, California","Private","All other outpatient care centers","County, NAICS 6-digit -- by ownership sector","All establishment sizes",23,264,279,272,3357776,121301,7201,951
"06071",5,"6215",76,0,2013,1,"","San Bernardino County, California","Private","Medical and diagnostic laboratories","County, NAICS 4-digit -- by ownership sector","All establishment sizes",74,818,816,832,9729248,4588244,267322,910
"06071",5,"6215",76,0,2013,2,"","San Bernardino County, California","Private","Medical and diagnostic laboratories","County, NAICS 4-digit -- by ownership sector","All establishment sizes",74,842,851,847,9580991,845419,49154,870
"06071",5,"6215",76,0,2013,3,"","San Bernardino County, California","Private","Medical and diagnostic laboratories","County, NAICS 4-digit -- by ownership sector","All establishment sizes",75,848,852,859,10182851,480736,27838,918
"06071",5,"62151",77,0,2013,1,"","San Bernardino County, California","Private","Medical and diagnostic laboratories","County, NAICS 5-digit -- by ownership sector","All establishment sizes",74,818,816,832,9729248,4588244,267322,910
"06071",5,"62151",77,0,2013,2,"","San Bernardino County, California","Private","Medical and diagnostic laboratories","County, NAICS 5-digit -- by ownership sector","All establishment sizes",74,842,851,847,9580991,845419,49154,870
"06071",5,"62151",77,0,2013,3,"","San Bernardino County, California","Private","Medical and diagnostic laboratories","County, NAICS 5-digit -- by ownership sector","All establishment sizes",75,848,852,859,10182851,480736,27838,918
"06071",5,"621511",78,0,2013,1,"","San Bernardino County, California","Private","Medical laboratories","County, NAICS 6-digit -- by ownership sector","All establishment sizes",52,460,461,463,5039271,2435971,137098,840
"06071",5,"621511",78,0,2013,2,"","San Bernardino County, California","Private","Medical laboratories","County, NAICS 6-digit -- by ownership sector","All establishment sizes",52,477,480,478,4975804,484904,27244,800
"06071",5,"621511",78,0,2013,3,"","San Bernardino County, California","Private","Medical laboratories","County, NAICS 6-digit -- by ownership sector","All establishment sizes",52,473,478,489,5059296,292882,16541,811
"06071",5,"621512",78,0,2013,1,"","San Bernardino County, California","Private","Diagnostic imaging centers","County, NAICS 6-digit -- by ownership sector","All establishment sizes",22,358,355,369,4689977,2152273,130224,1000
"06071",5,"621512",78,0,2013,2,"","San Bernardino County, California","Private","Diagnostic imaging centers","County, NAICS 6-digit -- by ownership sector","All establishment sizes",22,365,371,369,4605187,360515,21910,962
"06071",5,"621512",78,0,2013,3,"","San Bernardino County, California","Private","Diagnostic imaging centers","County, NAICS 6-digit -- by ownership sector","All establishment sizes",23,375,374,370,5123555,187854,11297,1057
"06071",5,"6216",76,0,2013,1,"","San Bernardino County, California","Private","Home health care services","County, NAICS 4-digit -- by ownership sector","All establishment sizes",134,3381,3358,3371,28257354,14848468,750138,645
"06071",5,"6216",76,0,2013,2,"","San Bernardino County, California","Private","Home health care services","County, NAICS 4-digit -- by ownership sector","All establishment sizes",134,3411,3378,3329,28110662,4896413,236550,641
"06071",5,"6216",76,0,2013,3,"","San Bernardino County, California","Private","Home health care services","County, NAICS 4-digit -- by ownership sector","All establishment sizes",136,3467,3474,3502,27878309,3736197,180223,616
"06071",5,"62161",77,0,2013,1,"","San Bernardino County, California","Private","Home health care services","County, NAICS 5-digit -- by ownership sector","All establishment sizes",134,3381,3358,3371,28257354,14848468,750138,645
"06071",5,"62161",77,0,2013,2,"","San Bernardino County, California","Private","Home health care services","County, NAICS 5-digit -- by ownership sector","All establishment sizes",134,3411,3378,3329,28110662,4896413,236550,641
"06071",5,"62161",77,0,2013,3,"","San Bernardino County, California","Private","Home health care services","County, NAICS 5-digit -- by ownership sector","All establishment sizes",136,3467,3474,3502,27878309,3736197,180223,616
"06071",5,"621610",78,0,2013,1,"","San Bernardino County, California","Private","Home health care services","County, NAICS 6-digit -- by ownership sector","All establishment sizes",134,3381,3358,3371,28257354,14848468,750138,645
"06071",5,"621610",78,0,2013,2,"","San Bernardino County, California","Private","Home health care services","County, NAICS 6-digit -- by ownership sector","All establishment sizes",134,3411,3378,3329,28110662,4896413,236550,641
"06071",5,"621610",78,0,2013,3,"","San Bernardino County, California","Private","Home health care services","County, NAICS 6-digit -- by ownership sector","All establishment sizes",136,3467,3474,3502,27878309,3736197,180223,616
"06071",5,"6219",76,0,2013,1,"","San Bernardino County, California","Private","Other ambulatory health care services","County, NAICS 4-digit -- by ownership sector","All establishment sizes",35,1588,1592,1606,17439343,7112029,317596,841
"06071",5,"6219",76,0,2013,2,"","San Bernardino County, California","Private","Other ambulatory health care services","County, NAICS 4-digit -- by ownership sector","All establishment sizes",35,1599,1600,1596,15748124,1250677,56144,758
"06071",5,"6219",76,0,2013,3,"","San Bernardino County, California","Private","Other ambulatory health care services","County, NAICS 4-digit -- by ownership sector","All establishment sizes",35,1578,1591,1608,17417283,715656,31456,841
"06071",5,"62191",77,0,2013,1,"","San Bernardino County, California","Private","Ambulance services","County, NAICS 5-digit -- by ownership sector","All establishment sizes",20,1018,1014,1023,10261674,5980689,258047,775
"06071",5,"62191",77,0,2013,2,"","San Bernardino County, California","Private","Ambulance services","County, NAICS 5-digit -- by ownership sector","All establishment sizes",20,1033,1034,1038,8971859,983745,41816,667
"06071",5,"62191",77,0,2013,3,"","San Bernardino County, California","Private","Ambulance services","County, NAICS 5-digit -- by ownership sector","All establishment sizes",20,1030,1028,1019,9988901,602838,25747,749
"06071",5,"621910",78,0,2013,1,"","San Bernardino County, California","Private","Ambulance services","County, NAICS 6-digit -- by ownership sector","All establishment sizes",20,1018,1014,1023,10261674,5980689,258047,775
"06071",5,"621910",78,0,2013,2,"","San Bernardino County, California","Private","Ambulance services","County, NAICS 6-digit -- by ownership sector","All establishment sizes",20,1033,1034,1038,8971859,983745,41816,667
"06071",5,"621910",78,0,2013,3,"","San Bernardino County, California","Private","Ambulance services","County, NAICS 6-digit -- by ownership sector","All establishment sizes",20,1030,1028,1019,9988901,602838,25747,749
"06071",5,"62199",77,0,2013,1,"","San Bernardino County, California","Private","All other ambulatory health care services","County, NAICS 5-digit -- by ownership sector","All establishment sizes",15,570,578,583,7177669,1131340,59549,957
"06071",5,"62199",77,0,2013,2,"","San Bernardino County, California","Private","All other ambulatory health care services","County, NAICS 5-digit -- by ownership sector","All establishment sizes",15,566,566,558,6776265,266932,14328,925
"06071",5,"62199",77,0,2013,3,"","San Bernardino County, California","Private","All other ambulatory health care services","County, NAICS 5-digit -- by ownership sector","All establishment sizes",15,548,563,589,7428382,112818,5709,1008
"06071",5,"621991",78,0,2013,1,"","San Bernardino County, California","Private","Blood and organ banks","County, NAICS 6-digit -- by ownership sector","All establishment sizes",6,450,454,453,5374047,412425,24380,914
"06071",5,"621991",78,0,2013,2,"","San Bernardino County, California","Private","Blood and organ banks","County, NAICS 6-digit -- by ownership sector","All establishment sizes",6,456,454,452,4810316,120654,7316,815
"06071",5,"621991",78,0,2013,3,"","San Bernardino County, California","Private","Blood and organ banks","County, NAICS 6-digit -- by ownership sector","All establishment sizes",6,456,460,468,5504372,39966,2417,918
"06071",5,"621999",78,0,2013,1,"","San Bernardino County, California","Private","Miscellaneous ambulatory health care services","County, NAICS 6-digit -- by ownership sector","All establishment sizes",9,120,124,130,1803622,718915,35169,1113
"06071",5,"621999",78,0,2013,2,"","San Bernardino County, California","Private","Miscellaneous ambulatory health care services","County, NAICS 6-digit -- by ownership sector","All establishment sizes",9,110,112,106,1965949,146278,7012,1383
"06071",5,"621999",78,0,2013,3,"","San Bernardino County, California","Private","Miscellaneous ambulatory health care services","County, NAICS 6-digit -- by ownership sector","All establishment sizes",9,92,103,121,1924010,72852,3292,1405
"06071",5,"622",75,0,2013,1,"","San Bernardino County, California","Private","Hospitals","County, NAICS 3-digit -- by ownership sector","All establishment sizes",25,20739,20877,20916,308867255,18471765,876996,1140
"06071",5,"622",75,0,2013,2,"","San Bernardino County, California","Private","Hospitals","County, NAICS 3-digit -- by ownership sector","All establishment sizes",25,20668,20560,20532,338723485,3247622,150291,1266
"06071",5,"622",75,0,2013,3,"","San Bernardino County, California","Private","Hospitals","County, NAICS 3-digit -- by ownership sector","All establishment sizes",26,20564,20612,20624,302747301,2095169,93285,1130
"06071",5,"6221",76,0,2013,1,"","San Bernardino County, California","Private","General medical and surgical hospitals","County, NAICS 4-digit -- by ownership sector","All establishment sizes",19,19570,19704,19716,294464578,13085108,594264,1152
"06071",5,"6221",76,0,2013,2,"","San Bernardino County, California","Private","General medical and surgical hospitals","County, NAICS 4-digit -- by ownership sector","All establishment sizes",19,19512,19423,19400,324984297,2377696,105043,1286
"06071",5,"6221",76,0,2013,3,"","San Bernardino County, California","Private","General medical and surgical hospitals","County, NAICS 4-digit -- by ownership sector","All establishment sizes",20,19408,19459,19479,288948703,1414353,57498,1143
"06071",5,"62211",77,0,2013,1,"","San Bernardino County, California","Private","General medical and surgical hospitals","County, NAICS 5-digit -- by ownership sector","All establishment sizes",19,19570,19704,19716,294464578,13085108,594264,1152
"06071",5,"62211",77,0,2013,2,"","San Bernardino County, California","Private","General medical and surgical hospitals","County, NAICS 5-digit -- by ownership sector","All establishment sizes",19,19512,19423,19400,324984297,2377696,105043,1286
"06071",5,"62211",77,0,2013,3,"","San Bernardino County, California","Private","General medical and surgical hospitals","County, NAICS 5-digit -- by ownership sector","All establishment sizes",20,19408,19459,19479,288948703,1414353,57498,1143
"06071",5,"622110",78,0,2013,1,"","San Bernardino County, California","Private","General medical and surgical hospitals","County, NAICS 6-digit -- by ownership sector","All establishment sizes",19,19570,19704,19716,294464578,13085108,594264,1152
"06071",5,"622110",78,0,2013,2,"","San Bernardino County, California","Private","General medical and surgical hospitals","County, NAICS 6-digit -- by ownership sector","All establishment sizes",19,19512,19423,19400,324984297,2377696,105043,1286
"06071",5,"622110",78,0,2013,3,"","San Bernardino County, California","Private","General medical and surgical hospitals","County, NAICS 6-digit -- by ownership sector","All establishment sizes",20,19408,19459,19479,288948703,1414353,57498,1143
"06071",5,"6222",76,0,2013,1,"N","San Bernardino County, California","Private","Psychiatric and substance abuse hospitals","County, NAICS 4-digit -- by ownership sector","All establishment sizes",2,0,0,0,0,0,0,0
"06071",5,"6222",76,0,2013,2,"N","San Bernardino County, California","Private","Psychiatric and substance abuse hospitals","County, NAICS 4-digit -- by ownership sector","All establishment sizes",2,0,0,0,0,0,0,0
"06071",5,"6222",76,0,2013,3,"N","San Bernardino County, California","Private","Psychiatric and substance abuse hospitals","County, NAICS 4-digit -- by ownership sector","All establishment sizes",2,0,0,0,0,0,0,0
"06071",5,"62221",77,0,2013,1,"N","San Bernardino County, California","Private","Psychiatric and substance abuse hospitals","County, NAICS 5-digit -- by ownership sector","All establishment sizes",2,0,0,0,0,0,0,0
"06071",5,"62221",77,0,2013,2,"N","San Bernardino County, California","Private","Psychiatric and substance abuse hospitals","County, NAICS 5-digit -- by ownership sector","All establishment sizes",2,0,0,0,0,0,0,0
"06071",5,"62221",77,0,2013,3,"N","San Bernardino County, California","Private","Psychiatric and substance abuse hospitals","County, NAICS 5-digit -- by ownership sector","All establishment sizes",2,0,0,0,0,0,0,0
"06071",5,"622210",78,0,2013,1,"N","San Bernardino County, California","Private","Psychiatric and substance abuse hospitals","County, NAICS 6-digit -- by ownership sector","All establishment sizes",2,0,0,0,0,0,0,0
"06071",5,"622210",78,0,2013,2,"N","San Bernardino County, California","Private","Psychiatric and substance abuse hospitals","County, NAICS 6-digit -- by ownership sector","All establishment sizes",2,0,0,0,0,0,0,0
"06071",5,"622210",78,0,2013,3,"N","San Bernardino County, California","Private","Psychiatric and substance abuse hospitals","County, NAICS 6-digit -- by ownership sector","All establishment sizes",2,0,0,0,0,0,0,0
"06071",5,"6223",76,0,2013,1,"N","San Bernardino County, California","Private","Other hospitals","County, NAICS 4-digit -- by ownership sector","All establishment sizes",4,0,0,0,0,0,0,0
"06071",5,"6223",76,0,2013,2,"N","San Bernardino County, California","Private","Other hospitals","County, NAICS 4-digit -- by ownership sector","All establishment sizes",4,0,0,0,0,0,0,0
"06071",5,"6223",76,0,2013,3,"N","San Bernardino County, California","Private","Other hospitals","County, NAICS 4-digit -- by ownership sector","All establishment sizes",4,0,0,0,0,0,0,0
"06071",5,"62231",77,0,2013,1,"N","San Bernardino County, California","Private","Other hospitals","County, NAICS 5-digit -- by ownership sector","All establishment sizes",4,0,0,0,0,0,0,0
"06071",5,"62231",77,0,2013,2,"N","San Bernardino County, California","Private","Other hospitals","County, NAICS 5-digit -- by ownership sector","All establishment sizes",4,0,0,0,0,0,0,0
"06071",5,"62231",77,0,2013,3,"N","San Bernardino County, California","Private","Other hospitals","County, NAICS 5-digit -- by ownership sector","All establishment sizes",4,0,0,0,0,0,0,0
"06071",5,"622310",78,0,2013,1,"N","San Bernardino County, California","Private","Other hospitals","County, NAICS 6-digit -- by ownership sector","All establishment sizes",4,0,0,0,0,0,0,0
"06071",5,"622310",78,0,2013,2,"N","San Bernardino County, California","Private","Other hospitals","County, NAICS 6-digit -- by ownership sector","All establishment sizes",4,0,0,0,0,0,0,0
"06071",5,"622310",78,0,2013,3,"N","San Bernardino County, California","Private","Other hospitals","County, NAICS 6-digit -- by ownership sector","All establishment sizes",4,0,0,0,0,0,0,0
"06071",5,"623",75,0,2013,1,"","San Bernardino County, California","Private","Nursing and residential care facilities","County, NAICS 3-digit -- by ownership sector","All establishment sizes",359,11490,11470,11466,78806586,49369069,2366408,528
"06071",5,"623",75,0,2013,2,"","San Bernardino County, California","Private","Nursing and residential care facilities","County, NAICS 3-digit -- by ownership sector","All establishment sizes",356,11414,11493,11478,79038587,17958798,865108,530
"06071",5,"623",75,0,2013,3,"","San Bernardino County, California","Private","Nursing and residential care facilities","County, NAICS 3-digit -- by ownership sector","All establishment sizes",359,11547,11667,11622,82403298,9355684,452647,546
"06071",5,"6231",76,0,2013,1,"","San Bernardino County, California","Private","Nursing care facilities","County, NAICS 4-digit -- by ownership sector","All establishment sizes",64,6109,6135,6155,47924887,30708588,1413817,601
"06071",5,"6231",76,0,2013,2,"","San Bernardino County, California","Private","Nursing care facilities","County, NAICS 4-digit -- by ownership sector","All establishment sizes",65,6073,6113,6142,47808768,10081156,475365,602
"06071",5,"6231",76,0,2013,3,"","San Bernardino County, California","Private","Nursing care facilities","County, NAICS 4-digit -- by ownership sector","All establishment sizes",66,6168,6240,6216,50076888,5156863,235383,621
"06071",5,"62311",77,0,2013,1,"","San Bernardino County, California","Private","Nursing care facilities","County, NAICS 5-digit -- by ownership sector","All establishment sizes",64,6109,6135,6155,47924887,30708588,1413817,601
"06071",5,"62311",77,0,2013,2,"","San Bernardino County, California","Private","Nursing care facilities","County, NAICS 5-digit -- by ownership sector","All establishment sizes",65,6073,6113,6142,47808768,10081156,475365,602
"06071",5,"62311",77,0,2013,3,"","San Bernardino County, California","Private","Nursing care facilities","County, NAICS 5-digit -- by ownership sector","All establishment sizes",66,6168,6240,6216,50076888,5156863,235383,621
"06071",5,"623110",78,0,2013,1,"","San Bernardino County, California","Private","Nursing care facilities","County, NAICS 6-digit -- by ownership sector","All establishment sizes",64,6109,6135,6155,47924887,30708588,1413817,601
"06071",5,"623110",78,0,2013,2,"","San Bernardino County, California","Private","Nursing care facilities","County, NAICS 6-digit -- by ownership sector","All establishment sizes",65,6073,6113,6142,47808768,10081156,475365,602
"06071",5,"623110",78,0,2013,3,"","San Bernardino County, California","Private","Nursing care facilities","County, NAICS 6-digit -- by ownership sector","All establishment sizes",66,6168,6240,6216,50076888,5156863,235383,621
"06071",5,"6232",76,0,2013,1,"","San Bernardino County, California","Private","Residential mental health facilities","County, NAICS 4-digit -- by ownership sector","All establishment sizes",140,1764,1768,1774,9192035,6093715,298625,400
"06071",5,"6232",76,0,2013,2,"","San Bernardino County, California","Private","Residential mental health facilities","County, NAICS 4-digit -- by ownership sector","All establishment sizes",139,1758,1770,1730,9301017,2588014,124957,408
"06071",5,"6232",76,0,2013,3,"","San Bernardino County, California","Private","Residential mental health facilities","County, NAICS 4-digit -- by ownership sector","All establishment sizes",139,1745,1753,1729,9557966,1077396,52778,422
"06071",5,"62321",77,0,2013,1,"","San Bernardino County, California","Private","Residential disability facilities","County, NAICS 5-digit -- by ownership sector","All establishment sizes",113,1363,1363,1370,6757368,4569127,219761,381
"06071",5,"62321",77,0,2013,2,"","San Bernardino County, California","Private","Residential disability facilities","County, NAICS 5-digit -- by ownership sector","All establishment sizes",113,1348,1343,1324,6769470,2033190,97082,389
"06071",5,"62321",77,0,2013,3,"","San Bernardino County, California","Private","Residential disability facilities","County, NAICS 5-digit -- by ownership sector","All establishment sizes",113,1329,1329,1300,6845071,745682,35476,399
"06071",5,"623210",78,0,2013,1,"","San Bernardino County, California","Private","Residential disability facilities","County, NAICS 6-digit -- by ownership sector","All establishment sizes",113,1363,1363,1370,6757368,4569127,219761,381
"06071",5,"623210",78,0,2013,2,"","San Bernardino County, California","Private","Residential disability facilities","County, NAICS 6-digit -- by ownership sector","All establishment sizes",113,1348,1343,1324,6769470,2033190,97082,389
"06071",5,"623210",78,0,2013,3,"","San Bernardino County, California","Private","Residential disability facilities","County, NAICS 6-digit -- by ownership sector","All establishment sizes",113,1329,1329,1300,6845071,745682,35476,399
"06071",5,"62322",77,0,2013,1,"","San Bernardino County, California","Private","Residential mental and substance abuse care","County, NAICS 5-digit -- by ownership sector","All establishment sizes",27,401,405,404,2434667,1524588,78864,464
"06071",5,"62322",77,0,2013,2,"","San Bernardino County, California","Private","Residential mental and substance abuse care","County, NAICS 5-digit -- by ownership sector","All establishment sizes",26,410,427,406,2531547,554824,27875,470
"06071",5,"62322",77,0,2013,3,"","San Bernardino County, California","Private","Residential mental and substance abuse care","County, NAICS 5-digit -- by ownership sector","All establishment sizes",26,416,424,429,2712895,331714,17302,493
"06071",5,"623220",78,0,2013,1,"","San Bernardino County, California","Private","Residential mental and substance abuse care","County, NAICS 6-digit -- by ownership sector","All establishment sizes",27,401,405,404,2434667,1524588,78864,464
"06071",5,"623220",78,0,2013,2,"","San Bernardino County, California","Private","Residential mental and substance abuse care","County, NAICS 6-digit -- by ownership sector","All establishment sizes",26,410,427,406,2531547,554824,27875,470
"06071",5,"623220",78,0,2013,3,"","San Bernardino County, California","Private","Residential mental and substance abuse care","County, NAICS 6-digit -- by ownership sector","All establishment sizes",26,416,424,429,2712895,331714,17302,493
"06071",5,"6233",76,0,2013,1,"","San Bernardino County, California","Private","Community care facilities for the elderly","County, NAICS 4-digit -- by ownership sector","All establishment sizes",112,2581,2525,2514,13376361,9210029,468566,405
"06071",5,"6233",76,0,2013,2,"","San Bernardino County, California","Private","Community care facilities for the elderly","County, NAICS 4-digit -- by ownership sector","All establishment sizes",109,2543,2563,2564,13652130,4474242,223762,411
"06071",5,"6233",76,0,2013,3,"","San Bernardino County, California","Private","Community care facilities for the elderly","County, NAICS 4-digit -- by ownership sector","All establishment sizes",110,2584,2622,2610,14007381,2398410,125784,414
"06071",5,"62331",77,0,2013,1,"","San Bernardino County, California","Private","Community care facilities for the elderly","County, NAICS 5-digit -- by ownership sector","All establishment sizes",112,2581,2525,2514,13376361,9210029,468566,405
"06071",5,"62331",77,0,2013,2,"","San Bernardino County, California","Private","Community care facilities for the elderly","County, NAICS 5-digit -- by ownership sector","All establishment sizes",109,2543,2563,2564,13652130,4474242,223762,411
"06071",5,"62331",77,0,2013,3,"","San Bernardino County, California","Private","Community care facilities for the elderly","County, NAICS 5-digit -- by ownership sector","All establishment sizes",110,2584,2622,2610,14007381,2398410,125784,414
"06071",5,"623311",78,0,2013,1,"","San Bernardino County, California","Private","Continuing care retirement communities","County, NAICS 6-digit -- by ownership sector","All establishment sizes",21,1127,1067,1062,6089660,3297591,169248,432
"06071",5,"623311",78,0,2013,2,"","San Bernardino County, California","Private","Continuing care retirement communities","County, NAICS 6-digit -- by ownership sector","All establishment sizes",19,1064,1067,1064,6082884,1453606,74602,439
"06071",5,"623311",78,0,2013,3,"","San Bernardino County, California","Private","Continuing care retirement communities","County, NAICS 6-digit -- by ownership sector","All establishment sizes",20,1078,1066,1086,6183935,640120,33253,442
"06071",5,"623312",78,0,2013,1,"","San Bernardino County, California","Private","Assisted living facilities for the elderly","County, NAICS 6-digit -- by ownership sector","All establishment sizes",91,1454,1458,1452,7286701,5912438,299318,385
"06071",5,"623312",78,0,2013,2,"","San Bernardino County, California","Private","Assisted living facilities for the elderly","County, NAICS 6-digit -- by ownership sector","All establishment sizes",90,1479,1496,1500,7569246,3020636,149160,390
"06071",5,"623312",78,0,2013,3,"","San Bernardino County, California","Private","Assisted living facilities for the elderly","County, NAICS 6-digit -- by ownership sector","All establishment sizes",90,1506,1556,1524,7823446,1758290,92531,394
"06071",5,"6239",76,0,2013,1,"","San Bernardino County, California","Private","Other residential care facilities","County, NAICS 4-digit -- by ownership sector","All establishment sizes",43,1036,1042,1023,8313303,3356737,185400,619
"06071",5,"6239",76,0,2013,2,"","San Bernardino County, California","Private","Other residential care facilities","County, NAICS 4-digit -- by ownership sector","All establishment sizes",43,1040,1047,1042,8276672,815386,41024,610
"06071",5,"6239",76,0,2013,3,"","San Bernardino County, California","Private","Other residential care facilities","County, NAICS 4-digit -- by ownership sector","All establishment sizes",44,1050,1052,1067,8761063,723015,38702,638
"06071",5,"62399",77,0,2013,1,"","San Bernardino County, California","Private","Other residential care facilities","County, NAICS 5-digit -- by ownership sector","All establishment sizes",43,1036,1042,1023,8313303,3356737,185400,619
"06071",5,"62399",77,0,2013,2,"","San Bernardino County, California","Private","Other residential care facilities","County, NAICS 5-digit -- by ownership sector","All establishment sizes",43,1040,1047,1042,8276672,815386,41024,610
"06071",5,"62399",77,0,2013,3,"","San Bernardino County, California","Private","Other residential care facilities","County, NAICS 5-digit -- by ownership sector","All establishment sizes",44,1050,1052,1067,8761063,723015,38702,638
"06071",5,"623990",78,0,2013,1,"","San Bernardino County, California","Private","Other residential care facilities","County, NAICS 6-digit -- by ownership sector","All establishment sizes",43,1036,1042,1023,8313303,3356737,185400,619
"06071",5,"623990",78,0,2013,2,"","San Bernardino County, California","Private","Other residential care facilities","County, NAICS 6-digit -- by ownership sector","All establishment sizes",43,1040,1047,1042,8276672,815386,41024,610
"06071",5,"623990",78,0,2013,3,"","San Bernardino County, California","Private","Other residential care facilities","County, NAICS 6-digit -- by ownership sector","All establishment sizes",44,1050,1052,1067,8761063,723015,38702,638
"06071",5,"624",75,0,2013,1,"","San Bernardino County, California","Private","Social assistance","County, NAICS 3-digit -- by ownership sector","All establishment sizes",15384,23216,23076,23256,79832486,58658115,2878873,265
"06071",5,"624",75,0,2013,2,"","San Bernardino County, California","Private","Social assistance","County, NAICS 3-digit -- by ownership sector","All establishment sizes",16921,23528,23551,23579,83486242,42192527,2007197,273
"06071",5,"624",75,0,2013,3,"","San Bernardino County, California","Private","Social assistance","County, NAICS 3-digit -- by ownership sector","All establishment sizes",17715,24506,24557,24398,80296136,26165607,1209488,252
"06071",5,"6241",76,0,2013,1,"","San Bernardino County, California","Private","Individual and family services","County, NAICS 4-digit -- by ownership sector","All establishment sizes",15123,19382,19268,19393,61718902,46534889,2223560,245
"06071",5,"6241",76,0,2013,2,"","San Bernardino County, California","Private","Individual and family services","County, NAICS 4-digit -- by ownership sector","All establishment sizes",16662,19563,19547,19565,63729456,36807094,1725489,251
"06071",5,"6241",76,0,2013,3,"","San Bernardino County, California","Private","Individual and family services","County, NAICS 4-digit -- by ownership sector","All establishment sizes",17458,20601,20610,20466,60979396,23750568,1083936,228
"06071",5,"62411",77,0,2013,1,"","San Bernardino County, California","Private","Child and youth services","County, NAICS 5-digit -- by ownership sector","All establishment sizes",37,477,483,475,4534784,1977296,99043,729
"06071",5,"62411",77,0,2013,2,"","San Bernardino County, California","Private","Child and youth services","County, NAICS 5-digit -- by ownership sector","All establishment sizes",39,541,535,548,5021741,423696,21999,714
"06071",5,"62411",77,0,2013,3,"","San Bernardino County, California","Private","Child and youth services","County, NAICS 5-digit -- by ownership sector","All establishment sizes",39,539,541,550,5028525,345507,16453,712
"06071",5,"624110",78,0,2013,1,"","San Bernardino County, California","Private","Child and youth services","County, NAICS 6-digit -- by ownership sector","All establishment sizes",37,477,483,475,4534784,1977296,99043,729
"06071",5,"624110",78,0,2013,2,"","San Bernardino County, California","Private","Child and youth services","County, NAICS 6-digit -- by ownership sector","All establishment sizes",39,541,535,548,5021741,423696,21999,714
"06071",5,"624110",78,0,2013,3,"","San Bernardino County, California","Private","Child and youth services","County, NAICS 6-digit -- by ownership sector","All establishment sizes",39,539,541,550,5028525,345507,16453,712
"06071",5,"62412",77,0,2013,1,"","San Bernardino County, California","Private","Services for the elderly and disabled","County, NAICS 5-digit -- by ownership sector","All establishment sizes",15021,17536,17412,17525,44700316,42082478,1994244,197
"06071",5,"62412",77,0,2013,2,"","San Bernardino County, California","Private","Services for the elderly and disabled","County, NAICS 5-digit -- by ownership sector","All establishment sizes",16556,17615,17600,17621,46334043,35466655,1655327,202
"06071",5,"62412",77,0,2013,3,"","San Bernardino County, California","Private","Services for the elderly and disabled","County, NAICS 5-digit -- by ownership sector","All establishment sizes",17352,18651,18648,18641,42745894,22851449,1038696,176
"06071",5,"624120",78,0,2013,1,"","San Bernardino County, California","Private","Services for the elderly and disabled","County, NAICS 6-digit -- by ownership sector","All establishment sizes",15021,17536,17412,17525,44700316,42082478,1994244,197
"06071",5,"624120",78,0,2013,2,"","San Bernardino County, California","Private","Services for the elderly and disabled","County, NAICS 6-digit -- by ownership sector","All establishment sizes",16556,17615,17600,17621,46334043,35466655,1655327,202
"06071",5,"624120",78,0,2013,3,"","San Bernardino County, California","Private","Services for the elderly and disabled","County, NAICS 6-digit -- by ownership sector","All establishment sizes",17352,18651,18648,18641,42745894,22851449,1038696,176
"06071",5,"62419",77,0,2013,1,"","San Bernardino County, California","Private","Other individual and family services","County, NAICS 5-digit -- by ownership sector","All establishment sizes",65,1369,1373,1393,12483802,2475115,130273,697
"06071",5,"62419",77,0,2013,2,"","San Bernardino County, California","Private","Other individual and family services","County, NAICS 5-digit -- by ownership sector","All establishment sizes",67,1407,1412,1396,12373672,916743,48163,677
"06071",5,"62419",77,0,2013,3,"","San Bernardino County, California","Private","Other individual and family services","County, NAICS 5-digit -- by ownership sector","All establishment sizes",67,1411,1421,1275,13204977,553612,28787,742
"06071",5,"624190",78,0,2013,1,"","San Bernardino County, California","Private","Other individual and family services","County, NAICS 6-digit -- by ownership sector","All establishment sizes",65,1369,1373,1393,12483802,2475115,130273,697
"06071",5,"624190",78,0,2013,2,"","San Bernardino County, California","Private","Other individual and family services","County, NAICS 6-digit -- by ownership sector","All establishment sizes",67,1407,1412,1396,12373672,916743,48163,677
"06071",5,"624190",78,0,2013,3,"","San Bernardino County, California","Private","Other individual and family services","County, NAICS 6-digit -- by ownership sector","All establishment sizes",67,1411,1421,1275,13204977,553612,28787,742
"06071",5,"6242",76,0,2013,1,"","San Bernardino County, California","Private","Emergency and other relief services","County, NAICS 4-digit -- by ownership sector","All establishment sizes",47,411,401,418,2888161,1984977,113848,542
"06071",5,"6242",76,0,2013,2,"","San Bernardino County, California","Private","Emergency and other relief services","County, NAICS 4-digit -- by ownership sector","All establishment sizes",47,409,407,407,2984108,574664,31339,563
"06071",5,"6242",76,0,2013,3,"","San Bernardino County, California","Private","Emergency and other relief services","County, NAICS 4-digit -- by ownership sector","All establishment sizes",48,405,411,406,2978600,327375,18803,562
"06071",5,"62421",77,0,2013,1,"","San Bernardino County, California","Private","Community food services","County, NAICS 5-digit -- by ownership sector","All establishment sizes",15,99,98,98,390237,289135,15022,305
"06071",5,"62421",77,0,2013,2,"","San Bernardino County, California","Private","Community food services","County, NAICS 5-digit -- by ownership sector","All establishment sizes",15,95,96,95,438126,174582,8431,354
"06071",5,"62421",77,0,2013,3,"","San Bernardino County, California","Private","Community food services","County, NAICS 5-digit -- by ownership sector","All establishment sizes",17,91,92,95,378763,61294,3437,314
"06071",5,"624210",78,0,2013,1,"","San Bernardino County, California","Private","Community food services","County, NAICS 6-digit -- by ownership sector","All establishment sizes",15,99,98,98,390237,289135,15022,305
"06071",5,"624210",78,0,2013,2,"","San Bernardino County, California","Private","Community food services","County, NAICS 6-digit -- by ownership sector","All establishment sizes",15,95,96,95,438126,174582,8431,354
"06071",5,"624210",78,0,2013,3,"","San Bernardino County, California","Private","Community food services","County, NAICS 6-digit -- by ownership sector","All establishment sizes",17,91,92,95,378763,61294,3437,314
"06071",5,"62422",77,0,2013,1,"","San Bernardino County, California","Private","Community housing services","County, NAICS 5-digit -- by ownership sector","All establishment sizes",23,253,238,255,1903584,1383125,81318,589
"06071",5,"62422",77,0,2013,2,"","San Bernardino County, California","Private","Community housing services","County, NAICS 5-digit -- by ownership sector","All establishment sizes",23,253,252,255,1955890,353963,20465,594
"06071",5,"62422",77,0,2013,3,"","San Bernardino County, California","Private","Community housing services","County, NAICS 5-digit -- by ownership sector","All establishment sizes",22,253,255,247,1903446,212604,12113,582
"06071",5,"624221",78,0,2013,1,"","San Bernardino County, California","Private","Temporary shelters","County, NAICS 6-digit -- by ownership sector","All establishment sizes",13,186,170,181,1132858,941927,55801,487
"06071",5,"624221",78,0,2013,2,"","San Bernardino County, California","Private","Temporary shelters","County, NAICS 6-digit -- by ownership sector","All establishment sizes",13,180,180,183,1143280,263824,15613,486
"06071",5,"624221",78,0,2013,3,"","San Bernardino County, California","Private","Temporary shelters","County, NAICS 6-digit -- by ownership sector","All establishment sizes",13,179,183,175,1126407,126832,7671,484
"06071",5,"624229",78,0,2013,1,"","San Bernardino County, California","Private","Other community housing services","County, NAICS 6-digit -- by ownership sector","All establishment sizes",10,67,68,74,770726,441198,25517,851
"06071",5,"624229",78,0,2013,2,"","San Bernardino County, California","Private","Other community housing services","County, NAICS 6-digit -- by ownership sector","All establishment sizes",10,73,72,72,812610,90139,4852,864
"06071",5,"624229",78,0,2013,3,"","San Bernardino County, California","Private","Other community housing services","County, NAICS 6-digit -- by ownership sector","All establishment sizes",9,74,72,72,777039,85772,4442,823
"06071",5,"62423",77,0,2013,1,"","San Bernardino County, California","Private","Emergency and other relief services","County, NAICS 5-digit -- by ownership sector","All establishment sizes",9,59,65,65,594340,312717,17508,726
"06071",5,"62423",77,0,2013,2,"","San Bernardino County, California","Private","Emergency and other relief services","County, NAICS 5-digit -- by ownership sector","All establishment sizes",9,61,59,57,590092,46119,2443,769
"06071",5,"62423",77,0,2013,3,"","San Bernardino County, California","Private","Emergency and other relief services","County, NAICS 5-digit -- by ownership sector","All establishment sizes",9,61,64,64,696391,53477,3253,850
"06071",5,"624230",78,0,2013,1,"","San Bernardino County, California","Private","Emergency and other relief services","County, NAICS 6-digit -- by ownership sector","All establishment sizes",9,59,65,65,594340,312717,17508,726
"06071",5,"624230",78,0,2013,2,"","San Bernardino County, California","Private","Emergency and other relief services","County, NAICS 6-digit -- by ownership sector","All establishment sizes",9,61,59,57,590092,46119,2443,769
"06071",5,"624230",78,0,2013,3,"","San Bernardino County, California","Private","Emergency and other relief services","County, NAICS 6-digit -- by ownership sector","All establishment sizes",9,61,64,64,696391,53477,3253,850
"06071",5,"6243",76,0,2013,1,"","San Bernardino County, California","Private","Vocational rehabilitation services","County, NAICS 4-digit -- by ownership sector","All establishment sizes",45,1886,1846,1879,7525393,4278874,240227,310
"06071",5,"6243",76,0,2013,2,"","San Bernardino County, California","Private","Vocational rehabilitation services","County, NAICS 4-digit -- by ownership sector","All establishment sizes",46,1884,1894,1918,7589880,1867061,103307,307
"06071",5,"6243",76,0,2013,3,"","San Bernardino County, California","Private","Vocational rehabilitation services","County, NAICS 4-digit -- by ownership sector","All establishment sizes",46,1868,1890,1847,7507952,839927,45525,309
"06071",5,"62431",77,0,2013,1,"","San Bernardino County, California","Private","Vocational rehabilitation services","County, NAICS 5-digit -- by ownership sector","All establishment sizes",45,1886,1846,1879,7525393,4278874,240227,310
"06071",5,"62431",77,0,2013,2,"","San Bernardino County, California","Private","Vocational rehabilitation services","County, NAICS 5-digit -- by ownership sector","All establishment sizes",46,1884,1894,1918,7589880,1867061,103307,307
"06071",5,"62431",77,0,2013,3,"","San Bernardino County, California","Private","Vocational rehabilitation services","County, NAICS 5-digit -- by ownership sector","All establishment sizes",46,1868,1890,1847,7507952,839927,45525,309
"06071",5,"624310",78,0,2013,1,"","San Bernardino County, California","Private","Vocational rehabilitation services","County, NAICS 6-digit -- by ownership sector","All establishment sizes",45,1886,1846,1879,7525393,4278874,240227,310
"06071",5,"624310",78,0,2013,2,"","San Bernardino County, California","Private","Vocational rehabilitation services","County, NAICS 6-digit -- by ownership sector","All establishment sizes",46,1884,1894,1918,7589880,1867061,103307,307
"06071",5,"624310",78,0,2013,3,"","San Bernardino County, California","Private","Vocational rehabilitation services","County, NAICS 6-digit -- by ownership sector","All establishment sizes",46,1868,1890,1847,7507952,839927,45525,309
"06071",5,"6244",76,0,2013,1,"","San Bernardino County, California","Private","Child day care services","County, NAICS 4-digit -- by ownership sector","All establishment sizes",169,1537,1561,1566,7700030,5859375,301238,381
"06071",5,"6244",76,0,2013,2,"","San Bernardino County, California","Private","Child day care services","County, NAICS 4-digit -- by ownership sector","All establishment sizes",166,1672,1703,1689,9182798,2943708,147062,418
"06071",5,"6244",76,0,2013,3,"","San Bernardino County, California","Private","Child day care services","County, NAICS 4-digit -- by ownership sector","All establishment sizes",163,1632,1646,1679,8830188,1247737,61224,411
"06071",5,"62441",77,0,2013,1,"","San Bernardino County, California","Private","Child day care services","County, NAICS 5-digit -- by ownership sector","All establishment sizes",169,1537,1561,1566,7700030,5859375,301238,381
"06071",5,"62441",77,0,2013,2,"","San Bernardino County, California","Private","Child day care services","County, NAICS 5-digit -- by ownership sector","All establishment sizes",166,1672,1703,1689,9182798,2943708,147062,418
"06071",5,"62441",77,0,2013,3,"","San Bernardino County, California","Private","Child day care services","County, NAICS 5-digit -- by ownership sector","All establishment sizes",163,1632,1646,1679,8830188,1247737,61224,411
"06071",5,"624410",78,0,2013,1,"","San Bernardino County, California","Private","Child day care services","County, NAICS 6-digit -- by ownership sector","All establishment sizes",169,1537,1561,1566,7700030,5859375,301238,381
"06071",5,"624410",78,0,2013,2,"","San Bernardino County, California","Private","Child day care services","County, NAICS 6-digit -- by ownership sector","All establishment sizes",166,1672,1703,1689,9182798,2943708,147062,418
"06071",5,"624410",78,0,2013,3,"","San Bernardino County, California","Private","Child day care services","County, NAICS 6-digit -- by ownership sector","All establishment sizes",163,1632,1646,1679,8830188,1247737,61224,411
"06071",5,"71",74,0,2013,1,"","San Bernardino County, California","Private","Arts, entertainment, and recreation","County, NAICS Sector -- by ownership sector","All establishment sizes",313,7480,7068,7120,34122055,24916844,1329530,363
"06071",5,"71",74,0,2013,2,"","San Bernardino County, California","Private","Arts, entertainment, and recreation","County, NAICS Sector -- by ownership sector","All establishment sizes",319,6604,6297,6396,30663977,10437082,511365,367
"06071",5,"71",74,0,2013,3,"","San Bernardino County, California","Private","Arts, entertainment, and recreation","County, NAICS Sector -- by ownership sector","All establishment sizes",324,6462,6231,6015,30126163,7440795,354294,372
"06071",5,"711",75,0,2013,1,"","San Bernardino County, California","Private","Performing arts and spectator sports","County, NAICS 3-digit -- by ownership sector","All establishment sizes",91,717,619,915,5686612,2983845,146458,583
"06071",5,"711",75,0,2013,2,"","San Bernardino County, California","Private","Performing arts and spectator sports","County, NAICS 3-digit -- by ownership sector","All establishment sizes",93,1126,1133,1075,6072800,1482187,71616,420
"06071",5,"711",75,0,2013,3,"","San Bernardino County, California","Private","Performing arts and spectator sports","County, NAICS 3-digit -- by ownership sector","All establishment sizes",94,1034,1010,1071,6120280,819640,38928,453
"06071",5,"7111",76,0,2013,1,"","San Bernardino County, California","Private","Performing arts companies","County, NAICS 4-digit -- by ownership sector","All establishment sizes",17,361,226,192,1092681,927135,46139,324
"06071",5,"7111",76,0,2013,2,"","San Bernardino County, California","Private","Performing arts companies","County, NAICS 4-digit -- by ownership sector","All establishment sizes",17,222,210,177,995606,423332,19590,377
"06071",5,"7111",76,0,2013,3,"","San Bernardino County, California","Private","Performing arts companies","County, NAICS 4-digit -- by ownership sector","All establishment sizes",16,189,193,196,902345,280389,12603,360
"06071",5,"71111",77,0,2013,1,"N","San Bernardino County, California","Private","Theater companies and dinner theaters","County, NAICS 5-digit -- by ownership sector","All establishment sizes",4,0,0,0,0,0,0,0
"06071",5,"71111",77,0,2013,2,"N","San Bernardino County, California","Private","Theater companies and dinner theaters","County, NAICS 5-digit -- by ownership sector","All establishment sizes",4,0,0,0,0,0,0,0
"06071",5,"71111",77,0,2013,3,"N","San Bernardino County, California","Private","Theater companies and dinner theaters","County, NAICS 5-digit -- by ownership sector","All establishment sizes",4,0,0,0,0,0,0,0
"06071",5,"711110",78,0,2013,1,"N","San Bernardino County, California","Private","Theater companies and dinner theaters","County, NAICS 6-digit -- by ownership sector","All establishment sizes",4,0,0,0,0,0,0,0
"06071",5,"711110",78,0,2013,2,"N","San Bernardino County, California","Private","Theater companies and dinner theaters","County, NAICS 6-digit -- by ownership sector","All establishment sizes",4,0,0,0,0,0,0,0
"06071",5,"711110",78,0,2013,3,"N","San Bernardino County, California","Private","Theater companies and dinner theaters","County, NAICS 6-digit -- by ownership sector","All establishment sizes",4,0,0,0,0,0,0,0
"06071",5,"71112",77,0,2013,1,"N","San Bernardino County, California","Private","Dance companies","County, NAICS 5-digit -- by ownership sector","All establishment sizes",2,0,0,0,0,0,0,0
"06071",5,"71112",77,0,2013,2,"N","San Bernardino County, California","Private","Dance companies","County, NAICS 5-digit -- by ownership sector","All establishment sizes",2,0,0,0,0,0,0,0
"06071",5,"71112",77,0,2013,3,"N","San Bernardino County, California","Private","Dance companies","County, NAICS 5-digit -- by ownership sector","All establishment sizes",2,0,0,0,0,0,0,0
"06071",5,"711120",78,0,2013,1,"N","San Bernardino County, California","Private","Dance companies","County, NAICS 6-digit -- by ownership sector","All establishment sizes",2,0,0,0,0,0,0,0
"06071",5,"711120",78,0,2013,2,"N","San Bernardino County, California","Private","Dance companies","County, NAICS 6-digit -- by ownership sector","All establishment sizes",2,0,0,0,0,0,0,0
"06071",5,"711120",78,0,2013,3,"N","San Bernardino County, California","Private","Dance companies","County, NAICS 6-digit -- by ownership sector","All establishment sizes",2,0,0,0,0,0,0,0
"06071",5,"71113",77,0,2013,1,"","San Bernardino County, California","Private","Musical groups and artists","County, NAICS 5-digit -- by ownership sector","All establishment sizes",7,96,50,47,232538,181811,7688,278
"06071",5,"71113",77,0,2013,2,"","San Bernardino County, California","Private","Musical groups and artists","County, NAICS 5-digit -- by ownership sector","All establishment sizes",7,50,55,49,249506,107887,4770,374
"06071",5,"71113",77,0,2013,3,"","San Bernardino County, California","Private","Musical groups and artists","County, NAICS 5-digit -- by ownership sector","All establishment sizes",7,51,51,52,270620,126360,5461,406
"06071",5,"711130",78,0,2013,1,"","San Bernardino County, California","Private","Musical groups and artists","County, NAICS 6-digit -- by ownership sector","All establishment sizes",7,96,50,47,232538,181811,7688,278
"06071",5,"711130",78,0,2013,2,"","San Bernardino County, California","Private","Musical groups and artists","County, NAICS 6-digit -- by ownership sector","All establishment sizes",7,50,55,49,249506,107887,4770,374
"06071",5,"711130",78,0,2013,3,"","San Bernardino County, California","Private","Musical groups and artists","County, NAICS 6-digit -- by ownership sector","All establishment sizes",7,51,51,52,270620,126360,5461,406
"06071",5,"71119",77,0,2013,1,"","San Bernardino County, California","Private","Other performing arts companies","County, NAICS 5-digit -- by ownership sector","All establishment sizes",4,52,57,32,126886,120138,7219,208
"06071",5,"71119",77,0,2013,2,"N","San Bernardino County, California","Private","Other performing arts companies","County, NAICS 5-digit -- by ownership sector","All establishment sizes",4,0,0,0,0,0,0,0
"06071",5,"71119",77,0,2013,3,"N","San Bernardino County, California","Private","Other performing arts companies","County, NAICS 5-digit -- by ownership sector","All establishment sizes",3,0,0,0,0,0,0,0
"06071",5,"711190",78,0,2013,1,"","San Bernardino County, California","Private","Other performing arts companies","County, NAICS 6-digit -- by ownership sector","All establishment sizes",4,52,57,32,126886,120138,7219,208
"06071",5,"711190",78,0,2013,2,"N","San Bernardino County, California","Private","Other performing arts companies","County, NAICS 6-digit -- by ownership sector","All establishment sizes",4,0,0,0,0,0,0,0
"06071",5,"711190",78,0,2013,3,"N","San Bernardino County, California","Private","Other performing arts companies","County, NAICS 6-digit -- by ownership sector","All establishment sizes",3,0,0,0,0,0,0,0
"06071",5,"7112",76,0,2013,1,"","San Bernardino County, California","Private","Spectator sports","County, NAICS 4-digit -- by ownership sector","All establishment sizes",23,184,186,200,1910653,991511,51608,774
"06071",5,"7112",76,0,2013,2,"","San Bernardino County, California","Private","Spectator sports","County, NAICS 4-digit -- by ownership sector","All establishment sizes",23,404,385,376,2517482,711519,36198,499
"06071",5,"7112",76,0,2013,3,"","San Bernardino County, California","Private","Spectator sports","County, NAICS 4-digit -- by ownership sector","All establishment sizes",23,358,349,344,2034011,382534,19252,447
"06071",5,"71121",77,0,2013,1,"","San Bernardino County, California","Private","Spectator sports","County, NAICS 5-digit -- by ownership sector","All establishment sizes",23,184,186,200,1910653,991511,51608,774
"06071",5,"71121",77,0,2013,2,"","San Bernardino County, California","Private","Spectator sports","County, NAICS 5-digit -- by ownership sector","All establishment sizes",23,404,385,376,2517482,711519,36198,499
"06071",5,"71121",77,0,2013,3,"","San Bernardino County, California","Private","Spectator sports","County, NAICS 5-digit -- by ownership sector","All establishment sizes",23,358,349,344,2034011,382534,19252,447
"06071",5,"711211",78,0,2013,1,"","San Bernardino County, California","Private","Sports teams and clubs","County, NAICS 6-digit -- by ownership sector","All establishment sizes",9,85,83,92,832808,441192,20632,739
"06071",5,"711211",78,0,2013,2,"","San Bernardino County, California","Private","Sports teams and clubs","County, NAICS 6-digit -- by ownership sector","All establishment sizes",9,298,288,284,1208368,354902,15949,321
"06071",5,"711211",78,0,2013,3,"","San Bernardino County, California","Private","Sports teams and clubs","County, NAICS 6-digit -- by ownership sector","All establishment sizes",9,253,238,241,1023175,292603,14518,323
"06071",5,"711212",78,0,2013,1,"N","San Bernardino County, California","Private","Racetracks","County, NAICS 6-digit -- by ownership sector","All establishment sizes",4,0,0,0,0,0,0,0
"06071",5,"711212",78,0,2013,2,"N","San Bernardino County, California","Private","Racetracks","County, NAICS 6-digit -- by ownership sector","All establishment sizes",4,0,0,0,0,0,0,0
"06071",5,"711212",78,0,2013,3,"N","San Bernardino County, California","Private","Racetracks","County, NAICS 6-digit -- by ownership sector","All establishment sizes",4,0,0,0,0,0,0,0
"06071",5,"711219",78,0,2013,1,"N","San Bernardino County, California","Private","Other spectator sports","County, NAICS 6-digit -- by ownership sector","All establishment sizes",10,0,0,0,0,0,0,0
"06071",5,"711219",78,0,2013,2,"N","San Bernardino County, California","Private","Other spectator sports","County, NAICS 6-digit -- by ownership sector","All establishment sizes",10,0,0,0,0,0,0,0
"06071",5,"711219",78,0,2013,3,"N","San Bernardino County, California","Private","Other spectator sports","County, NAICS 6-digit -- by ownership sector","All establishment sizes",10,0,0,0,0,0,0,0
"06071",5,"7113",76,0,2013,1,"","San Bernardino County, California","Private","Promoters of performing arts and sports","County, NAICS 4-digit -- by ownership sector","All establishment sizes",11,38,63,393,540504,219383,9279,252
"06071",5,"7113",76,0,2013,2,"N","San Bernardino County, California","Private","Promoters of performing arts and sports","County, NAICS 4-digit -- by ownership sector","All establishment sizes",13,0,0,0,0,0,0,0
"06071",5,"7113",76,0,2013,3,"N","San Bernardino County, California","Private","Promoters of performing arts and sports","County, NAICS 4-digit -- by ownership sector","All establishment sizes",13,0,0,0,0,0,0,0
"06071",5,"71131",77,0,2013,1,"N","San Bernardino County, California","Private","Promoters with facilities","County, NAICS 5-digit -- by ownership sector","All establishment sizes",6,0,0,0,0,0,0,0
"06071",5,"71131",77,0,2013,2,"","San Bernardino County, California","Private","Promoters with facilities","County, NAICS 5-digit -- by ownership sector","All establishment sizes",7,23,24,15,113623,42672,1630,423
"06071",5,"71131",77,0,2013,3,"","San Bernardino County, California","Private","Promoters with facilities","County, NAICS 5-digit -- by ownership sector","All establishment sizes",7,22,22,22,95882,23454,723,335
"06071",5,"711310",78,0,2013,1,"N","San Bernardino County, California","Private","Promoters with facilities","County, NAICS 6-digit -- by ownership sector","All establishment sizes",6,0,0,0,0,0,0,0
"06071",5,"711310",78,0,2013,2,"","San Bernardino County, California","Private","Promoters with facilities","County, NAICS 6-digit -- by ownership sector","All establishment sizes",7,23,24,15,113623,42672,1630,423
"06071",5,"711310",78,0,2013,3,"","San Bernardino County, California","Private","Promoters with facilities","County, NAICS 6-digit -- by ownership sector","All establishment sizes",7,22,22,22,95882,23454,723,335
"06071",5,"71132",77,0,2013,1,"N","San Bernardino County, California","Private","Promoters without facilities","County, NAICS 5-digit -- by ownership sector","All establishment sizes",5,0,0,0,0,0,0,0
"06071",5,"71132",77,0,2013,2,"N","San Bernardino County, California","Private","Promoters without facilities","County, NAICS 5-digit -- by ownership sector","All establishment sizes",6,0,0,0,0,0,0,0
"06071",5,"71132",77,0,2013,3,"N","San Bernardino County, California","Private","Promoters without facilities","County, NAICS 5-digit -- by ownership sector","All establishment sizes",6,0,0,0,0,0,0,0
"06071",5,"711320",78,0,2013,1,"N","San Bernardino County, California","Private","Promoters without facilities","County, NAICS 6-digit -- by ownership sector","All establishment sizes",5,0,0,0,0,0,0,0
"06071",5,"711320",78,0,2013,2,"N","San Bernardino County, California","Private","Promoters without facilities","County, NAICS 6-digit -- by ownership sector","All establishment sizes",6,0,0,0,0,0,0,0
"06071",5,"711320",78,0,2013,3,"N","San Bernardino County, California","Private","Promoters without facilities","County, NAICS 6-digit -- by ownership sector","All establishment sizes",6,0,0,0,0,0,0,0
"06071",5,"7114",76,0,2013,1,"","San Bernardino County, California","Private","Agents and managers for public figures","County, NAICS 4-digit -- by ownership sector","All establishment sizes",3,6,6,6,46263,36804,893,593
"06071",5,"7114",76,0,2013,2,"N","San Bernardino County, California","Private","Agents and managers for public figures","County, NAICS 4-digit -- by ownership sector","All establishment sizes",3,0,0,0,0,0,0,0
"06071",5,"7114",76,0,2013,3,"N","San Bernardino County, California","Private","Agents and managers for public figures","County, NAICS 4-digit -- by ownership sector","All establishment sizes",3,0,0,0,0,0,0,0
"06071",5,"71141",77,0,2013,1,"","San Bernardino County, California","Private","Agents and managers for public figures","County, NAICS 5-digit -- by ownership sector","All establishment sizes",3,6,6,6,46263,36804,893,593
"06071",5,"71141",77,0,2013,2,"N","San Bernardino County, California","Private","Agents and managers for public figures","County, NAICS 5-digit -- by ownership sector","All establishment sizes",3,0,0,0,0,0,0,0
"06071",5,"71141",77,0,2013,3,"N","San Bernardino County, California","Private","Agents and managers for public figures","County, NAICS 5-digit -- by ownership sector","All establishment sizes",3,0,0,0,0,0,0,0
"06071",5,"711410",78,0,2013,1,"","San Bernardino County, California","Private","Agents and managers for public figures","County, NAICS 6-digit -- by ownership sector","All establishment sizes",3,6,6,6,46263,36804,893,593
"06071",5,"711410",78,0,2013,2,"N","San Bernardino County, California","Private","Agents and managers for public figures","County, NAICS 6-digit -- by ownership sector","All establishment sizes",3,0,0,0,0,0,0,0
"06071",5,"711410",78,0,2013,3,"N","San Bernardino County, California","Private","Agents and managers for public figures","County, NAICS 6-digit -- by ownership sector","All establishment sizes",3,0,0,0,0,0,0,0
"06071",5,"7115",76,0,2013,1,"","San Bernardino County, California","Private","Independent artists, writers, and performers","County, NAICS 4-digit -- by ownership sector","All establishment sizes",37,128,138,124,2096511,809012,38539,1241
"06071",5,"7115",76,0,2013,2,"","San Bernardino County, California","Private","Independent artists, writers, and performers","County, NAICS 4-digit -- by ownership sector","All establishment sizes",37,123,138,119,2021025,275336,12974,1227
"06071",5,"7115",76,0,2013,3,"","San Bernardino County, California","Private","Independent artists, writers, and performers","County, NAICS 4-digit -- by ownership sector","All establishment sizes",39,108,96,151,2728525,92535,4529,1774
"06071",5,"71151",77,0,2013,1,"","San Bernardino County, California","Private","Independent artists, writers, and performers","County, NAICS 5-digit -- by ownership sector","All establishment sizes",37,128,138,124,2096511,809012,38539,1241
"06071",5,"71151",77,0,2013,2,"","San Bernardino County, California","Private","Independent artists, writers, and performers","County, NAICS 5-digit -- by ownership sector","All establishment sizes",37,123,138,119,2021025,275336,12974,1227
"06071",5,"71151",77,0,2013,3,"","San Bernardino County, California","Private","Independent artists, writers, and performers","County, NAICS 5-digit -- by ownership sector","All establishment sizes",39,108,96,151,2728525,92535,4529,1774
"06071",5,"711510",78,0,2013,1,"","San Bernardino County, California","Private","Independent artists, writers, and performers","County, NAICS 6-digit -- by ownership sector","All establishment sizes",37,128,138,124,2096511,809012,38539,1241
"06071",5,"711510",78,0,2013,2,"","San Bernardino County, California","Private","Independent artists, writers, and performers","County, NAICS 6-digit -- by ownership sector","All establishment sizes",37,123,138,119,2021025,275336,12974,1227
"06071",5,"711510",78,0,2013,3,"","San Bernardino County, California","Private","Independent artists, writers, and performers","County, NAICS 6-digit -- by ownership sector","All establishment sizes",39,108,96,151,2728525,92535,4529,1774
"06071",5,"712",75,0,2013,1,"","San Bernardino County, California","Private","Museums, historical sites, zoos, and parks","County, NAICS 3-digit -- by ownership sector","All establishment sizes",8,82,81,100,454720,261644,15895,399
"06071",5,"712",75,0,2013,2,"","San Bernardino County, California","Private","Museums, historical sites, zoos, and parks","County, NAICS 3-digit -- by ownership sector","All establishment sizes",8,102,117,83,628959,184753,11360,481
"06071",5,"712",75,0,2013,3,"","San Bernardino County, California","Private","Museums, historical sites, zoos, and parks","County, NAICS 3-digit -- by ownership sector","All establishment sizes",9,72,71,113,492207,30341,1819,444
"06071",5,"7121",76,0,2013,1,"","San Bernardino County, California","Private","Museums, historical sites, zoos, and parks","County, NAICS 4-digit -- by ownership sector","All establishment sizes",8,82,81,100,454720,261644,15895,399
"06071",5,"7121",76,0,2013,2,"","San Bernardino County, California","Private","Museums, historical sites, zoos, and parks","County, NAICS 4-digit -- by ownership sector","All establishment sizes",8,102,117,83,628959,184753,11360,481
"06071",5,"7121",76,0,2013,3,"","San Bernardino County, California","Private","Museums, historical sites, zoos, and parks","County, NAICS 4-digit -- by ownership sector","All establishment sizes",9,72,71,113,492207,30341,1819,444
"06071",5,"71211",77,0,2013,1,"","San Bernardino County, California","Private","Museums","County, NAICS 5-digit -- by ownership sector","All establishment sizes",5,28,30,31,284043,106542,6554,736
"06071",5,"71211",77,0,2013,2,"","San Bernardino County, California","Private","Museums","County, NAICS 5-digit -- by ownership sector","All establishment sizes",5,31,31,29,314283,9037,499,797
"06071",5,"71211",77,0,2013,3,"","San Bernardino County, California","Private","Museums","County, NAICS 5-digit -- by ownership sector","All establishment sizes",5,33,30,30,324381,3402,149,805
"06071",5,"712110",78,0,2013,1,"","San Bernardino County, California","Private","Museums","County, NAICS 6-digit -- by ownership sector","All establishment sizes",5,28,30,31,284043,106542,6554,736
"06071",5,"712110",78,0,2013,2,"","San Bernardino County, California","Private","Museums","County, NAICS 6-digit -- by ownership sector","All establishment sizes",5,31,31,29,314283,9037,499,797
"06071",5,"712110",78,0,2013,3,"","San Bernardino County, California","Private","Museums","County, NAICS 6-digit -- by ownership sector","All establishment sizes",5,33,30,30,324381,3402,149,805
"06071",5,"71212",77,0,2013,1,"N","San Bernardino County, California","Private","Historical sites","County, NAICS 5-digit -- by ownership sector","All establishment sizes",2,0,0,0,0,0,0,0
"06071",5,"71212",77,0,2013,2,"N","San Bernardino County, California","Private","Historical sites","County, NAICS 5-digit -- by ownership sector","All establishment sizes",2,0,0,0,0,0,0,0
"06071",5,"71212",77,0,2013,3,"N","San Bernardino County, California","Private","Historical sites","County, NAICS 5-digit -- by ownership sector","All establishment sizes",2,0,0,0,0,0,0,0
"06071",5,"712120",78,0,2013,1,"N","San Bernardino County, California","Private","Historical sites","County, NAICS 6-digit -- by ownership sector","All establishment sizes",2,0,0,0,0,0,0,0
"06071",5,"712120",78,0,2013,2,"N","San Bernardino County, California","Private","Historical sites","County, NAICS 6-digit -- by ownership sector","All establishment sizes",2,0,0,0,0,0,0,0
"06071",5,"712120",78,0,2013,3,"N","San Bernardino County, California","Private","Historical sites","County, NAICS 6-digit -- by ownership sector","All establishment sizes",2,0,0,0,0,0,0,0
"06071",5,"71213",77,0,2013,1,"N","San Bernardino County, California","Private","Zoos and botanical gardens","County, NAICS 5-digit -- by ownership sector","All establishment sizes",1,0,0,0,0,0,0,0
"06071",5,"71213",77,0,2013,2,"N","San Bernardino County, California","Private","Zoos and botanical gardens","County, NAICS 5-digit -- by ownership sector","All establishment sizes",1,0,0,0,0,0,0,0
"06071",5,"71213",77,0,2013,3,"N","San Bernardino County, California","Private","Zoos and botanical gardens","County, NAICS 5-digit -- by ownership sector","All establishment sizes",1,0,0,0,0,0,0,0
"06071",5,"712130",78,0,2013,1,"N","San Bernardino County, California","Private","Zoos and botanical gardens","County, NAICS 6-digit -- by ownership sector","All establishment sizes",1,0,0,0,0,0,0,0
"06071",5,"712130",78,0,2013,2,"N","San Bernardino County, California","Private","Zoos and botanical gardens","County, NAICS 6-digit -- by ownership sector","All establishment sizes",1,0,0,0,0,0,0,0
"06071",5,"712130",78,0,2013,3,"N","San Bernardino County, California","Private","Zoos and botanical gardens","County, NAICS 6-digit -- by ownership sector","All establishment sizes",1,0,0,0,0,0,0,0
"06071",5,"71219",77,0,2013,1,"-","San Bernardino County, California","Private","Nature parks and other similar institutions","County, NAICS 5-digit -- by ownership sector","All establishment sizes",0,0,0,0,0,0,0,0
"06071",5,"71219",77,0,2013,2,"-","San Bernardino County, California","Private","Nature parks and other similar institutions","County, NAICS 5-digit -- by ownership sector","All establishment sizes",0,0,0,0,0,0,0,0
"06071",5,"71219",77,0,2013,3,"N","San Bernardino County, California","Private","Nature parks and other similar institutions","County, NAICS 5-digit -- by ownership sector","All establishment sizes",1,0,0,0,0,0,0,0
"06071",5,"712190",78,0,2013,1,"-","San Bernardino County, California","Private","Nature parks and other similar institutions","County, NAICS 6-digit -- by ownership sector","All establishment sizes",0,0,0,0,0,0,0,0
"06071",5,"712190",78,0,2013,2,"-","San Bernardino County, California","Private","Nature parks and other similar institutions","County, NAICS 6-digit -- by ownership sector","All establishment sizes",0,0,0,0,0,0,0,0
"06071",5,"712190",78,0,2013,3,"N","San Bernardino County, California","Private","Nature parks and other similar institutions","County, NAICS 6-digit -- by ownership sector","All establishment sizes",1,0,0,0,0,0,0,0
"06071",5,"713",75,0,2013,1,"","San Bernardino County, California","Private","Amusements, gambling, and recreation","County, NAICS 3-digit -- by ownership sector","All establishment sizes",214,6681,6368,6105,27980723,21671355,1167177,337
"06071",5,"713",75,0,2013,2,"","San Bernardino County, California","Private","Amusements, gambling, and recreation","County, NAICS 3-digit -- by ownership sector","All establishment sizes",218,5376,5047,5238,23962218,8770142,428389,353
"06071",5,"713",75,0,2013,3,"","San Bernardino County, California","Private","Amusements, gambling, and recreation","County, NAICS 3-digit -- by ownership sector","All establishment sizes",221,5356,5150,4831,23513676,6590814,313547,354
"06071",5,"7131",76,0,2013,1,"","San Bernardino County, California","Private","Amusement parks and arcades","County, NAICS 4-digit -- by ownership sector","All establishment sizes",10,304,300,302,1272492,942697,47894,324
"06071",5,"7131",76,0,2013,2,"","San Bernardino County, California","Private","Amusement parks and arcades","County, NAICS 4-digit -- by ownership sector","All establishment sizes",10,332,594,648,1674644,769458,35259,246
"06071",5,"7131",76,0,2013,3,"","San Bernardino County, California","Private","Amusement parks and arcades","County, NAICS 4-digit -- by ownership sector","All establishment sizes",10,656,594,461,2305626,1055964,44009,311
"06071",5,"71311",77,0,2013,1,"","San Bernardino County, California","Private","Amusement and theme parks","County, NAICS 5-digit -- by ownership sector","All establishment sizes",5,222,215,217,1008735,710761,36616,356
"06071",5,"71311",77,0,2013,2,"","San Bernardino County, California","Private","Amusement and theme parks","County, NAICS 5-digit -- by ownership sector","All establishment sizes",5,251,516,565,1432035,602506,27172,248
"06071",5,"71311",77,0,2013,3,"","San Bernardino County, California","Private","Amusement and theme parks","County, NAICS 5-digit -- by ownership sector","All establishment sizes",5,577,514,381,2059970,939134,38287,323
"06071",5,"713110",78,0,2013,1,"","San Bernardino County, California","Private","Amusement and theme parks","County, NAICS 6-digit -- by ownership sector","All establishment sizes",5,222,215,217,1008735,710761,36616,356
"06071",5,"713110",78,0,2013,2,"","San Bernardino County, California","Private","Amusement and theme parks","County, NAICS 6-digit -- by ownership sector","All establishment sizes",5,251,516,565,1432035,602506,27172,248
"06071",5,"713110",78,0,2013,3,"","San Bernardino County, California","Private","Amusement and theme parks","County, NAICS 6-digit -- by ownership sector","All establishment sizes",5,577,514,381,2059970,939134,38287,323
"06071",5,"71312",77,0,2013,1,"","San Bernardino County, California","Private","Amusement arcades","County, NAICS 5-digit -- by ownership sector","All establishment sizes",5,82,85,85,263757,231936,11278,242
"06071",5,"71312",77,0,2013,2,"","San Bernardino County, California","Private","Amusement arcades","County, NAICS 5-digit -- by ownership sector","All establishment sizes",5,81,78,83,242609,166952,8087,231
"06071",5,"71312",77,0,2013,3,"","San Bernardino County, California","Private","Amusement arcades","County, NAICS 5-digit -- by ownership sector","All establishment sizes",5,79,80,80,245656,116830,5722,237
"06071",5,"713120",78,0,2013,1,"","San Bernardino County, California","Private","Amusement arcades","County, NAICS 6-digit -- by ownership sector","All establishment sizes",5,82,85,85,263757,231936,11278,242
"06071",5,"713120",78,0,2013,2,"","San Bernardino County, California","Private","Amusement arcades","County, NAICS 6-digit -- by ownership sector","All establishment sizes",5,81,78,83,242609,166952,8087,231
"06071",5,"713120",78,0,2013,3,"","San Bernardino County, California","Private","Amusement arcades","County, NAICS 6-digit -- by ownership sector","All establishment sizes",5,79,80,80,245656,116830,5722,237
"06071",5,"7139",76,0,2013,1,"","San Bernardino County, California","Private","Other amusement and recreation industries","County, NAICS 4-digit -- by ownership sector","All establishment sizes",204,6377,6068,5803,26708231,20728658,1119283,338
"06071",5,"7139",76,0,2013,2,"","San Bernardino County, California","Private","Other amusement and recreation industries","County, NAICS 4-digit -- by ownership sector","All establishment sizes",208,5044,4453,4590,22287574,8000684,393130,365
"06071",5,"7139",76,0,2013,3,"","San Bernardino County, California","Private","Other amusement and recreation industries","County, NAICS 4-digit -- by ownership sector","All establishment sizes",211,4700,4556,4370,21208050,5534850,269538,359
"06071",5,"71391",77,0,2013,1,"","San Bernardino County, California","Private","Golf courses and country clubs","County, NAICS 5-digit -- by ownership sector","All establishment sizes",20,863,877,882,4251119,3366330,154388,374
"06071",5,"71391",77,0,2013,2,"","San Bernardino County, California","Private","Golf courses and country clubs","County, NAICS 5-digit -- by ownership sector","All establishment sizes",20,920,951,980,5374593,2048897,96204,435
"06071",5,"71391",77,0,2013,3,"","San Bernardino County, California","Private","Golf courses and country clubs","County, NAICS 5-digit -- by ownership sector","All establishment sizes",20,984,981,958,4841076,997237,48921,382
"06071",5,"713910",78,0,2013,1,"","San Bernardino County, California","Private","Golf courses and country clubs","County, NAICS 6-digit -- by ownership sector","All establishment sizes",20,863,877,882,4251119,3366330,154388,374
"06071",5,"713910",78,0,2013,2,"","San Bernardino County, California","Private","Golf courses and country clubs","County, NAICS 6-digit -- by ownership sector","All establishment sizes",20,920,951,980,5374593,2048897,96204,435
"06071",5,"713910",78,0,2013,3,"","San Bernardino County, California","Private","Golf courses and country clubs","County, NAICS 6-digit -- by ownership sector","All establishment sizes",20,984,981,958,4841076,997237,48921,382
"06071",5,"71392",77,0,2013,1,"","San Bernardino County, California","Private","Skiing facilities","County, NAICS 5-digit -- by ownership sector","All establishment sizes",3,2690,2385,1955,10367785,8716737,540438,340
"06071",5,"71392",77,0,2013,2,"","San Bernardino County, California","Private","Skiing facilities","County, NAICS 5-digit -- by ownership sector","All establishment sizes",3,934,245,261,3392236,592488,36735,544
"06071",5,"71392",77,0,2013,3,"N","San Bernardino County, California","Private","Skiing facilities","County, NAICS 5-digit -- by ownership sector","All establishment sizes",3,0,0,0,0,0,0,0
"06071",5,"713920",78,0,2013,1,"","San Bernardino County, California","Private","Skiing facilities","County, NAICS 6-digit -- by ownership sector","All establishment sizes",3,2690,2385,1955,10367785,8716737,540438,340
"06071",5,"713920",78,0,2013,2,"","San Bernardino County, California","Private","Skiing facilities","County, NAICS 6-digit -- by ownership sector","All establishment sizes",3,934,245,261,3392236,592488,36735,544
"06071",5,"713920",78,0,2013,3,"N","San Bernardino County, California","Private","Skiing facilities","County, NAICS 6-digit -- by ownership sector","All establishment sizes",3,0,0,0,0,0,0,0
"06071",5,"71393",77,0,2013,1,"","San Bernardino County, California","Private","Marinas","County, NAICS 5-digit -- by ownership sector","All establishment sizes",6,18,18,17,136909,100178,5513,596
"06071",5,"71393",77,0,2013,2,"","San Bernardino County, California","Private","Marinas","County, NAICS 5-digit -- by ownership sector","All establishment sizes",6,65,81,100,360125,248848,13381,338
"06071",5,"71393",77,0,2013,3,"N","San Bernardino County, California","Private","Marinas","County, NAICS 5-digit -- by ownership sector","All establishment sizes",6,0,0,0,0,0,0,0
"06071",5,"713930",78,0,2013,1,"","San Bernardino County, California","Private","Marinas","County, NAICS 6-digit -- by ownership sector","All establishment sizes",6,18,18,17,136909,100178,5513,596
"06071",5,"713930",78,0,2013,2,"","San Bernardino County, California","Private","Marinas","County, NAICS 6-digit -- by ownership sector","All establishment sizes",6,65,81,100,360125,248848,13381,338
"06071",5,"713930",78,0,2013,3,"N","San Bernardino County, California","Private","Marinas","County, NAICS 6-digit -- by ownership sector","All establishment sizes",6,0,0,0,0,0,0,0
"06071",5,"71394",77,0,2013,1,"","San Bernardino County, California","Private","Fitness and recreational sports centers","County, NAICS 5-digit -- by ownership sector","All establishment sizes",104,1674,1677,1734,6117539,4272187,217560,278
"06071",5,"71394",77,0,2013,2,"","San Bernardino County, California","Private","Fitness and recreational sports centers","County, NAICS 5-digit -- by ownership sector","All establishment sizes",108,1742,1779,1808,6474283,2432737,120296,280
"06071",5,"71394",77,0,2013,3,"","San Bernardino County, California","Private","Fitness and recreational sports centers","County, NAICS 5-digit -- by ownership sector","All establishment sizes",112,1834,1771,1767,7080975,2301039,112108,304
"06071",5,"713940",78,0,2013,1,"","San Bernardino County, California","Private","Fitness and recreational sports centers","County, NAICS 6-digit -- by ownership sector","All establishment sizes",104,1674,1677,1734,6117539,4272187,217560,278
"06071",5,"713940",78,0,2013,2,"","San Bernardino County, California","Private","Fitness and recreational sports centers","County, NAICS 6-digit -- by ownership sector","All establishment sizes",108,1742,1779,1808,6474283,2432737,120296,280
"06071",5,"713940",78,0,2013,3,"","San Bernardino County, California","Private","Fitness and recreational sports centers","County, NAICS 6-digit -- by ownership sector","All establishment sizes",112,1834,1771,1767,7080975,2301039,112108,304
"06071",5,"71395",77,0,2013,1,"","San Bernardino County, California","Private","Bowling centers","County, NAICS 5-digit -- by ownership sector","All establishment sizes",12,276,272,278,1193728,987891,44093,334
"06071",5,"71395",77,0,2013,2,"","San Bernardino County, California","Private","Bowling centers","County, NAICS 5-digit -- by ownership sector","All establishment sizes",12,271,278,285,1074437,499087,22017,297
"06071",5,"71395",77,0,2013,3,"","San Bernardino County, California","Private","Bowling centers","County, NAICS 5-digit -- by ownership sector","All establishment sizes",12,272,269,266,1135579,261687,11425,325
"06071",5,"713950",78,0,2013,1,"","San Bernardino County, California","Private","Bowling centers","County, NAICS 6-digit -- by ownership sector","All establishment sizes",12,276,272,278,1193728,987891,44093,334
"06071",5,"713950",78,0,2013,2,"","San Bernardino County, California","Private","Bowling centers","County, NAICS 6-digit -- by ownership sector","All establishment sizes",12,271,278,285,1074437,499087,22017,297
"06071",5,"713950",78,0,2013,3,"","San Bernardino County, California","Private","Bowling centers","County, NAICS 6-digit -- by ownership sector","All establishment sizes",12,272,269,266,1135579,261687,11425,325
"06071",5,"71399",77,0,2013,1,"","San Bernardino County, California","Private","All other amusement and recreation industries","County, NAICS 5-digit -- by ownership sector","All establishment sizes",59,856,839,937,4641151,3285335,157291,407
"06071",5,"71399",77,0,2013,2,"","San Bernardino County, California","Private","All other amusement and recreation industries","County, NAICS 5-digit -- by ownership sector","All establishment sizes",59,1112,1119,1156,5611900,2178627,104497,382
"06071",5,"71399",77,0,2013,3,"","San Bernardino County, California","Private","All other amusement and recreation industries","County, NAICS 5-digit -- by ownership sector","All establishment sizes",58,1229,1145,982,5284163,1626206,76983,363
"06071",5,"713990",78,0,2013,1,"","San Bernardino County, California","Private","All other amusement and recreation industries","County, NAICS 6-digit -- by ownership sector","All establishment sizes",59,856,839,937,4641151,3285335,157291,407
"06071",5,"713990",78,0,2013,2,"","San Bernardino County, California","Private","All other amusement and recreation industries","County, NAICS 6-digit -- by ownership sector","All establishment sizes",59,1112,1119,1156,5611900,2178627,104497,382
"06071",5,"713990",78,0,2013,3,"","San Bernardino County, California","Private","All other amusement and recreation industries","County, NAICS 6-digit -- by ownership sector","All establishment sizes",58,1229,1145,982,5284163,1626206,76983,363
"06071",5,"72",74,0,2013,1,"","San Bernardino County, California","Private","Accommodation and food services","County, NAICS Sector -- by ownership sector","All establishment sizes",2744,51443,51899,52452,201276447,171265070,7217344,298
"06071",5,"72",74,0,2013,2,"","San Bernardino County, California","Private","Accommodation and food services","County, NAICS Sector -- by ownership sector","All establishment sizes",2785,53382,54036,54144,208741556,110667759,4623805,298
"06071",5,"72",74,0,2013,3,"","San Bernardino County, California","Private","Accommodation and food services","County, NAICS Sector -- by ownership sector","All establishment sizes",2832,54143,54493,54627,214127535,63722260,2666781,303
"06071",5,"721",75,0,2013,1,"","San Bernardino County, California","Private","Accommodation","County, NAICS 3-digit -- by ownership sector","All establishment sizes",254,4048,3970,4013,20812177,16990073,823182,399
"06071",5,"721",75,0,2013,2,"","San Bernardino County, California","Private","Accommodation","County, NAICS 3-digit -- by ownership sector","All establishment sizes",255,4046,4110,4096,20531694,8786240,417922,387
"06071",5,"721",75,0,2013,3,"","San Bernardino County, California","Private","Accommodation","County, NAICS 3-digit -- by ownership sector","All establishment sizes",250,4078,4101,4033,21504962,4681119,223752,406
"06071",5,"7211",76,0,2013,1,"","San Bernardino County, California","Private","Traveler accommodation","County, NAICS 4-digit -- by ownership sector","All establishment sizes",225,3628,3527,3569,18215988,14875587,705826,392
"06071",5,"7211",76,0,2013,2,"","San Bernardino County, California","Private","Traveler accommodation","County, NAICS 4-digit -- by ownership sector","All establishment sizes",226,3573,3631,3630,17913214,7684869,357388,382
"06071",5,"7211",76,0,2013,3,"","San Bernardino County, California","Private","Traveler accommodation","County, NAICS 4-digit -- by ownership sector","All establishment sizes",222,3661,3724,3678,18960483,4048509,189819,396
"06071",5,"72111",77,0,2013,1,"","San Bernardino County, California","Private","Hotels and motels, except casino hotels","County, NAICS 5-digit -- by ownership sector","All establishment sizes",212,3522,3425,3471,17829957,14521624,687617,395
"06071",5,"72111",77,0,2013,2,"","San Bernardino County, California","Private","Hotels and motels, except casino hotels","County, NAICS 5-digit -- by ownership sector","All establishment sizes",213,3474,3529,3538,17541926,7502209,348285,384
"06071",5,"72111",77,0,2013,3,"","San Bernardino County, California","Private","Hotels and motels, except casino hotels","County, NAICS 5-digit -- by ownership sector","All establishment sizes",209,3554,3623,3585,18545576,3950363,184571,398
"06071",5,"721110",78,0,2013,1,"","San Bernardino County, California","Private","Hotels and motels, except casino hotels","County, NAICS 6-digit -- by ownership sector","All establishment sizes",212,3522,3425,3471,17829957,14521624,687617,395
"06071",5,"721110",78,0,2013,2,"","San Bernardino County, California","Private","Hotels and motels, except casino hotels","County, NAICS 6-digit -- by ownership sector","All establishment sizes",213,3474,3529,3538,17541926,7502209,348285,384
"06071",5,"721110",78,0,2013,3,"","San Bernardino County, California","Private","Hotels and motels, except casino hotels","County, NAICS 6-digit -- by ownership sector","All establishment sizes",209,3554,3623,3585,18545576,3950363,184571,398
"06071",5,"72119",77,0,2013,1,"","San Bernardino County, California","Private","Other traveler accommodation","County, NAICS 5-digit -- by ownership sector","All establishment sizes",13,106,102,98,386031,353963,18209,291
"06071",5,"72119",77,0,2013,2,"","San Bernardino County, California","Private","Other traveler accommodation","County, NAICS 5-digit -- by ownership sector","All establishment sizes",13,99,102,92,371288,182660,9103,292
"06071",5,"72119",77,0,2013,3,"","San Bernardino County, California","Private","Other traveler accommodation","County, NAICS 5-digit -- by ownership sector","All establishment sizes",13,107,101,93,414907,98146,5248,318
"06071",5,"721191",78,0,2013,1,"","San Bernardino County, California","Private","Bed-and-breakfast inns","County, NAICS 6-digit -- by ownership sector","All establishment sizes",7,53,51,48,210553,179285,10169,320
"06071",5,"721191",78,0,2013,2,"","San Bernardino County, California","Private","Bed-and-breakfast inns","County, NAICS 6-digit -- by ownership sector","All establishment sizes",7,55,56,51,209993,95137,5251,299
"06071",5,"721191",78,0,2013,3,"","San Bernardino County, California","Private","Bed-and-breakfast inns","County, NAICS 6-digit -- by ownership sector","All establishment sizes",7,55,53,49,220237,53846,3032,324
"06071",5,"721199",78,0,2013,1,"","San Bernardino County, California","Private","All other traveler accommodation","County, NAICS 6-digit -- by ownership sector","All establishment sizes",6,53,51,50,175478,174678,8040,263
"06071",5,"721199",78,0,2013,2,"","San Bernardino County, California","Private","All other traveler accommodation","County, NAICS 6-digit -- by ownership sector","All establishment sizes",6,44,46,41,161295,87523,3852,284
"06071",5,"721199",78,0,2013,3,"","San Bernardino County, California","Private","All other traveler accommodation","County, NAICS 6-digit -- by ownership sector","All establishment sizes",6,52,48,44,194670,44300,2216,312
"06071",5,"7212",76,0,2013,1,"","San Bernardino County, California","Private","Rv parks and recreational camps","County, NAICS 4-digit -- by ownership sector","All establishment sizes",24,397,408,409,2391623,1945846,108181,455
"06071",5,"7212",76,0,2013,2,"","San Bernardino County, California","Private","Rv parks and recreational camps","County, NAICS 4-digit -- by ownership sector","All establishment sizes",24,436,443,431,2416240,1031240,56726,426
"06071",5,"7212",76,0,2013,3,"","San Bernardino County, California","Private","Rv parks and recreational camps","County, NAICS 4-digit -- by ownership sector","All establishment sizes",23,393,342,323,2414413,600827,32180,527
"06071",5,"72121",77,0,2013,1,"","San Bernardino County, California","Private","Rv parks and recreational camps","County, NAICS 5-digit -- by ownership sector","All establishment sizes",24,397,408,409,2391623,1945846,108181,455
"06071",5,"72121",77,0,2013,2,"","San Bernardino County, California","Private","Rv parks and recreational camps","County, NAICS 5-digit -- by ownership sector","All establishment sizes",24,436,443,431,2416240,1031240,56726,426
"06071",5,"72121",77,0,2013,3,"","San Bernardino County, California","Private","Rv parks and recreational camps","County, NAICS 5-digit -- by ownership sector","All establishment sizes",23,393,342,323,2414413,600827,32180,527
"06071",5,"721211",78,0,2013,1,"","San Bernardino County, California","Private","Rv parks and campgrounds","County, NAICS 6-digit -- by ownership sector","All establishment sizes",12,178,185,198,1388418,1109364,66268,571
"06071",5,"721211",78,0,2013,2,"","San Bernardino County, California","Private","Rv parks and campgrounds","County, NAICS 6-digit -- by ownership sector","All establishment sizes",12,219,217,221,1352401,543766,31583,475
"06071",5,"721211",78,0,2013,3,"","San Bernardino County, California","Private","Rv parks and campgrounds","County, NAICS 6-digit -- by ownership sector","All establishment sizes",11,220,210,206,1428159,372868,22012,518
"06071",5,"721214",78,0,2013,1,"","San Bernardino County, California","Private","Recreational and vacation camps","County, NAICS 6-digit -- by ownership sector","All establishment sizes",12,219,223,211,1003205,836482,41913,355
"06071",5,"721214",78,0,2013,2,"","San Bernardino County, California","Private","Recreational and vacation camps","County, NAICS 6-digit -- by ownership sector","All establishment sizes",12,217,226,210,1063839,487474,25143,376
"06071",5,"721214",78,0,2013,3,"","San Bernardino County, California","Private","Recreational and vacation camps","County, NAICS 6-digit -- by ownership sector","All establishment sizes",12,173,132,117,986254,227959,10168,539
"06071",5,"7213",76,0,2013,1,"","San Bernardino County, California","Private","Rooming and boarding houses","County, NAICS 4-digit -- by ownership sector","All establishment sizes",5,23,35,35,204566,168640,9175,508
"06071",5,"7213",76,0,2013,2,"","San Bernardino County, California","Private","Rooming and boarding houses","County, NAICS 4-digit -- by ownership sector","All establishment sizes",5,37,36,35,202240,70131,3808,432
"06071",5,"7213",76,0,2013,3,"","San Bernardino County, California","Private","Rooming and boarding houses","County, NAICS 4-digit -- by ownership sector","All establishment sizes",5,24,35,32,130066,31783,1753,330
"06071",5,"72131",77,0,2013,1,"","San Bernardino County, California","Private","Rooming and boarding houses","County, NAICS 5-digit -- by ownership sector","All establishment sizes",5,23,35,35,204566,168640,9175,508
"06071",5,"72131",77,0,2013,2,"","San Bernardino County, California","Private","Rooming and boarding houses","County, NAICS 5-digit -- by ownership sector","All establishment sizes",5,37,36,35,202240,70131,3808,432
"06071",5,"72131",77,0,2013,3,"","San Bernardino County, California","Private","Rooming and boarding houses","County, NAICS 5-digit -- by ownership sector","All establishment sizes",5,24,35,32,130066,31783,1753,330
"06071",5,"721310",78,0,2013,1,"","San Bernardino County, California","Private","Rooming and boarding houses","County, NAICS 6-digit -- by ownership sector","All establishment sizes",5,23,35,35,204566,168640,9175,508
"06071",5,"721310",78,0,2013,2,"","San Bernardino County, California","Private","Rooming and boarding houses","County, NAICS 6-digit -- by ownership sector","All establishment sizes",5,37,36,35,202240,70131,3808,432
"06071",5,"721310",78,0,2013,3,"","San Bernardino County, California","Private","Rooming and boarding houses","County, NAICS 6-digit -- by ownership sector","All establishment sizes",5,24,35,32,130066,31783,1753,330
"06071",5,"722",75,0,2013,1,"","San Bernardino County, California","Private","Food services and drinking places","County, NAICS 3-digit -- by ownership sector","All establishment sizes",2490,47395,47929,48439,180464270,154274997,6394162,290
"06071",5,"722",75,0,2013,2,"","San Bernardino County, California","Private","Food services and drinking places","County, NAICS 3-digit -- by ownership sector","All establishment sizes",2530,49336,49926,50048,188209862,101881519,4205883,291
"06071",5,"722",75,0,2013,3,"","San Bernardino County, California","Private","Food services and drinking places","County, NAICS 3-digit -- by ownership sector","All establishment sizes",2582,50065,50392,50594,192622573,59041141,2443029,294
"06071",5,"7223",76,0,2013,1,"","San Bernardino County, California","Private","Special food services","County, NAICS 4-digit -- by ownership sector","All establishment sizes",59,570,606,644,3079885,2384483,136237,391
"06071",5,"7223",76,0,2013,2,"","San Bernardino County, California","Private","Special food services","County, NAICS 4-digit -- by ownership sector","All establishment sizes",58,715,722,711,3341436,1164236,64945,359
"06071",5,"7223",76,0,2013,3,"","San Bernardino County, California","Private","Special food services","County, NAICS 4-digit -- by ownership sector","All establishment sizes",58,615,626,736,3225957,672569,37707,377
"06071",5,"72231",77,0,2013,1,"","San Bernardino County, California","Private","Food service contractors","County, NAICS 5-digit -- by ownership sector","All establishment sizes",39,440,460,488,2614118,1965319,115806,435
"06071",5,"72231",77,0,2013,2,"","San Bernardino County, California","Private","Food service contractors","County, NAICS 5-digit -- by ownership sector","All establishment sizes",38,505,500,484,2547345,694036,40715,395
"06071",5,"72231",77,0,2013,3,"","San Bernardino County, California","Private","Food service contractors","County, NAICS 5-digit -- by ownership sector","All establishment sizes",38,428,445,547,2568665,380616,22254,417
"06071",5,"722310",78,0,2013,1,"","San Bernardino County, California","Private","Food service contractors","County, NAICS 6-digit -- by ownership sector","All establishment sizes",39,440,460,488,2614118,1965319,115806,435
"06071",5,"722310",78,0,2013,2,"","San Bernardino County, California","Private","Food service contractors","County, NAICS 6-digit -- by ownership sector","All establishment sizes",38,505,500,484,2547345,694036,40715,395
"06071",5,"722310",78,0,2013,3,"","San Bernardino County, California","Private","Food service contractors","County, NAICS 6-digit -- by ownership sector","All establishment sizes",38,428,445,547,2568665,380616,22254,417
"06071",5,"72232",77,0,2013,1,"","San Bernardino County, California","Private","Caterers","County, NAICS 5-digit -- by ownership sector","All establishment sizes",14,111,117,134,402776,356173,17938,257
"06071",5,"72232",77,0,2013,2,"","San Bernardino County, California","Private","Caterers","County, NAICS 5-digit -- by ownership sector","All establishment sizes",14,160,173,168,601791,300005,14760,277
"06071",5,"72232",77,0,2013,3,"","San Bernardino County, California","Private","Caterers","County, NAICS 5-digit -- by ownership sector","All establishment sizes",14,123,105,126,426231,148240,7052,278
"06071",5,"722320",78,0,2013,1,"","San Bernardino County, California","Private","Caterers","County, NAICS 6-digit -- by ownership sector","All establishment sizes",14,111,117,134,402776,356173,17938,257
"06071",5,"722320",78,0,2013,2,"","San Bernardino County, California","Private","Caterers","County, NAICS 6-digit -- by ownership sector","All establishment sizes",14,160,173,168,601791,300005,14760,277
"06071",5,"722320",78,0,2013,3,"","San Bernardino County, California","Private","Caterers","County, NAICS 6-digit -- by ownership sector","All establishment sizes",14,123,105,126,426231,148240,7052,278
"06071",5,"72233",77,0,2013,1,"","San Bernardino County, California","Private","Mobile food services","County, NAICS 5-digit -- by ownership sector","All establishment sizes",6,19,29,22,62991,62991,2493,208
"06071",5,"72233",77,0,2013,2,"","San Bernardino County, California","Private","Mobile food services","County, NAICS 5-digit -- by ownership sector","All establishment sizes",6,50,49,59,192300,170195,9470,281
"06071",5,"72233",77,0,2013,3,"","San Bernardino County, California","Private","Mobile food services","County, NAICS 5-digit -- by ownership sector","All establishment sizes",6,64,76,63,231061,143713,8401,263
"06071",5,"722330",78,0,2013,1,"","San Bernardino County, California","Private","Mobile food services","County, NAICS 6-digit -- by ownership sector","All establishment sizes",6,19,29,22,62991,62991,2493,208
"06071",5,"722330",78,0,2013,2,"","San Bernardino County, California","Private","Mobile food services","County, NAICS 6-digit -- by ownership sector","All establishment sizes",6,50,49,59,192300,170195,9470,281
"06071",5,"722330",78,0,2013,3,"","San Bernardino County, California","Private","Mobile food services","County, NAICS 6-digit -- by ownership sector","All establishment sizes",6,64,76,63,231061,143713,8401,263
"06071",5,"7224",76,0,2013,1,"","San Bernardino County, California","Private","Drinking places, alcoholic beverages","County, NAICS 4-digit -- by ownership sector","All establishment sizes",94,647,638,642,2001236,1894026,87357,240
"06071",5,"7224",76,0,2013,2,"","San Bernardino County, California","Private","Drinking places, alcoholic beverages","County, NAICS 4-digit -- by ownership sector","All establishment sizes",98,629,644,664,1989528,1323310,60363,237
"06071",5,"7224",76,0,2013,3,"","San Bernardino County, California","Private","Drinking places, alcoholic beverages","County, NAICS 4-digit -- by ownership sector","All establishment sizes",103,667,665,659,2165328,1018820,43718,251
"06071",5,"72241",77,0,2013,1,"","San Bernardino County, California","Private","Drinking places, alcoholic beverages","County, NAICS 5-digit -- by ownership sector","All establishment sizes",94,647,638,642,2001236,1894026,87357,240
"06071",5,"72241",77,0,2013,2,"","San Bernardino County, California","Private","Drinking places, alcoholic beverages","County, NAICS 5-digit -- by ownership sector","All establishment sizes",98,629,644,664,1989528,1323310,60363,237
"06071",5,"72241",77,0,2013,3,"","San Bernardino County, California","Private","Drinking places, alcoholic beverages","County, NAICS 5-digit -- by ownership sector","All establishment sizes",103,667,665,659,2165328,1018820,43718,251
"06071",5,"722410",78,0,2013,1,"","San Bernardino County, California","Private","Drinking places, alcoholic beverages","County, NAICS 6-digit -- by ownership sector","All establishment sizes",94,647,638,642,2001236,1894026,87357,240
"06071",5,"722410",78,0,2013,2,"","San Bernardino County, California","Private","Drinking places, alcoholic beverages","County, NAICS 6-digit -- by ownership sector","All establishment sizes",98,629,644,664,1989528,1323310,60363,237
"06071",5,"722410",78,0,2013,3,"","San Bernardino County, California","Private","Drinking places, alcoholic beverages","County, NAICS 6-digit -- by ownership sector","All establishment sizes",103,667,665,659,2165328,1018820,43718,251
"06071",5,"7225",76,0,2013,1,"","San Bernardino County, California","Private","Restaurants","County, NAICS 4-digit -- by ownership sector","All establishment sizes",2337,46178,46685,47153,175383149,149996488,6170568,289
"06071",5,"7225",76,0,2013,2,"","San Bernardino County, California","Private","Restaurants","County, NAICS 4-digit -- by ownership sector","All establishment sizes",2374,47992,48560,48673,182878898,99393973,4080575,291
"06071",5,"7225",76,0,2013,3,"","San Bernardino County, California","Private","Restaurants","County, NAICS 4-digit -- by ownership sector","All establishment sizes",2421,48783,49101,49199,187231288,57349752,2361604,294
"06071",5,"72251",77,0,2013,1,"","San Bernardino County, California","Private","Restaurants","County, NAICS 5-digit -- by ownership sector","All establishment sizes",2337,46178,46685,47153,175383149,149996488,6170568,289
"06071",5,"72251",77,0,2013,2,"","San Bernardino County, California","Private","Restaurants","County, NAICS 5-digit -- by ownership sector","All establishment sizes",2374,47992,48560,48673,182878898,99393973,4080575,291
"06071",5,"72251",77,0,2013,3,"","San Bernardino County, California","Private","Restaurants","County, NAICS 5-digit -- by ownership sector","All establishment sizes",2421,48783,49101,49199,187231288,57349752,2361604,294
"06071",5,"722511",78,0,2013,1,"","San Bernardino County, California","Private","Full-service restaurants","County, NAICS 6-digit -- by ownership sector","All establishment sizes",896,19313,19431,19644,82069186,70300144,2928111,324
"06071",5,"722511",78,0,2013,2,"","San Bernardino County, California","Private","Full-service restaurants","County, NAICS 6-digit -- by ownership sector","All establishment sizes",906,19871,20073,20057,85040486,40815745,1694739,327
"06071",5,"722511",78,0,2013,3,"","San Bernardino County, California","Private","Full-service restaurants","County, NAICS 6-digit -- by ownership sector","All establishment sizes",933,20199,20231,20276,85746941,23556549,978084,326
"06071",5,"722513",78,0,2013,1,"","San Bernardino County, California","Private","Limited-service restaurants","County, NAICS 6-digit -- by ownership sector","All establishment sizes",1190,23814,24183,24386,81594679,69722181,2822954,260
"06071",5,"722513",78,0,2013,2,"","San Bernardino County, California","Private","Limited-service restaurants","County, NAICS 6-digit -- by ownership sector","All establishment sizes",1218,24862,25201,25275,86269533,52026668,2111169,264
"06071",5,"722513",78,0,2013,3,"","San Bernardino County, California","Private","Limited-service restaurants","County, NAICS 6-digit -- by ownership sector","All establishment sizes",1231,25203,25477,25549,88556304,29640934,1210315,268
"06071",5,"722514",78,0,2013,1,"","San Bernardino County, California","Private","Cafeterias, grill buffets, and buffets","County, NAICS 6-digit -- by ownership sector","All establishment sizes",25,758,781,773,2637566,2284252,95152,263
"06071",5,"722514",78,0,2013,2,"","San Bernardino County, California","Private","Cafeterias, grill buffets, and buffets","County, NAICS 6-digit -- by ownership sector","All establishment sizes",25,814,800,806,2436128,1553856,65681,232
"06071",5,"722514",78,0,2013,3,"","San Bernardino County, California","Private","Cafeterias, grill buffets, and buffets","County, NAICS 6-digit -- by ownership sector","All establishment sizes",25,815,813,798,2528659,899759,37402,241
"06071",5,"722515",78,0,2013,1,"","San Bernardino County, California","Private","Snack and nonalcoholic beverage bars","County, NAICS 6-digit -- by ownership sector","All establishment sizes",226,2293,2290,2350,9081718,7689911,324351,302
"06071",5,"722515",78,0,2013,2,"","San Bernardino County, California","Private","Snack and nonalcoholic beverage bars","County, NAICS 6-digit -- by ownership sector","All establishment sizes",225,2445,2486,2535,9132751,4997704,208986,282
"06071",5,"722515",78,0,2013,3,"","San Bernardino County, California","Private","Snack and nonalcoholic beverage bars","County, NAICS 6-digit -- by ownership sector","All establishment sizes",232,2566,2580,2576,10399384,3252510,135803,311
"06071",5,"81",74,0,2013,1,"","San Bernardino County, California","Private","Other services, except public administration","County, NAICS Sector -- by ownership sector","All establishment sizes",2346,16933,17212,17505,131199038,79297329,4084180,586
"06071",5,"81",74,0,2013,2,"","San Bernardino County, California","Private","Other services, except public administration","County, NAICS Sector -- by ownership sector","All establishment sizes",2373,17599,17541,17819,136064285,24024242,1133223,593
"06071",5,"81",74,0,2013,3,"","San Bernardino County, California","Private","Other services, except public administration","County, NAICS Sector -- by ownership sector","All establishment sizes",2386,17655,17770,17594,137124597,14620397,694967,597
"06071",5,"811",75,0,2013,1,"","San Bernardino County, California","Private","Repair and maintenance","County, NAICS 3-digit -- by ownership sector","All establishment sizes",1102,7612,7760,7945,69366728,45518383,2340070,687
"06071",5,"811",75,0,2013,2,"","San Bernardino County, California","Private","Repair and maintenance","County, NAICS 3-digit -- by ownership sector","All establishment sizes",1115,7885,7852,7967,71631641,11796102,553340,697
"06071",5,"811",75,0,2013,3,"","San Bernardino County, California","Private","Repair and maintenance","County, NAICS 3-digit -- by ownership sector","All establishment sizes",1117,7926,7975,7907,71328898,7144709,344690,691
"06071",5,"8111",76,0,2013,1,"","San Bernardino County, California","Private","Automotive repair and maintenance","County, NAICS 4-digit -- by ownership sector","All establishment sizes",847,5164,5274,5373,40557445,28825312,1442288,592
"06071",5,"8111",76,0,2013,2,"","San Bernardino County, California","Private","Automotive repair and maintenance","County, NAICS 4-digit -- by ownership sector","All establishment sizes",860,5481,5461,5585,43281022,9028181,414776,604
"06071",5,"8111",76,0,2013,3,"","San Bernardino County, California","Private","Automotive repair and maintenance","County, NAICS 4-digit -- by ownership sector","All establishment sizes",864,5544,5613,5541,43871501,5577742,261900,606
"06071",5,"81111",77,0,2013,1,"","San Bernardino County, California","Private","Automotive mechanical and electrical repair","County, NAICS 5-digit -- by ownership sector","All establishment sizes",486,2333,2352,2397,20823379,14471152,738881,679
"06071",5,"81111",77,0,2013,2,"","San Bernardino County, California","Private","Automotive mechanical and electrical repair","County, NAICS 5-digit -- by ownership sector","All establishment sizes",494,2433,2438,2479,22204778,3270413,157887,697
"06071",5,"81111",77,0,2013,3,"","San Bernardino County, California","Private","Automotive mechanical and electrical repair","County, NAICS 5-digit -- by ownership sector","All establishment sizes",496,2471,2491,2455,22361677,2064693,103388,696
"06071",5,"811111",78,0,2013,1,"","San Bernardino County, California","Private","General automotive repair","County, NAICS 6-digit -- by ownership sector","All establishment sizes",415,2028,2050,2088,18147955,12622167,638143,679
"06071",5,"811111",78,0,2013,2,"","San Bernardino County, California","Private","General automotive repair","County, NAICS 6-digit -- by ownership sector","All establishment sizes",425,2121,2130,2158,19387637,2876794,137746,698
"06071",5,"811111",78,0,2013,3,"","San Bernardino County, California","Private","General automotive repair","County, NAICS 6-digit -- by ownership sector","All establishment sizes",425,2142,2161,2131,19547489,1825073,90467,701
"06071",5,"811112",78,0,2013,1,"","San Bernardino County, California","Private","Automotive exhaust system repair","County, NAICS 6-digit -- by ownership sector","All establishment sizes",11,21,21,19,119652,102929,5664,453
"06071",5,"811112",78,0,2013,2,"","San Bernardino County, California","Private","Automotive exhaust system repair","County, NAICS 6-digit -- by ownership sector","All establishment sizes",11,23,22,23,132960,41759,2093,451
"06071",5,"811112",78,0,2013,3,"","San Bernardino County, California","Private","Automotive exhaust system repair","County, NAICS 6-digit -- by ownership sector","All establishment sizes",12,25,26,27,150778,32212,1580,446
"06071",5,"811113",78,0,2013,1,"","San Bernardino County, California","Private","Automotive transmission repair","County, NAICS 6-digit -- by ownership sector","All establishment sizes",27,127,121,125,1163110,755231,40630,720
"06071",5,"811113",78,0,2013,2,"","San Bernardino County, California","Private","Automotive transmission repair","County, NAICS 6-digit -- by ownership sector","All establishment sizes",25,120,111,117,1159607,131098,7005,769
"06071",5,"811113",78,0,2013,3,"","San Bernardino County, California","Private","Automotive transmission repair","County, NAICS 6-digit -- by ownership sector","All establishment sizes",25,122,123,119,1131206,58192,3243,717
"06071",5,"811118",78,0,2013,1,"","San Bernardino County, California","Private","Other automotive mechanical and elec. repair","County, NAICS 6-digit -- by ownership sector","All establishment sizes",33,157,160,165,1392662,990825,54444,667
"06071",5,"811118",78,0,2013,2,"","San Bernardino County, California","Private","Other automotive mechanical and elec. repair","County, NAICS 6-digit -- by ownership sector","All establishment sizes",33,169,175,181,1524574,220762,11043,670
"06071",5,"811118",78,0,2013,3,"","San Bernardino County, California","Private","Other automotive mechanical and elec. repair","County, NAICS 6-digit -- by ownership sector","All establishment sizes",34,182,181,178,1532204,149216,8098,654
"06071",5,"81112",77,0,2013,1,"","San Bernardino County, California","Private","Automotive body, interior, and glass repair","County, NAICS 5-digit -- by ownership sector","All establishment sizes",178,1257,1319,1318,12016785,7980235,415471,712
"06071",5,"81112",77,0,2013,2,"","San Bernardino County, California","Private","Automotive body, interior, and glass repair","County, NAICS 5-digit -- by ownership sector","All establishment sizes",183,1328,1311,1334,12406802,1854157,93379,721
"06071",5,"81112",77,0,2013,3,"","San Bernardino County, California","Private","Automotive body, interior, and glass repair","County, NAICS 5-digit -- by ownership sector","All establishment sizes",183,1290,1318,1327,12635469,1083638,56573,741
"06071",5,"811121",78,0,2013,1,"","San Bernardino County, California","Private","Automotive body and interior repair","County, NAICS 6-digit -- by ownership sector","All establishment sizes",154,1185,1243,1241,11469561,7578135,394738,721
"06071",5,"811121",78,0,2013,2,"","San Bernardino County, California","Private","Automotive body and interior repair","County, NAICS 6-digit -- by ownership sector","All establishment sizes",158,1250,1233,1258,11791177,1730948,87708,727
"06071",5,"811121",78,0,2013,3,"","San Bernardino County, California","Private","Automotive body and interior repair","County, NAICS 6-digit -- by ownership sector","All establishment sizes",158,1212,1240,1249,12021695,1023693,53524,750
"06071",5,"811122",78,0,2013,1,"","San Bernardino County, California","Private","Automotive glass replacement shops","County, NAICS 6-digit -- by ownership sector","All establishment sizes",24,72,76,77,547224,402100,20733,561
"06071",5,"811122",78,0,2013,2,"","San Bernardino County, California","Private","Automotive glass replacement shops","County, NAICS 6-digit -- by ownership sector","All establishment sizes",25,78,78,76,615625,123209,5671,612
"06071",5,"811122",78,0,2013,3,"","San Bernardino County, California","Private","Automotive glass replacement shops","County, NAICS 6-digit -- by ownership sector","All establishment sizes",25,78,78,78,613774,59945,3049,605
"06071",5,"81119",77,0,2013,1,"","San Bernardino County, California","Private","Other automotive repair and maintenance","County, NAICS 5-digit -- by ownership sector","All establishment sizes",183,1574,1603,1658,7717281,6373925,287936,368
"06071",5,"81119",77,0,2013,2,"","San Bernardino County, California","Private","Other automotive repair and maintenance","County, NAICS 5-digit -- by ownership sector","All establishment sizes",183,1720,1712,1772,8669442,3903611,163510,384
"06071",5,"81119",77,0,2013,3,"","San Bernardino County, California","Private","Other automotive repair and maintenance","County, NAICS 5-digit -- by ownership sector","All establishment sizes",185,1783,1804,1759,8874355,2429411,101939,383
"06071",5,"811191",78,0,2013,1,"","San Bernardino County, California","Private","Automotive oil change and lubrication shops","County, NAICS 6-digit -- by ownership sector","All establishment sizes",42,291,283,300,2091633,1559371,82969,552
"06071",5,"811191",78,0,2013,2,"","San Bernardino County, California","Private","Automotive oil change and lubrication shops","County, NAICS 6-digit -- by ownership sector","All establishment sizes",40,293,293,302,2013319,426471,21650,523
"06071",5,"811191",78,0,2013,3,"","San Bernardino County, California","Private","Automotive oil change and lubrication shops","County, NAICS 6-digit -- by ownership sector","All establishment sizes",41,298,302,309,2222792,277534,14586,564
"06071",5,"811192",78,0,2013,1,"","San Bernardino County, California","Private","Car washes","County, NAICS 6-digit -- by ownership sector","All establishment sizes",90,1089,1121,1150,4169609,3744246,155356,286
"06071",5,"811192",78,0,2013,2,"","San Bernardino County, California","Private","Car washes","County, NAICS 6-digit -- by ownership sector","All establishment sizes",92,1217,1212,1261,5018404,3079107,123354,314
"06071",5,"811192",78,0,2013,3,"","San Bernardino County, California","Private","Car washes","County, NAICS 6-digit -- by ownership sector","All establishment sizes",93,1274,1283,1232,5006994,1944442,77325,305
"06071",5,"811198",78,0,2013,1,"","San Bernardino County, California","Private","All other automotive repair and maintenance","County, NAICS 6-digit -- by ownership sector","All establishment sizes",51,194,199,208,1456039,1070308,49611,559
"06071",5,"811198",78,0,2013,2,"","San Bernardino County, California","Private","All other automotive repair and maintenance","County, NAICS 6-digit -- by ownership sector","All establishment sizes",51,210,207,209,1637719,398033,18506,604
"06071",5,"811198",78,0,2013,3,"","San Bernardino County, California","Private","All other automotive repair and maintenance","County, NAICS 6-digit -- by ownership sector","All establishment sizes",51,211,219,218,1644569,207435,10028,586
"06071",5,"8112",76,0,2013,1,"","San Bernardino County, California","Private","Electronic equipment repair and maintenance","County, NAICS 4-digit -- by ownership sector","All establishment sizes",61,771,773,814,9035488,5632187,293187,884
"06071",5,"8112",76,0,2013,2,"","San Bernardino County, California","Private","Electronic equipment repair and maintenance","County, NAICS 4-digit -- by ownership sector","All establishment sizes",61,743,717,720,8064246,1039662,49757,854
"06071",5,"8112",76,0,2013,3,"","San Bernardino County, California","Private","Electronic equipment repair and maintenance","County, NAICS 4-digit -- by ownership sector","All establishment sizes",59,718,725,714,7767909,448191,22042,831
"06071",5,"81121",77,0,2013,1,"","San Bernardino County, California","Private","Electronic equipment repair and maintenance","County, NAICS 5-digit -- by ownership sector","All establishment sizes",61,771,773,814,9035488,5632187,293187,884
"06071",5,"81121",77,0,2013,2,"","San Bernardino County, California","Private","Electronic equipment repair and maintenance","County, NAICS 5-digit -- by ownership sector","All establishment sizes",61,743,717,720,8064246,1039662,49757,854
"06071",5,"81121",77,0,2013,3,"","San Bernardino County, California","Private","Electronic equipment repair and maintenance","County, NAICS 5-digit -- by ownership sector","All establishment sizes",59,718,725,714,7767909,448191,22042,831
"06071",5,"811211",78,0,2013,1,"N","San Bernardino County, California","Private","Consumer electronics repair and maintenance","County, NAICS 6-digit -- by ownership sector","All establishment sizes",8,0,0,0,0,0,0,0
"06071",5,"811211",78,0,2013,2,"","San Bernardino County, California","Private","Consumer electronics repair and maintenance","County, NAICS 6-digit -- by ownership sector","All establishment sizes",8,275,257,256,2869554,731292,35807,840
"06071",5,"811211",78,0,2013,3,"","San Bernardino County, California","Private","Consumer electronics repair and maintenance","County, NAICS 6-digit -- by ownership sector","All establishment sizes",7,253,247,241,2234051,262108,12505,696
"06071",5,"811212",78,0,2013,1,"","San Bernardino County, California","Private","Computer and office machine repair","County, NAICS 6-digit -- by ownership sector","All establishment sizes",26,291,298,298,3585779,1956631,112993,933
"06071",5,"811212",78,0,2013,2,"","San Bernardino County, California","Private","Computer and office machine repair","County, NAICS 6-digit -- by ownership sector","All establishment sizes",26,292,295,294,3199437,195134,8787,838
"06071",5,"811212",78,0,2013,3,"","San Bernardino County, California","Private","Computer and office machine repair","County, NAICS 6-digit -- by ownership sector","All establishment sizes",25,298,299,297,3652554,105891,5987,943
"06071",5,"811213",78,0,2013,1,"N","San Bernardino County, California","Private","Communication equipment repair","County, NAICS 6-digit -- by ownership sector","All establishment sizes",6,0,0,0,0,0,0,0
"06071",5,"811213",78,0,2013,2,"","San Bernardino County, California","Private","Communication equipment repair","County, NAICS 6-digit -- by ownership sector","All establishment sizes",6,28,22,24,189949,30412,1730,592
"06071",5,"811213",78,0,2013,3,"","San Bernardino County, California","Private","Communication equipment repair","County, NAICS 6-digit -- by ownership sector","All establishment sizes",6,19,27,28,202184,16660,915,631
"06071",5,"811219",78,0,2013,1,"","San Bernardino County, California","Private","Other electronic equipment repair","County, NAICS 6-digit -- by ownership sector","All establishment sizes",21,147,147,151,1815913,987753,45207,942
"06071",5,"811219",78,0,2013,2,"","San Bernardino County, California","Private","Other electronic equipment repair","County, NAICS 6-digit -- by ownership sector","All establishment sizes",21,148,143,146,1805306,82824,3433,953
"06071",5,"811219",78,0,2013,3,"","San Bernardino County, California","Private","Other electronic equipment repair","County, NAICS 6-digit -- by ownership sector","All establishment sizes",21,148,152,148,1679120,63532,2635,865
"06071",5,"8113",76,0,2013,1,"","San Bernardino County, California","Private","Commercial machinery repair and maintenance","County, NAICS 4-digit -- by ownership sector","All establishment sizes",134,1258,1293,1334,15807982,8528493,470613,939
"06071",5,"8113",76,0,2013,2,"","San Bernardino County, California","Private","Commercial machinery repair and maintenance","County, NAICS 4-digit -- by ownership sector","All establishment sizes",134,1242,1238,1219,15773187,1119711,58910,984
"06071",5,"8113",76,0,2013,3,"","San Bernardino County, California","Private","Commercial machinery repair and maintenance","County, NAICS 4-digit -- by ownership sector","All establishment sizes",134,1242,1204,1216,15321859,756145,41578,966
"06071",5,"81131",77,0,2013,1,"","San Bernardino County, California","Private","Commercial machinery repair and maintenance","County, NAICS 5-digit -- by ownership sector","All establishment sizes",134,1258,1293,1334,15807982,8528493,470613,939
"06071",5,"81131",77,0,2013,2,"","San Bernardino County, California","Private","Commercial machinery repair and maintenance","County, NAICS 5-digit -- by ownership sector","All establishment sizes",134,1242,1238,1219,15773187,1119711,58910,984
"06071",5,"81131",77,0,2013,3,"","San Bernardino County, California","Private","Commercial machinery repair and maintenance","County, NAICS 5-digit -- by ownership sector","All establishment sizes",134,1242,1204,1216,15321859,756145,41578,966
"06071",5,"811310",78,0,2013,1,"","San Bernardino County, California","Private","Commercial machinery repair and maintenance","County, NAICS 6-digit -- by ownership sector","All establishment sizes",134,1258,1293,1334,15807982,8528493,470613,939
"06071",5,"811310",78,0,2013,2,"","San Bernardino County, California","Private","Commercial machinery repair and maintenance","County, NAICS 6-digit -- by ownership sector","All establishment sizes",134,1242,1238,1219,15773187,1119711,58910,984
"06071",5,"811310",78,0,2013,3,"","San Bernardino County, California","Private","Commercial machinery repair and maintenance","County, NAICS 6-digit -- by ownership sector","All establishment sizes",134,1242,1204,1216,15321859,756145,41578,966
"06071",5,"8114",76,0,2013,1,"","San Bernardino County, California","Private","Household goods repair and maintenance","County, NAICS 4-digit -- by ownership sector","All establishment sizes",60,419,420,424,3965813,2532391,133982,725
"06071",5,"8114",76,0,2013,2,"","San Bernardino County, California","Private","Household goods repair and maintenance","County, NAICS 4-digit -- by ownership sector","All establishment sizes",60,419,436,443,4513186,608548,29897,802
"06071",5,"8114",76,0,2013,3,"","San Bernardino County, California","Private","Household goods repair and maintenance","County, NAICS 4-digit -- by ownership sector","All establishment sizes",60,422,433,436,4367629,362631,19170,781
"06071",5,"81141",77,0,2013,1,"","San Bernardino County, California","Private","Home and garden equip. and appliance repair","County, NAICS 5-digit -- by ownership sector","All establishment sizes",23,154,154,155,1614021,972190,54564,804
"06071",5,"81141",77,0,2013,2,"","San Bernardino County, California","Private","Home and garden equip. and appliance repair","County, NAICS 5-digit -- by ownership sector","All establishment sizes",23,152,166,167,1842905,221667,12665,877
"06071",5,"81141",77,0,2013,3,"","San Bernardino County, California","Private","Home and garden equip. and appliance repair","County, NAICS 5-digit -- by ownership sector","All establishment sizes",23,147,148,152,1718738,107531,6039,887
"06071",5,"811411",78,0,2013,1,"N","San Bernardino County, California","Private","Home and garden equipment repair","County, NAICS 6-digit -- by ownership sector","All establishment sizes",1,0,0,0,0,0,0,0
"06071",5,"811411",78,0,2013,2,"N","San Bernardino County, California","Private","Home and garden equipment repair","County, NAICS 6-digit -- by ownership sector","All establishment sizes",1,0,0,0,0,0,0,0
"06071",5,"811411",78,0,2013,3,"N","San Bernardino County, California","Private","Home and garden equipment repair","County, NAICS 6-digit -- by ownership sector","All establishment sizes",1,0,0,0,0,0,0,0
"06071",5,"811412",78,0,2013,1,"N","San Bernardino County, California","Private","Appliance repair and maintenance","County, NAICS 6-digit -- by ownership sector","All establishment sizes",22,0,0,0,0,0,0,0
"06071",5,"811412",78,0,2013,2,"N","San Bernardino County, California","Private","Appliance repair and maintenance","County, NAICS 6-digit -- by ownership sector","All establishment sizes",22,0,0,0,0,0,0,0
"06071",5,"811412",78,0,2013,3,"N","San Bernardino County, California","Private","Appliance repair and maintenance","County, NAICS 6-digit -- by ownership sector","All establishment sizes",22,0,0,0,0,0,0,0
"06071",5,"81142",77,0,2013,1,"N","San Bernardino County, California","Private","Reupholstery and furniture repair","County, NAICS 5-digit -- by ownership sector","All establishment sizes",7,0,0,0,0,0,0,0
"06071",5,"81142",77,0,2013,2,"N","San Bernardino County, California","Private","Reupholstery and furniture repair","County, NAICS 5-digit -- by ownership sector","All establishment sizes",7,0,0,0,0,0,0,0
"06071",5,"81142",77,0,2013,3,"N","San Bernardino County, California","Private","Reupholstery and furniture repair","County, NAICS 5-digit -- by ownership sector","All establishment sizes",6,0,0,0,0,0,0,0
"06071",5,"811420",78,0,2013,1,"N","San Bernardino County, California","Private","Reupholstery and furniture repair","County, NAICS 6-digit -- by ownership sector","All establishment sizes",7,0,0,0,0,0,0,0
"06071",5,"811420",78,0,2013,2,"N","San Bernardino County, California","Private","Reupholstery and furniture repair","County, NAICS 6-digit -- by ownership sector","All establishment sizes",7,0,0,0,0,0,0,0
"06071",5,"811420",78,0,2013,3,"N","San Bernardino County, California","Private","Reupholstery and furniture repair","County, NAICS 6-digit -- by ownership sector","All establishment sizes",6,0,0,0,0,0,0,0
"06071",5,"81143",77,0,2013,1,"N","San Bernardino County, California","Private","Footwear and leather goods repair","County, NAICS 5-digit -- by ownership sector","All establishment sizes",2,0,0,0,0,0,0,0
"06071",5,"81143",77,0,2013,2,"N","San Bernardino County, California","Private","Footwear and leather goods repair","County, NAICS 5-digit -- by ownership sector","All establishment sizes",2,0,0,0,0,0,0,0
"06071",5,"81143",77,0,2013,3,"N","San Bernardino County, California","Private","Footwear and leather goods repair","County, NAICS 5-digit -- by ownership sector","All establishment sizes",2,0,0,0,0,0,0,0
"06071",5,"811430",78,0,2013,1,"N","San Bernardino County, California","Private","Footwear and leather goods repair","County, NAICS 6-digit -- by ownership sector","All establishment sizes",2,0,0,0,0,0,0,0
"06071",5,"811430",78,0,2013,2,"N","San Bernardino County, California","Private","Footwear and leather goods repair","County, NAICS 6-digit -- by ownership sector","All establishment sizes",2,0,0,0,0,0,0,0
"06071",5,"811430",78,0,2013,3,"N","San Bernardino County, California","Private","Footwear and leather goods repair","County, NAICS 6-digit -- by ownership sector","All establishment sizes",2,0,0,0,0,0,0,0
"06071",5,"81149",77,0,2013,1,"","San Bernardino County, California","Private","Other household goods repair and maintenance","County, NAICS 5-digit -- by ownership sector","All establishment sizes",28,241,240,245,2242933,1456012,76718,713
"06071",5,"81149",77,0,2013,2,"","San Bernardino County, California","Private","Other household goods repair and maintenance","County, NAICS 5-digit -- by ownership sector","All establishment sizes",28,242,241,247,2547837,328481,15570,805
"06071",5,"81149",77,0,2013,3,"","San Bernardino County, California","Private","Other household goods repair and maintenance","County, NAICS 5-digit -- by ownership sector","All establishment sizes",29,250,257,258,2520419,233845,12437,760
"06071",5,"811490",78,0,2013,1,"","San Bernardino County, California","Private","Other household goods repair and maintenance","County, NAICS 6-digit -- by ownership sector","All establishment sizes",28,241,240,245,2242933,1456012,76718,713
"06071",5,"811490",78,0,2013,2,"","San Bernardino County, California","Private","Other household goods repair and maintenance","County, NAICS 6-digit -- by ownership sector","All establishment sizes",28,242,241,247,2547837,328481,15570,805
"06071",5,"811490",78,0,2013,3,"","San Bernardino County, California","Private","Other household goods repair and maintenance","County, NAICS 6-digit -- by ownership sector","All establishment sizes",29,250,257,258,2520419,233845,12437,760
"06071",5,"812",75,0,2013,1,"","San Bernardino County, California","Private","Personal and laundry services","County, NAICS 3-digit -- by ownership sector","All establishment sizes",614,4263,4290,4323,24722143,18555130,948602,443
"06071",5,"812",75,0,2013,2,"","San Bernardino County, California","Private","Personal and laundry services","County, NAICS 3-digit -- by ownership sector","All establishment sizes",623,4395,4391,4392,25336746,8271168,381918,444
"06071",5,"812",75,0,2013,3,"","San Bernardino County, California","Private","Personal and laundry services","County, NAICS 3-digit -- by ownership sector","All establishment sizes",628,4424,4433,4438,25413449,4891953,219157,441
"06071",5,"8121",76,0,2013,1,"","San Bernardino County, California","Private","Personal care services","County, NAICS 4-digit -- by ownership sector","All establishment sizes",358,2062,2084,2132,8250844,7456839,331707,303
"06071",5,"8121",76,0,2013,2,"","San Bernardino County, California","Private","Personal care services","County, NAICS 4-digit -- by ownership sector","All establishment sizes",361,2212,2222,2191,9201850,5013378,218999,321
"06071",5,"8121",76,0,2013,3,"","San Bernardino County, California","Private","Personal care services","County, NAICS 4-digit -- by ownership sector","All establishment sizes",365,2209,2221,2217,8957076,2906127,124488,311
"06071",5,"81211",77,0,2013,1,"","San Bernardino County, California","Private","Hair, nail, and skin care services","County, NAICS 5-digit -- by ownership sector","All establishment sizes",287,1487,1489,1506,5461798,5085639,227209,281
"06071",5,"81211",77,0,2013,2,"","San Bernardino County, California","Private","Hair, nail, and skin care services","County, NAICS 5-digit -- by ownership sector","All establishment sizes",290,1547,1561,1535,6200053,3624642,158781,308
"06071",5,"81211",77,0,2013,3,"","San Bernardino County, California","Private","Hair, nail, and skin care services","County, NAICS 5-digit -- by ownership sector","All establishment sizes",290,1546,1557,1545,5814818,1941989,82449,289
"06071",5,"812111",78,0,2013,1,"","San Bernardino County, California","Private","Barber shops","County, NAICS 6-digit -- by ownership sector","All establishment sizes",4,10,9,9,29553,27553,1193,244
"06071",5,"812111",78,0,2013,2,"","San Bernardino County, California","Private","Barber shops","County, NAICS 6-digit -- by ownership sector","All establishment sizes",4,10,9,10,30578,19116,852,243
"06071",5,"812111",78,0,2013,3,"","San Bernardino County, California","Private","Barber shops","County, NAICS 6-digit -- by ownership sector","All establishment sizes",4,10,10,10,30006,11155,539,231
"06071",5,"812112",78,0,2013,1,"","San Bernardino County, California","Private","Beauty salons","County, NAICS 6-digit -- by ownership sector","All establishment sizes",150,976,972,972,3933388,3614239,165901,311
"06071",5,"812112",78,0,2013,2,"","San Bernardino County, California","Private","Beauty salons","County, NAICS 6-digit -- by ownership sector","All establishment sizes",150,979,1000,973,4473026,2291280,104077,350
"06071",5,"812112",78,0,2013,3,"","San Bernardino County, California","Private","Beauty salons","County, NAICS 6-digit -- by ownership sector","All establishment sizes",150,996,1004,1004,4145174,1080998,47225,318
"06071",5,"812113",78,0,2013,1,"","San Bernardino County, California","Private","Nail salons","County, NAICS 6-digit -- by ownership sector","All establishment sizes",133,501,508,525,1498857,1443847,60115,225
"06071",5,"812113",78,0,2013,2,"","San Bernardino County, California","Private","Nail salons","County, NAICS 6-digit -- by ownership sector","All establishment sizes",136,558,552,552,1696449,1314246,53852,236
"06071",5,"812113",78,0,2013,3,"","San Bernardino County, California","Private","Nail salons","County, NAICS 6-digit -- by ownership sector","All establishment sizes",136,540,543,531,1639638,849836,34685,234
"06071",5,"81219",77,0,2013,1,"","San Bernardino County, California","Private","Other personal care services","County, NAICS 5-digit -- by ownership sector","All establishment sizes",71,575,595,626,2789046,2371200,104498,358
"06071",5,"81219",77,0,2013,2,"","San Bernardino County, California","Private","Other personal care services","County, NAICS 5-digit -- by ownership sector","All establishment sizes",71,665,661,656,3001797,1388736,60218,350
"06071",5,"81219",77,0,2013,3,"","San Bernardino County, California","Private","Other personal care services","County, NAICS 5-digit -- by ownership sector","All establishment sizes",75,663,664,672,3142258,964138,42039,363
"06071",5,"812191",78,0,2013,1,"","San Bernardino County, California","Private","Diet and weight reducing centers","County, NAICS 6-digit -- by ownership sector","All establishment sizes",16,97,97,103,467713,325563,14854,363
"06071",5,"812191",78,0,2013,2,"","San Bernardino County, California","Private","Diet and weight reducing centers","County, NAICS 6-digit -- by ownership sector","All establishment sizes",16,114,114,112,544356,177556,8171,369
"06071",5,"812191",78,0,2013,3,"","San Bernardino County, California","Private","Diet and weight reducing centers","County, NAICS 6-digit -- by ownership sector","All establishment sizes",16,101,100,96,495027,91907,4285,385
"06071",5,"812199",78,0,2013,1,"","San Bernardino County, California","Private","Other personal care services","County, NAICS 6-digit -- by ownership sector","All establishment sizes",55,478,498,523,2321333,2045637,89644,357
"06071",5,"812199",78,0,2013,2,"","San Bernardino County, California","Private","Other personal care services","County, NAICS 6-digit -- by ownership sector","All establishment sizes",55,551,547,544,2457441,1211180,52047,345
"06071",5,"812199",78,0,2013,3,"","San Bernardino County, California","Private","Other personal care services","County, NAICS 6-digit -- by ownership sector","All establishment sizes",59,562,564,576,2647231,872231,37754,359
"06071",5,"8122",76,0,2013,1,"","San Bernardino County, California","Private","Death care services","County, NAICS 4-digit -- by ownership sector","All establishment sizes",38,354,358,358,3857623,2239491,133774,832
"06071",5,"8122",76,0,2013,2,"","San Bernardino County, California","Private","Death care services","County, NAICS 4-digit -- by ownership sector","All establishment sizes",38,364,352,360,3494577,421057,24748,749
"06071",5,"8122",76,0,2013,3,"","San Bernardino County, California","Private","Death care services","County, NAICS 4-digit -- by ownership sector","All establishment sizes",36,341,334,340,3261523,242454,14031,742
"06071",5,"81221",77,0,2013,1,"","San Bernardino County, California","Private","Funeral homes and funeral services","County, NAICS 5-digit -- by ownership sector","All establishment sizes",26,174,170,173,1349863,901738,53791,603
"06071",5,"81221",77,0,2013,2,"","San Bernardino County, California","Private","Funeral homes and funeral services","County, NAICS 5-digit -- by ownership sector","All establishment sizes",26,173,162,167,1412830,200630,11529,649
"06071",5,"81221",77,0,2013,3,"","San Bernardino County, California","Private","Funeral homes and funeral services","County, NAICS 5-digit -- by ownership sector","All establishment sizes",26,160,161,165,1305349,105296,5990,620
"06071",5,"812210",78,0,2013,1,"","San Bernardino County, California","Private","Funeral homes and funeral services","County, NAICS 6-digit -- by ownership sector","All establishment sizes",26,174,170,173,1349863,901738,53791,603
"06071",5,"812210",78,0,2013,2,"","San Bernardino County, California","Private","Funeral homes and funeral services","County, NAICS 6-digit -- by ownership sector","All establishment sizes",26,173,162,167,1412830,200630,11529,649
"06071",5,"812210",78,0,2013,3,"","San Bernardino County, California","Private","Funeral homes and funeral services","County, NAICS 6-digit -- by ownership sector","All establishment sizes",26,160,161,165,1305349,105296,5990,620
"06071",5,"81222",77,0,2013,1,"","San Bernardino County, California","Private","Cemeteries and crematories","County, NAICS 5-digit -- by ownership sector","All establishment sizes",12,180,188,185,2507760,1337753,79983,1046
"06071",5,"81222",77,0,2013,2,"","San Bernardino County, California","Private","Cemeteries and crematories","County, NAICS 5-digit -- by ownership sector","All establishment sizes",12,191,190,193,2081747,220427,13219,837
"06071",5,"81222",77,0,2013,3,"","San Bernardino County, California","Private","Cemeteries and crematories","County, NAICS 5-digit -- by ownership sector","All establishment sizes",10,181,173,175,1956174,137158,8041,853
"06071",5,"812220",78,0,2013,1,"","San Bernardino County, California","Private","Cemeteries and crematories","County, NAICS 6-digit -- by ownership sector","All establishment sizes",12,180,188,185,2507760,1337753,79983,1046
"06071",5,"812220",78,0,2013,2,"","San Bernardino County, California","Private","Cemeteries and crematories","County, NAICS 6-digit -- by ownership sector","All establishment sizes",12,191,190,193,2081747,220427,13219,837
"06071",5,"812220",78,0,2013,3,"","San Bernardino County, California","Private","Cemeteries and crematories","County, NAICS 6-digit -- by ownership sector","All establishment sizes",10,181,173,175,1956174,137158,8041,853
"06071",5,"8123",76,0,2013,1,"","San Bernardino County, California","Private","Drycleaning and laundry services","County, NAICS 4-digit -- by ownership sector","All establishment sizes",139,1435,1427,1431,10635373,7295004,406900,572
"06071",5,"8123",76,0,2013,2,"","San Bernardino County, California","Private","Drycleaning and laundry services","County, NAICS 4-digit -- by ownership sector","All establishment sizes",143,1380,1371,1384,10432062,1935578,95266,582
"06071",5,"8123",76,0,2013,3,"","San Bernardino County, California","Private","Drycleaning and laundry services","County, NAICS 4-digit -- by ownership sector","All establishment sizes",142,1367,1359,1364,10695582,934226,46189,603
"06071",5,"81231",77,0,2013,1,"","San Bernardino County, California","Private","Coin-operated laundries and drycleaners","County, NAICS 5-digit -- by ownership sector","All establishment sizes",21,54,54,54,192400,165930,7126,274
"06071",5,"81231",77,0,2013,2,"","San Bernardino County, California","Private","Coin-operated laundries and drycleaners","County, NAICS 5-digit -- by ownership sector","All establishment sizes",24,59,60,61,224227,120119,5256,287
"06071",5,"81231",77,0,2013,3,"","San Bernardino County, California","Private","Coin-operated laundries and drycleaners","County, NAICS 5-digit -- by ownership sector","All establishment sizes",24,59,57,57,203502,62087,2617,271
"06071",5,"812310",78,0,2013,1,"","San Bernardino County, California","Private","Coin-operated laundries and drycleaners","County, NAICS 6-digit -- by ownership sector","All establishment sizes",21,54,54,54,192400,165930,7126,274
"06071",5,"812310",78,0,2013,2,"","San Bernardino County, California","Private","Coin-operated laundries and drycleaners","County, NAICS 6-digit -- by ownership sector","All establishment sizes",24,59,60,61,224227,120119,5256,287
"06071",5,"812310",78,0,2013,3,"","San Bernardino County, California","Private","Coin-operated laundries and drycleaners","County, NAICS 6-digit -- by ownership sector","All establishment sizes",24,59,57,57,203502,62087,2617,271
"06071",5,"81232",77,0,2013,1,"","San Bernardino County, California","Private","Drycleaning and laundry services","County, NAICS 5-digit -- by ownership sector","All establishment sizes",102,351,351,360,1366964,1276512,49372,297
"06071",5,"81232",77,0,2013,2,"","San Bernardino County, California","Private","Drycleaning and laundry services","County, NAICS 5-digit -- by ownership sector","All establishment sizes",103,374,376,381,1514758,905424,35079,309
"06071",5,"81232",77,0,2013,3,"","San Bernardino County, California","Private","Drycleaning and laundry services","County, NAICS 5-digit -- by ownership sector","All establishment sizes",102,366,358,369,1447427,423006,16693,306
"06071",5,"812320",78,0,2013,1,"","San Bernardino County, California","Private","Drycleaning and laundry services","County, NAICS 6-digit -- by ownership sector","All establishment sizes",102,351,351,360,1366964,1276512,49372,297
"06071",5,"812320",78,0,2013,2,"","San Bernardino County, California","Private","Drycleaning and laundry services","County, NAICS 6-digit -- by ownership sector","All establishment sizes",103,374,376,381,1514758,905424,35079,309
"06071",5,"812320",78,0,2013,3,"","San Bernardino County, California","Private","Drycleaning and laundry services","County, NAICS 6-digit -- by ownership sector","All establishment sizes",102,366,358,369,1447427,423006,16693,306
"06071",5,"81233",77,0,2013,1,"","San Bernardino County, California","Private","Linen and uniform supply","County, NAICS 5-digit -- by ownership sector","All establishment sizes",16,1030,1022,1017,9076009,5852562,350402,682
"06071",5,"81233",77,0,2013,2,"","San Bernardino County, California","Private","Linen and uniform supply","County, NAICS 5-digit -- by ownership sector","All establishment sizes",16,947,935,942,8693077,910035,54931,710
"06071",5,"81233",77,0,2013,3,"","San Bernardino County, California","Private","Linen and uniform supply","County, NAICS 5-digit -- by ownership sector","All establishment sizes",16,942,944,938,9044653,449133,26879,739
"06071",5,"812331",78,0,2013,1,"","San Bernardino County, California","Private","Linen supply","County, NAICS 6-digit -- by ownership sector","All establishment sizes",7,919,910,907,8044110,5195428,309919,678
"06071",5,"812331",78,0,2013,2,"","San Bernardino County, California","Private","Linen supply","County, NAICS 6-digit -- by ownership sector","All establishment sizes",7,837,838,833,7647639,781123,47004,704
"06071",5,"812331",78,0,2013,3,"","San Bernardino County, California","Private","Linen supply","County, NAICS 6-digit -- by ownership sector","All establishment sizes",7,839,834,825,7911397,368282,22127,731
"06071",5,"812332",78,0,2013,1,"","San Bernardino County, California","Private","Industrial launderers","County, NAICS 6-digit -- by ownership sector","All establishment sizes",9,111,112,110,1031899,657134,40483,715
"06071",5,"812332",78,0,2013,2,"","San Bernardino County, California","Private","Industrial launderers","County, NAICS 6-digit -- by ownership sector","All establishment sizes",9,110,97,109,1045438,128912,7927,763
"06071",5,"812332",78,0,2013,3,"","San Bernardino County, California","Private","Industrial launderers","County, NAICS 6-digit -- by ownership sector","All establishment sizes",9,103,110,113,1133256,80851,4752,802
"06071",5,"8129",76,0,2013,1,"","San Bernardino County, California","Private","Other personal services","County, NAICS 4-digit -- by ownership sector","All establishment sizes",79,412,421,402,1978303,1563796,76221,370
"06071",5,"8129",76,0,2013,2,"","San Bernardino County, California","Private","Other personal services","County, NAICS 4-digit -- by ownership sector","All establishment sizes",81,439,446,457,2208257,901155,42905,380
"06071",5,"8129",76,0,2013,3,"","San Bernardino County, California","Private","Other personal services","County, NAICS 4-digit -- by ownership sector","All establishment sizes",85,507,519,517,2499268,809146,34449,374
"06071",5,"81291",77,0,2013,1,"","San Bernardino County, California","Private","Pet care, except veterinary, services","County, NAICS 5-digit -- by ownership sector","All establishment sizes",40,210,213,218,924204,835937,41383,333
"06071",5,"81291",77,0,2013,2,"","San Bernardino County, California","Private","Pet care, except veterinary, services","County, NAICS 5-digit -- by ownership sector","All establishment sizes",41,219,220,225,1055587,503970,25091,367
"06071",5,"81291",77,0,2013,3,"","San Bernardino County, California","Private","Pet care, except veterinary, services","County, NAICS 5-digit -- by ownership sector","All establishment sizes",43,240,235,234,1067306,306612,14785,347
"06071",5,"812910",78,0,2013,1,"","San Bernardino County, California","Private","Pet care, except veterinary, services","County, NAICS 6-digit -- by ownership sector","All establishment sizes",40,210,213,218,924204,835937,41383,333
"06071",5,"812910",78,0,2013,2,"","San Bernardino County, California","Private","Pet care, except veterinary, services","County, NAICS 6-digit -- by ownership sector","All establishment sizes",41,219,220,225,1055587,503970,25091,367
"06071",5,"812910",78,0,2013,3,"","San Bernardino County, California","Private","Pet care, except veterinary, services","County, NAICS 6-digit -- by ownership sector","All establishment sizes",43,240,235,234,1067306,306612,14785,347
"06071",5,"81292",77,0,2013,1,"","San Bernardino County, California","Private","Photofinishing","County, NAICS 5-digit -- by ownership sector","All establishment sizes",5,22,22,22,102602,99398,5315,359
"06071",5,"81292",77,0,2013,2,"","San Bernardino County, California","Private","Photofinishing","County, NAICS 5-digit -- by ownership sector","All establishment sizes",5,22,22,23,93297,40704,1787,321
"06071",5,"81292",77,0,2013,3,"","San Bernardino County, California","Private","Photofinishing","County, NAICS 5-digit -- by ownership sector","All establishment sizes",6,35,35,34,151644,71414,2555,336
"06071",5,"812921",78,0,2013,1,"N","San Bernardino County, California","Private","Photofinishing laboratories, except one-hour","County, NAICS 6-digit -- by ownership sector","All establishment sizes",2,0,0,0,0,0,0,0
"06071",5,"812921",78,0,2013,2,"N","San Bernardino County, California","Private","Photofinishing laboratories, except one-hour","County, NAICS 6-digit -- by ownership sector","All establishment sizes",2,0,0,0,0,0,0,0
"06071",5,"812921",78,0,2013,3,"","San Bernardino County, California","Private","Photofinishing laboratories, except one-hour","County, NAICS 6-digit -- by ownership sector","All establishment sizes",3,17,17,16,74566,63563,2068,344
"06071",5,"812922",78,0,2013,1,"N","San Bernardino County, California","Private","One-hour photofinishing","County, NAICS 6-digit -- by ownership sector","All establishment sizes",3,0,0,0,0,0,0,0
"06071",5,"812922",78,0,2013,2,"N","San Bernardino County, California","Private","One-hour photofinishing","County, NAICS 6-digit -- by ownership sector","All establishment sizes",3,0,0,0,0,0,0,0
"06071",5,"812922",78,0,2013,3,"","San Bernardino County, California","Private","One-hour photofinishing","County, NAICS 6-digit -- by ownership sector","All establishment sizes",3,18,18,18,77078,7851,487,329
"06071",5,"81293",77,0,2013,1,"","San Bernardino County, California","Private","Parking lots and garages","County, NAICS 5-digit -- by ownership sector","All establishment sizes",6,42,43,40,104127,97315,5372,192
"06071",5,"81293",77,0,2013,2,"","San Bernardino County, California","Private","Parking lots and garages","County, NAICS 5-digit -- by ownership sector","All establishment sizes",7,43,46,44,138117,94483,4490,240
"06071",5,"81293",77,0,2013,3,"","San Bernardino County, California","Private","Parking lots and garages","County, NAICS 5-digit -- by ownership sector","All establishment sizes",7,51,56,53,167100,73175,3306,241
"06071",5,"812930",78,0,2013,1,"","San Bernardino County, California","Private","Parking lots and garages","County, NAICS 6-digit -- by ownership sector","All establishment sizes",6,42,43,40,104127,97315,5372,192
"06071",5,"812930",78,0,2013,2,"","San Bernardino County, California","Private","Parking lots and garages","County, NAICS 6-digit -- by ownership sector","All establishment sizes",7,43,46,44,138117,94483,4490,240
"06071",5,"812930",78,0,2013,3,"","San Bernardino County, California","Private","Parking lots and garages","County, NAICS 6-digit -- by ownership sector","All establishment sizes",7,51,56,53,167100,73175,3306,241
"06071",5,"81299",77,0,2013,1,"","San Bernardino County, California","Private","All other personal services","County, NAICS 5-digit -- by ownership sector","All establishment sizes",28,138,143,122,847370,531146,24151,485
"06071",5,"81299",77,0,2013,2,"","San Bernardino County, California","Private","All other personal services","County, NAICS 5-digit -- by ownership sector","All establishment sizes",28,155,158,165,921256,261998,11537,445
"06071",5,"81299",77,0,2013,3,"","San Bernardino County, California","Private","All other personal services","County, NAICS 5-digit -- by ownership sector","All establishment sizes",29,181,193,196,1113218,357945,13803,451
"06071",5,"812990",78,0,2013,1,"","San Bernardino County, California","Private","All other personal services","County, NAICS 6-digit -- by ownership sector","All establishment sizes",28,138,143,122,847370,531146,24151,485
"06071",5,"812990",78,0,2013,2,"","San Bernardino County, California","Private","All other personal services","County, NAICS 6-digit -- by ownership sector","All establishment sizes",28,155,158,165,921256,261998,11537,445
"06071",5,"812990",78,0,2013,3,"","San Bernardino County, California","Private","All other personal services","County, NAICS 6-digit -- by ownership sector","All establishment sizes",29,181,193,196,1113218,357945,13803,451
"06071",5,"813",75,0,2013,1,"","San Bernardino County, California","Private","Membership associations and organizations","County, NAICS 3-digit -- by ownership sector","All establishment sizes",433,4794,4889,4953,35773818,14119376,748618,564
"06071",5,"813",75,0,2013,2,"","San Bernardino County, California","Private","Membership associations and organizations","County, NAICS 3-digit -- by ownership sector","All establishment sizes",434,5018,4996,5152,37652071,3356495,173115,573
"06071",5,"813",75,0,2013,3,"","San Bernardino County, California","Private","Membership associations and organizations","County, NAICS 3-digit -- by ownership sector","All establishment sizes",435,4969,5030,4920,38796730,2118305,111733,600
"06071",5,"8131",76,0,2013,1,"","San Bernardino County, California","Private","Religious organizations","County, NAICS 4-digit -- by ownership sector","All establishment sizes",122,1433,1436,1466,9464451,3886223,220333,504
"06071",5,"8131",76,0,2013,2,"","San Bernardino County, California","Private","Religious organizations","County, NAICS 4-digit -- by ownership sector","All establishment sizes",123,1458,1458,1473,9812248,993368,54957,516
"06071",5,"8131",76,0,2013,3,"","San Bernardino County, California","Private","Religious organizations","County, NAICS 4-digit -- by ownership sector","All establishment sizes",124,1393,1407,1466,10128094,501218,27485,548
"06071",5,"81311",77,0,2013,1,"","San Bernardino County, California","Private","Religious organizations","County, NAICS 5-digit -- by ownership sector","All establishment sizes",122,1433,1436,1466,9464451,3886223,220333,504
"06071",5,"81311",77,0,2013,2,"","San Bernardino County, California","Private","Religious organizations","County, NAICS 5-digit -- by ownership sector","All establishment sizes",123,1458,1458,1473,9812248,993368,54957,516
"06071",5,"81311",77,0,2013,3,"","San Bernardino County, California","Private","Religious organizations","County, NAICS 5-digit -- by ownership sector","All establishment sizes",124,1393,1407,1466,10128094,501218,27485,548
"06071",5,"813110",78,0,2013,1,"","San Bernardino County, California","Private","Religious organizations","County, NAICS 6-digit -- by ownership sector","All establishment sizes",122,1433,1436,1466,9464451,3886223,220333,504
"06071",5,"813110",78,0,2013,2,"","San Bernardino County, California","Private","Religious organizations","County, NAICS 6-digit -- by ownership sector","All establishment sizes",123,1458,1458,1473,9812248,993368,54957,516
"06071",5,"813110",78,0,2013,3,"","San Bernardino County, California","Private","Religious organizations","County, NAICS 6-digit -- by ownership sector","All establishment sizes",124,1393,1407,1466,10128094,501218,27485,548
"06071",5,"8132",76,0,2013,1,"","San Bernardino County, California","Private","Grantmaking and giving services","County, NAICS 4-digit -- by ownership sector","All establishment sizes",40,529,563,596,3786209,867729,47024,518
"06071",5,"8132",76,0,2013,2,"","San Bernardino County, California","Private","Grantmaking and giving services","County, NAICS 4-digit -- by ownership sector","All establishment sizes",38,598,551,530,3944266,150936,7699,542
"06071",5,"8132",76,0,2013,3,"","San Bernardino County, California","Private","Grantmaking and giving services","County, NAICS 4-digit -- by ownership sector","All establishment sizes",38,553,541,489,4328286,68408,3601,631
"06071",5,"81321",77,0,2013,1,"","San Bernardino County, California","Private","Grantmaking and giving services","County, NAICS 5-digit -- by ownership sector","All establishment sizes",40,529,563,596,3786209,867729,47024,518
"06071",5,"81321",77,0,2013,2,"","San Bernardino County, California","Private","Grantmaking and giving services","County, NAICS 5-digit -- by ownership sector","All establishment sizes",38,598,551,530,3944266,150936,7699,542
"06071",5,"81321",77,0,2013,3,"","San Bernardino County, California","Private","Grantmaking and giving services","County, NAICS 5-digit -- by ownership sector","All establishment sizes",38,553,541,489,4328286,68408,3601,631
"06071",5,"813211",78,0,2013,1,"","San Bernardino County, California","Private","Grantmaking foundations","County, NAICS 6-digit -- by ownership sector","All establishment sizes",18,20,19,17,192609,98807,3624,794
"06071",5,"813211",78,0,2013,2,"","San Bernardino County, California","Private","Grantmaking foundations","County, NAICS 6-digit -- by ownership sector","All establishment sizes",16,20,19,16,192423,27511,1023,807
"06071",5,"813211",78,0,2013,3,"","San Bernardino County, California","Private","Grantmaking foundations","County, NAICS 6-digit -- by ownership sector","All establishment sizes",16,15,16,16,173546,3403,102,852
"06071",5,"813212",78,0,2013,1,"","San Bernardino County, California","Private","Voluntary health organizations","County, NAICS 6-digit -- by ownership sector","All establishment sizes",6,59,60,60,1001669,305580,17413,1291
"06071",5,"813212",78,0,2013,2,"","San Bernardino County, California","Private","Voluntary health organizations","County, NAICS 6-digit -- by ownership sector","All establishment sizes",6,56,55,57,1023394,35359,1816,1406
"06071",5,"813212",78,0,2013,3,"","San Bernardino County, California","Private","Voluntary health organizations","County, NAICS 6-digit -- by ownership sector","All establishment sizes",6,56,55,49,1149155,18673,989,1657
"06071",5,"813219",78,0,2013,1,"","San Bernardino County, California","Private","Other grantmaking and giving services","County, NAICS 6-digit -- by ownership sector","All establishment sizes",16,450,484,519,2591931,463342,25987,412
"06071",5,"813219",78,0,2013,2,"","San Bernardino County, California","Private","Other grantmaking and giving services","County, NAICS 6-digit -- by ownership sector","All establishment sizes",16,522,477,457,2728449,88066,4860,432
"06071",5,"813219",78,0,2013,3,"","San Bernardino County, California","Private","Other grantmaking and giving services","County, NAICS 6-digit -- by ownership sector","All establishment sizes",16,482,470,424,3005585,46332,2510,504
"06071",5,"8133",76,0,2013,1,"","San Bernardino County, California","Private","Social advocacy organizations","County, NAICS 4-digit -- by ownership sector","All establishment sizes",43,388,387,393,3824917,2089440,114428,756
"06071",5,"8133",76,0,2013,2,"","San Bernardino County, California","Private","Social advocacy organizations","County, NAICS 4-digit -- by ownership sector","All establishment sizes",45,398,400,395,3843863,376009,20428,744
"06071",5,"8133",76,0,2013,3,"","San Bernardino County, California","Private","Social advocacy organizations","County, NAICS 4-digit -- by ownership sector","All establishment sizes",45,398,387,389,3901585,217816,11677,767
"06071",5,"81331",77,0,2013,1,"","San Bernardino County, California","Private","Social advocacy organizations","County, NAICS 5-digit -- by ownership sector","All establishment sizes",43,388,387,393,3824917,2089440,114428,756
"06071",5,"81331",77,0,2013,2,"","San Bernardino County, California","Private","Social advocacy organizations","County, NAICS 5-digit -- by ownership sector","All establishment sizes",45,398,400,395,3843863,376009,20428,744
"06071",5,"81331",77,0,2013,3,"","San Bernardino County, California","Private","Social advocacy organizations","County, NAICS 5-digit -- by ownership sector","All establishment sizes",45,398,387,389,3901585,217816,11677,767
"06071",5,"813311",78,0,2013,1,"","San Bernardino County, California","Private","Human rights organizations","County, NAICS 6-digit -- by ownership sector","All establishment sizes",8,68,68,69,664217,228900,13972,748
"06071",5,"813311",78,0,2013,2,"","San Bernardino County, California","Private","Human rights organizations","County, NAICS 6-digit -- by ownership sector","All establishment sizes",8,67,69,71,680643,22080,1277,759
"06071",5,"813311",78,0,2013,3,"","San Bernardino County, California","Private","Human rights organizations","County, NAICS 6-digit -- by ownership sector","All establishment sizes",8,71,71,71,709624,25198,1561,769
"06071",5,"813312",78,0,2013,1,"","San Bernardino County, California","Private","Environment and conservation organizations","County, NAICS 6-digit -- by ownership sector","All establishment sizes",19,169,169,179,1373687,923951,51900,613
"06071",5,"813312",78,0,2013,2,"","San Bernardino County, California","Private","Environment and conservation organizations","County, NAICS 6-digit -- by ownership sector","All establishment sizes",20,175,178,170,1561275,241954,13227,689
"06071",5,"813312",78,0,2013,3,"","San Bernardino County, California","Private","Environment and conservation organizations","County, NAICS 6-digit -- by ownership sector","All establishment sizes",20,170,159,164,1386621,90286,4874,649
"06071",5,"813319",78,0,2013,1,"","San Bernardino County, California","Private","Other social advocacy organizations","County, NAICS 6-digit -- by ownership sector","All establishment sizes",16,151,150,145,1787013,936589,48556,925
"06071",5,"813319",78,0,2013,2,"","San Bernardino County, California","Private","Other social advocacy organizations","County, NAICS 6-digit -- by ownership sector","All establishment sizes",17,156,153,154,1601945,111975,5924,798
"06071",5,"813319",78,0,2013,3,"","San Bernardino County, California","Private","Other social advocacy organizations","County, NAICS 6-digit -- by ownership sector","All establishment sizes",17,157,157,154,1805340,102332,5242,890
"06071",5,"8134",76,0,2013,1,"","San Bernardino County, California","Private","Civic and social organizations","County, NAICS 4-digit -- by ownership sector","All establishment sizes",79,1310,1367,1368,4597415,982684,53753,262
"06071",5,"8134",76,0,2013,2,"","San Bernardino County, California","Private","Civic and social organizations","County, NAICS 4-digit -- by ownership sector","All establishment sizes",78,1420,1420,1545,5052081,486121,26912,266
"06071",5,"8134",76,0,2013,3,"","San Bernardino County, California","Private","Civic and social organizations","County, NAICS 4-digit -- by ownership sector","All establishment sizes",78,1424,1501,1405,5285200,471027,26672,282
"06071",5,"81341",77,0,2013,1,"","San Bernardino County, California","Private","Civic and social organizations","County, NAICS 5-digit -- by ownership sector","All establishment sizes",79,1310,1367,1368,4597415,982684,53753,262
"06071",5,"81341",77,0,2013,2,"","San Bernardino County, California","Private","Civic and social organizations","County, NAICS 5-digit -- by ownership sector","All establishment sizes",78,1420,1420,1545,5052081,486121,26912,266
"06071",5,"81341",77,0,2013,3,"","San Bernardino County, California","Private","Civic and social organizations","County, NAICS 5-digit -- by ownership sector","All establishment sizes",78,1424,1501,1405,5285200,471027,26672,282
"06071",5,"813410",78,0,2013,1,"","San Bernardino County, California","Private","Civic and social organizations","County, NAICS 6-digit -- by ownership sector","All establishment sizes",79,1310,1367,1368,4597415,982684,53753,262
"06071",5,"813410",78,0,2013,2,"","San Bernardino County, California","Private","Civic and social organizations","County, NAICS 6-digit -- by ownership sector","All establishment sizes",78,1420,1420,1545,5052081,486121,26912,266
"06071",5,"813410",78,0,2013,3,"","San Bernardino County, California","Private","Civic and social organizations","County, NAICS 6-digit -- by ownership sector","All establishment sizes",78,1424,1501,1405,5285200,471027,26672,282
"06071",5,"8139",76,0,2013,1,"","San Bernardino County, California","Private","Professional and similar organizations","County, NAICS 4-digit -- by ownership sector","All establishment sizes",149,1134,1136,1130,14100826,6293300,313080,957
"06071",5,"8139",76,0,2013,2,"","San Bernardino County, California","Private","Professional and similar organizations","County, NAICS 4-digit -- by ownership sector","All establishment sizes",150,1144,1167,1209,14999613,1350061,63119,983
"06071",5,"8139",76,0,2013,3,"","San Bernardino County, California","Private","Professional and similar organizations","County, NAICS 4-digit -- by ownership sector","All establishment sizes",150,1201,1194,1171,15153565,859836,42298,981
"06071",5,"81391",77,0,2013,1,"","San Bernardino County, California","Private","Business associations","County, NAICS 5-digit -- by ownership sector","All establishment sizes",45,338,333,335,5188673,2131749,121471,1190
"06071",5,"81391",77,0,2013,2,"","San Bernardino County, California","Private","Business associations","County, NAICS 5-digit -- by ownership sector","All establishment sizes",45,353,349,352,6158322,349063,19688,1348
"06071",5,"81391",77,0,2013,3,"","San Bernardino County, California","Private","Business associations","County, NAICS 5-digit -- by ownership sector","All establishment sizes",45,373,370,367,6414497,275698,15966,1334
"06071",5,"813910",78,0,2013,1,"","San Bernardino County, California","Private","Business associations","County, NAICS 6-digit -- by ownership sector","All establishment sizes",45,338,333,335,5188673,2131749,121471,1190
"06071",5,"813910",78,0,2013,2,"","San Bernardino County, California","Private","Business associations","County, NAICS 6-digit -- by ownership sector","All establishment sizes",45,353,349,352,6158322,349063,19688,1348
"06071",5,"813910",78,0,2013,3,"","San Bernardino County, California","Private","Business associations","County, NAICS 6-digit -- by ownership sector","All establishment sizes",45,373,370,367,6414497,275698,15966,1334
"06071",5,"81392",77,0,2013,1,"N","San Bernardino County, California","Private","Professional organizations","County, NAICS 5-digit -- by ownership sector","All establishment sizes",23,0,0,0,0,0,0,0
"06071",5,"81392",77,0,2013,2,"N","San Bernardino County, California","Private","Professional organizations","County, NAICS 5-digit -- by ownership sector","All establishment sizes",23,0,0,0,0,0,0,0
"06071",5,"81392",77,0,2013,3,"N","San Bernardino County, California","Private","Professional organizations","County, NAICS 5-digit -- by ownership sector","All establishment sizes",23,0,0,0,0,0,0,0
"06071",5,"813920",78,0,2013,1,"N","San Bernardino County, California","Private","Professional organizations","County, NAICS 6-digit -- by ownership sector","All establishment sizes",23,0,0,0,0,0,0,0
"06071",5,"813920",78,0,2013,2,"N","San Bernardino County, California","Private","Professional organizations","County, NAICS 6-digit -- by ownership sector","All establishment sizes",23,0,0,0,0,0,0,0
"06071",5,"813920",78,0,2013,3,"N","San Bernardino County, California","Private","Professional organizations","County, NAICS 6-digit -- by ownership sector","All establishment sizes",23,0,0,0,0,0,0,0
"06071",5,"81393",77,0,2013,1,"","San Bernardino County, California","Private","Labor unions and similar labor organizations","County, NAICS 5-digit -- by ownership sector","All establishment sizes",51,486,482,481,5824840,2347561,97405,928
"06071",5,"81393",77,0,2013,2,"","San Bernardino County, California","Private","Labor unions and similar labor organizations","County, NAICS 5-digit -- by ownership sector","All establishment sizes",51,486,490,497,5856803,463967,18048,918
"06071",5,"81393",77,0,2013,3,"","San Bernardino County, California","Private","Labor unions and similar labor organizations","County, NAICS 5-digit -- by ownership sector","All establishment sizes",51,472,472,475,5651423,245581,10145,919
"06071",5,"813930",78,0,2013,1,"","San Bernardino County, California","Private","Labor unions and similar labor organizations","County, NAICS 6-digit -- by ownership sector","All establishment sizes",51,486,482,481,5824840,2347561,97405,928
"06071",5,"813930",78,0,2013,2,"","San Bernardino County, California","Private","Labor unions and similar labor organizations","County, NAICS 6-digit -- by ownership sector","All establishment sizes",51,486,490,497,5856803,463967,18048,918
"06071",5,"813930",78,0,2013,3,"","San Bernardino County, California","Private","Labor unions and similar labor organizations","County, NAICS 6-digit -- by ownership sector","All establishment sizes",51,472,472,475,5651423,245581,10145,919
"06071",5,"81394",77,0,2013,1,"N","San Bernardino County, California","Private","Political organizations","County, NAICS 5-digit -- by ownership sector","All establishment sizes",1,0,0,0,0,0,0,0
"06071",5,"81394",77,0,2013,2,"N","San Bernardino County, California","Private","Political organizations","County, NAICS 5-digit -- by ownership sector","All establishment sizes",1,0,0,0,0,0,0,0
"06071",5,"81394",77,0,2013,3,"N","San Bernardino County, California","Private","Political organizations","County, NAICS 5-digit -- by ownership sector","All establishment sizes",1,0,0,0,0,0,0,0
"06071",5,"813940",78,0,2013,1,"N","San Bernardino County, California","Private","Political organizations","County, NAICS 6-digit -- by ownership sector","All establishment sizes",1,0,0,0,0,0,0,0
"06071",5,"813940",78,0,2013,2,"N","San Bernardino County, California","Private","Political organizations","County, NAICS 6-digit -- by ownership sector","All establishment sizes",1,0,0,0,0,0,0,0
"06071",5,"813940",78,0,2013,3,"N","San Bernardino County, California","Private","Political organizations","County, NAICS 6-digit -- by ownership sector","All establishment sizes",1,0,0,0,0,0,0,0
"06071",5,"81399",77,0,2013,1,"","San Bernardino County, California","Private","Other similar organizations","County, NAICS 5-digit -- by ownership sector","All establishment sizes",29,221,232,226,1478655,1091591,58833,503
"06071",5,"81399",77,0,2013,2,"","San Bernardino County, California","Private","Other similar organizations","County, NAICS 5-digit -- by ownership sector","All establishment sizes",30,222,240,267,1394307,345335,17435,441
"06071",5,"81399",77,0,2013,3,"","San Bernardino County, California","Private","Other similar organizations","County, NAICS 5-digit -- by ownership sector","All establishment sizes",30,272,261,239,1569807,244976,12704,469
"06071",5,"813990",78,0,2013,1,"","San Bernardino County, California","Private","Other similar organizations","County, NAICS 6-digit -- by ownership sector","All establishment sizes",29,221,232,226,1478655,1091591,58833,503
"06071",5,"813990",78,0,2013,2,"","San Bernardino County, California","Private","Other similar organizations","County, NAICS 6-digit -- by ownership sector","All establishment sizes",30,222,240,267,1394307,345335,17435,441
"06071",5,"813990",78,0,2013,3,"","San Bernardino County, California","Private","Other similar organizations","County, NAICS 6-digit -- by ownership sector","All establishment sizes",30,272,261,239,1569807,244976,12704,469
"06071",5,"814",75,0,2013,1,"","San Bernardino County, California","Private","Private households","County, NAICS 3-digit -- by ownership sector","All establishment sizes",197,264,273,284,1336349,1104440,46890,376
"06071",5,"814",75,0,2013,2,"","San Bernardino County, California","Private","Private households","County, NAICS 3-digit -- by ownership sector","All establishment sizes",201,301,302,308,1443827,600477,24850,366
"06071",5,"814",75,0,2013,3,"","San Bernardino County, California","Private","Private households","County, NAICS 3-digit -- by ownership sector","All establishment sizes",206,336,332,329,1585520,465430,19387,367
"06071",5,"8141",76,0,2013,1,"","San Bernardino County, California","Private","Private households","County, NAICS 4-digit -- by ownership sector","All establishment sizes",197,264,273,284,1336349,1104440,46890,376
"06071",5,"8141",76,0,2013,2,"","San Bernardino County, California","Private","Private households","County, NAICS 4-digit -- by ownership sector","All establishment sizes",201,301,302,308,1443827,600477,24850,366
"06071",5,"8141",76,0,2013,3,"","San Bernardino County, California","Private","Private households","County, NAICS 4-digit -- by ownership sector","All establishment sizes",206,336,332,329,1585520,465430,19387,367
"06071",5,"81411",77,0,2013,1,"","San Bernardino County, California","Private","Private households","County, NAICS 5-digit -- by ownership sector","All establishment sizes",197,264,273,284,1336349,1104440,46890,376
"06071",5,"81411",77,0,2013,2,"","San Bernardino County, California","Private","Private households","County, NAICS 5-digit -- by ownership sector","All establishment sizes",201,301,302,308,1443827,600477,24850,366
"06071",5,"81411",77,0,2013,3,"","San Bernardino County, California","Private","Private households","County, NAICS 5-digit -- by ownership sector","All establishment sizes",206,336,332,329,1585520,465430,19387,367
"06071",5,"814110",78,0,2013,1,"","San Bernardino County, California","Private","Private households","County, NAICS 6-digit -- by ownership sector","All establishment sizes",197,264,273,284,1336349,1104440,46890,376
"06071",5,"814110",78,0,2013,2,"","San Bernardino County, California","Private","Private households","County, NAICS 6-digit -- by ownership sector","All establishment sizes",201,301,302,308,1443827,600477,24850,366
"06071",5,"814110",78,0,2013,3,"","San Bernardino County, California","Private","Private households","County, NAICS 6-digit -- by ownership sector","All establishment sizes",206,336,332,329,1585520,465430,19387,367
"06071",5,"99",74,0,2013,1,"","San Bernardino County, California","Private","Unclassified","County, NAICS Sector -- by ownership sector","All establishment sizes",1736,1109,1105,1023,10479856,7155910,278827,747
"06071",5,"99",74,0,2013,2,"","San Bernardino County, California","Private","Unclassified","County, NAICS Sector -- by ownership sector","All establishment sizes",1950,1217,1484,1387,12440215,5476115,203005,702
"06071",5,"99",74,0,2013,3,"","San Bernardino County, California","Private","Unclassified","County, NAICS Sector -- by ownership sector","All establishment sizes",1960,1391,1457,1435,12983196,4529868,163771,700
"06071",5,"999",75,0,2013,1,"","San Bernardino County, California","Private","Unclassified","County, NAICS 3-digit -- by ownership sector","All establishment sizes",1736,1109,1105,1023,10479856,7155910,278827,747
"06071",5,"999",75,0,2013,2,"","San Bernardino County, California","Private","Unclassified","County, NAICS 3-digit -- by ownership sector","All establishment sizes",1950,1217,1484,1387,12440215,5476115,203005,702
"06071",5,"999",75,0,2013,3,"","San Bernardino County, California","Private","Unclassified","County, NAICS 3-digit -- by ownership sector","All establishment sizes",1960,1391,1457,1435,12983196,4529868,163771,700
"06071",5,"9999",76,0,2013,1,"","San Bernardino County, California","Private","Unclassified","County, NAICS 4-digit -- by ownership sector","All establishment sizes",1736,1109,1105,1023,10479856,7155910,278827,747
"06071",5,"9999",76,0,2013,2,"","San Bernardino County, California","Private","Unclassified","County, NAICS 4-digit -- by ownership sector","All establishment sizes",1950,1217,1484,1387,12440215,5476115,203005,702
"06071",5,"9999",76,0,2013,3,"","San Bernardino County, California","Private","Unclassified","County, NAICS 4-digit -- by ownership sector","All establishment sizes",1960,1391,1457,1435,12983196,4529868,163771,700
"06071",5,"99999",77,0,2013,1,"","San Bernardino County, California","Private","Unclassified","County, NAICS 5-digit -- by ownership sector","All establishment sizes",1736,1109,1105,1023,10479856,7155910,278827,747
"06071",5,"99999",77,0,2013,2,"","San Bernardino County, California","Private","Unclassified","County, NAICS 5-digit -- by ownership sector","All establishment sizes",1950,1217,1484,1387,12440215,5476115,203005,702
"06071",5,"99999",77,0,2013,3,"","San Bernardino County, California","Private","Unclassified","County, NAICS 5-digit -- by ownership sector","All establishment sizes",1960,1391,1457,1435,12983196,4529868,163771,700
"06071",5,"999999",78,0,2013,1,"","San Bernardino County, California","Private","Unclassified","County, NAICS 6-digit -- by ownership sector","All establishment sizes",1736,1109,1105,1023,10479856,7155910,278827,747
"06071",5,"999999",78,0,2013,2,"","San Bernardino County, California","Private","Unclassified","County, NAICS 6-digit -- by ownership sector","All establishment sizes",1950,1217,1484,1387,12440215,5476115,203005,702
"06071",5,"999999",78,0,2013,3,"","San Bernardino County, California","Private","Unclassified","County, NAICS 6-digit -- by ownership sector","All establishment sizes",1960,1391,1457,1435,12983196,4529868,163771,700

