"area_fips","own_code","industry_code","agglvl_code","size_code","year","qtr","disclosure_code","area_title","own_title","industry_title","agglvl_title","size_title","qtrly_estabs_count","month1_emplvl","month2_emplvl","month3_emplvl","total_qtrly_wages","taxable_qtrly_wages","qtrly_contributions","avg_wkly_wage"
"45059",0,10,70,0,2007,1,"","Laurens County, South Carolina","Total Covered","Total, all industries","County, Total Covered","All establishment sizes",894,18823,18881,19250,146348532,73135153,1576675,593
"45059",0,"10",70,0,2007,2,"","Laurens County, South Carolina","Total Covered","Total, all industries","County, Total Covered","All establishment sizes",888,19238,19266,19168,143621269,23912604,533544,575
"45059",0,"10",70,0,2007,3,"","Laurens County, South Carolina","Total Covered","Total, all industries","County, Total Covered","All establishment sizes",886,18767,18635,18573,153865749,13292219,309133,634
"45059",0,"10",70,0,2007,4,"","Laurens County, South Carolina","Total Covered","Total, all industries","County, Total Covered","All establishment sizes",890,18587,18540,18766,149682930,11427117,266510,618
"45059",1,10,71,0,2007,1,"","Laurens County, South Carolina","Federal Government","Total, all industries","County, Total -- by ownership sector","All establishment sizes",13,110,108,108,1144928,0,0,810
"45059",1,"10",71,0,2007,2,"","Laurens County, South Carolina","Federal Government","Total, all industries","County, Total -- by ownership sector","All establishment sizes",13,103,107,103,1314109,0,0,969
"45059",1,"10",71,0,2007,3,"","Laurens County, South Carolina","Federal Government","Total, all industries","County, Total -- by ownership sector","All establishment sizes",14,112,107,108,1215364,0,0,858
"45059",1,"10",71,0,2007,4,"","Laurens County, South Carolina","Federal Government","Total, all industries","County, Total -- by ownership sector","All establishment sizes",14,107,108,96,1362518,0,0,1011
"45059",1,102,72,0,2007,1,"","Laurens County, South Carolina","Federal Government","Service-Providing","County, by Domain -- by ownership sector","All establishment sizes",13,110,108,108,1144928,0,0,810
"45059",1,"102",72,0,2007,2,"","Laurens County, South Carolina","Federal Government","Service-Providing","County, by Domain -- by ownership sector","All establishment sizes",13,103,107,103,1314109,0,0,969
"45059",1,"102",72,0,2007,3,"","Laurens County, South Carolina","Federal Government","Service-Providing","County, by Domain -- by ownership sector","All establishment sizes",14,112,107,108,1215364,0,0,858
"45059",1,"102",72,0,2007,4,"","Laurens County, South Carolina","Federal Government","Service-Providing","County, by Domain -- by ownership sector","All establishment sizes",14,107,108,96,1362518,0,0,1011
"45059",1,1021,73,0,2007,1,"","Laurens County, South Carolina","Federal Government","Trade, Transportation, and Utilities","County, by Supersector -- by ownership sector","All establishment sizes",7,85,85,84,876838,0,0,797
"45059",1,"1021",73,0,2007,2,"","Laurens County, South Carolina","Federal Government","Trade, Transportation, and Utilities","County, by Supersector -- by ownership sector","All establishment sizes",7,84,84,84,1047331,0,0,959
"45059",1,"1021",73,0,2007,3,"","Laurens County, South Carolina","Federal Government","Trade, Transportation, and Utilities","County, by Supersector -- by ownership sector","All establishment sizes",7,87,86,87,896479,0,0,796
"45059",1,"1021",73,0,2007,4,"","Laurens County, South Carolina","Federal Government","Trade, Transportation, and Utilities","County, by Supersector -- by ownership sector","All establishment sizes",7,87,88,76,1042640,0,0,959
"45059",1,1028,73,0,2007,1,"","Laurens County, South Carolina","Federal Government","Public Administration","County, by Supersector -- by ownership sector","All establishment sizes",6,25,23,24,268090,0,0,859
"45059",1,"1028",73,0,2007,2,"","Laurens County, South Carolina","Federal Government","Public Administration","County, by Supersector -- by ownership sector","All establishment sizes",6,19,23,19,266778,0,0,1009
"45059",1,"1028",73,0,2007,3,"","Laurens County, South Carolina","Federal Government","Public Administration","County, by Supersector -- by ownership sector","All establishment sizes",7,25,21,21,318885,0,0,1098
"45059",1,"1028",73,0,2007,4,"","Laurens County, South Carolina","Federal Government","Public Administration","County, by Supersector -- by ownership sector","All establishment sizes",7,20,20,20,319878,0,0,1230
"45059",1,48-49,74,0,2007,1,"","Laurens County, South Carolina","Federal Government","Transportation and warehousing","County, NAICS Sector -- by ownership sector","All establishment sizes",7,85,85,84,876838,0,0,797
"45059",1,"48-49",74,0,2007,2,"","Laurens County, South Carolina","Federal Government","Transportation and warehousing","County, NAICS Sector -- by ownership sector","All establishment sizes",7,84,84,84,1047331,0,0,959
"45059",1,"48-49",74,0,2007,3,"","Laurens County, South Carolina","Federal Government","Transportation and warehousing","County, NAICS Sector -- by ownership sector","All establishment sizes",7,87,86,87,896479,0,0,796
"45059",1,"48-49",74,0,2007,4,"","Laurens County, South Carolina","Federal Government","Transportation and warehousing","County, NAICS Sector -- by ownership sector","All establishment sizes",7,87,88,76,1042640,0,0,959
"45059",1,491,75,0,2007,1,"","Laurens County, South Carolina","Federal Government","Postal service","County, NAICS 3-digit -- by ownership sector","All establishment sizes",7,85,85,84,876838,0,0,797
"45059",1,"491",75,0,2007,2,"","Laurens County, South Carolina","Federal Government","Postal service","County, NAICS 3-digit -- by ownership sector","All establishment sizes",7,84,84,84,1047331,0,0,959
"45059",1,"491",75,0,2007,3,"","Laurens County, South Carolina","Federal Government","Postal service","County, NAICS 3-digit -- by ownership sector","All establishment sizes",7,87,86,87,896479,0,0,796
"45059",1,"491",75,0,2007,4,"","Laurens County, South Carolina","Federal Government","Postal service","County, NAICS 3-digit -- by ownership sector","All establishment sizes",7,87,88,76,1042640,0,0,959
"45059",1,4911,76,0,2007,1,"","Laurens County, South Carolina","Federal Government","Postal service","County, NAICS 4-digit -- by ownership sector","All establishment sizes",7,85,85,84,876838,0,0,797
"45059",1,"4911",76,0,2007,2,"","Laurens County, South Carolina","Federal Government","Postal service","County, NAICS 4-digit -- by ownership sector","All establishment sizes",7,84,84,84,1047331,0,0,959
"45059",1,"4911",76,0,2007,3,"","Laurens County, South Carolina","Federal Government","Postal service","County, NAICS 4-digit -- by ownership sector","All establishment sizes",7,87,86,87,896479,0,0,796
"45059",1,"4911",76,0,2007,4,"","Laurens County, South Carolina","Federal Government","Postal service","County, NAICS 4-digit -- by ownership sector","All establishment sizes",7,87,88,76,1042640,0,0,959
"45059",1,49111,77,0,2007,1,"","Laurens County, South Carolina","Federal Government","Postal service","County, NAICS 5-digit -- by ownership sector","All establishment sizes",7,85,85,84,876838,0,0,797
"45059",1,"49111",77,0,2007,2,"","Laurens County, South Carolina","Federal Government","Postal service","County, NAICS 5-digit -- by ownership sector","All establishment sizes",7,84,84,84,1047331,0,0,959
"45059",1,"49111",77,0,2007,3,"","Laurens County, South Carolina","Federal Government","Postal service","County, NAICS 5-digit -- by ownership sector","All establishment sizes",7,87,86,87,896479,0,0,796
"45059",1,"49111",77,0,2007,4,"","Laurens County, South Carolina","Federal Government","Postal service","County, NAICS 5-digit -- by ownership sector","All establishment sizes",7,87,88,76,1042640,0,0,959
"45059",1,491110,78,0,2007,1,"","Laurens County, South Carolina","Federal Government","Postal service","County, NAICS 6-digit -- by ownership sector","All establishment sizes",7,85,85,84,876838,0,0,797
"45059",1,"491110",78,0,2007,2,"","Laurens County, South Carolina","Federal Government","Postal service","County, NAICS 6-digit -- by ownership sector","All establishment sizes",7,84,84,84,1047331,0,0,959
"45059",1,"491110",78,0,2007,3,"","Laurens County, South Carolina","Federal Government","Postal service","County, NAICS 6-digit -- by ownership sector","All establishment sizes",7,87,86,87,896479,0,0,796
"45059",1,"491110",78,0,2007,4,"","Laurens County, South Carolina","Federal Government","Postal service","County, NAICS 6-digit -- by ownership sector","All establishment sizes",7,87,88,76,1042640,0,0,959
"45059",1,92,74,0,2007,1,"","Laurens County, South Carolina","Federal Government","Public Administration","County, NAICS Sector -- by ownership sector","All establishment sizes",6,25,23,24,268090,0,0,859
"45059",1,"92",74,0,2007,2,"","Laurens County, South Carolina","Federal Government","Public Administration","County, NAICS Sector -- by ownership sector","All establishment sizes",6,19,23,19,266778,0,0,1009
"45059",1,"92",74,0,2007,3,"","Laurens County, South Carolina","Federal Government","Public Administration","County, NAICS Sector -- by ownership sector","All establishment sizes",7,25,21,21,318885,0,0,1098
"45059",1,"92",74,0,2007,4,"","Laurens County, South Carolina","Federal Government","Public Administration","County, NAICS Sector -- by ownership sector","All establishment sizes",7,20,20,20,319878,0,0,1230
"45059",1,923,75,0,2007,1,"","Laurens County, South Carolina","Federal Government","Administration of human resource programs","County, NAICS 3-digit -- by ownership sector","All establishment sizes",1,16,15,15,198531,0,0,996
"45059",1,"923",75,0,2007,2,"","Laurens County, South Carolina","Federal Government","Administration of human resource programs","County, NAICS 3-digit -- by ownership sector","All establishment sizes",1,15,15,15,205331,0,0,1053
"45059",1,"923",75,0,2007,3,"","Laurens County, South Carolina","Federal Government","Administration of human resource programs","County, NAICS 3-digit -- by ownership sector","All establishment sizes",2,16,15,15,235731,0,0,1183
"45059",1,"923",75,0,2007,4,"","Laurens County, South Carolina","Federal Government","Administration of human resource programs","County, NAICS 3-digit -- by ownership sector","All establishment sizes",2,14,14,14,231870,0,0,1274
"45059",1,9231,76,0,2007,1,"","Laurens County, South Carolina","Federal Government","Administration of human resource programs","County, NAICS 4-digit -- by ownership sector","All establishment sizes",1,16,15,15,198531,0,0,996
"45059",1,"9231",76,0,2007,2,"","Laurens County, South Carolina","Federal Government","Administration of human resource programs","County, NAICS 4-digit -- by ownership sector","All establishment sizes",1,15,15,15,205331,0,0,1053
"45059",1,"9231",76,0,2007,3,"","Laurens County, South Carolina","Federal Government","Administration of human resource programs","County, NAICS 4-digit -- by ownership sector","All establishment sizes",2,16,15,15,235731,0,0,1183
"45059",1,"9231",76,0,2007,4,"","Laurens County, South Carolina","Federal Government","Administration of human resource programs","County, NAICS 4-digit -- by ownership sector","All establishment sizes",2,14,14,14,231870,0,0,1274
"45059",1,92313,77,0,2007,1,"","Laurens County, South Carolina","Federal Government","Other human resource programs administration","County, NAICS 5-digit -- by ownership sector","All establishment sizes",1,16,15,15,198531,0,0,996
"45059",1,"92313",77,0,2007,2,"","Laurens County, South Carolina","Federal Government","Other human resource programs administration","County, NAICS 5-digit -- by ownership sector","All establishment sizes",1,15,15,15,205331,0,0,1053
"45059",1,"92313",77,0,2007,3,"","Laurens County, South Carolina","Federal Government","Other human resource programs administration","County, NAICS 5-digit -- by ownership sector","All establishment sizes",2,16,15,15,235731,0,0,1183
"45059",1,"92313",77,0,2007,4,"","Laurens County, South Carolina","Federal Government","Other human resource programs administration","County, NAICS 5-digit -- by ownership sector","All establishment sizes",2,14,14,14,231870,0,0,1274
"45059",1,923130,78,0,2007,1,"","Laurens County, South Carolina","Federal Government","Other human resource programs administration","County, NAICS 6-digit -- by ownership sector","All establishment sizes",1,16,15,15,198531,0,0,996
"45059",1,"923130",78,0,2007,2,"","Laurens County, South Carolina","Federal Government","Other human resource programs administration","County, NAICS 6-digit -- by ownership sector","All establishment sizes",1,15,15,15,205331,0,0,1053
"45059",1,"923130",78,0,2007,3,"","Laurens County, South Carolina","Federal Government","Other human resource programs administration","County, NAICS 6-digit -- by ownership sector","All establishment sizes",2,16,15,15,235731,0,0,1183
"45059",1,"923130",78,0,2007,4,"","Laurens County, South Carolina","Federal Government","Other human resource programs administration","County, NAICS 6-digit -- by ownership sector","All establishment sizes",2,14,14,14,231870,0,0,1274
"45059",1,924,75,0,2007,1,"","Laurens County, South Carolina","Federal Government","Administration of environmental programs","County, NAICS 3-digit -- by ownership sector","All establishment sizes",2,7,6,7,46842,0,0,540
"45059",1,"924",75,0,2007,2,"","Laurens County, South Carolina","Federal Government","Administration of environmental programs","County, NAICS 3-digit -- by ownership sector","All establishment sizes",2,2,6,2,42359,0,0,978
"45059",1,"924",75,0,2007,3,"","Laurens County, South Carolina","Federal Government","Administration of environmental programs","County, NAICS 3-digit -- by ownership sector","All establishment sizes",2,7,4,4,57586,0,0,886
"45059",1,"924",75,0,2007,4,"","Laurens County, South Carolina","Federal Government","Administration of environmental programs","County, NAICS 3-digit -- by ownership sector","All establishment sizes",2,4,4,4,68832,0,0,1324
"45059",1,9241,76,0,2007,1,"","Laurens County, South Carolina","Federal Government","Administration of environmental programs","County, NAICS 4-digit -- by ownership sector","All establishment sizes",2,7,6,7,46842,0,0,540
"45059",1,"9241",76,0,2007,2,"","Laurens County, South Carolina","Federal Government","Administration of environmental programs","County, NAICS 4-digit -- by ownership sector","All establishment sizes",2,2,6,2,42359,0,0,978
"45059",1,"9241",76,0,2007,3,"","Laurens County, South Carolina","Federal Government","Administration of environmental programs","County, NAICS 4-digit -- by ownership sector","All establishment sizes",2,7,4,4,57586,0,0,886
"45059",1,"9241",76,0,2007,4,"","Laurens County, South Carolina","Federal Government","Administration of environmental programs","County, NAICS 4-digit -- by ownership sector","All establishment sizes",2,4,4,4,68832,0,0,1324
"45059",1,92412,77,0,2007,1,"","Laurens County, South Carolina","Federal Government","Administration of conservation programs","County, NAICS 5-digit -- by ownership sector","All establishment sizes",2,7,6,7,46842,0,0,540
"45059",1,"92412",77,0,2007,2,"","Laurens County, South Carolina","Federal Government","Administration of conservation programs","County, NAICS 5-digit -- by ownership sector","All establishment sizes",2,2,6,2,42359,0,0,978
"45059",1,"92412",77,0,2007,3,"","Laurens County, South Carolina","Federal Government","Administration of conservation programs","County, NAICS 5-digit -- by ownership sector","All establishment sizes",2,7,4,4,57586,0,0,886
"45059",1,"92412",77,0,2007,4,"","Laurens County, South Carolina","Federal Government","Administration of conservation programs","County, NAICS 5-digit -- by ownership sector","All establishment sizes",2,4,4,4,68832,0,0,1324
"45059",1,924120,78,0,2007,1,"","Laurens County, South Carolina","Federal Government","Administration of conservation programs","County, NAICS 6-digit -- by ownership sector","All establishment sizes",2,7,6,7,46842,0,0,540
"45059",1,"924120",78,0,2007,2,"","Laurens County, South Carolina","Federal Government","Administration of conservation programs","County, NAICS 6-digit -- by ownership sector","All establishment sizes",2,2,6,2,42359,0,0,978
"45059",1,"924120",78,0,2007,3,"","Laurens County, South Carolina","Federal Government","Administration of conservation programs","County, NAICS 6-digit -- by ownership sector","All establishment sizes",2,7,4,4,57586,0,0,886
"45059",1,"924120",78,0,2007,4,"","Laurens County, South Carolina","Federal Government","Administration of conservation programs","County, NAICS 6-digit -- by ownership sector","All establishment sizes",2,4,4,4,68832,0,0,1324
"45059",1,926,75,0,2007,1,"","Laurens County, South Carolina","Federal Government","Administration of economic programs","County, NAICS 3-digit -- by ownership sector","All establishment sizes",2,0,0,0,0,0,0,0
"45059",1,"926",75,0,2007,2,"","Laurens County, South Carolina","Federal Government","Administration of economic programs","County, NAICS 3-digit -- by ownership sector","All establishment sizes",2,0,0,0,0,0,0,0
"45059",1,"926",75,0,2007,3,"","Laurens County, South Carolina","Federal Government","Administration of economic programs","County, NAICS 3-digit -- by ownership sector","All establishment sizes",2,0,0,0,0,0,0,0
"45059",1,"926",75,0,2007,4,"","Laurens County, South Carolina","Federal Government","Administration of economic programs","County, NAICS 3-digit -- by ownership sector","All establishment sizes",2,0,0,0,0,0,0,0
"45059",1,9261,76,0,2007,1,"","Laurens County, South Carolina","Federal Government","Administration of economic programs","County, NAICS 4-digit -- by ownership sector","All establishment sizes",2,0,0,0,0,0,0,0
"45059",1,"9261",76,0,2007,2,"","Laurens County, South Carolina","Federal Government","Administration of economic programs","County, NAICS 4-digit -- by ownership sector","All establishment sizes",2,0,0,0,0,0,0,0
"45059",1,"9261",76,0,2007,3,"","Laurens County, South Carolina","Federal Government","Administration of economic programs","County, NAICS 4-digit -- by ownership sector","All establishment sizes",2,0,0,0,0,0,0,0
"45059",1,"9261",76,0,2007,4,"","Laurens County, South Carolina","Federal Government","Administration of economic programs","County, NAICS 4-digit -- by ownership sector","All establishment sizes",2,0,0,0,0,0,0,0
"45059",1,92611,77,0,2007,1,"","Laurens County, South Carolina","Federal Government","Administration of general economic programs","County, NAICS 5-digit -- by ownership sector","All establishment sizes",1,0,0,0,0,0,0,0
"45059",1,"92611",77,0,2007,2,"","Laurens County, South Carolina","Federal Government","Administration of general economic programs","County, NAICS 5-digit -- by ownership sector","All establishment sizes",1,0,0,0,0,0,0,0
"45059",1,"92611",77,0,2007,3,"","Laurens County, South Carolina","Federal Government","Administration of general economic programs","County, NAICS 5-digit -- by ownership sector","All establishment sizes",1,0,0,0,0,0,0,0
"45059",1,"92611",77,0,2007,4,"","Laurens County, South Carolina","Federal Government","Administration of general economic programs","County, NAICS 5-digit -- by ownership sector","All establishment sizes",1,0,0,0,0,0,0,0
"45059",1,926110,78,0,2007,1,"","Laurens County, South Carolina","Federal Government","Administration of general economic programs","County, NAICS 6-digit -- by ownership sector","All establishment sizes",1,0,0,0,0,0,0,0
"45059",1,"926110",78,0,2007,2,"","Laurens County, South Carolina","Federal Government","Administration of general economic programs","County, NAICS 6-digit -- by ownership sector","All establishment sizes",1,0,0,0,0,0,0,0
"45059",1,"926110",78,0,2007,3,"","Laurens County, South Carolina","Federal Government","Administration of general economic programs","County, NAICS 6-digit -- by ownership sector","All establishment sizes",1,0,0,0,0,0,0,0
"45059",1,"926110",78,0,2007,4,"","Laurens County, South Carolina","Federal Government","Administration of general economic programs","County, NAICS 6-digit -- by ownership sector","All establishment sizes",1,0,0,0,0,0,0,0
"45059",1,92612,77,0,2007,1,"","Laurens County, South Carolina","Federal Government","Transportation program administration","County, NAICS 5-digit -- by ownership sector","All establishment sizes",1,0,0,0,0,0,0,0
"45059",1,"92612",77,0,2007,2,"","Laurens County, South Carolina","Federal Government","Transportation program administration","County, NAICS 5-digit -- by ownership sector","All establishment sizes",1,0,0,0,0,0,0,0
"45059",1,"92612",77,0,2007,3,"","Laurens County, South Carolina","Federal Government","Transportation program administration","County, NAICS 5-digit -- by ownership sector","All establishment sizes",1,0,0,0,0,0,0,0
"45059",1,"92612",77,0,2007,4,"","Laurens County, South Carolina","Federal Government","Transportation program administration","County, NAICS 5-digit -- by ownership sector","All establishment sizes",1,0,0,0,0,0,0,0
"45059",1,926120,78,0,2007,1,"","Laurens County, South Carolina","Federal Government","Transportation program administration","County, NAICS 6-digit -- by ownership sector","All establishment sizes",1,0,0,0,0,0,0,0
"45059",1,"926120",78,0,2007,2,"","Laurens County, South Carolina","Federal Government","Transportation program administration","County, NAICS 6-digit -- by ownership sector","All establishment sizes",1,0,0,0,0,0,0,0
"45059",1,"926120",78,0,2007,3,"","Laurens County, South Carolina","Federal Government","Transportation program administration","County, NAICS 6-digit -- by ownership sector","All establishment sizes",1,0,0,0,0,0,0,0
"45059",1,"926120",78,0,2007,4,"","Laurens County, South Carolina","Federal Government","Transportation program administration","County, NAICS 6-digit -- by ownership sector","All establishment sizes",1,0,0,0,0,0,0,0
"45059",1,928,75,0,2007,1,"","Laurens County, South Carolina","Federal Government","National security and international affairs","County, NAICS 3-digit -- by ownership sector","All establishment sizes",1,2,2,2,22717,0,0,874
"45059",1,"928",75,0,2007,2,"","Laurens County, South Carolina","Federal Government","National security and international affairs","County, NAICS 3-digit -- by ownership sector","All establishment sizes",1,2,2,2,19088,0,0,734
"45059",1,"928",75,0,2007,3,"","Laurens County, South Carolina","Federal Government","National security and international affairs","County, NAICS 3-digit -- by ownership sector","All establishment sizes",1,2,2,2,25568,0,0,983
"45059",1,"928",75,0,2007,4,"","Laurens County, South Carolina","Federal Government","National security and international affairs","County, NAICS 3-digit -- by ownership sector","All establishment sizes",1,2,2,2,19176,0,0,738
"45059",1,9281,76,0,2007,1,"","Laurens County, South Carolina","Federal Government","National security and international affairs","County, NAICS 4-digit -- by ownership sector","All establishment sizes",1,2,2,2,22717,0,0,874
"45059",1,"9281",76,0,2007,2,"","Laurens County, South Carolina","Federal Government","National security and international affairs","County, NAICS 4-digit -- by ownership sector","All establishment sizes",1,2,2,2,19088,0,0,734
"45059",1,"9281",76,0,2007,3,"","Laurens County, South Carolina","Federal Government","National security and international affairs","County, NAICS 4-digit -- by ownership sector","All establishment sizes",1,2,2,2,25568,0,0,983
"45059",1,"9281",76,0,2007,4,"","Laurens County, South Carolina","Federal Government","National security and international affairs","County, NAICS 4-digit -- by ownership sector","All establishment sizes",1,2,2,2,19176,0,0,738
"45059",1,92811,77,0,2007,1,"","Laurens County, South Carolina","Federal Government","National security","County, NAICS 5-digit -- by ownership sector","All establishment sizes",1,2,2,2,22717,0,0,874
"45059",1,"92811",77,0,2007,2,"","Laurens County, South Carolina","Federal Government","National security","County, NAICS 5-digit -- by ownership sector","All establishment sizes",1,2,2,2,19088,0,0,734
"45059",1,"92811",77,0,2007,3,"","Laurens County, South Carolina","Federal Government","National security","County, NAICS 5-digit -- by ownership sector","All establishment sizes",1,2,2,2,25568,0,0,983
"45059",1,"92811",77,0,2007,4,"","Laurens County, South Carolina","Federal Government","National security","County, NAICS 5-digit -- by ownership sector","All establishment sizes",1,2,2,2,19176,0,0,738
"45059",1,928110,78,0,2007,1,"","Laurens County, South Carolina","Federal Government","National security","County, NAICS 6-digit -- by ownership sector","All establishment sizes",1,2,2,2,22717,0,0,874
"45059",1,"928110",78,0,2007,2,"","Laurens County, South Carolina","Federal Government","National security","County, NAICS 6-digit -- by ownership sector","All establishment sizes",1,2,2,2,19088,0,0,734
"45059",1,"928110",78,0,2007,3,"","Laurens County, South Carolina","Federal Government","National security","County, NAICS 6-digit -- by ownership sector","All establishment sizes",1,2,2,2,25568,0,0,983
"45059",1,"928110",78,0,2007,4,"","Laurens County, South Carolina","Federal Government","National security","County, NAICS 6-digit -- by ownership sector","All establishment sizes",1,2,2,2,19176,0,0,738
"45059",2,10,71,0,2007,1,"","Laurens County, South Carolina","State Government","Total, all industries","County, Total -- by ownership sector","All establishment sizes",17,1106,1086,1089,7201998,186912,8178,507
"45059",2,"10",71,0,2007,2,"","Laurens County, South Carolina","State Government","Total, all industries","County, Total -- by ownership sector","All establishment sizes",17,1083,1062,1059,7151657,101675,4823,515
"45059",2,"10",71,0,2007,3,"","Laurens County, South Carolina","State Government","Total, all industries","County, Total -- by ownership sector","All establishment sizes",17,1047,1043,1038,7158565,32262,1503,528
"45059",2,"10",71,0,2007,4,"","Laurens County, South Carolina","State Government","Total, all industries","County, Total -- by ownership sector","All establishment sizes",17,1018,1007,1016,7201820,23866,1224,547
"45059",2,102,72,0,2007,1,"","Laurens County, South Carolina","State Government","Service-Providing","County, by Domain -- by ownership sector","All establishment sizes",17,1106,1086,1089,7201998,186912,8178,507
"45059",2,"102",72,0,2007,2,"","Laurens County, South Carolina","State Government","Service-Providing","County, by Domain -- by ownership sector","All establishment sizes",17,1083,1062,1059,7151657,101675,4823,515
"45059",2,"102",72,0,2007,3,"","Laurens County, South Carolina","State Government","Service-Providing","County, by Domain -- by ownership sector","All establishment sizes",17,1047,1043,1038,7158565,32262,1503,528
"45059",2,"102",72,0,2007,4,"","Laurens County, South Carolina","State Government","Service-Providing","County, by Domain -- by ownership sector","All establishment sizes",17,1018,1007,1016,7201820,23866,1224,547
"45059",2,1025,73,0,2007,1,"N","Laurens County, South Carolina","State Government","Education and Health Services","County, by Supersector -- by ownership sector","All establishment sizes",2,0,0,0,0,0,0,0
"45059",2,"1025",73,0,2007,2,"N","Laurens County, South Carolina","State Government","Education and Health Services","County, by Supersector -- by ownership sector","All establishment sizes",2,0,0,0,0,0,0,0
"45059",2,"1025",73,0,2007,3,"N","Laurens County, South Carolina","State Government","Education and Health Services","County, by Supersector -- by ownership sector","All establishment sizes",2,0,0,0,0,0,0,0
"45059",2,"1025",73,0,2007,4,"N","Laurens County, South Carolina","State Government","Education and Health Services","County, by Supersector -- by ownership sector","All establishment sizes",2,0,0,0,0,0,0,0
"45059",2,1028,73,0,2007,1,"N","Laurens County, South Carolina","State Government","Public Administration","County, by Supersector -- by ownership sector","All establishment sizes",15,0,0,0,0,0,0,0
"45059",2,"1028",73,0,2007,2,"N","Laurens County, South Carolina","State Government","Public Administration","County, by Supersector -- by ownership sector","All establishment sizes",15,0,0,0,0,0,0,0
"45059",2,"1028",73,0,2007,3,"N","Laurens County, South Carolina","State Government","Public Administration","County, by Supersector -- by ownership sector","All establishment sizes",15,0,0,0,0,0,0,0
"45059",2,"1028",73,0,2007,4,"N","Laurens County, South Carolina","State Government","Public Administration","County, by Supersector -- by ownership sector","All establishment sizes",15,0,0,0,0,0,0,0
"45059",2,62,74,0,2007,1,"N","Laurens County, South Carolina","State Government","Health care and social assistance","County, NAICS Sector -- by ownership sector","All establishment sizes",2,0,0,0,0,0,0,0
"45059",2,"62",74,0,2007,2,"N","Laurens County, South Carolina","State Government","Health care and social assistance","County, NAICS Sector -- by ownership sector","All establishment sizes",2,0,0,0,0,0,0,0
"45059",2,"62",74,0,2007,3,"N","Laurens County, South Carolina","State Government","Health care and social assistance","County, NAICS Sector -- by ownership sector","All establishment sizes",2,0,0,0,0,0,0,0
"45059",2,"62",74,0,2007,4,"N","Laurens County, South Carolina","State Government","Health care and social assistance","County, NAICS Sector -- by ownership sector","All establishment sizes",2,0,0,0,0,0,0,0
"45059",2,624,75,0,2007,1,"N","Laurens County, South Carolina","State Government","Social assistance","County, NAICS 3-digit -- by ownership sector","All establishment sizes",2,0,0,0,0,0,0,0
"45059",2,"624",75,0,2007,2,"N","Laurens County, South Carolina","State Government","Social assistance","County, NAICS 3-digit -- by ownership sector","All establishment sizes",2,0,0,0,0,0,0,0
"45059",2,"624",75,0,2007,3,"N","Laurens County, South Carolina","State Government","Social assistance","County, NAICS 3-digit -- by ownership sector","All establishment sizes",2,0,0,0,0,0,0,0
"45059",2,"624",75,0,2007,4,"N","Laurens County, South Carolina","State Government","Social assistance","County, NAICS 3-digit -- by ownership sector","All establishment sizes",2,0,0,0,0,0,0,0
"45059",2,6243,76,0,2007,1,"N","Laurens County, South Carolina","State Government","Vocational rehabilitation services","County, NAICS 4-digit -- by ownership sector","All establishment sizes",1,0,0,0,0,0,0,0
"45059",2,"6243",76,0,2007,2,"N","Laurens County, South Carolina","State Government","Vocational rehabilitation services","County, NAICS 4-digit -- by ownership sector","All establishment sizes",1,0,0,0,0,0,0,0
"45059",2,"6243",76,0,2007,3,"N","Laurens County, South Carolina","State Government","Vocational rehabilitation services","County, NAICS 4-digit -- by ownership sector","All establishment sizes",1,0,0,0,0,0,0,0
"45059",2,"6243",76,0,2007,4,"N","Laurens County, South Carolina","State Government","Vocational rehabilitation services","County, NAICS 4-digit -- by ownership sector","All establishment sizes",1,0,0,0,0,0,0,0
"45059",2,62431,77,0,2007,1,"N","Laurens County, South Carolina","State Government","Vocational rehabilitation services","County, NAICS 5-digit -- by ownership sector","All establishment sizes",1,0,0,0,0,0,0,0
"45059",2,"62431",77,0,2007,2,"N","Laurens County, South Carolina","State Government","Vocational rehabilitation services","County, NAICS 5-digit -- by ownership sector","All establishment sizes",1,0,0,0,0,0,0,0
"45059",2,"62431",77,0,2007,3,"N","Laurens County, South Carolina","State Government","Vocational rehabilitation services","County, NAICS 5-digit -- by ownership sector","All establishment sizes",1,0,0,0,0,0,0,0
"45059",2,"62431",77,0,2007,4,"N","Laurens County, South Carolina","State Government","Vocational rehabilitation services","County, NAICS 5-digit -- by ownership sector","All establishment sizes",1,0,0,0,0,0,0,0
"45059",2,624310,78,0,2007,1,"N","Laurens County, South Carolina","State Government","Vocational rehabilitation services","County, NAICS 6-digit -- by ownership sector","All establishment sizes",1,0,0,0,0,0,0,0
"45059",2,"624310",78,0,2007,2,"N","Laurens County, South Carolina","State Government","Vocational rehabilitation services","County, NAICS 6-digit -- by ownership sector","All establishment sizes",1,0,0,0,0,0,0,0
"45059",2,"624310",78,0,2007,3,"N","Laurens County, South Carolina","State Government","Vocational rehabilitation services","County, NAICS 6-digit -- by ownership sector","All establishment sizes",1,0,0,0,0,0,0,0
"45059",2,"624310",78,0,2007,4,"N","Laurens County, South Carolina","State Government","Vocational rehabilitation services","County, NAICS 6-digit -- by ownership sector","All establishment sizes",1,0,0,0,0,0,0,0
"45059",2,6244,76,0,2007,1,"N","Laurens County, South Carolina","State Government","Child day care services","County, NAICS 4-digit -- by ownership sector","All establishment sizes",1,0,0,0,0,0,0,0
"45059",2,"6244",76,0,2007,2,"N","Laurens County, South Carolina","State Government","Child day care services","County, NAICS 4-digit -- by ownership sector","All establishment sizes",1,0,0,0,0,0,0,0
"45059",2,"6244",76,0,2007,3,"N","Laurens County, South Carolina","State Government","Child day care services","County, NAICS 4-digit -- by ownership sector","All establishment sizes",1,0,0,0,0,0,0,0
"45059",2,"6244",76,0,2007,4,"N","Laurens County, South Carolina","State Government","Child day care services","County, NAICS 4-digit -- by ownership sector","All establishment sizes",1,0,0,0,0,0,0,0
"45059",2,62441,77,0,2007,1,"N","Laurens County, South Carolina","State Government","Child day care services","County, NAICS 5-digit -- by ownership sector","All establishment sizes",1,0,0,0,0,0,0,0
"45059",2,"62441",77,0,2007,2,"N","Laurens County, South Carolina","State Government","Child day care services","County, NAICS 5-digit -- by ownership sector","All establishment sizes",1,0,0,0,0,0,0,0
"45059",2,"62441",77,0,2007,3,"N","Laurens County, South Carolina","State Government","Child day care services","County, NAICS 5-digit -- by ownership sector","All establishment sizes",1,0,0,0,0,0,0,0
"45059",2,"62441",77,0,2007,4,"N","Laurens County, South Carolina","State Government","Child day care services","County, NAICS 5-digit -- by ownership sector","All establishment sizes",1,0,0,0,0,0,0,0
"45059",2,624410,78,0,2007,1,"N","Laurens County, South Carolina","State Government","Child day care services","County, NAICS 6-digit -- by ownership sector","All establishment sizes",1,0,0,0,0,0,0,0
"45059",2,"624410",78,0,2007,2,"N","Laurens County, South Carolina","State Government","Child day care services","County, NAICS 6-digit -- by ownership sector","All establishment sizes",1,0,0,0,0,0,0,0
"45059",2,"624410",78,0,2007,3,"N","Laurens County, South Carolina","State Government","Child day care services","County, NAICS 6-digit -- by ownership sector","All establishment sizes",1,0,0,0,0,0,0,0
"45059",2,"624410",78,0,2007,4,"N","Laurens County, South Carolina","State Government","Child day care services","County, NAICS 6-digit -- by ownership sector","All establishment sizes",1,0,0,0,0,0,0,0
"45059",2,92,74,0,2007,1,"N","Laurens County, South Carolina","State Government","Public Administration","County, NAICS Sector -- by ownership sector","All establishment sizes",15,0,0,0,0,0,0,0
"45059",2,"92",74,0,2007,2,"N","Laurens County, South Carolina","State Government","Public Administration","County, NAICS Sector -- by ownership sector","All establishment sizes",15,0,0,0,0,0,0,0
"45059",2,"92",74,0,2007,3,"N","Laurens County, South Carolina","State Government","Public Administration","County, NAICS Sector -- by ownership sector","All establishment sizes",15,0,0,0,0,0,0,0
"45059",2,"92",74,0,2007,4,"N","Laurens County, South Carolina","State Government","Public Administration","County, NAICS Sector -- by ownership sector","All establishment sizes",15,0,0,0,0,0,0,0
"45059",2,922,75,0,2007,1,"","Laurens County, South Carolina","State Government","Justice, public order, and safety activities","County, NAICS 3-digit -- by ownership sector","All establishment sizes",3,22,22,22,184075,0,0,644
"45059",2,"922",75,0,2007,2,"","Laurens County, South Carolina","State Government","Justice, public order, and safety activities","County, NAICS 3-digit -- by ownership sector","All establishment sizes",3,22,22,22,186884,0,0,653
"45059",2,"922",75,0,2007,3,"","Laurens County, South Carolina","State Government","Justice, public order, and safety activities","County, NAICS 3-digit -- by ownership sector","All establishment sizes",3,22,22,22,195136,0,0,682
"45059",2,"922",75,0,2007,4,"","Laurens County, South Carolina","State Government","Justice, public order, and safety activities","County, NAICS 3-digit -- by ownership sector","All establishment sizes",3,22,22,22,198180,0,0,693
"45059",2,9221,76,0,2007,1,"","Laurens County, South Carolina","State Government","Justice, public order, and safety activities","County, NAICS 4-digit -- by ownership sector","All establishment sizes",3,22,22,22,184075,0,0,644
"45059",2,"9221",76,0,2007,2,"","Laurens County, South Carolina","State Government","Justice, public order, and safety activities","County, NAICS 4-digit -- by ownership sector","All establishment sizes",3,22,22,22,186884,0,0,653
"45059",2,"9221",76,0,2007,3,"","Laurens County, South Carolina","State Government","Justice, public order, and safety activities","County, NAICS 4-digit -- by ownership sector","All establishment sizes",3,22,22,22,195136,0,0,682
"45059",2,"9221",76,0,2007,4,"","Laurens County, South Carolina","State Government","Justice, public order, and safety activities","County, NAICS 4-digit -- by ownership sector","All establishment sizes",3,22,22,22,198180,0,0,693
"45059",2,92214,77,0,2007,1,"N","Laurens County, South Carolina","State Government","Correctional institutions","County, NAICS 5-digit -- by ownership sector","All establishment sizes",2,0,0,0,0,0,0,0
"45059",2,"92214",77,0,2007,2,"N","Laurens County, South Carolina","State Government","Correctional institutions","County, NAICS 5-digit -- by ownership sector","All establishment sizes",2,0,0,0,0,0,0,0
"45059",2,"92214",77,0,2007,3,"N","Laurens County, South Carolina","State Government","Correctional institutions","County, NAICS 5-digit -- by ownership sector","All establishment sizes",2,0,0,0,0,0,0,0
"45059",2,"92214",77,0,2007,4,"N","Laurens County, South Carolina","State Government","Correctional institutions","County, NAICS 5-digit -- by ownership sector","All establishment sizes",2,0,0,0,0,0,0,0
"45059",2,922140,78,0,2007,1,"N","Laurens County, South Carolina","State Government","Correctional institutions","County, NAICS 6-digit -- by ownership sector","All establishment sizes",2,0,0,0,0,0,0,0
"45059",2,"922140",78,0,2007,2,"N","Laurens County, South Carolina","State Government","Correctional institutions","County, NAICS 6-digit -- by ownership sector","All establishment sizes",2,0,0,0,0,0,0,0
"45059",2,"922140",78,0,2007,3,"N","Laurens County, South Carolina","State Government","Correctional institutions","County, NAICS 6-digit -- by ownership sector","All establishment sizes",2,0,0,0,0,0,0,0
"45059",2,"922140",78,0,2007,4,"N","Laurens County, South Carolina","State Government","Correctional institutions","County, NAICS 6-digit -- by ownership sector","All establishment sizes",2,0,0,0,0,0,0,0
"45059",2,92215,77,0,2007,1,"N","Laurens County, South Carolina","State Government","Parole offices and probation offices","County, NAICS 5-digit -- by ownership sector","All establishment sizes",1,0,0,0,0,0,0,0
"45059",2,"92215",77,0,2007,2,"N","Laurens County, South Carolina","State Government","Parole offices and probation offices","County, NAICS 5-digit -- by ownership sector","All establishment sizes",1,0,0,0,0,0,0,0
"45059",2,"92215",77,0,2007,3,"N","Laurens County, South Carolina","State Government","Parole offices and probation offices","County, NAICS 5-digit -- by ownership sector","All establishment sizes",1,0,0,0,0,0,0,0
"45059",2,"92215",77,0,2007,4,"N","Laurens County, South Carolina","State Government","Parole offices and probation offices","County, NAICS 5-digit -- by ownership sector","All establishment sizes",1,0,0,0,0,0,0,0
"45059",2,922150,78,0,2007,1,"N","Laurens County, South Carolina","State Government","Parole offices and probation offices","County, NAICS 6-digit -- by ownership sector","All establishment sizes",1,0,0,0,0,0,0,0
"45059",2,"922150",78,0,2007,2,"N","Laurens County, South Carolina","State Government","Parole offices and probation offices","County, NAICS 6-digit -- by ownership sector","All establishment sizes",1,0,0,0,0,0,0,0
"45059",2,"922150",78,0,2007,3,"N","Laurens County, South Carolina","State Government","Parole offices and probation offices","County, NAICS 6-digit -- by ownership sector","All establishment sizes",1,0,0,0,0,0,0,0
"45059",2,"922150",78,0,2007,4,"N","Laurens County, South Carolina","State Government","Parole offices and probation offices","County, NAICS 6-digit -- by ownership sector","All establishment sizes",1,0,0,0,0,0,0,0
"45059",2,923,75,0,2007,1,"N","Laurens County, South Carolina","State Government","Administration of human resource programs","County, NAICS 3-digit -- by ownership sector","All establishment sizes",5,0,0,0,0,0,0,0
"45059",2,"923",75,0,2007,2,"N","Laurens County, South Carolina","State Government","Administration of human resource programs","County, NAICS 3-digit -- by ownership sector","All establishment sizes",5,0,0,0,0,0,0,0
"45059",2,"923",75,0,2007,3,"N","Laurens County, South Carolina","State Government","Administration of human resource programs","County, NAICS 3-digit -- by ownership sector","All establishment sizes",5,0,0,0,0,0,0,0
"45059",2,"923",75,0,2007,4,"N","Laurens County, South Carolina","State Government","Administration of human resource programs","County, NAICS 3-digit -- by ownership sector","All establishment sizes",5,0,0,0,0,0,0,0
"45059",2,9231,76,0,2007,1,"N","Laurens County, South Carolina","State Government","Administration of human resource programs","County, NAICS 4-digit -- by ownership sector","All establishment sizes",5,0,0,0,0,0,0,0
"45059",2,"9231",76,0,2007,2,"N","Laurens County, South Carolina","State Government","Administration of human resource programs","County, NAICS 4-digit -- by ownership sector","All establishment sizes",5,0,0,0,0,0,0,0
"45059",2,"9231",76,0,2007,3,"N","Laurens County, South Carolina","State Government","Administration of human resource programs","County, NAICS 4-digit -- by ownership sector","All establishment sizes",5,0,0,0,0,0,0,0
"45059",2,"9231",76,0,2007,4,"N","Laurens County, South Carolina","State Government","Administration of human resource programs","County, NAICS 4-digit -- by ownership sector","All establishment sizes",5,0,0,0,0,0,0,0
"45059",2,92311,77,0,2007,1,"N","Laurens County, South Carolina","State Government","Administration of education programs","County, NAICS 5-digit -- by ownership sector","All establishment sizes",1,0,0,0,0,0,0,0
"45059",2,"92311",77,0,2007,2,"N","Laurens County, South Carolina","State Government","Administration of education programs","County, NAICS 5-digit -- by ownership sector","All establishment sizes",1,0,0,0,0,0,0,0
"45059",2,"92311",77,0,2007,3,"N","Laurens County, South Carolina","State Government","Administration of education programs","County, NAICS 5-digit -- by ownership sector","All establishment sizes",1,0,0,0,0,0,0,0
"45059",2,"92311",77,0,2007,4,"N","Laurens County, South Carolina","State Government","Administration of education programs","County, NAICS 5-digit -- by ownership sector","All establishment sizes",1,0,0,0,0,0,0,0
"45059",2,923110,78,0,2007,1,"N","Laurens County, South Carolina","State Government","Administration of education programs","County, NAICS 6-digit -- by ownership sector","All establishment sizes",1,0,0,0,0,0,0,0
"45059",2,"923110",78,0,2007,2,"N","Laurens County, South Carolina","State Government","Administration of education programs","County, NAICS 6-digit -- by ownership sector","All establishment sizes",1,0,0,0,0,0,0,0
"45059",2,"923110",78,0,2007,3,"N","Laurens County, South Carolina","State Government","Administration of education programs","County, NAICS 6-digit -- by ownership sector","All establishment sizes",1,0,0,0,0,0,0,0
"45059",2,"923110",78,0,2007,4,"N","Laurens County, South Carolina","State Government","Administration of education programs","County, NAICS 6-digit -- by ownership sector","All establishment sizes",1,0,0,0,0,0,0,0
"45059",2,92312,77,0,2007,1,"N","Laurens County, South Carolina","State Government","Administration of public health programs","County, NAICS 5-digit -- by ownership sector","All establishment sizes",2,0,0,0,0,0,0,0
"45059",2,"92312",77,0,2007,2,"N","Laurens County, South Carolina","State Government","Administration of public health programs","County, NAICS 5-digit -- by ownership sector","All establishment sizes",2,0,0,0,0,0,0,0
"45059",2,"92312",77,0,2007,3,"N","Laurens County, South Carolina","State Government","Administration of public health programs","County, NAICS 5-digit -- by ownership sector","All establishment sizes",2,0,0,0,0,0,0,0
"45059",2,"92312",77,0,2007,4,"N","Laurens County, South Carolina","State Government","Administration of public health programs","County, NAICS 5-digit -- by ownership sector","All establishment sizes",2,0,0,0,0,0,0,0
"45059",2,923120,78,0,2007,1,"N","Laurens County, South Carolina","State Government","Administration of public health programs","County, NAICS 6-digit -- by ownership sector","All establishment sizes",2,0,0,0,0,0,0,0
"45059",2,"923120",78,0,2007,2,"N","Laurens County, South Carolina","State Government","Administration of public health programs","County, NAICS 6-digit -- by ownership sector","All establishment sizes",2,0,0,0,0,0,0,0
"45059",2,"923120",78,0,2007,3,"N","Laurens County, South Carolina","State Government","Administration of public health programs","County, NAICS 6-digit -- by ownership sector","All establishment sizes",2,0,0,0,0,0,0,0
"45059",2,"923120",78,0,2007,4,"N","Laurens County, South Carolina","State Government","Administration of public health programs","County, NAICS 6-digit -- by ownership sector","All establishment sizes",2,0,0,0,0,0,0,0
"45059",2,92313,77,0,2007,1,"N","Laurens County, South Carolina","State Government","Other human resource programs administration","County, NAICS 5-digit -- by ownership sector","All establishment sizes",2,0,0,0,0,0,0,0
"45059",2,"92313",77,0,2007,2,"N","Laurens County, South Carolina","State Government","Other human resource programs administration","County, NAICS 5-digit -- by ownership sector","All establishment sizes",2,0,0,0,0,0,0,0
"45059",2,"92313",77,0,2007,3,"N","Laurens County, South Carolina","State Government","Other human resource programs administration","County, NAICS 5-digit -- by ownership sector","All establishment sizes",2,0,0,0,0,0,0,0
"45059",2,"92313",77,0,2007,4,"N","Laurens County, South Carolina","State Government","Other human resource programs administration","County, NAICS 5-digit -- by ownership sector","All establishment sizes",2,0,0,0,0,0,0,0
"45059",2,923130,78,0,2007,1,"N","Laurens County, South Carolina","State Government","Other human resource programs administration","County, NAICS 6-digit -- by ownership sector","All establishment sizes",2,0,0,0,0,0,0,0
"45059",2,"923130",78,0,2007,2,"N","Laurens County, South Carolina","State Government","Other human resource programs administration","County, NAICS 6-digit -- by ownership sector","All establishment sizes",2,0,0,0,0,0,0,0
"45059",2,"923130",78,0,2007,3,"N","Laurens County, South Carolina","State Government","Other human resource programs administration","County, NAICS 6-digit -- by ownership sector","All establishment sizes",2,0,0,0,0,0,0,0
"45059",2,"923130",78,0,2007,4,"N","Laurens County, South Carolina","State Government","Other human resource programs administration","County, NAICS 6-digit -- by ownership sector","All establishment sizes",2,0,0,0,0,0,0,0
"45059",2,924,75,0,2007,1,"N","Laurens County, South Carolina","State Government","Administration of environmental programs","County, NAICS 3-digit -- by ownership sector","All establishment sizes",2,0,0,0,0,0,0,0
"45059",2,"924",75,0,2007,2,"N","Laurens County, South Carolina","State Government","Administration of environmental programs","County, NAICS 3-digit -- by ownership sector","All establishment sizes",2,0,0,0,0,0,0,0
"45059",2,"924",75,0,2007,3,"N","Laurens County, South Carolina","State Government","Administration of environmental programs","County, NAICS 3-digit -- by ownership sector","All establishment sizes",2,0,0,0,0,0,0,0
"45059",2,"924",75,0,2007,4,"N","Laurens County, South Carolina","State Government","Administration of environmental programs","County, NAICS 3-digit -- by ownership sector","All establishment sizes",2,0,0,0,0,0,0,0
"45059",2,9241,76,0,2007,1,"N","Laurens County, South Carolina","State Government","Administration of environmental programs","County, NAICS 4-digit -- by ownership sector","All establishment sizes",2,0,0,0,0,0,0,0
"45059",2,"9241",76,0,2007,2,"N","Laurens County, South Carolina","State Government","Administration of environmental programs","County, NAICS 4-digit -- by ownership sector","All establishment sizes",2,0,0,0,0,0,0,0
"45059",2,"9241",76,0,2007,3,"N","Laurens County, South Carolina","State Government","Administration of environmental programs","County, NAICS 4-digit -- by ownership sector","All establishment sizes",2,0,0,0,0,0,0,0
"45059",2,"9241",76,0,2007,4,"N","Laurens County, South Carolina","State Government","Administration of environmental programs","County, NAICS 4-digit -- by ownership sector","All establishment sizes",2,0,0,0,0,0,0,0
"45059",2,92412,77,0,2007,1,"N","Laurens County, South Carolina","State Government","Administration of conservation programs","County, NAICS 5-digit -- by ownership sector","All establishment sizes",2,0,0,0,0,0,0,0
"45059",2,"92412",77,0,2007,2,"N","Laurens County, South Carolina","State Government","Administration of conservation programs","County, NAICS 5-digit -- by ownership sector","All establishment sizes",2,0,0,0,0,0,0,0
"45059",2,"92412",77,0,2007,3,"N","Laurens County, South Carolina","State Government","Administration of conservation programs","County, NAICS 5-digit -- by ownership sector","All establishment sizes",2,0,0,0,0,0,0,0
"45059",2,"92412",77,0,2007,4,"N","Laurens County, South Carolina","State Government","Administration of conservation programs","County, NAICS 5-digit -- by ownership sector","All establishment sizes",2,0,0,0,0,0,0,0
"45059",2,924120,78,0,2007,1,"N","Laurens County, South Carolina","State Government","Administration of conservation programs","County, NAICS 6-digit -- by ownership sector","All establishment sizes",2,0,0,0,0,0,0,0
"45059",2,"924120",78,0,2007,2,"N","Laurens County, South Carolina","State Government","Administration of conservation programs","County, NAICS 6-digit -- by ownership sector","All establishment sizes",2,0,0,0,0,0,0,0
"45059",2,"924120",78,0,2007,3,"N","Laurens County, South Carolina","State Government","Administration of conservation programs","County, NAICS 6-digit -- by ownership sector","All establishment sizes",2,0,0,0,0,0,0,0
"45059",2,"924120",78,0,2007,4,"N","Laurens County, South Carolina","State Government","Administration of conservation programs","County, NAICS 6-digit -- by ownership sector","All establishment sizes",2,0,0,0,0,0,0,0
"45059",2,925,75,0,2007,1,"N","Laurens County, South Carolina","State Government","Community and housing program administration","County, NAICS 3-digit -- by ownership sector","All establishment sizes",1,0,0,0,0,0,0,0
"45059",2,"925",75,0,2007,2,"N","Laurens County, South Carolina","State Government","Community and housing program administration","County, NAICS 3-digit -- by ownership sector","All establishment sizes",1,0,0,0,0,0,0,0
"45059",2,"925",75,0,2007,3,"N","Laurens County, South Carolina","State Government","Community and housing program administration","County, NAICS 3-digit -- by ownership sector","All establishment sizes",1,0,0,0,0,0,0,0
"45059",2,"925",75,0,2007,4,"N","Laurens County, South Carolina","State Government","Community and housing program administration","County, NAICS 3-digit -- by ownership sector","All establishment sizes",1,0,0,0,0,0,0,0
"45059",2,9251,76,0,2007,1,"N","Laurens County, South Carolina","State Government","Community and housing program administration","County, NAICS 4-digit -- by ownership sector","All establishment sizes",1,0,0,0,0,0,0,0
"45059",2,"9251",76,0,2007,2,"N","Laurens County, South Carolina","State Government","Community and housing program administration","County, NAICS 4-digit -- by ownership sector","All establishment sizes",1,0,0,0,0,0,0,0
"45059",2,"9251",76,0,2007,3,"N","Laurens County, South Carolina","State Government","Community and housing program administration","County, NAICS 4-digit -- by ownership sector","All establishment sizes",1,0,0,0,0,0,0,0
"45059",2,"9251",76,0,2007,4,"N","Laurens County, South Carolina","State Government","Community and housing program administration","County, NAICS 4-digit -- by ownership sector","All establishment sizes",1,0,0,0,0,0,0,0
"45059",2,92511,77,0,2007,1,"N","Laurens County, South Carolina","State Government","Administration of housing programs","County, NAICS 5-digit -- by ownership sector","All establishment sizes",1,0,0,0,0,0,0,0
"45059",2,"92511",77,0,2007,2,"N","Laurens County, South Carolina","State Government","Administration of housing programs","County, NAICS 5-digit -- by ownership sector","All establishment sizes",1,0,0,0,0,0,0,0
"45059",2,"92511",77,0,2007,3,"N","Laurens County, South Carolina","State Government","Administration of housing programs","County, NAICS 5-digit -- by ownership sector","All establishment sizes",1,0,0,0,0,0,0,0
"45059",2,"92511",77,0,2007,4,"N","Laurens County, South Carolina","State Government","Administration of housing programs","County, NAICS 5-digit -- by ownership sector","All establishment sizes",1,0,0,0,0,0,0,0
"45059",2,925110,78,0,2007,1,"N","Laurens County, South Carolina","State Government","Administration of housing programs","County, NAICS 6-digit -- by ownership sector","All establishment sizes",1,0,0,0,0,0,0,0
"45059",2,"925110",78,0,2007,2,"N","Laurens County, South Carolina","State Government","Administration of housing programs","County, NAICS 6-digit -- by ownership sector","All establishment sizes",1,0,0,0,0,0,0,0
"45059",2,"925110",78,0,2007,3,"N","Laurens County, South Carolina","State Government","Administration of housing programs","County, NAICS 6-digit -- by ownership sector","All establishment sizes",1,0,0,0,0,0,0,0
"45059",2,"925110",78,0,2007,4,"N","Laurens County, South Carolina","State Government","Administration of housing programs","County, NAICS 6-digit -- by ownership sector","All establishment sizes",1,0,0,0,0,0,0,0
"45059",2,926,75,0,2007,1,"","Laurens County, South Carolina","State Government","Administration of economic programs","County, NAICS 3-digit -- by ownership sector","All establishment sizes",4,85,85,85,770170,0,0,697
"45059",2,"926",75,0,2007,2,"","Laurens County, South Carolina","State Government","Administration of economic programs","County, NAICS 3-digit -- by ownership sector","All establishment sizes",4,85,85,86,790967,0,0,713
"45059",2,"926",75,0,2007,3,"","Laurens County, South Carolina","State Government","Administration of economic programs","County, NAICS 3-digit -- by ownership sector","All establishment sizes",4,86,86,85,828732,0,0,744
"45059",2,"926",75,0,2007,4,"","Laurens County, South Carolina","State Government","Administration of economic programs","County, NAICS 3-digit -- by ownership sector","All establishment sizes",4,87,87,87,842762,0,0,745
"45059",2,9261,76,0,2007,1,"","Laurens County, South Carolina","State Government","Administration of economic programs","County, NAICS 4-digit -- by ownership sector","All establishment sizes",4,85,85,85,770170,0,0,697
"45059",2,"9261",76,0,2007,2,"","Laurens County, South Carolina","State Government","Administration of economic programs","County, NAICS 4-digit -- by ownership sector","All establishment sizes",4,85,85,86,790967,0,0,713
"45059",2,"9261",76,0,2007,3,"","Laurens County, South Carolina","State Government","Administration of economic programs","County, NAICS 4-digit -- by ownership sector","All establishment sizes",4,86,86,85,828732,0,0,744
"45059",2,"9261",76,0,2007,4,"","Laurens County, South Carolina","State Government","Administration of economic programs","County, NAICS 4-digit -- by ownership sector","All establishment sizes",4,87,87,87,842762,0,0,745
"45059",2,92612,77,0,2007,1,"N","Laurens County, South Carolina","State Government","Transportation program administration","County, NAICS 5-digit -- by ownership sector","All establishment sizes",3,0,0,0,0,0,0,0
"45059",2,"92612",77,0,2007,2,"N","Laurens County, South Carolina","State Government","Transportation program administration","County, NAICS 5-digit -- by ownership sector","All establishment sizes",3,0,0,0,0,0,0,0
"45059",2,"92612",77,0,2007,3,"N","Laurens County, South Carolina","State Government","Transportation program administration","County, NAICS 5-digit -- by ownership sector","All establishment sizes",3,0,0,0,0,0,0,0
"45059",2,"92612",77,0,2007,4,"N","Laurens County, South Carolina","State Government","Transportation program administration","County, NAICS 5-digit -- by ownership sector","All establishment sizes",3,0,0,0,0,0,0,0
"45059",2,926120,78,0,2007,1,"N","Laurens County, South Carolina","State Government","Transportation program administration","County, NAICS 6-digit -- by ownership sector","All establishment sizes",3,0,0,0,0,0,0,0
"45059",2,"926120",78,0,2007,2,"N","Laurens County, South Carolina","State Government","Transportation program administration","County, NAICS 6-digit -- by ownership sector","All establishment sizes",3,0,0,0,0,0,0,0
"45059",2,"926120",78,0,2007,3,"N","Laurens County, South Carolina","State Government","Transportation program administration","County, NAICS 6-digit -- by ownership sector","All establishment sizes",3,0,0,0,0,0,0,0
"45059",2,"926120",78,0,2007,4,"N","Laurens County, South Carolina","State Government","Transportation program administration","County, NAICS 6-digit -- by ownership sector","All establishment sizes",3,0,0,0,0,0,0,0
"45059",2,92614,77,0,2007,1,"N","Laurens County, South Carolina","State Government","Agricultural market and commodity regulation","County, NAICS 5-digit -- by ownership sector","All establishment sizes",1,0,0,0,0,0,0,0
"45059",2,"92614",77,0,2007,2,"N","Laurens County, South Carolina","State Government","Agricultural market and commodity regulation","County, NAICS 5-digit -- by ownership sector","All establishment sizes",1,0,0,0,0,0,0,0
"45059",2,"92614",77,0,2007,3,"N","Laurens County, South Carolina","State Government","Agricultural market and commodity regulation","County, NAICS 5-digit -- by ownership sector","All establishment sizes",1,0,0,0,0,0,0,0
"45059",2,"92614",77,0,2007,4,"N","Laurens County, South Carolina","State Government","Agricultural market and commodity regulation","County, NAICS 5-digit -- by ownership sector","All establishment sizes",1,0,0,0,0,0,0,0
"45059",2,926140,78,0,2007,1,"N","Laurens County, South Carolina","State Government","Agricultural market and commodity regulation","County, NAICS 6-digit -- by ownership sector","All establishment sizes",1,0,0,0,0,0,0,0
"45059",2,"926140",78,0,2007,2,"N","Laurens County, South Carolina","State Government","Agricultural market and commodity regulation","County, NAICS 6-digit -- by ownership sector","All establishment sizes",1,0,0,0,0,0,0,0
"45059",2,"926140",78,0,2007,3,"N","Laurens County, South Carolina","State Government","Agricultural market and commodity regulation","County, NAICS 6-digit -- by ownership sector","All establishment sizes",1,0,0,0,0,0,0,0
"45059",2,"926140",78,0,2007,4,"N","Laurens County, South Carolina","State Government","Agricultural market and commodity regulation","County, NAICS 6-digit -- by ownership sector","All establishment sizes",1,0,0,0,0,0,0,0
"45059",3,10,71,0,2007,1,"","Laurens County, South Carolina","Local Government","Total, all industries","County, Total -- by ownership sector","All establishment sizes",29,3046,3031,3064,22632579,1174817,14568,571
"45059",3,"10",71,0,2007,2,"","Laurens County, South Carolina","Local Government","Total, all industries","County, Total -- by ownership sector","All establishment sizes",29,3062,3067,3099,22642905,564722,7003,566
"45059",3,"10",71,0,2007,3,"","Laurens County, South Carolina","Local Government","Total, all industries","County, Total -- by ownership sector","All establishment sizes",30,3052,3000,3078,23158343,223746,2775,585
"45059",3,"10",71,0,2007,4,"","Laurens County, South Carolina","Local Government","Total, all industries","County, Total -- by ownership sector","All establishment sizes",30,3148,3151,3180,23665320,212814,2640,576
"45059",3,102,72,0,2007,1,"","Laurens County, South Carolina","Local Government","Service-Providing","County, by Domain -- by ownership sector","All establishment sizes",29,3046,3031,3064,22632579,1174817,14568,571
"45059",3,"102",72,0,2007,2,"","Laurens County, South Carolina","Local Government","Service-Providing","County, by Domain -- by ownership sector","All establishment sizes",29,3062,3067,3099,22642905,564722,7003,566
"45059",3,"102",72,0,2007,3,"","Laurens County, South Carolina","Local Government","Service-Providing","County, by Domain -- by ownership sector","All establishment sizes",30,3052,3000,3078,23158343,223746,2775,585
"45059",3,"102",72,0,2007,4,"","Laurens County, South Carolina","Local Government","Service-Providing","County, by Domain -- by ownership sector","All establishment sizes",30,3148,3151,3180,23665320,212814,2640,576
"45059",3,1021,73,0,2007,1,"","Laurens County, South Carolina","Local Government","Trade, Transportation, and Utilities","County, by Supersector -- by ownership sector","All establishment sizes",3,147,149,151,1405675,0,0,726
"45059",3,"1021",73,0,2007,2,"","Laurens County, South Carolina","Local Government","Trade, Transportation, and Utilities","County, by Supersector -- by ownership sector","All establishment sizes",3,150,157,169,1336446,0,0,648
"45059",3,"1021",73,0,2007,3,"","Laurens County, South Carolina","Local Government","Trade, Transportation, and Utilities","County, by Supersector -- by ownership sector","All establishment sizes",3,168,166,157,1396112,0,0,656
"45059",3,"1021",73,0,2007,4,"","Laurens County, South Carolina","Local Government","Trade, Transportation, and Utilities","County, by Supersector -- by ownership sector","All establishment sizes",3,154,149,153,1368418,0,0,693
"45059",3,1025,73,0,2007,1,"","Laurens County, South Carolina","Local Government","Education and Health Services","County, by Supersector -- by ownership sector","All establishment sizes",19,2049,2033,2051,16063724,62987,781,604
"45059",3,"1025",73,0,2007,2,"","Laurens County, South Carolina","Local Government","Education and Health Services","County, by Supersector -- by ownership sector","All establishment sizes",19,2051,2044,2041,15977862,11133,138,601
"45059",3,"1025",73,0,2007,3,"","Laurens County, South Carolina","Local Government","Education and Health Services","County, by Supersector -- by ownership sector","All establishment sizes",19,1998,1966,2046,16313019,2530,31,626
"45059",3,"1025",73,0,2007,4,"","Laurens County, South Carolina","Local Government","Education and Health Services","County, by Supersector -- by ownership sector","All establishment sizes",19,2124,2108,2132,16810627,7235,90,610
"45059",3,1028,73,0,2007,1,"","Laurens County, South Carolina","Local Government","Public Administration","County, by Supersector -- by ownership sector","All establishment sizes",7,850,849,862,5163180,1111830,13787,465
"45059",3,"1028",73,0,2007,2,"","Laurens County, South Carolina","Local Government","Public Administration","County, by Supersector -- by ownership sector","All establishment sizes",7,861,866,889,5328597,553589,6865,470
"45059",3,"1028",73,0,2007,3,"","Laurens County, South Carolina","Local Government","Public Administration","County, by Supersector -- by ownership sector","All establishment sizes",8,886,868,875,5449212,221216,2744,478
"45059",3,"1028",73,0,2007,4,"","Laurens County, South Carolina","Local Government","Public Administration","County, by Supersector -- by ownership sector","All establishment sizes",8,870,894,895,5486275,205579,2550,476
"45059",3,22,74,0,2007,1,"","Laurens County, South Carolina","Local Government","Utilities","County, NAICS Sector -- by ownership sector","All establishment sizes",3,147,149,151,1405675,0,0,726
"45059",3,"22",74,0,2007,2,"","Laurens County, South Carolina","Local Government","Utilities","County, NAICS Sector -- by ownership sector","All establishment sizes",3,150,157,169,1336446,0,0,648
"45059",3,"22",74,0,2007,3,"","Laurens County, South Carolina","Local Government","Utilities","County, NAICS Sector -- by ownership sector","All establishment sizes",3,168,166,157,1396112,0,0,656
"45059",3,"22",74,0,2007,4,"","Laurens County, South Carolina","Local Government","Utilities","County, NAICS Sector -- by ownership sector","All establishment sizes",3,154,149,153,1368418,0,0,693
"45059",3,221,75,0,2007,1,"","Laurens County, South Carolina","Local Government","Utilities","County, NAICS 3-digit -- by ownership sector","All establishment sizes",3,147,149,151,1405675,0,0,726
"45059",3,"221",75,0,2007,2,"","Laurens County, South Carolina","Local Government","Utilities","County, NAICS 3-digit -- by ownership sector","All establishment sizes",3,150,157,169,1336446,0,0,648
"45059",3,"221",75,0,2007,3,"","Laurens County, South Carolina","Local Government","Utilities","County, NAICS 3-digit -- by ownership sector","All establishment sizes",3,168,166,157,1396112,0,0,656
"45059",3,"221",75,0,2007,4,"","Laurens County, South Carolina","Local Government","Utilities","County, NAICS 3-digit -- by ownership sector","All establishment sizes",3,154,149,153,1368418,0,0,693
"45059",3,2212,76,0,2007,1,"N","Laurens County, South Carolina","Local Government","Natural gas distribution","County, NAICS 4-digit -- by ownership sector","All establishment sizes",2,0,0,0,0,0,0,0
"45059",3,"2212",76,0,2007,2,"N","Laurens County, South Carolina","Local Government","Natural gas distribution","County, NAICS 4-digit -- by ownership sector","All establishment sizes",2,0,0,0,0,0,0,0
"45059",3,"2212",76,0,2007,3,"N","Laurens County, South Carolina","Local Government","Natural gas distribution","County, NAICS 4-digit -- by ownership sector","All establishment sizes",2,0,0,0,0,0,0,0
"45059",3,"2212",76,0,2007,4,"N","Laurens County, South Carolina","Local Government","Natural gas distribution","County, NAICS 4-digit -- by ownership sector","All establishment sizes",2,0,0,0,0,0,0,0
"45059",3,22121,77,0,2007,1,"N","Laurens County, South Carolina","Local Government","Natural gas distribution","County, NAICS 5-digit -- by ownership sector","All establishment sizes",2,0,0,0,0,0,0,0
"45059",3,"22121",77,0,2007,2,"N","Laurens County, South Carolina","Local Government","Natural gas distribution","County, NAICS 5-digit -- by ownership sector","All establishment sizes",2,0,0,0,0,0,0,0
"45059",3,"22121",77,0,2007,3,"N","Laurens County, South Carolina","Local Government","Natural gas distribution","County, NAICS 5-digit -- by ownership sector","All establishment sizes",2,0,0,0,0,0,0,0
"45059",3,"22121",77,0,2007,4,"N","Laurens County, South Carolina","Local Government","Natural gas distribution","County, NAICS 5-digit -- by ownership sector","All establishment sizes",2,0,0,0,0,0,0,0
"45059",3,221210,78,0,2007,1,"N","Laurens County, South Carolina","Local Government","Natural gas distribution","County, NAICS 6-digit -- by ownership sector","All establishment sizes",2,0,0,0,0,0,0,0
"45059",3,"221210",78,0,2007,2,"N","Laurens County, South Carolina","Local Government","Natural gas distribution","County, NAICS 6-digit -- by ownership sector","All establishment sizes",2,0,0,0,0,0,0,0
"45059",3,"221210",78,0,2007,3,"N","Laurens County, South Carolina","Local Government","Natural gas distribution","County, NAICS 6-digit -- by ownership sector","All establishment sizes",2,0,0,0,0,0,0,0
"45059",3,"221210",78,0,2007,4,"N","Laurens County, South Carolina","Local Government","Natural gas distribution","County, NAICS 6-digit -- by ownership sector","All establishment sizes",2,0,0,0,0,0,0,0
"45059",3,2213,76,0,2007,1,"N","Laurens County, South Carolina","Local Government","Water, sewage and other systems","County, NAICS 4-digit -- by ownership sector","All establishment sizes",1,0,0,0,0,0,0,0
"45059",3,"2213",76,0,2007,2,"N","Laurens County, South Carolina","Local Government","Water, sewage and other systems","County, NAICS 4-digit -- by ownership sector","All establishment sizes",1,0,0,0,0,0,0,0
"45059",3,"2213",76,0,2007,3,"N","Laurens County, South Carolina","Local Government","Water, sewage and other systems","County, NAICS 4-digit -- by ownership sector","All establishment sizes",1,0,0,0,0,0,0,0
"45059",3,"2213",76,0,2007,4,"N","Laurens County, South Carolina","Local Government","Water, sewage and other systems","County, NAICS 4-digit -- by ownership sector","All establishment sizes",1,0,0,0,0,0,0,0
"45059",3,22131,77,0,2007,1,"N","Laurens County, South Carolina","Local Government","Water supply and irrigation systems","County, NAICS 5-digit -- by ownership sector","All establishment sizes",1,0,0,0,0,0,0,0
"45059",3,"22131",77,0,2007,2,"N","Laurens County, South Carolina","Local Government","Water supply and irrigation systems","County, NAICS 5-digit -- by ownership sector","All establishment sizes",1,0,0,0,0,0,0,0
"45059",3,"22131",77,0,2007,3,"N","Laurens County, South Carolina","Local Government","Water supply and irrigation systems","County, NAICS 5-digit -- by ownership sector","All establishment sizes",1,0,0,0,0,0,0,0
"45059",3,"22131",77,0,2007,4,"N","Laurens County, South Carolina","Local Government","Water supply and irrigation systems","County, NAICS 5-digit -- by ownership sector","All establishment sizes",1,0,0,0,0,0,0,0
"45059",3,221310,78,0,2007,1,"N","Laurens County, South Carolina","Local Government","Water supply and irrigation systems","County, NAICS 6-digit -- by ownership sector","All establishment sizes",1,0,0,0,0,0,0,0
"45059",3,"221310",78,0,2007,2,"N","Laurens County, South Carolina","Local Government","Water supply and irrigation systems","County, NAICS 6-digit -- by ownership sector","All establishment sizes",1,0,0,0,0,0,0,0
"45059",3,"221310",78,0,2007,3,"N","Laurens County, South Carolina","Local Government","Water supply and irrigation systems","County, NAICS 6-digit -- by ownership sector","All establishment sizes",1,0,0,0,0,0,0,0
"45059",3,"221310",78,0,2007,4,"N","Laurens County, South Carolina","Local Government","Water supply and irrigation systems","County, NAICS 6-digit -- by ownership sector","All establishment sizes",1,0,0,0,0,0,0,0
"45059",3,61,74,0,2007,1,"N","Laurens County, South Carolina","Local Government","Educational services","County, NAICS Sector -- by ownership sector","All establishment sizes",16,0,0,0,0,0,0,0
"45059",3,"61",74,0,2007,2,"N","Laurens County, South Carolina","Local Government","Educational services","County, NAICS Sector -- by ownership sector","All establishment sizes",16,0,0,0,0,0,0,0
"45059",3,"61",74,0,2007,3,"N","Laurens County, South Carolina","Local Government","Educational services","County, NAICS Sector -- by ownership sector","All establishment sizes",16,0,0,0,0,0,0,0
"45059",3,"61",74,0,2007,4,"N","Laurens County, South Carolina","Local Government","Educational services","County, NAICS Sector -- by ownership sector","All establishment sizes",16,0,0,0,0,0,0,0
"45059",3,611,75,0,2007,1,"N","Laurens County, South Carolina","Local Government","Educational services","County, NAICS 3-digit -- by ownership sector","All establishment sizes",16,0,0,0,0,0,0,0
"45059",3,"611",75,0,2007,2,"N","Laurens County, South Carolina","Local Government","Educational services","County, NAICS 3-digit -- by ownership sector","All establishment sizes",16,0,0,0,0,0,0,0
"45059",3,"611",75,0,2007,3,"N","Laurens County, South Carolina","Local Government","Educational services","County, NAICS 3-digit -- by ownership sector","All establishment sizes",16,0,0,0,0,0,0,0
"45059",3,"611",75,0,2007,4,"N","Laurens County, South Carolina","Local Government","Educational services","County, NAICS 3-digit -- by ownership sector","All establishment sizes",16,0,0,0,0,0,0,0
"45059",3,6111,76,0,2007,1,"N","Laurens County, South Carolina","Local Government","Elementary and secondary schools","County, NAICS 4-digit -- by ownership sector","All establishment sizes",16,0,0,0,0,0,0,0
"45059",3,"6111",76,0,2007,2,"N","Laurens County, South Carolina","Local Government","Elementary and secondary schools","County, NAICS 4-digit -- by ownership sector","All establishment sizes",16,0,0,0,0,0,0,0
"45059",3,"6111",76,0,2007,3,"N","Laurens County, South Carolina","Local Government","Elementary and secondary schools","County, NAICS 4-digit -- by ownership sector","All establishment sizes",16,0,0,0,0,0,0,0
"45059",3,"6111",76,0,2007,4,"N","Laurens County, South Carolina","Local Government","Elementary and secondary schools","County, NAICS 4-digit -- by ownership sector","All establishment sizes",16,0,0,0,0,0,0,0
"45059",3,61111,77,0,2007,1,"N","Laurens County, South Carolina","Local Government","Elementary and secondary schools","County, NAICS 5-digit -- by ownership sector","All establishment sizes",16,0,0,0,0,0,0,0
"45059",3,"61111",77,0,2007,2,"N","Laurens County, South Carolina","Local Government","Elementary and secondary schools","County, NAICS 5-digit -- by ownership sector","All establishment sizes",16,0,0,0,0,0,0,0
"45059",3,"61111",77,0,2007,3,"N","Laurens County, South Carolina","Local Government","Elementary and secondary schools","County, NAICS 5-digit -- by ownership sector","All establishment sizes",16,0,0,0,0,0,0,0
"45059",3,"61111",77,0,2007,4,"N","Laurens County, South Carolina","Local Government","Elementary and secondary schools","County, NAICS 5-digit -- by ownership sector","All establishment sizes",16,0,0,0,0,0,0,0
"45059",3,611110,78,0,2007,1,"N","Laurens County, South Carolina","Local Government","Elementary and secondary schools","County, NAICS 6-digit -- by ownership sector","All establishment sizes",16,0,0,0,0,0,0,0
"45059",3,"611110",78,0,2007,2,"N","Laurens County, South Carolina","Local Government","Elementary and secondary schools","County, NAICS 6-digit -- by ownership sector","All establishment sizes",16,0,0,0,0,0,0,0
"45059",3,"611110",78,0,2007,3,"N","Laurens County, South Carolina","Local Government","Elementary and secondary schools","County, NAICS 6-digit -- by ownership sector","All establishment sizes",16,0,0,0,0,0,0,0
"45059",3,"611110",78,0,2007,4,"N","Laurens County, South Carolina","Local Government","Elementary and secondary schools","County, NAICS 6-digit -- by ownership sector","All establishment sizes",16,0,0,0,0,0,0,0
"45059",3,62,74,0,2007,1,"N","Laurens County, South Carolina","Local Government","Health care and social assistance","County, NAICS Sector -- by ownership sector","All establishment sizes",3,0,0,0,0,0,0,0
"45059",3,"62",74,0,2007,2,"N","Laurens County, South Carolina","Local Government","Health care and social assistance","County, NAICS Sector -- by ownership sector","All establishment sizes",3,0,0,0,0,0,0,0
"45059",3,"62",74,0,2007,3,"N","Laurens County, South Carolina","Local Government","Health care and social assistance","County, NAICS Sector -- by ownership sector","All establishment sizes",3,0,0,0,0,0,0,0
"45059",3,"62",74,0,2007,4,"N","Laurens County, South Carolina","Local Government","Health care and social assistance","County, NAICS Sector -- by ownership sector","All establishment sizes",3,0,0,0,0,0,0,0
"45059",3,621,75,0,2007,1,"N","Laurens County, South Carolina","Local Government","Ambulatory health care services","County, NAICS 3-digit -- by ownership sector","All establishment sizes",1,0,0,0,0,0,0,0
"45059",3,"621",75,0,2007,2,"N","Laurens County, South Carolina","Local Government","Ambulatory health care services","County, NAICS 3-digit -- by ownership sector","All establishment sizes",1,0,0,0,0,0,0,0
"45059",3,"621",75,0,2007,3,"N","Laurens County, South Carolina","Local Government","Ambulatory health care services","County, NAICS 3-digit -- by ownership sector","All establishment sizes",1,0,0,0,0,0,0,0
"45059",3,"621",75,0,2007,4,"N","Laurens County, South Carolina","Local Government","Ambulatory health care services","County, NAICS 3-digit -- by ownership sector","All establishment sizes",1,0,0,0,0,0,0,0
"45059",3,6214,76,0,2007,1,"N","Laurens County, South Carolina","Local Government","Outpatient care centers","County, NAICS 4-digit -- by ownership sector","All establishment sizes",1,0,0,0,0,0,0,0
"45059",3,"6214",76,0,2007,2,"N","Laurens County, South Carolina","Local Government","Outpatient care centers","County, NAICS 4-digit -- by ownership sector","All establishment sizes",1,0,0,0,0,0,0,0
"45059",3,"6214",76,0,2007,3,"N","Laurens County, South Carolina","Local Government","Outpatient care centers","County, NAICS 4-digit -- by ownership sector","All establishment sizes",1,0,0,0,0,0,0,0
"45059",3,"6214",76,0,2007,4,"N","Laurens County, South Carolina","Local Government","Outpatient care centers","County, NAICS 4-digit -- by ownership sector","All establishment sizes",1,0,0,0,0,0,0,0
"45059",3,62141,77,0,2007,1,"N","Laurens County, South Carolina","Local Government","Family planning centers","County, NAICS 5-digit -- by ownership sector","All establishment sizes",1,0,0,0,0,0,0,0
"45059",3,"62141",77,0,2007,2,"N","Laurens County, South Carolina","Local Government","Family planning centers","County, NAICS 5-digit -- by ownership sector","All establishment sizes",1,0,0,0,0,0,0,0
"45059",3,"62141",77,0,2007,3,"N","Laurens County, South Carolina","Local Government","Family planning centers","County, NAICS 5-digit -- by ownership sector","All establishment sizes",1,0,0,0,0,0,0,0
"45059",3,"62141",77,0,2007,4,"N","Laurens County, South Carolina","Local Government","Family planning centers","County, NAICS 5-digit -- by ownership sector","All establishment sizes",1,0,0,0,0,0,0,0
"45059",3,621410,78,0,2007,1,"N","Laurens County, South Carolina","Local Government","Family planning centers","County, NAICS 6-digit -- by ownership sector","All establishment sizes",1,0,0,0,0,0,0,0
"45059",3,"621410",78,0,2007,2,"N","Laurens County, South Carolina","Local Government","Family planning centers","County, NAICS 6-digit -- by ownership sector","All establishment sizes",1,0,0,0,0,0,0,0
"45059",3,"621410",78,0,2007,3,"N","Laurens County, South Carolina","Local Government","Family planning centers","County, NAICS 6-digit -- by ownership sector","All establishment sizes",1,0,0,0,0,0,0,0
"45059",3,"621410",78,0,2007,4,"N","Laurens County, South Carolina","Local Government","Family planning centers","County, NAICS 6-digit -- by ownership sector","All establishment sizes",1,0,0,0,0,0,0,0
"45059",3,622,75,0,2007,1,"N","Laurens County, South Carolina","Local Government","Hospitals","County, NAICS 3-digit -- by ownership sector","All establishment sizes",1,0,0,0,0,0,0,0
"45059",3,"622",75,0,2007,2,"N","Laurens County, South Carolina","Local Government","Hospitals","County, NAICS 3-digit -- by ownership sector","All establishment sizes",1,0,0,0,0,0,0,0
"45059",3,"622",75,0,2007,3,"N","Laurens County, South Carolina","Local Government","Hospitals","County, NAICS 3-digit -- by ownership sector","All establishment sizes",1,0,0,0,0,0,0,0
"45059",3,"622",75,0,2007,4,"N","Laurens County, South Carolina","Local Government","Hospitals","County, NAICS 3-digit -- by ownership sector","All establishment sizes",1,0,0,0,0,0,0,0
"45059",3,6221,76,0,2007,1,"N","Laurens County, South Carolina","Local Government","General medical and surgical hospitals","County, NAICS 4-digit -- by ownership sector","All establishment sizes",1,0,0,0,0,0,0,0
"45059",3,"6221",76,0,2007,2,"N","Laurens County, South Carolina","Local Government","General medical and surgical hospitals","County, NAICS 4-digit -- by ownership sector","All establishment sizes",1,0,0,0,0,0,0,0
"45059",3,"6221",76,0,2007,3,"N","Laurens County, South Carolina","Local Government","General medical and surgical hospitals","County, NAICS 4-digit -- by ownership sector","All establishment sizes",1,0,0,0,0,0,0,0
"45059",3,"6221",76,0,2007,4,"N","Laurens County, South Carolina","Local Government","General medical and surgical hospitals","County, NAICS 4-digit -- by ownership sector","All establishment sizes",1,0,0,0,0,0,0,0
"45059",3,62211,77,0,2007,1,"N","Laurens County, South Carolina","Local Government","General medical and surgical hospitals","County, NAICS 5-digit -- by ownership sector","All establishment sizes",1,0,0,0,0,0,0,0
"45059",3,"62211",77,0,2007,2,"N","Laurens County, South Carolina","Local Government","General medical and surgical hospitals","County, NAICS 5-digit -- by ownership sector","All establishment sizes",1,0,0,0,0,0,0,0
"45059",3,"62211",77,0,2007,3,"N","Laurens County, South Carolina","Local Government","General medical and surgical hospitals","County, NAICS 5-digit -- by ownership sector","All establishment sizes",1,0,0,0,0,0,0,0
"45059",3,"62211",77,0,2007,4,"N","Laurens County, South Carolina","Local Government","General medical and surgical hospitals","County, NAICS 5-digit -- by ownership sector","All establishment sizes",1,0,0,0,0,0,0,0
"45059",3,622110,78,0,2007,1,"N","Laurens County, South Carolina","Local Government","General medical and surgical hospitals","County, NAICS 6-digit -- by ownership sector","All establishment sizes",1,0,0,0,0,0,0,0
"45059",3,"622110",78,0,2007,2,"N","Laurens County, South Carolina","Local Government","General medical and surgical hospitals","County, NAICS 6-digit -- by ownership sector","All establishment sizes",1,0,0,0,0,0,0,0
"45059",3,"622110",78,0,2007,3,"N","Laurens County, South Carolina","Local Government","General medical and surgical hospitals","County, NAICS 6-digit -- by ownership sector","All establishment sizes",1,0,0,0,0,0,0,0
"45059",3,"622110",78,0,2007,4,"N","Laurens County, South Carolina","Local Government","General medical and surgical hospitals","County, NAICS 6-digit -- by ownership sector","All establishment sizes",1,0,0,0,0,0,0,0
"45059",3,623,75,0,2007,1,"N","Laurens County, South Carolina","Local Government","Nursing and residential care facilities","County, NAICS 3-digit -- by ownership sector","All establishment sizes",1,0,0,0,0,0,0,0
"45059",3,"623",75,0,2007,2,"N","Laurens County, South Carolina","Local Government","Nursing and residential care facilities","County, NAICS 3-digit -- by ownership sector","All establishment sizes",1,0,0,0,0,0,0,0
"45059",3,"623",75,0,2007,3,"N","Laurens County, South Carolina","Local Government","Nursing and residential care facilities","County, NAICS 3-digit -- by ownership sector","All establishment sizes",1,0,0,0,0,0,0,0
"45059",3,"623",75,0,2007,4,"N","Laurens County, South Carolina","Local Government","Nursing and residential care facilities","County, NAICS 3-digit -- by ownership sector","All establishment sizes",1,0,0,0,0,0,0,0
"45059",3,6233,76,0,2007,1,"N","Laurens County, South Carolina","Local Government","Community care facilities for the elderly","County, NAICS 4-digit -- by ownership sector","All establishment sizes",1,0,0,0,0,0,0,0
"45059",3,"6233",76,0,2007,2,"N","Laurens County, South Carolina","Local Government","Community care facilities for the elderly","County, NAICS 4-digit -- by ownership sector","All establishment sizes",1,0,0,0,0,0,0,0
"45059",3,"6233",76,0,2007,3,"N","Laurens County, South Carolina","Local Government","Community care facilities for the elderly","County, NAICS 4-digit -- by ownership sector","All establishment sizes",1,0,0,0,0,0,0,0
"45059",3,"6233",76,0,2007,4,"N","Laurens County, South Carolina","Local Government","Community care facilities for the elderly","County, NAICS 4-digit -- by ownership sector","All establishment sizes",1,0,0,0,0,0,0,0
"45059",3,62331,77,0,2007,1,"N","Laurens County, South Carolina","Local Government","Community care facilities for the elderly","County, NAICS 5-digit -- by ownership sector","All establishment sizes",1,0,0,0,0,0,0,0
"45059",3,"62331",77,0,2007,2,"N","Laurens County, South Carolina","Local Government","Community care facilities for the elderly","County, NAICS 5-digit -- by ownership sector","All establishment sizes",1,0,0,0,0,0,0,0
"45059",3,"62331",77,0,2007,3,"N","Laurens County, South Carolina","Local Government","Community care facilities for the elderly","County, NAICS 5-digit -- by ownership sector","All establishment sizes",1,0,0,0,0,0,0,0
"45059",3,"62331",77,0,2007,4,"N","Laurens County, South Carolina","Local Government","Community care facilities for the elderly","County, NAICS 5-digit -- by ownership sector","All establishment sizes",1,0,0,0,0,0,0,0
"45059",3,623312,78,0,2007,1,"N","Laurens County, South Carolina","Local Government","Homes for the elderly","County, NAICS 6-digit -- by ownership sector","All establishment sizes",1,0,0,0,0,0,0,0
"45059",3,"623312",78,0,2007,2,"N","Laurens County, South Carolina","Local Government","Homes for the elderly","County, NAICS 6-digit -- by ownership sector","All establishment sizes",1,0,0,0,0,0,0,0
"45059",3,"623312",78,0,2007,3,"N","Laurens County, South Carolina","Local Government","Homes for the elderly","County, NAICS 6-digit -- by ownership sector","All establishment sizes",1,0,0,0,0,0,0,0
"45059",3,"623312",78,0,2007,4,"N","Laurens County, South Carolina","Local Government","Homes for the elderly","County, NAICS 6-digit -- by ownership sector","All establishment sizes",1,0,0,0,0,0,0,0
"45059",3,92,74,0,2007,1,"","Laurens County, South Carolina","Local Government","Public Administration","County, NAICS Sector -- by ownership sector","All establishment sizes",7,850,849,862,5163180,1111830,13787,465
"45059",3,"92",74,0,2007,2,"","Laurens County, South Carolina","Local Government","Public Administration","County, NAICS Sector -- by ownership sector","All establishment sizes",7,861,866,889,5328597,553589,6865,470
"45059",3,"92",74,0,2007,3,"","Laurens County, South Carolina","Local Government","Public Administration","County, NAICS Sector -- by ownership sector","All establishment sizes",8,886,868,875,5449212,221216,2744,478
"45059",3,"92",74,0,2007,4,"","Laurens County, South Carolina","Local Government","Public Administration","County, NAICS Sector -- by ownership sector","All establishment sizes",8,870,894,895,5486275,205579,2550,476
"45059",3,921,75,0,2007,1,"","Laurens County, South Carolina","Local Government","Executive, legislative and general government","County, NAICS 3-digit -- by ownership sector","All establishment sizes",5,590,593,601,4008661,450,6,519
"45059",3,"921",75,0,2007,2,"","Laurens County, South Carolina","Local Government","Executive, legislative and general government","County, NAICS 3-digit -- by ownership sector","All establishment sizes",5,596,596,604,3932290,450,6,505
"45059",3,"921",75,0,2007,3,"","Laurens County, South Carolina","Local Government","Executive, legislative and general government","County, NAICS 3-digit -- by ownership sector","All establishment sizes",5,603,592,597,4132694,450,6,532
"45059",3,"921",75,0,2007,4,"","Laurens County, South Carolina","Local Government","Executive, legislative and general government","County, NAICS 3-digit -- by ownership sector","All establishment sizes",5,589,594,607,3978786,450,6,513
"45059",3,9211,76,0,2007,1,"","Laurens County, South Carolina","Local Government","Executive, legislative and general government","County, NAICS 4-digit -- by ownership sector","All establishment sizes",5,590,593,601,4008661,450,6,519
"45059",3,"9211",76,0,2007,2,"","Laurens County, South Carolina","Local Government","Executive, legislative and general government","County, NAICS 4-digit -- by ownership sector","All establishment sizes",5,596,596,604,3932290,450,6,505
"45059",3,"9211",76,0,2007,3,"","Laurens County, South Carolina","Local Government","Executive, legislative and general government","County, NAICS 4-digit -- by ownership sector","All establishment sizes",5,603,592,597,4132694,450,6,532
"45059",3,"9211",76,0,2007,4,"","Laurens County, South Carolina","Local Government","Executive, legislative and general government","County, NAICS 4-digit -- by ownership sector","All establishment sizes",5,589,594,607,3978786,450,6,513
"45059",3,92114,77,0,2007,1,"","Laurens County, South Carolina","Local Government","Executive and legislative offices, combined","County, NAICS 5-digit -- by ownership sector","All establishment sizes",5,590,593,601,4008661,450,6,519
"45059",3,"92114",77,0,2007,2,"","Laurens County, South Carolina","Local Government","Executive and legislative offices, combined","County, NAICS 5-digit -- by ownership sector","All establishment sizes",5,596,596,604,3932290,450,6,505
"45059",3,"92114",77,0,2007,3,"","Laurens County, South Carolina","Local Government","Executive and legislative offices, combined","County, NAICS 5-digit -- by ownership sector","All establishment sizes",5,603,592,597,4132694,450,6,532
"45059",3,"92114",77,0,2007,4,"","Laurens County, South Carolina","Local Government","Executive and legislative offices, combined","County, NAICS 5-digit -- by ownership sector","All establishment sizes",5,589,594,607,3978786,450,6,513
"45059",3,921140,78,0,2007,1,"","Laurens County, South Carolina","Local Government","Executive and legislative offices, combined","County, NAICS 6-digit -- by ownership sector","All establishment sizes",5,590,593,601,4008661,450,6,519
"45059",3,"921140",78,0,2007,2,"","Laurens County, South Carolina","Local Government","Executive and legislative offices, combined","County, NAICS 6-digit -- by ownership sector","All establishment sizes",5,596,596,604,3932290,450,6,505
"45059",3,"921140",78,0,2007,3,"","Laurens County, South Carolina","Local Government","Executive and legislative offices, combined","County, NAICS 6-digit -- by ownership sector","All establishment sizes",5,603,592,597,4132694,450,6,532
"45059",3,"921140",78,0,2007,4,"","Laurens County, South Carolina","Local Government","Executive and legislative offices, combined","County, NAICS 6-digit -- by ownership sector","All establishment sizes",5,589,594,607,3978786,450,6,513
"45059",3,923,75,0,2007,1,"N","Laurens County, South Carolina","Local Government","Administration of human resource programs","County, NAICS 3-digit -- by ownership sector","All establishment sizes",1,0,0,0,0,0,0,0
"45059",3,"923",75,0,2007,2,"N","Laurens County, South Carolina","Local Government","Administration of human resource programs","County, NAICS 3-digit -- by ownership sector","All establishment sizes",1,0,0,0,0,0,0,0
"45059",3,"923",75,0,2007,3,"N","Laurens County, South Carolina","Local Government","Administration of human resource programs","County, NAICS 3-digit -- by ownership sector","All establishment sizes",1,0,0,0,0,0,0,0
"45059",3,"923",75,0,2007,4,"N","Laurens County, South Carolina","Local Government","Administration of human resource programs","County, NAICS 3-digit -- by ownership sector","All establishment sizes",1,0,0,0,0,0,0,0
"45059",3,9231,76,0,2007,1,"N","Laurens County, South Carolina","Local Government","Administration of human resource programs","County, NAICS 4-digit -- by ownership sector","All establishment sizes",1,0,0,0,0,0,0,0
"45059",3,"9231",76,0,2007,2,"N","Laurens County, South Carolina","Local Government","Administration of human resource programs","County, NAICS 4-digit -- by ownership sector","All establishment sizes",1,0,0,0,0,0,0,0
"45059",3,"9231",76,0,2007,3,"N","Laurens County, South Carolina","Local Government","Administration of human resource programs","County, NAICS 4-digit -- by ownership sector","All establishment sizes",1,0,0,0,0,0,0,0
"45059",3,"9231",76,0,2007,4,"N","Laurens County, South Carolina","Local Government","Administration of human resource programs","County, NAICS 4-digit -- by ownership sector","All establishment sizes",1,0,0,0,0,0,0,0
"45059",3,92312,77,0,2007,1,"N","Laurens County, South Carolina","Local Government","Administration of public health programs","County, NAICS 5-digit -- by ownership sector","All establishment sizes",1,0,0,0,0,0,0,0
"45059",3,"92312",77,0,2007,2,"N","Laurens County, South Carolina","Local Government","Administration of public health programs","County, NAICS 5-digit -- by ownership sector","All establishment sizes",1,0,0,0,0,0,0,0
"45059",3,"92312",77,0,2007,3,"N","Laurens County, South Carolina","Local Government","Administration of public health programs","County, NAICS 5-digit -- by ownership sector","All establishment sizes",1,0,0,0,0,0,0,0
"45059",3,"92312",77,0,2007,4,"N","Laurens County, South Carolina","Local Government","Administration of public health programs","County, NAICS 5-digit -- by ownership sector","All establishment sizes",1,0,0,0,0,0,0,0
"45059",3,923120,78,0,2007,1,"N","Laurens County, South Carolina","Local Government","Administration of public health programs","County, NAICS 6-digit -- by ownership sector","All establishment sizes",1,0,0,0,0,0,0,0
"45059",3,"923120",78,0,2007,2,"N","Laurens County, South Carolina","Local Government","Administration of public health programs","County, NAICS 6-digit -- by ownership sector","All establishment sizes",1,0,0,0,0,0,0,0
"45059",3,"923120",78,0,2007,3,"N","Laurens County, South Carolina","Local Government","Administration of public health programs","County, NAICS 6-digit -- by ownership sector","All establishment sizes",1,0,0,0,0,0,0,0
"45059",3,"923120",78,0,2007,4,"N","Laurens County, South Carolina","Local Government","Administration of public health programs","County, NAICS 6-digit -- by ownership sector","All establishment sizes",1,0,0,0,0,0,0,0
"45059",3,924,75,0,2007,1,"N","Laurens County, South Carolina","Local Government","Administration of environmental programs","County, NAICS 3-digit -- by ownership sector","All establishment sizes",1,0,0,0,0,0,0,0
"45059",3,"924",75,0,2007,2,"N","Laurens County, South Carolina","Local Government","Administration of environmental programs","County, NAICS 3-digit -- by ownership sector","All establishment sizes",1,0,0,0,0,0,0,0
"45059",3,"924",75,0,2007,3,"N","Laurens County, South Carolina","Local Government","Administration of environmental programs","County, NAICS 3-digit -- by ownership sector","All establishment sizes",1,0,0,0,0,0,0,0
"45059",3,"924",75,0,2007,4,"N","Laurens County, South Carolina","Local Government","Administration of environmental programs","County, NAICS 3-digit -- by ownership sector","All establishment sizes",1,0,0,0,0,0,0,0
"45059",3,9241,76,0,2007,1,"N","Laurens County, South Carolina","Local Government","Administration of environmental programs","County, NAICS 4-digit -- by ownership sector","All establishment sizes",1,0,0,0,0,0,0,0
"45059",3,"9241",76,0,2007,2,"N","Laurens County, South Carolina","Local Government","Administration of environmental programs","County, NAICS 4-digit -- by ownership sector","All establishment sizes",1,0,0,0,0,0,0,0
"45059",3,"9241",76,0,2007,3,"N","Laurens County, South Carolina","Local Government","Administration of environmental programs","County, NAICS 4-digit -- by ownership sector","All establishment sizes",1,0,0,0,0,0,0,0
"45059",3,"9241",76,0,2007,4,"N","Laurens County, South Carolina","Local Government","Administration of environmental programs","County, NAICS 4-digit -- by ownership sector","All establishment sizes",1,0,0,0,0,0,0,0
"45059",3,92411,77,0,2007,1,"N","Laurens County, South Carolina","Local Government","Air, water, and waste program administration","County, NAICS 5-digit -- by ownership sector","All establishment sizes",1,0,0,0,0,0,0,0
"45059",3,"92411",77,0,2007,2,"N","Laurens County, South Carolina","Local Government","Air, water, and waste program administration","County, NAICS 5-digit -- by ownership sector","All establishment sizes",1,0,0,0,0,0,0,0
"45059",3,"92411",77,0,2007,3,"N","Laurens County, South Carolina","Local Government","Air, water, and waste program administration","County, NAICS 5-digit -- by ownership sector","All establishment sizes",1,0,0,0,0,0,0,0
"45059",3,"92411",77,0,2007,4,"N","Laurens County, South Carolina","Local Government","Air, water, and waste program administration","County, NAICS 5-digit -- by ownership sector","All establishment sizes",1,0,0,0,0,0,0,0
"45059",3,924110,78,0,2007,1,"N","Laurens County, South Carolina","Local Government","Air, water, and waste program administration","County, NAICS 6-digit -- by ownership sector","All establishment sizes",1,0,0,0,0,0,0,0
"45059",3,"924110",78,0,2007,2,"N","Laurens County, South Carolina","Local Government","Air, water, and waste program administration","County, NAICS 6-digit -- by ownership sector","All establishment sizes",1,0,0,0,0,0,0,0
"45059",3,"924110",78,0,2007,3,"N","Laurens County, South Carolina","Local Government","Air, water, and waste program administration","County, NAICS 6-digit -- by ownership sector","All establishment sizes",1,0,0,0,0,0,0,0
"45059",3,"924110",78,0,2007,4,"N","Laurens County, South Carolina","Local Government","Air, water, and waste program administration","County, NAICS 6-digit -- by ownership sector","All establishment sizes",1,0,0,0,0,0,0,0
"45059",3,926,75,0,2007,1,"-","Laurens County, South Carolina","Local Government","Administration of economic programs","County, NAICS 3-digit -- by ownership sector","All establishment sizes",0,0,0,0,0,0,0,0
"45059",3,"926",75,0,2007,2,"-","Laurens County, South Carolina","Local Government","Administration of economic programs","County, NAICS 3-digit -- by ownership sector","All establishment sizes",0,0,0,0,0,0,0,0
"45059",3,"926",75,0,2007,3,"N","Laurens County, South Carolina","Local Government","Administration of economic programs","County, NAICS 3-digit -- by ownership sector","All establishment sizes",1,0,0,0,0,0,0,0
"45059",3,"926",75,0,2007,4,"N","Laurens County, South Carolina","Local Government","Administration of economic programs","County, NAICS 3-digit -- by ownership sector","All establishment sizes",1,0,0,0,0,0,0,0
"45059",3,9261,76,0,2007,1,"-","Laurens County, South Carolina","Local Government","Administration of economic programs","County, NAICS 4-digit -- by ownership sector","All establishment sizes",0,0,0,0,0,0,0,0
"45059",3,"9261",76,0,2007,2,"-","Laurens County, South Carolina","Local Government","Administration of economic programs","County, NAICS 4-digit -- by ownership sector","All establishment sizes",0,0,0,0,0,0,0,0
"45059",3,"9261",76,0,2007,3,"N","Laurens County, South Carolina","Local Government","Administration of economic programs","County, NAICS 4-digit -- by ownership sector","All establishment sizes",1,0,0,0,0,0,0,0
"45059",3,"9261",76,0,2007,4,"N","Laurens County, South Carolina","Local Government","Administration of economic programs","County, NAICS 4-digit -- by ownership sector","All establishment sizes",1,0,0,0,0,0,0,0
"45059",3,92611,77,0,2007,1,"-","Laurens County, South Carolina","Local Government","Administration of general economic programs","County, NAICS 5-digit -- by ownership sector","All establishment sizes",0,0,0,0,0,0,0,0
"45059",3,"92611",77,0,2007,2,"-","Laurens County, South Carolina","Local Government","Administration of general economic programs","County, NAICS 5-digit -- by ownership sector","All establishment sizes",0,0,0,0,0,0,0,0
"45059",3,"92611",77,0,2007,3,"N","Laurens County, South Carolina","Local Government","Administration of general economic programs","County, NAICS 5-digit -- by ownership sector","All establishment sizes",1,0,0,0,0,0,0,0
"45059",3,"92611",77,0,2007,4,"N","Laurens County, South Carolina","Local Government","Administration of general economic programs","County, NAICS 5-digit -- by ownership sector","All establishment sizes",1,0,0,0,0,0,0,0
"45059",3,926110,78,0,2007,1,"-","Laurens County, South Carolina","Local Government","Administration of general economic programs","County, NAICS 6-digit -- by ownership sector","All establishment sizes",0,0,0,0,0,0,0,0
"45059",3,"926110",78,0,2007,2,"-","Laurens County, South Carolina","Local Government","Administration of general economic programs","County, NAICS 6-digit -- by ownership sector","All establishment sizes",0,0,0,0,0,0,0,0
"45059",3,"926110",78,0,2007,3,"N","Laurens County, South Carolina","Local Government","Administration of general economic programs","County, NAICS 6-digit -- by ownership sector","All establishment sizes",1,0,0,0,0,0,0,0
"45059",3,"926110",78,0,2007,4,"N","Laurens County, South Carolina","Local Government","Administration of general economic programs","County, NAICS 6-digit -- by ownership sector","All establishment sizes",1,0,0,0,0,0,0,0
"45059",5,10,71,0,2007,1,"","Laurens County, South Carolina","Private","Total, all industries","County, Total -- by ownership sector","All establishment sizes",835,14561,14656,14989,115369027,71773424,1553929,602
"45059",5,"10",71,0,2007,2,"","Laurens County, South Carolina","Private","Total, all industries","County, Total -- by ownership sector","All establishment sizes",829,14990,15030,14907,112512598,23246207,521718,578
"45059",5,"10",71,0,2007,3,"","Laurens County, South Carolina","Private","Total, all industries","County, Total -- by ownership sector","All establishment sizes",825,14556,14485,14349,122333477,13036211,304855,651
"45059",5,"10",71,0,2007,4,"","Laurens County, South Carolina","Private","Total, all industries","County, Total -- by ownership sector","All establishment sizes",829,14314,14274,14474,117453272,11190437,262646,629
"45059",5,101,72,0,2007,1,"","Laurens County, South Carolina","Private","Goods-Producing","County, by Domain -- by ownership sector","All establishment sizes",176,5467,5511,5560,56760047,33667272,795535,792
"45059",5,"101",72,0,2007,2,"","Laurens County, South Carolina","Private","Goods-Producing","County, by Domain -- by ownership sector","All establishment sizes",174,5477,5546,5542,52098524,6480279,171230,726
"45059",5,"101",72,0,2007,3,"","Laurens County, South Carolina","Private","Goods-Producing","County, by Domain -- by ownership sector","All establishment sizes",175,5351,5338,5345,64790957,3174540,80346,933
"45059",5,"101",72,0,2007,4,"","Laurens County, South Carolina","Private","Goods-Producing","County, by Domain -- by ownership sector","All establishment sizes",178,5393,5375,5416,54824328,2894699,75345,782
"45059",5,1011,73,0,2007,1,"","Laurens County, South Carolina","Private","Natural Resources and Mining","County, by Supersector -- by ownership sector","All establishment sizes",11,87,85,85,742702,516172,11566,667
"45059",5,"1011",73,0,2007,2,"","Laurens County, South Carolina","Private","Natural Resources and Mining","County, by Supersector -- by ownership sector","All establishment sizes",11,94,94,94,748619,109233,2675,613
"45059",5,"1011",73,0,2007,3,"","Laurens County, South Carolina","Private","Natural Resources and Mining","County, by Supersector -- by ownership sector","All establishment sizes",13,98,95,96,751802,86991,2363,600
"45059",5,"1011",73,0,2007,4,"","Laurens County, South Carolina","Private","Natural Resources and Mining","County, by Supersector -- by ownership sector","All establishment sizes",15,94,95,98,768636,69321,1937,618
"45059",5,1012,73,0,2007,1,"","Laurens County, South Carolina","Private","Construction","County, by Supersector -- by ownership sector","All establishment sizes",82,601,596,625,6467635,3650031,95583,819
"45059",5,"1012",73,0,2007,2,"","Laurens County, South Carolina","Private","Construction","County, by Supersector -- by ownership sector","All establishment sizes",80,610,623,632,6635722,898774,28598,821
"45059",5,"1012",73,0,2007,3,"","Laurens County, South Carolina","Private","Construction","County, by Supersector -- by ownership sector","All establishment sizes",82,644,656,657,6687726,536062,14690,789
"45059",5,"1012",73,0,2007,4,"","Laurens County, South Carolina","Private","Construction","County, by Supersector -- by ownership sector","All establishment sizes",83,640,657,647,7534926,461221,12248,894
"45059",5,1013,73,0,2007,1,"","Laurens County, South Carolina","Private","Manufacturing","County, by Supersector -- by ownership sector","All establishment sizes",83,4779,4830,4850,49549710,29501069,688386,791
"45059",5,"1013",73,0,2007,2,"","Laurens County, South Carolina","Private","Manufacturing","County, by Supersector -- by ownership sector","All establishment sizes",83,4773,4829,4816,44714183,5472272,139957,716
"45059",5,"1013",73,0,2007,3,"","Laurens County, South Carolina","Private","Manufacturing","County, by Supersector -- by ownership sector","All establishment sizes",80,4609,4587,4592,57351429,2551487,63293,960
"45059",5,"1013",73,0,2007,4,"","Laurens County, South Carolina","Private","Manufacturing","County, by Supersector -- by ownership sector","All establishment sizes",80,4659,4623,4671,46520766,2364157,61160,769
"45059",5,102,72,0,2007,1,"","Laurens County, South Carolina","Private","Service-Providing","County, by Domain -- by ownership sector","All establishment sizes",659,9094,9145,9429,58608980,38106152,758394,489
"45059",5,"102",72,0,2007,2,"","Laurens County, South Carolina","Private","Service-Providing","County, by Domain -- by ownership sector","All establishment sizes",655,9513,9484,9365,60414074,16765928,350488,492
"45059",5,"102",72,0,2007,3,"","Laurens County, South Carolina","Private","Service-Providing","County, by Domain -- by ownership sector","All establishment sizes",650,9205,9147,9004,57542520,9861671,224509,485
"45059",5,"102",72,0,2007,4,"","Laurens County, South Carolina","Private","Service-Providing","County, by Domain -- by ownership sector","All establishment sizes",651,8921,8899,9058,62628944,8295738,187301,538
"45059",5,1021,73,0,2007,1,"","Laurens County, South Carolina","Private","Trade, Transportation, and Utilities","County, by Supersector -- by ownership sector","All establishment sizes",231,3318,3285,3456,24579259,18271010,308260,564
"45059",5,"1021",73,0,2007,2,"","Laurens County, South Carolina","Private","Trade, Transportation, and Utilities","County, by Supersector -- by ownership sector","All establishment sizes",235,3387,3431,3388,26314491,7548908,117890,595
"45059",5,"1021",73,0,2007,3,"","Laurens County, South Carolina","Private","Trade, Transportation, and Utilities","County, by Supersector -- by ownership sector","All establishment sizes",232,3435,3357,3363,23815066,3721868,69286,541
"45059",5,"1021",73,0,2007,4,"","Laurens County, South Carolina","Private","Trade, Transportation, and Utilities","County, by Supersector -- by ownership sector","All establishment sizes",234,3414,3444,3445,28391029,3276135,56793,636
"45059",5,1022,73,0,2007,1,"","Laurens County, South Carolina","Private","Information","County, by Supersector -- by ownership sector","All establishment sizes",14,296,297,298,3075915,1919937,33590,797
"45059",5,"1022",73,0,2007,2,"","Laurens County, South Carolina","Private","Information","County, by Supersector -- by ownership sector","All establishment sizes",14,297,301,304,3261942,301579,5376,835
"45059",5,"1022",73,0,2007,3,"","Laurens County, South Carolina","Private","Information","County, by Supersector -- by ownership sector","All establishment sizes",14,313,311,316,3275363,216110,4159,804
"45059",5,"1022",73,0,2007,4,"","Laurens County, South Carolina","Private","Information","County, by Supersector -- by ownership sector","All establishment sizes",14,313,318,321,3493895,133687,2295,847
"45059",5,1023,73,0,2007,1,"","Laurens County, South Carolina","Private","Financial Activities","County, by Supersector -- by ownership sector","All establishment sizes",83,336,336,344,2842494,1746040,28049,646
"45059",5,"1023",73,0,2007,2,"","Laurens County, South Carolina","Private","Financial Activities","County, by Supersector -- by ownership sector","All establishment sizes",84,345,345,336,2539082,387282,6669,571
"45059",5,"1023",73,0,2007,3,"","Laurens County, South Carolina","Private","Financial Activities","County, by Supersector -- by ownership sector","All establishment sizes",82,324,334,335,2594953,246339,4335,603
"45059",5,"1023",73,0,2007,4,"","Laurens County, South Carolina","Private","Financial Activities","County, by Supersector -- by ownership sector","All establishment sizes",84,330,324,331,2655871,286285,6103,622
"45059",5,1024,73,0,2007,1,"","Laurens County, South Carolina","Private","Professional and Business Services","County, by Supersector -- by ownership sector","All establishment sizes",75,1450,1520,1610,9184258,6817371,230698,463
"45059",5,"1024",73,0,2007,2,"","Laurens County, South Carolina","Private","Professional and Business Services","County, by Supersector -- by ownership sector","All establishment sizes",72,1765,1710,1668,8802622,3804259,142604,395
"45059",5,"1024",73,0,2007,3,"","Laurens County, South Carolina","Private","Professional and Business Services","County, by Supersector -- by ownership sector","All establishment sizes",71,1475,1523,1373,8196204,2688718,95242,433
"45059",5,"1024",73,0,2007,4,"","Laurens County, South Carolina","Private","Professional and Business Services","County, by Supersector -- by ownership sector","All establishment sizes",72,1293,1344,1486,7917166,2195302,81157,443
"45059",5,1025,73,0,2007,1,"","Laurens County, South Carolina","Private","Education and Health Services","County, by Supersector -- by ownership sector","All establishment sizes",75,1965,1952,1963,13527751,4578795,68214,531
"45059",5,"1025",73,0,2007,2,"","Laurens County, South Carolina","Private","Education and Health Services","County, by Supersector -- by ownership sector","All establishment sizes",74,1920,1896,1872,13974023,1625399,22599,567
"45059",5,"1025",73,0,2007,3,"","Laurens County, South Carolina","Private","Education and Health Services","County, by Supersector -- by ownership sector","All establishment sizes",75,1889,1875,1928,14206443,881734,12827,576
"45059",5,"1025",73,0,2007,4,"","Laurens County, South Carolina","Private","Education and Health Services","County, by Supersector -- by ownership sector","All establishment sizes",75,1900,1888,1893,14729322,818970,11769,598
"45059",5,1026,73,0,2007,1,"","Laurens County, South Carolina","Private","Leisure and Hospitality","County, by Supersector -- by ownership sector","All establishment sizes",84,1317,1335,1344,3388161,3120214,57994,196
"45059",5,"1026",73,0,2007,2,"","Laurens County, South Carolina","Private","Leisure and Hospitality","County, by Supersector -- by ownership sector","All establishment sizes",84,1413,1387,1384,3542068,2477857,44033,195
"45059",5,"1026",73,0,2007,3,"","Laurens County, South Carolina","Private","Leisure and Hospitality","County, by Supersector -- by ownership sector","All establishment sizes",84,1358,1345,1298,3445382,1723930,29886,199
"45059",5,"1026",73,0,2007,4,"","Laurens County, South Carolina","Private","Leisure and Hospitality","County, by Supersector -- by ownership sector","All establishment sizes",80,1277,1188,1185,3388222,1325055,23816,214
"45059",5,1027,73,0,2007,1,"","Laurens County, South Carolina","Private","Other Services","County, by Supersector -- by ownership sector","All establishment sizes",87,376,381,378,1819238,1503033,27264,370
"45059",5,"1027",73,0,2007,2,"","Laurens County, South Carolina","Private","Other Services","County, by Supersector -- by ownership sector","All establishment sizes",88,376,404,402,1880618,604559,10825,367
"45059",5,"1027",73,0,2007,3,"","Laurens County, South Carolina","Private","Other Services","County, by Supersector -- by ownership sector","All establishment sizes",91,410,401,390,2002609,382972,8774,385
"45059",5,"1027",73,0,2007,4,"","Laurens County, South Carolina","Private","Other Services","County, by Supersector -- by ownership sector","All establishment sizes",91,393,391,395,2044410,257775,5337,400
"45059",5,1029,73,0,2007,1,"","Laurens County, South Carolina","Private","Unclassified","County, by Supersector -- by ownership sector","All establishment sizes",10,36,39,36,191904,149752,4325,399
"45059",5,"1029",73,0,2007,2,"","Laurens County, South Carolina","Private","Unclassified","County, by Supersector -- by ownership sector","All establishment sizes",4,10,10,11,99228,16085,492,739
"45059",5,"1029",73,0,2007,3,"","Laurens County, South Carolina","Private","Unclassified","County, by Supersector -- by ownership sector","All establishment sizes",1,1,1,1,6500,0,0,500
"45059",5,"1029",73,0,2007,4,"","Laurens County, South Carolina","Private","Unclassified","County, by Supersector -- by ownership sector","All establishment sizes",1,1,2,2,9029,2529,31,417
"45059",5,11,74,0,2007,1,"N","Laurens County, South Carolina","Private","Agriculture, forestry, fishing and hunting","County, NAICS Sector -- by ownership sector","All establishment sizes",10,0,0,0,0,0,0,0
"45059",5,"11",74,0,2007,2,"N","Laurens County, South Carolina","Private","Agriculture, forestry, fishing and hunting","County, NAICS Sector -- by ownership sector","All establishment sizes",10,0,0,0,0,0,0,0
"45059",5,"11",74,0,2007,3,"N","Laurens County, South Carolina","Private","Agriculture, forestry, fishing and hunting","County, NAICS Sector -- by ownership sector","All establishment sizes",11,0,0,0,0,0,0,0
"45059",5,"11",74,0,2007,4,"N","Laurens County, South Carolina","Private","Agriculture, forestry, fishing and hunting","County, NAICS Sector -- by ownership sector","All establishment sizes",13,0,0,0,0,0,0,0
"45059",5,111,75,0,2007,1,"N","Laurens County, South Carolina","Private","Crop production","County, NAICS 3-digit -- by ownership sector","All establishment sizes",1,0,0,0,0,0,0,0
"45059",5,"111",75,0,2007,2,"N","Laurens County, South Carolina","Private","Crop production","County, NAICS 3-digit -- by ownership sector","All establishment sizes",1,0,0,0,0,0,0,0
"45059",5,"111",75,0,2007,3,"N","Laurens County, South Carolina","Private","Crop production","County, NAICS 3-digit -- by ownership sector","All establishment sizes",1,0,0,0,0,0,0,0
"45059",5,"111",75,0,2007,4,"N","Laurens County, South Carolina","Private","Crop production","County, NAICS 3-digit -- by ownership sector","All establishment sizes",1,0,0,0,0,0,0,0
"45059",5,1114,76,0,2007,1,"N","Laurens County, South Carolina","Private","Greenhouse and nursery production","County, NAICS 4-digit -- by ownership sector","All establishment sizes",1,0,0,0,0,0,0,0
"45059",5,"1114",76,0,2007,2,"N","Laurens County, South Carolina","Private","Greenhouse and nursery production","County, NAICS 4-digit -- by ownership sector","All establishment sizes",1,0,0,0,0,0,0,0
"45059",5,"1114",76,0,2007,3,"N","Laurens County, South Carolina","Private","Greenhouse and nursery production","County, NAICS 4-digit -- by ownership sector","All establishment sizes",1,0,0,0,0,0,0,0
"45059",5,"1114",76,0,2007,4,"N","Laurens County, South Carolina","Private","Greenhouse and nursery production","County, NAICS 4-digit -- by ownership sector","All establishment sizes",1,0,0,0,0,0,0,0
"45059",5,11142,77,0,2007,1,"N","Laurens County, South Carolina","Private","Nursery and floriculture production","County, NAICS 5-digit -- by ownership sector","All establishment sizes",1,0,0,0,0,0,0,0
"45059",5,"11142",77,0,2007,2,"N","Laurens County, South Carolina","Private","Nursery and floriculture production","County, NAICS 5-digit -- by ownership sector","All establishment sizes",1,0,0,0,0,0,0,0
"45059",5,"11142",77,0,2007,3,"N","Laurens County, South Carolina","Private","Nursery and floriculture production","County, NAICS 5-digit -- by ownership sector","All establishment sizes",1,0,0,0,0,0,0,0
"45059",5,"11142",77,0,2007,4,"N","Laurens County, South Carolina","Private","Nursery and floriculture production","County, NAICS 5-digit -- by ownership sector","All establishment sizes",1,0,0,0,0,0,0,0
"45059",5,111421,78,0,2007,1,"N","Laurens County, South Carolina","Private","Nursery and tree production","County, NAICS 6-digit -- by ownership sector","All establishment sizes",1,0,0,0,0,0,0,0
"45059",5,"111421",78,0,2007,2,"N","Laurens County, South Carolina","Private","Nursery and tree production","County, NAICS 6-digit -- by ownership sector","All establishment sizes",1,0,0,0,0,0,0,0
"45059",5,"111421",78,0,2007,3,"N","Laurens County, South Carolina","Private","Nursery and tree production","County, NAICS 6-digit -- by ownership sector","All establishment sizes",1,0,0,0,0,0,0,0
"45059",5,"111421",78,0,2007,4,"N","Laurens County, South Carolina","Private","Nursery and tree production","County, NAICS 6-digit -- by ownership sector","All establishment sizes",1,0,0,0,0,0,0,0
"45059",5,112,75,0,2007,1,"N","Laurens County, South Carolina","Private","Animal production","County, NAICS 3-digit -- by ownership sector","All establishment sizes",1,0,0,0,0,0,0,0
"45059",5,"112",75,0,2007,2,"N","Laurens County, South Carolina","Private","Animal production","County, NAICS 3-digit -- by ownership sector","All establishment sizes",1,0,0,0,0,0,0,0
"45059",5,"112",75,0,2007,3,"N","Laurens County, South Carolina","Private","Animal production","County, NAICS 3-digit -- by ownership sector","All establishment sizes",1,0,0,0,0,0,0,0
"45059",5,"112",75,0,2007,4,"N","Laurens County, South Carolina","Private","Animal production","County, NAICS 3-digit -- by ownership sector","All establishment sizes",1,0,0,0,0,0,0,0
"45059",5,1121,76,0,2007,1,"N","Laurens County, South Carolina","Private","Cattle ranching and farming","County, NAICS 4-digit -- by ownership sector","All establishment sizes",1,0,0,0,0,0,0,0
"45059",5,"1121",76,0,2007,2,"N","Laurens County, South Carolina","Private","Cattle ranching and farming","County, NAICS 4-digit -- by ownership sector","All establishment sizes",1,0,0,0,0,0,0,0
"45059",5,"1121",76,0,2007,3,"N","Laurens County, South Carolina","Private","Cattle ranching and farming","County, NAICS 4-digit -- by ownership sector","All establishment sizes",1,0,0,0,0,0,0,0
"45059",5,"1121",76,0,2007,4,"N","Laurens County, South Carolina","Private","Cattle ranching and farming","County, NAICS 4-digit -- by ownership sector","All establishment sizes",1,0,0,0,0,0,0,0
"45059",5,11212,77,0,2007,1,"N","Laurens County, South Carolina","Private","Dairy cattle and milk production","County, NAICS 5-digit -- by ownership sector","All establishment sizes",1,0,0,0,0,0,0,0
"45059",5,"11212",77,0,2007,2,"N","Laurens County, South Carolina","Private","Dairy cattle and milk production","County, NAICS 5-digit -- by ownership sector","All establishment sizes",1,0,0,0,0,0,0,0
"45059",5,"11212",77,0,2007,3,"N","Laurens County, South Carolina","Private","Dairy cattle and milk production","County, NAICS 5-digit -- by ownership sector","All establishment sizes",1,0,0,0,0,0,0,0
"45059",5,"11212",77,0,2007,4,"N","Laurens County, South Carolina","Private","Dairy cattle and milk production","County, NAICS 5-digit -- by ownership sector","All establishment sizes",1,0,0,0,0,0,0,0
"45059",5,112120,78,0,2007,1,"N","Laurens County, South Carolina","Private","Dairy cattle and milk production","County, NAICS 6-digit -- by ownership sector","All establishment sizes",1,0,0,0,0,0,0,0
"45059",5,"112120",78,0,2007,2,"N","Laurens County, South Carolina","Private","Dairy cattle and milk production","County, NAICS 6-digit -- by ownership sector","All establishment sizes",1,0,0,0,0,0,0,0
"45059",5,"112120",78,0,2007,3,"N","Laurens County, South Carolina","Private","Dairy cattle and milk production","County, NAICS 6-digit -- by ownership sector","All establishment sizes",1,0,0,0,0,0,0,0
"45059",5,"112120",78,0,2007,4,"N","Laurens County, South Carolina","Private","Dairy cattle and milk production","County, NAICS 6-digit -- by ownership sector","All establishment sizes",1,0,0,0,0,0,0,0
"45059",5,113,75,0,2007,1,"","Laurens County, South Carolina","Private","Forestry and logging","County, NAICS 3-digit -- by ownership sector","All establishment sizes",8,64,62,61,429169,373458,9796,530
"45059",5,"113",75,0,2007,2,"","Laurens County, South Carolina","Private","Forestry and logging","County, NAICS 3-digit -- by ownership sector","All establishment sizes",8,71,71,71,459236,90367,2441,498
"45059",5,"113",75,0,2007,3,"","Laurens County, South Carolina","Private","Forestry and logging","County, NAICS 3-digit -- by ownership sector","All establishment sizes",8,68,68,69,463208,77113,2173,521
"45059",5,"113",75,0,2007,4,"","Laurens County, South Carolina","Private","Forestry and logging","County, NAICS 3-digit -- by ownership sector","All establishment sizes",9,60,61,64,452806,61992,1727,565
"45059",5,1133,76,0,2007,1,"","Laurens County, South Carolina","Private","Logging","County, NAICS 4-digit -- by ownership sector","All establishment sizes",8,64,62,61,429169,373458,9796,530
"45059",5,"1133",76,0,2007,2,"","Laurens County, South Carolina","Private","Logging","County, NAICS 4-digit -- by ownership sector","All establishment sizes",8,71,71,71,459236,90367,2441,498
"45059",5,"1133",76,0,2007,3,"","Laurens County, South Carolina","Private","Logging","County, NAICS 4-digit -- by ownership sector","All establishment sizes",8,68,68,69,463208,77113,2173,521
"45059",5,"1133",76,0,2007,4,"","Laurens County, South Carolina","Private","Logging","County, NAICS 4-digit -- by ownership sector","All establishment sizes",9,60,61,64,452806,61992,1727,565
"45059",5,11331,77,0,2007,1,"","Laurens County, South Carolina","Private","Logging","County, NAICS 5-digit -- by ownership sector","All establishment sizes",8,64,62,61,429169,373458,9796,530
"45059",5,"11331",77,0,2007,2,"","Laurens County, South Carolina","Private","Logging","County, NAICS 5-digit -- by ownership sector","All establishment sizes",8,71,71,71,459236,90367,2441,498
"45059",5,"11331",77,0,2007,3,"","Laurens County, South Carolina","Private","Logging","County, NAICS 5-digit -- by ownership sector","All establishment sizes",8,68,68,69,463208,77113,2173,521
"45059",5,"11331",77,0,2007,4,"","Laurens County, South Carolina","Private","Logging","County, NAICS 5-digit -- by ownership sector","All establishment sizes",9,60,61,64,452806,61992,1727,565
"45059",5,113310,78,0,2007,1,"","Laurens County, South Carolina","Private","Logging","County, NAICS 6-digit -- by ownership sector","All establishment sizes",8,64,62,61,429169,373458,9796,530
"45059",5,"113310",78,0,2007,2,"","Laurens County, South Carolina","Private","Logging","County, NAICS 6-digit -- by ownership sector","All establishment sizes",8,71,71,71,459236,90367,2441,498
"45059",5,"113310",78,0,2007,3,"","Laurens County, South Carolina","Private","Logging","County, NAICS 6-digit -- by ownership sector","All establishment sizes",8,68,68,69,463208,77113,2173,521
"45059",5,"113310",78,0,2007,4,"","Laurens County, South Carolina","Private","Logging","County, NAICS 6-digit -- by ownership sector","All establishment sizes",9,60,61,64,452806,61992,1727,565
"45059",5,115,75,0,2007,1,"-","Laurens County, South Carolina","Private","Agriculture and forestry support activities","County, NAICS 3-digit -- by ownership sector","All establishment sizes",0,0,0,0,0,0,0,0
"45059",5,"115",75,0,2007,2,"-","Laurens County, South Carolina","Private","Agriculture and forestry support activities","County, NAICS 3-digit -- by ownership sector","All establishment sizes",0,0,0,0,0,0,0,0
"45059",5,"115",75,0,2007,3,"N","Laurens County, South Carolina","Private","Agriculture and forestry support activities","County, NAICS 3-digit -- by ownership sector","All establishment sizes",1,0,0,0,0,0,0,0
"45059",5,"115",75,0,2007,4,"N","Laurens County, South Carolina","Private","Agriculture and forestry support activities","County, NAICS 3-digit -- by ownership sector","All establishment sizes",2,0,0,0,0,0,0,0
"45059",5,1152,76,0,2007,1,"-","Laurens County, South Carolina","Private","Support activities for animal production","County, NAICS 4-digit -- by ownership sector","All establishment sizes",0,0,0,0,0,0,0,0
"45059",5,"1152",76,0,2007,2,"-","Laurens County, South Carolina","Private","Support activities for animal production","County, NAICS 4-digit -- by ownership sector","All establishment sizes",0,0,0,0,0,0,0,0
"45059",5,"1152",76,0,2007,3,"-","Laurens County, South Carolina","Private","Support activities for animal production","County, NAICS 4-digit -- by ownership sector","All establishment sizes",0,0,0,0,0,0,0,0
"45059",5,"1152",76,0,2007,4,"N","Laurens County, South Carolina","Private","Support activities for animal production","County, NAICS 4-digit -- by ownership sector","All establishment sizes",1,0,0,0,0,0,0,0
"45059",5,11521,77,0,2007,1,"-","Laurens County, South Carolina","Private","Support activities for animal production","County, NAICS 5-digit -- by ownership sector","All establishment sizes",0,0,0,0,0,0,0,0
"45059",5,"11521",77,0,2007,2,"-","Laurens County, South Carolina","Private","Support activities for animal production","County, NAICS 5-digit -- by ownership sector","All establishment sizes",0,0,0,0,0,0,0,0
"45059",5,"11521",77,0,2007,3,"-","Laurens County, South Carolina","Private","Support activities for animal production","County, NAICS 5-digit -- by ownership sector","All establishment sizes",0,0,0,0,0,0,0,0
"45059",5,"11521",77,0,2007,4,"N","Laurens County, South Carolina","Private","Support activities for animal production","County, NAICS 5-digit -- by ownership sector","All establishment sizes",1,0,0,0,0,0,0,0
"45059",5,115210,78,0,2007,1,"-","Laurens County, South Carolina","Private","Support activities for animal production","County, NAICS 6-digit -- by ownership sector","All establishment sizes",0,0,0,0,0,0,0,0
"45059",5,"115210",78,0,2007,2,"-","Laurens County, South Carolina","Private","Support activities for animal production","County, NAICS 6-digit -- by ownership sector","All establishment sizes",0,0,0,0,0,0,0,0
"45059",5,"115210",78,0,2007,3,"-","Laurens County, South Carolina","Private","Support activities for animal production","County, NAICS 6-digit -- by ownership sector","All establishment sizes",0,0,0,0,0,0,0,0
"45059",5,"115210",78,0,2007,4,"N","Laurens County, South Carolina","Private","Support activities for animal production","County, NAICS 6-digit -- by ownership sector","All establishment sizes",1,0,0,0,0,0,0,0
"45059",5,1153,76,0,2007,1,"-","Laurens County, South Carolina","Private","Support activities for forestry","County, NAICS 4-digit -- by ownership sector","All establishment sizes",0,0,0,0,0,0,0,0
"45059",5,"1153",76,0,2007,2,"-","Laurens County, South Carolina","Private","Support activities for forestry","County, NAICS 4-digit -- by ownership sector","All establishment sizes",0,0,0,0,0,0,0,0
"45059",5,"1153",76,0,2007,3,"N","Laurens County, South Carolina","Private","Support activities for forestry","County, NAICS 4-digit -- by ownership sector","All establishment sizes",1,0,0,0,0,0,0,0
"45059",5,"1153",76,0,2007,4,"N","Laurens County, South Carolina","Private","Support activities for forestry","County, NAICS 4-digit -- by ownership sector","All establishment sizes",1,0,0,0,0,0,0,0
"45059",5,11531,77,0,2007,1,"-","Laurens County, South Carolina","Private","Support activities for forestry","County, NAICS 5-digit -- by ownership sector","All establishment sizes",0,0,0,0,0,0,0,0
"45059",5,"11531",77,0,2007,2,"-","Laurens County, South Carolina","Private","Support activities for forestry","County, NAICS 5-digit -- by ownership sector","All establishment sizes",0,0,0,0,0,0,0,0
"45059",5,"11531",77,0,2007,3,"N","Laurens County, South Carolina","Private","Support activities for forestry","County, NAICS 5-digit -- by ownership sector","All establishment sizes",1,0,0,0,0,0,0,0
"45059",5,"11531",77,0,2007,4,"N","Laurens County, South Carolina","Private","Support activities for forestry","County, NAICS 5-digit -- by ownership sector","All establishment sizes",1,0,0,0,0,0,0,0
"45059",5,115310,78,0,2007,1,"-","Laurens County, South Carolina","Private","Support activities for forestry","County, NAICS 6-digit -- by ownership sector","All establishment sizes",0,0,0,0,0,0,0,0
"45059",5,"115310",78,0,2007,2,"-","Laurens County, South Carolina","Private","Support activities for forestry","County, NAICS 6-digit -- by ownership sector","All establishment sizes",0,0,0,0,0,0,0,0
"45059",5,"115310",78,0,2007,3,"N","Laurens County, South Carolina","Private","Support activities for forestry","County, NAICS 6-digit -- by ownership sector","All establishment sizes",1,0,0,0,0,0,0,0
"45059",5,"115310",78,0,2007,4,"N","Laurens County, South Carolina","Private","Support activities for forestry","County, NAICS 6-digit -- by ownership sector","All establishment sizes",1,0,0,0,0,0,0,0
"45059",5,21,74,0,2007,1,"N","Laurens County, South Carolina","Private","Mining, quarrying, and oil and gas extraction","County, NAICS Sector -- by ownership sector","All establishment sizes",1,0,0,0,0,0,0,0
"45059",5,"21",74,0,2007,2,"N","Laurens County, South Carolina","Private","Mining, quarrying, and oil and gas extraction","County, NAICS Sector -- by ownership sector","All establishment sizes",1,0,0,0,0,0,0,0
"45059",5,"21",74,0,2007,3,"N","Laurens County, South Carolina","Private","Mining, quarrying, and oil and gas extraction","County, NAICS Sector -- by ownership sector","All establishment sizes",2,0,0,0,0,0,0,0
"45059",5,"21",74,0,2007,4,"N","Laurens County, South Carolina","Private","Mining, quarrying, and oil and gas extraction","County, NAICS Sector -- by ownership sector","All establishment sizes",2,0,0,0,0,0,0,0
"45059",5,212,75,0,2007,1,"N","Laurens County, South Carolina","Private","Mining, except oil and gas","County, NAICS 3-digit -- by ownership sector","All establishment sizes",1,0,0,0,0,0,0,0
"45059",5,"212",75,0,2007,2,"N","Laurens County, South Carolina","Private","Mining, except oil and gas","County, NAICS 3-digit -- by ownership sector","All establishment sizes",1,0,0,0,0,0,0,0
"45059",5,"212",75,0,2007,3,"N","Laurens County, South Carolina","Private","Mining, except oil and gas","County, NAICS 3-digit -- by ownership sector","All establishment sizes",2,0,0,0,0,0,0,0
"45059",5,"212",75,0,2007,4,"N","Laurens County, South Carolina","Private","Mining, except oil and gas","County, NAICS 3-digit -- by ownership sector","All establishment sizes",2,0,0,0,0,0,0,0
"45059",5,2123,76,0,2007,1,"N","Laurens County, South Carolina","Private","Nonmetallic mineral mining and quarrying","County, NAICS 4-digit -- by ownership sector","All establishment sizes",1,0,0,0,0,0,0,0
"45059",5,"2123",76,0,2007,2,"N","Laurens County, South Carolina","Private","Nonmetallic mineral mining and quarrying","County, NAICS 4-digit -- by ownership sector","All establishment sizes",1,0,0,0,0,0,0,0
"45059",5,"2123",76,0,2007,3,"N","Laurens County, South Carolina","Private","Nonmetallic mineral mining and quarrying","County, NAICS 4-digit -- by ownership sector","All establishment sizes",2,0,0,0,0,0,0,0
"45059",5,"2123",76,0,2007,4,"N","Laurens County, South Carolina","Private","Nonmetallic mineral mining and quarrying","County, NAICS 4-digit -- by ownership sector","All establishment sizes",2,0,0,0,0,0,0,0
"45059",5,21231,77,0,2007,1,"N","Laurens County, South Carolina","Private","Stone mining and quarrying","County, NAICS 5-digit -- by ownership sector","All establishment sizes",1,0,0,0,0,0,0,0
"45059",5,"21231",77,0,2007,2,"N","Laurens County, South Carolina","Private","Stone mining and quarrying","County, NAICS 5-digit -- by ownership sector","All establishment sizes",1,0,0,0,0,0,0,0
"45059",5,"21231",77,0,2007,3,"N","Laurens County, South Carolina","Private","Stone mining and quarrying","County, NAICS 5-digit -- by ownership sector","All establishment sizes",2,0,0,0,0,0,0,0
"45059",5,"21231",77,0,2007,4,"N","Laurens County, South Carolina","Private","Stone mining and quarrying","County, NAICS 5-digit -- by ownership sector","All establishment sizes",2,0,0,0,0,0,0,0
"45059",5,212313,78,0,2007,1,"N","Laurens County, South Carolina","Private","Crushed and broken granite mining","County, NAICS 6-digit -- by ownership sector","All establishment sizes",1,0,0,0,0,0,0,0
"45059",5,"212313",78,0,2007,2,"N","Laurens County, South Carolina","Private","Crushed and broken granite mining","County, NAICS 6-digit -- by ownership sector","All establishment sizes",1,0,0,0,0,0,0,0
"45059",5,"212313",78,0,2007,3,"N","Laurens County, South Carolina","Private","Crushed and broken granite mining","County, NAICS 6-digit -- by ownership sector","All establishment sizes",1,0,0,0,0,0,0,0
"45059",5,"212313",78,0,2007,4,"N","Laurens County, South Carolina","Private","Crushed and broken granite mining","County, NAICS 6-digit -- by ownership sector","All establishment sizes",1,0,0,0,0,0,0,0
"45059",5,212319,78,0,2007,1,"-","Laurens County, South Carolina","Private","Other crushed and broken stone mining","County, NAICS 6-digit -- by ownership sector","All establishment sizes",0,0,0,0,0,0,0,0
"45059",5,"212319",78,0,2007,2,"-","Laurens County, South Carolina","Private","Other crushed and broken stone mining","County, NAICS 6-digit -- by ownership sector","All establishment sizes",0,0,0,0,0,0,0,0
"45059",5,"212319",78,0,2007,3,"N","Laurens County, South Carolina","Private","Other crushed and broken stone mining","County, NAICS 6-digit -- by ownership sector","All establishment sizes",1,0,0,0,0,0,0,0
"45059",5,"212319",78,0,2007,4,"N","Laurens County, South Carolina","Private","Other crushed and broken stone mining","County, NAICS 6-digit -- by ownership sector","All establishment sizes",1,0,0,0,0,0,0,0
"45059",5,22,74,0,2007,1,"N","Laurens County, South Carolina","Private","Utilities","County, NAICS Sector -- by ownership sector","All establishment sizes",3,0,0,0,0,0,0,0
"45059",5,"22",74,0,2007,2,"N","Laurens County, South Carolina","Private","Utilities","County, NAICS Sector -- by ownership sector","All establishment sizes",3,0,0,0,0,0,0,0
"45059",5,"22",74,0,2007,3,"N","Laurens County, South Carolina","Private","Utilities","County, NAICS Sector -- by ownership sector","All establishment sizes",3,0,0,0,0,0,0,0
"45059",5,"22",74,0,2007,4,"N","Laurens County, South Carolina","Private","Utilities","County, NAICS Sector -- by ownership sector","All establishment sizes",3,0,0,0,0,0,0,0
"45059",5,221,75,0,2007,1,"N","Laurens County, South Carolina","Private","Utilities","County, NAICS 3-digit -- by ownership sector","All establishment sizes",3,0,0,0,0,0,0,0
"45059",5,"221",75,0,2007,2,"N","Laurens County, South Carolina","Private","Utilities","County, NAICS 3-digit -- by ownership sector","All establishment sizes",3,0,0,0,0,0,0,0
"45059",5,"221",75,0,2007,3,"N","Laurens County, South Carolina","Private","Utilities","County, NAICS 3-digit -- by ownership sector","All establishment sizes",3,0,0,0,0,0,0,0
"45059",5,"221",75,0,2007,4,"N","Laurens County, South Carolina","Private","Utilities","County, NAICS 3-digit -- by ownership sector","All establishment sizes",3,0,0,0,0,0,0,0
"45059",5,2211,76,0,2007,1,"N","Laurens County, South Carolina","Private","Power generation and supply","County, NAICS 4-digit -- by ownership sector","All establishment sizes",3,0,0,0,0,0,0,0
"45059",5,"2211",76,0,2007,2,"N","Laurens County, South Carolina","Private","Power generation and supply","County, NAICS 4-digit -- by ownership sector","All establishment sizes",3,0,0,0,0,0,0,0
"45059",5,"2211",76,0,2007,3,"N","Laurens County, South Carolina","Private","Power generation and supply","County, NAICS 4-digit -- by ownership sector","All establishment sizes",3,0,0,0,0,0,0,0
"45059",5,"2211",76,0,2007,4,"N","Laurens County, South Carolina","Private","Power generation and supply","County, NAICS 4-digit -- by ownership sector","All establishment sizes",3,0,0,0,0,0,0,0
"45059",5,22112,77,0,2007,1,"N","Laurens County, South Carolina","Private","Electric power transmission and distribution","County, NAICS 5-digit -- by ownership sector","All establishment sizes",3,0,0,0,0,0,0,0
"45059",5,"22112",77,0,2007,2,"N","Laurens County, South Carolina","Private","Electric power transmission and distribution","County, NAICS 5-digit -- by ownership sector","All establishment sizes",3,0,0,0,0,0,0,0
"45059",5,"22112",77,0,2007,3,"N","Laurens County, South Carolina","Private","Electric power transmission and distribution","County, NAICS 5-digit -- by ownership sector","All establishment sizes",3,0,0,0,0,0,0,0
"45059",5,"22112",77,0,2007,4,"N","Laurens County, South Carolina","Private","Electric power transmission and distribution","County, NAICS 5-digit -- by ownership sector","All establishment sizes",3,0,0,0,0,0,0,0
"45059",5,221122,78,0,2007,1,"N","Laurens County, South Carolina","Private","Electric power distribution","County, NAICS 6-digit -- by ownership sector","All establishment sizes",3,0,0,0,0,0,0,0
"45059",5,"221122",78,0,2007,2,"N","Laurens County, South Carolina","Private","Electric power distribution","County, NAICS 6-digit -- by ownership sector","All establishment sizes",3,0,0,0,0,0,0,0
"45059",5,"221122",78,0,2007,3,"N","Laurens County, South Carolina","Private","Electric power distribution","County, NAICS 6-digit -- by ownership sector","All establishment sizes",3,0,0,0,0,0,0,0
"45059",5,"221122",78,0,2007,4,"N","Laurens County, South Carolina","Private","Electric power distribution","County, NAICS 6-digit -- by ownership sector","All establishment sizes",3,0,0,0,0,0,0,0
"45059",5,23,74,0,2007,1,"","Laurens County, South Carolina","Private","Construction","County, NAICS Sector -- by ownership sector","All establishment sizes",82,601,596,625,6467635,3650031,95583,819
"45059",5,"23",74,0,2007,2,"","Laurens County, South Carolina","Private","Construction","County, NAICS Sector -- by ownership sector","All establishment sizes",80,610,623,632,6635722,898774,28598,821
"45059",5,"23",74,0,2007,3,"","Laurens County, South Carolina","Private","Construction","County, NAICS Sector -- by ownership sector","All establishment sizes",82,644,656,657,6687726,536062,14690,789
"45059",5,"23",74,0,2007,4,"","Laurens County, South Carolina","Private","Construction","County, NAICS Sector -- by ownership sector","All establishment sizes",83,640,657,647,7534926,461221,12248,894
"45059",5,236,75,0,2007,1,"","Laurens County, South Carolina","Private","Construction of buildings","County, NAICS 3-digit -- by ownership sector","All establishment sizes",19,145,146,152,2708694,976525,31184,1411
"45059",5,"236",75,0,2007,2,"","Laurens County, South Carolina","Private","Construction of buildings","County, NAICS 3-digit -- by ownership sector","All establishment sizes",17,150,150,151,2678123,141482,4788,1370
"45059",5,"236",75,0,2007,3,"","Laurens County, South Carolina","Private","Construction of buildings","County, NAICS 3-digit -- by ownership sector","All establishment sizes",15,154,155,154,2514401,71374,1985,1253
"45059",5,"236",75,0,2007,4,"","Laurens County, South Carolina","Private","Construction of buildings","County, NAICS 3-digit -- by ownership sector","All establishment sizes",16,154,156,153,2919842,67504,2122,1455
"45059",5,2361,76,0,2007,1,"","Laurens County, South Carolina","Private","Residential building construction","County, NAICS 4-digit -- by ownership sector","All establishment sizes",11,28,28,28,196545,157640,4323,540
"45059",5,"2361",76,0,2007,2,"","Laurens County, South Carolina","Private","Residential building construction","County, NAICS 4-digit -- by ownership sector","All establishment sizes",9,26,24,19,182594,37760,1142,611
"45059",5,"2361",76,0,2007,3,"","Laurens County, South Carolina","Private","Residential building construction","County, NAICS 4-digit -- by ownership sector","All establishment sizes",7,21,22,23,151560,5608,177,530
"45059",5,"2361",76,0,2007,4,"","Laurens County, South Carolina","Private","Residential building construction","County, NAICS 4-digit -- by ownership sector","All establishment sizes",8,21,23,23,137176,13660,391,472
"45059",5,23611,77,0,2007,1,"","Laurens County, South Carolina","Private","Residential building construction","County, NAICS 5-digit -- by ownership sector","All establishment sizes",11,28,28,28,196545,157640,4323,540
"45059",5,"23611",77,0,2007,2,"","Laurens County, South Carolina","Private","Residential building construction","County, NAICS 5-digit -- by ownership sector","All establishment sizes",9,26,24,19,182594,37760,1142,611
"45059",5,"23611",77,0,2007,3,"","Laurens County, South Carolina","Private","Residential building construction","County, NAICS 5-digit -- by ownership sector","All establishment sizes",7,21,22,23,151560,5608,177,530
"45059",5,"23611",77,0,2007,4,"","Laurens County, South Carolina","Private","Residential building construction","County, NAICS 5-digit -- by ownership sector","All establishment sizes",8,21,23,23,137176,13660,391,472
"45059",5,236115,78,0,2007,1,"N","Laurens County, South Carolina","Private","New single-family general contractors","County, NAICS 6-digit -- by ownership sector","All establishment sizes",8,0,0,0,0,0,0,0
"45059",5,"236115",78,0,2007,2,"N","Laurens County, South Carolina","Private","New single-family general contractors","County, NAICS 6-digit -- by ownership sector","All establishment sizes",6,0,0,0,0,0,0,0
"45059",5,"236115",78,0,2007,3,"","Laurens County, South Carolina","Private","New single-family general contractors","County, NAICS 6-digit -- by ownership sector","All establishment sizes",4,14,15,15,112017,2088,70,588
"45059",5,"236115",78,0,2007,4,"","Laurens County, South Carolina","Private","New single-family general contractors","County, NAICS 6-digit -- by ownership sector","All establishment sizes",5,14,16,16,100750,6895,181,505
"45059",5,236118,78,0,2007,1,"N","Laurens County, South Carolina","Private","Residential remodelers","County, NAICS 6-digit -- by ownership sector","All establishment sizes",3,0,0,0,0,0,0,0
"45059",5,"236118",78,0,2007,2,"N","Laurens County, South Carolina","Private","Residential remodelers","County, NAICS 6-digit -- by ownership sector","All establishment sizes",3,0,0,0,0,0,0,0
"45059",5,"236118",78,0,2007,3,"","Laurens County, South Carolina","Private","Residential remodelers","County, NAICS 6-digit -- by ownership sector","All establishment sizes",3,7,7,8,39543,3520,107,415
"45059",5,"236118",78,0,2007,4,"","Laurens County, South Carolina","Private","Residential remodelers","County, NAICS 6-digit -- by ownership sector","All establishment sizes",3,7,7,7,36426,6765,210,400
"45059",5,2362,76,0,2007,1,"","Laurens County, South Carolina","Private","Nonresidential building construction","County, NAICS 4-digit -- by ownership sector","All establishment sizes",8,117,118,124,2512149,818885,26861,1615
"45059",5,"2362",76,0,2007,2,"","Laurens County, South Carolina","Private","Nonresidential building construction","County, NAICS 4-digit -- by ownership sector","All establishment sizes",8,124,126,132,2495529,103722,3646,1508
"45059",5,"2362",76,0,2007,3,"","Laurens County, South Carolina","Private","Nonresidential building construction","County, NAICS 4-digit -- by ownership sector","All establishment sizes",8,133,133,131,2362841,65766,1808,1373
"45059",5,"2362",76,0,2007,4,"","Laurens County, South Carolina","Private","Nonresidential building construction","County, NAICS 4-digit -- by ownership sector","All establishment sizes",8,133,133,130,2782666,53844,1731,1622
"45059",5,23621,77,0,2007,1,"N","Laurens County, South Carolina","Private","Industrial building construction","County, NAICS 5-digit -- by ownership sector","All establishment sizes",2,0,0,0,0,0,0,0
"45059",5,"23621",77,0,2007,2,"N","Laurens County, South Carolina","Private","Industrial building construction","County, NAICS 5-digit -- by ownership sector","All establishment sizes",2,0,0,0,0,0,0,0
"45059",5,"23621",77,0,2007,3,"N","Laurens County, South Carolina","Private","Industrial building construction","County, NAICS 5-digit -- by ownership sector","All establishment sizes",2,0,0,0,0,0,0,0
"45059",5,"23621",77,0,2007,4,"N","Laurens County, South Carolina","Private","Industrial building construction","County, NAICS 5-digit -- by ownership sector","All establishment sizes",2,0,0,0,0,0,0,0
"45059",5,236210,78,0,2007,1,"N","Laurens County, South Carolina","Private","Industrial building construction","County, NAICS 6-digit -- by ownership sector","All establishment sizes",2,0,0,0,0,0,0,0
"45059",5,"236210",78,0,2007,2,"N","Laurens County, South Carolina","Private","Industrial building construction","County, NAICS 6-digit -- by ownership sector","All establishment sizes",2,0,0,0,0,0,0,0
"45059",5,"236210",78,0,2007,3,"N","Laurens County, South Carolina","Private","Industrial building construction","County, NAICS 6-digit -- by ownership sector","All establishment sizes",2,0,0,0,0,0,0,0
"45059",5,"236210",78,0,2007,4,"N","Laurens County, South Carolina","Private","Industrial building construction","County, NAICS 6-digit -- by ownership sector","All establishment sizes",2,0,0,0,0,0,0,0
"45059",5,23622,77,0,2007,1,"N","Laurens County, South Carolina","Private","Commercial building construction","County, NAICS 5-digit -- by ownership sector","All establishment sizes",6,0,0,0,0,0,0,0
"45059",5,"23622",77,0,2007,2,"N","Laurens County, South Carolina","Private","Commercial building construction","County, NAICS 5-digit -- by ownership sector","All establishment sizes",6,0,0,0,0,0,0,0
"45059",5,"23622",77,0,2007,3,"N","Laurens County, South Carolina","Private","Commercial building construction","County, NAICS 5-digit -- by ownership sector","All establishment sizes",6,0,0,0,0,0,0,0
"45059",5,"23622",77,0,2007,4,"N","Laurens County, South Carolina","Private","Commercial building construction","County, NAICS 5-digit -- by ownership sector","All establishment sizes",6,0,0,0,0,0,0,0
"45059",5,236220,78,0,2007,1,"N","Laurens County, South Carolina","Private","Commercial building construction","County, NAICS 6-digit -- by ownership sector","All establishment sizes",6,0,0,0,0,0,0,0
"45059",5,"236220",78,0,2007,2,"N","Laurens County, South Carolina","Private","Commercial building construction","County, NAICS 6-digit -- by ownership sector","All establishment sizes",6,0,0,0,0,0,0,0
"45059",5,"236220",78,0,2007,3,"N","Laurens County, South Carolina","Private","Commercial building construction","County, NAICS 6-digit -- by ownership sector","All establishment sizes",6,0,0,0,0,0,0,0
"45059",5,"236220",78,0,2007,4,"N","Laurens County, South Carolina","Private","Commercial building construction","County, NAICS 6-digit -- by ownership sector","All establishment sizes",6,0,0,0,0,0,0,0
"45059",5,237,75,0,2007,1,"","Laurens County, South Carolina","Private","Heavy and civil engineering construction","County, NAICS 3-digit -- by ownership sector","All establishment sizes",11,94,99,100,994431,616914,17193,783
"45059",5,"237",75,0,2007,2,"","Laurens County, South Carolina","Private","Heavy and civil engineering construction","County, NAICS 3-digit -- by ownership sector","All establishment sizes",12,96,101,99,1031734,142020,4566,804
"45059",5,"237",75,0,2007,3,"","Laurens County, South Carolina","Private","Heavy and civil engineering construction","County, NAICS 3-digit -- by ownership sector","All establishment sizes",12,100,108,105,1015741,73301,1964,749
"45059",5,"237",75,0,2007,4,"","Laurens County, South Carolina","Private","Heavy and civil engineering construction","County, NAICS 3-digit -- by ownership sector","All establishment sizes",12,102,109,102,1140000,94100,2289,841
"45059",5,2371,76,0,2007,1,"N","Laurens County, South Carolina","Private","Utility system construction","County, NAICS 4-digit -- by ownership sector","All establishment sizes",7,0,0,0,0,0,0,0
"45059",5,"2371",76,0,2007,2,"","Laurens County, South Carolina","Private","Utility system construction","County, NAICS 4-digit -- by ownership sector","All establishment sizes",7,64,66,64,781599,70940,1491,930
"45059",5,"2371",76,0,2007,3,"","Laurens County, South Carolina","Private","Utility system construction","County, NAICS 4-digit -- by ownership sector","All establishment sizes",7,63,73,68,769603,50416,1025,871
"45059",5,"2371",76,0,2007,4,"N","Laurens County, South Carolina","Private","Utility system construction","County, NAICS 4-digit -- by ownership sector","All establishment sizes",7,0,0,0,0,0,0,0
"45059",5,23711,77,0,2007,1,"","Laurens County, South Carolina","Private","Water and sewer system construction","County, NAICS 5-digit -- by ownership sector","All establishment sizes",4,25,27,27,214398,163330,3016,626
"45059",5,"23711",77,0,2007,2,"","Laurens County, South Carolina","Private","Water and sewer system construction","County, NAICS 5-digit -- by ownership sector","All establishment sizes",4,25,24,21,209269,53960,959,690
"45059",5,"23711",77,0,2007,3,"","Laurens County, South Carolina","Private","Water and sewer system construction","County, NAICS 5-digit -- by ownership sector","All establishment sizes",4,20,31,28,191332,34083,621,559
"45059",5,"23711",77,0,2007,4,"","Laurens County, South Carolina","Private","Water and sewer system construction","County, NAICS 5-digit -- by ownership sector","All establishment sizes",4,23,28,27,257074,55887,915,761
"45059",5,237110,78,0,2007,1,"","Laurens County, South Carolina","Private","Water and sewer system construction","County, NAICS 6-digit -- by ownership sector","All establishment sizes",4,25,27,27,214398,163330,3016,626
"45059",5,"237110",78,0,2007,2,"","Laurens County, South Carolina","Private","Water and sewer system construction","County, NAICS 6-digit -- by ownership sector","All establishment sizes",4,25,24,21,209269,53960,959,690
"45059",5,"237110",78,0,2007,3,"","Laurens County, South Carolina","Private","Water and sewer system construction","County, NAICS 6-digit -- by ownership sector","All establishment sizes",4,20,31,28,191332,34083,621,559
"45059",5,"237110",78,0,2007,4,"","Laurens County, South Carolina","Private","Water and sewer system construction","County, NAICS 6-digit -- by ownership sector","All establishment sizes",4,23,28,27,257074,55887,915,761
"45059",5,23712,77,0,2007,1,"N","Laurens County, South Carolina","Private","Oil and gas pipeline construction","County, NAICS 5-digit -- by ownership sector","All establishment sizes",1,0,0,0,0,0,0,0
"45059",5,"23712",77,0,2007,2,"N","Laurens County, South Carolina","Private","Oil and gas pipeline construction","County, NAICS 5-digit -- by ownership sector","All establishment sizes",1,0,0,0,0,0,0,0
"45059",5,"23712",77,0,2007,3,"N","Laurens County, South Carolina","Private","Oil and gas pipeline construction","County, NAICS 5-digit -- by ownership sector","All establishment sizes",1,0,0,0,0,0,0,0
"45059",5,"23712",77,0,2007,4,"N","Laurens County, South Carolina","Private","Oil and gas pipeline construction","County, NAICS 5-digit -- by ownership sector","All establishment sizes",1,0,0,0,0,0,0,0
"45059",5,237120,78,0,2007,1,"N","Laurens County, South Carolina","Private","Oil and gas pipeline construction","County, NAICS 6-digit -- by ownership sector","All establishment sizes",1,0,0,0,0,0,0,0
"45059",5,"237120",78,0,2007,2,"N","Laurens County, South Carolina","Private","Oil and gas pipeline construction","County, NAICS 6-digit -- by ownership sector","All establishment sizes",1,0,0,0,0,0,0,0
"45059",5,"237120",78,0,2007,3,"N","Laurens County, South Carolina","Private","Oil and gas pipeline construction","County, NAICS 6-digit -- by ownership sector","All establishment sizes",1,0,0,0,0,0,0,0
"45059",5,"237120",78,0,2007,4,"N","Laurens County, South Carolina","Private","Oil and gas pipeline construction","County, NAICS 6-digit -- by ownership sector","All establishment sizes",1,0,0,0,0,0,0,0
"45059",5,23713,77,0,2007,1,"N","Laurens County, South Carolina","Private","Power and communication system construction","County, NAICS 5-digit -- by ownership sector","All establishment sizes",2,0,0,0,0,0,0,0
"45059",5,"23713",77,0,2007,2,"N","Laurens County, South Carolina","Private","Power and communication system construction","County, NAICS 5-digit -- by ownership sector","All establishment sizes",2,0,0,0,0,0,0,0
"45059",5,"23713",77,0,2007,3,"N","Laurens County, South Carolina","Private","Power and communication system construction","County, NAICS 5-digit -- by ownership sector","All establishment sizes",2,0,0,0,0,0,0,0
"45059",5,"23713",77,0,2007,4,"N","Laurens County, South Carolina","Private","Power and communication system construction","County, NAICS 5-digit -- by ownership sector","All establishment sizes",2,0,0,0,0,0,0,0
"45059",5,237130,78,0,2007,1,"N","Laurens County, South Carolina","Private","Power and communication system construction","County, NAICS 6-digit -- by ownership sector","All establishment sizes",2,0,0,0,0,0,0,0
"45059",5,"237130",78,0,2007,2,"N","Laurens County, South Carolina","Private","Power and communication system construction","County, NAICS 6-digit -- by ownership sector","All establishment sizes",2,0,0,0,0,0,0,0
"45059",5,"237130",78,0,2007,3,"N","Laurens County, South Carolina","Private","Power and communication system construction","County, NAICS 6-digit -- by ownership sector","All establishment sizes",2,0,0,0,0,0,0,0
"45059",5,"237130",78,0,2007,4,"N","Laurens County, South Carolina","Private","Power and communication system construction","County, NAICS 6-digit -- by ownership sector","All establishment sizes",2,0,0,0,0,0,0,0
"45059",5,2373,76,0,2007,1,"","Laurens County, South Carolina","Private","Highway, street, and bridge construction","County, NAICS 4-digit -- by ownership sector","All establishment sizes",3,26,28,27,177785,146283,6921,507
"45059",5,"2373",76,0,2007,2,"N","Laurens County, South Carolina","Private","Highway, street, and bridge construction","County, NAICS 4-digit -- by ownership sector","All establishment sizes",3,0,0,0,0,0,0,0
"45059",5,"2373",76,0,2007,3,"N","Laurens County, South Carolina","Private","Highway, street, and bridge construction","County, NAICS 4-digit -- by ownership sector","All establishment sizes",3,0,0,0,0,0,0,0
"45059",5,"2373",76,0,2007,4,"N","Laurens County, South Carolina","Private","Highway, street, and bridge construction","County, NAICS 4-digit -- by ownership sector","All establishment sizes",3,0,0,0,0,0,0,0
"45059",5,23731,77,0,2007,1,"","Laurens County, South Carolina","Private","Highway, street, and bridge construction","County, NAICS 5-digit -- by ownership sector","All establishment sizes",3,26,28,27,177785,146283,6921,507
"45059",5,"23731",77,0,2007,2,"N","Laurens County, South Carolina","Private","Highway, street, and bridge construction","County, NAICS 5-digit -- by ownership sector","All establishment sizes",3,0,0,0,0,0,0,0
"45059",5,"23731",77,0,2007,3,"N","Laurens County, South Carolina","Private","Highway, street, and bridge construction","County, NAICS 5-digit -- by ownership sector","All establishment sizes",3,0,0,0,0,0,0,0
"45059",5,"23731",77,0,2007,4,"N","Laurens County, South Carolina","Private","Highway, street, and bridge construction","County, NAICS 5-digit -- by ownership sector","All establishment sizes",3,0,0,0,0,0,0,0
"45059",5,237310,78,0,2007,1,"","Laurens County, South Carolina","Private","Highway, street, and bridge construction","County, NAICS 6-digit -- by ownership sector","All establishment sizes",3,26,28,27,177785,146283,6921,507
"45059",5,"237310",78,0,2007,2,"N","Laurens County, South Carolina","Private","Highway, street, and bridge construction","County, NAICS 6-digit -- by ownership sector","All establishment sizes",3,0,0,0,0,0,0,0
"45059",5,"237310",78,0,2007,3,"N","Laurens County, South Carolina","Private","Highway, street, and bridge construction","County, NAICS 6-digit -- by ownership sector","All establishment sizes",3,0,0,0,0,0,0,0
"45059",5,"237310",78,0,2007,4,"N","Laurens County, South Carolina","Private","Highway, street, and bridge construction","County, NAICS 6-digit -- by ownership sector","All establishment sizes",3,0,0,0,0,0,0,0
"45059",5,2379,76,0,2007,1,"N","Laurens County, South Carolina","Private","Other heavy construction","County, NAICS 4-digit -- by ownership sector","All establishment sizes",1,0,0,0,0,0,0,0
"45059",5,"2379",76,0,2007,2,"N","Laurens County, South Carolina","Private","Other heavy construction","County, NAICS 4-digit -- by ownership sector","All establishment sizes",2,0,0,0,0,0,0,0
"45059",5,"2379",76,0,2007,3,"N","Laurens County, South Carolina","Private","Other heavy construction","County, NAICS 4-digit -- by ownership sector","All establishment sizes",2,0,0,0,0,0,0,0
"45059",5,"2379",76,0,2007,4,"N","Laurens County, South Carolina","Private","Other heavy construction","County, NAICS 4-digit -- by ownership sector","All establishment sizes",2,0,0,0,0,0,0,0
"45059",5,23799,77,0,2007,1,"N","Laurens County, South Carolina","Private","Other heavy construction","County, NAICS 5-digit -- by ownership sector","All establishment sizes",1,0,0,0,0,0,0,0
"45059",5,"23799",77,0,2007,2,"N","Laurens County, South Carolina","Private","Other heavy construction","County, NAICS 5-digit -- by ownership sector","All establishment sizes",2,0,0,0,0,0,0,0
"45059",5,"23799",77,0,2007,3,"N","Laurens County, South Carolina","Private","Other heavy construction","County, NAICS 5-digit -- by ownership sector","All establishment sizes",2,0,0,0,0,0,0,0
"45059",5,"23799",77,0,2007,4,"N","Laurens County, South Carolina","Private","Other heavy construction","County, NAICS 5-digit -- by ownership sector","All establishment sizes",2,0,0,0,0,0,0,0
"45059",5,237990,78,0,2007,1,"N","Laurens County, South Carolina","Private","Other heavy construction","County, NAICS 6-digit -- by ownership sector","All establishment sizes",1,0,0,0,0,0,0,0
"45059",5,"237990",78,0,2007,2,"N","Laurens County, South Carolina","Private","Other heavy construction","County, NAICS 6-digit -- by ownership sector","All establishment sizes",2,0,0,0,0,0,0,0
"45059",5,"237990",78,0,2007,3,"N","Laurens County, South Carolina","Private","Other heavy construction","County, NAICS 6-digit -- by ownership sector","All establishment sizes",2,0,0,0,0,0,0,0
"45059",5,"237990",78,0,2007,4,"N","Laurens County, South Carolina","Private","Other heavy construction","County, NAICS 6-digit -- by ownership sector","All establishment sizes",2,0,0,0,0,0,0,0
"45059",5,238,75,0,2007,1,"","Laurens County, South Carolina","Private","Specialty trade contractors","County, NAICS 3-digit -- by ownership sector","All establishment sizes",52,362,351,373,2764510,2056592,47206,587
"45059",5,"238",75,0,2007,2,"","Laurens County, South Carolina","Private","Specialty trade contractors","County, NAICS 3-digit -- by ownership sector","All establishment sizes",51,364,372,382,2925865,615272,19244,604
"45059",5,"238",75,0,2007,3,"","Laurens County, South Carolina","Private","Specialty trade contractors","County, NAICS 3-digit -- by ownership sector","All establishment sizes",55,390,393,398,3157584,391387,10741,617
"45059",5,"238",75,0,2007,4,"","Laurens County, South Carolina","Private","Specialty trade contractors","County, NAICS 3-digit -- by ownership sector","All establishment sizes",55,384,392,392,3475084,299617,7837,687
"45059",5,2381,76,0,2007,1,"","Laurens County, South Carolina","Private","Building foundation and exterior contractors","County, NAICS 4-digit -- by ownership sector","All establishment sizes",7,25,25,41,142077,142077,5695,360
"45059",5,"2381",76,0,2007,2,"","Laurens County, South Carolina","Private","Building foundation and exterior contractors","County, NAICS 4-digit -- by ownership sector","All establishment sizes",7,41,40,43,279534,119363,5008,520
"45059",5,"2381",76,0,2007,3,"","Laurens County, South Carolina","Private","Building foundation and exterior contractors","County, NAICS 4-digit -- by ownership sector","All establishment sizes",7,43,42,44,288677,38048,1661,516
"45059",5,"2381",76,0,2007,4,"","Laurens County, South Carolina","Private","Building foundation and exterior contractors","County, NAICS 4-digit -- by ownership sector","All establishment sizes",7,39,41,39,243268,27496,1001,472
"45059",5,23811,77,0,2007,1,"N","Laurens County, South Carolina","Private","Poured concrete structure contractors","County, NAICS 5-digit -- by ownership sector","All establishment sizes",1,0,0,0,0,0,0,0
"45059",5,"23811",77,0,2007,2,"N","Laurens County, South Carolina","Private","Poured concrete structure contractors","County, NAICS 5-digit -- by ownership sector","All establishment sizes",1,0,0,0,0,0,0,0
"45059",5,"23811",77,0,2007,3,"N","Laurens County, South Carolina","Private","Poured concrete structure contractors","County, NAICS 5-digit -- by ownership sector","All establishment sizes",1,0,0,0,0,0,0,0
"45059",5,"23811",77,0,2007,4,"N","Laurens County, South Carolina","Private","Poured concrete structure contractors","County, NAICS 5-digit -- by ownership sector","All establishment sizes",1,0,0,0,0,0,0,0
"45059",5,238112,78,0,2007,1,"N","Laurens County, South Carolina","Private","Nonresidential poured foundation contractors","County, NAICS 6-digit -- by ownership sector","All establishment sizes",1,0,0,0,0,0,0,0
"45059",5,"238112",78,0,2007,2,"N","Laurens County, South Carolina","Private","Nonresidential poured foundation contractors","County, NAICS 6-digit -- by ownership sector","All establishment sizes",1,0,0,0,0,0,0,0
"45059",5,"238112",78,0,2007,3,"N","Laurens County, South Carolina","Private","Nonresidential poured foundation contractors","County, NAICS 6-digit -- by ownership sector","All establishment sizes",1,0,0,0,0,0,0,0
"45059",5,"238112",78,0,2007,4,"N","Laurens County, South Carolina","Private","Nonresidential poured foundation contractors","County, NAICS 6-digit -- by ownership sector","All establishment sizes",1,0,0,0,0,0,0,0
"45059",5,23813,77,0,2007,1,"N","Laurens County, South Carolina","Private","Framing contractors","County, NAICS 5-digit -- by ownership sector","All establishment sizes",1,0,0,0,0,0,0,0
"45059",5,"23813",77,0,2007,2,"N","Laurens County, South Carolina","Private","Framing contractors","County, NAICS 5-digit -- by ownership sector","All establishment sizes",1,0,0,0,0,0,0,0
"45059",5,"23813",77,0,2007,3,"N","Laurens County, South Carolina","Private","Framing contractors","County, NAICS 5-digit -- by ownership sector","All establishment sizes",1,0,0,0,0,0,0,0
"45059",5,"23813",77,0,2007,4,"N","Laurens County, South Carolina","Private","Framing contractors","County, NAICS 5-digit -- by ownership sector","All establishment sizes",1,0,0,0,0,0,0,0
"45059",5,238131,78,0,2007,1,"N","Laurens County, South Carolina","Private","Residential framing contractors","County, NAICS 6-digit -- by ownership sector","All establishment sizes",1,0,0,0,0,0,0,0
"45059",5,"238131",78,0,2007,2,"N","Laurens County, South Carolina","Private","Residential framing contractors","County, NAICS 6-digit -- by ownership sector","All establishment sizes",1,0,0,0,0,0,0,0
"45059",5,"238131",78,0,2007,3,"N","Laurens County, South Carolina","Private","Residential framing contractors","County, NAICS 6-digit -- by ownership sector","All establishment sizes",1,0,0,0,0,0,0,0
"45059",5,"238131",78,0,2007,4,"N","Laurens County, South Carolina","Private","Residential framing contractors","County, NAICS 6-digit -- by ownership sector","All establishment sizes",1,0,0,0,0,0,0,0
"45059",5,23814,77,0,2007,1,"N","Laurens County, South Carolina","Private","Masonry contractors","County, NAICS 5-digit -- by ownership sector","All establishment sizes",2,0,0,0,0,0,0,0
"45059",5,"23814",77,0,2007,2,"N","Laurens County, South Carolina","Private","Masonry contractors","County, NAICS 5-digit -- by ownership sector","All establishment sizes",2,0,0,0,0,0,0,0
"45059",5,"23814",77,0,2007,3,"N","Laurens County, South Carolina","Private","Masonry contractors","County, NAICS 5-digit -- by ownership sector","All establishment sizes",2,0,0,0,0,0,0,0
"45059",5,"23814",77,0,2007,4,"N","Laurens County, South Carolina","Private","Masonry contractors","County, NAICS 5-digit -- by ownership sector","All establishment sizes",2,0,0,0,0,0,0,0
"45059",5,238141,78,0,2007,1,"N","Laurens County, South Carolina","Private","Residential masonry contractors","County, NAICS 6-digit -- by ownership sector","All establishment sizes",1,0,0,0,0,0,0,0
"45059",5,"238141",78,0,2007,2,"N","Laurens County, South Carolina","Private","Residential masonry contractors","County, NAICS 6-digit -- by ownership sector","All establishment sizes",1,0,0,0,0,0,0,0
"45059",5,"238141",78,0,2007,3,"N","Laurens County, South Carolina","Private","Residential masonry contractors","County, NAICS 6-digit -- by ownership sector","All establishment sizes",1,0,0,0,0,0,0,0
"45059",5,"238141",78,0,2007,4,"N","Laurens County, South Carolina","Private","Residential masonry contractors","County, NAICS 6-digit -- by ownership sector","All establishment sizes",1,0,0,0,0,0,0,0
"45059",5,238142,78,0,2007,1,"N","Laurens County, South Carolina","Private","Nonresidential masonry contractors","County, NAICS 6-digit -- by ownership sector","All establishment sizes",1,0,0,0,0,0,0,0
"45059",5,"238142",78,0,2007,2,"N","Laurens County, South Carolina","Private","Nonresidential masonry contractors","County, NAICS 6-digit -- by ownership sector","All establishment sizes",1,0,0,0,0,0,0,0
"45059",5,"238142",78,0,2007,3,"N","Laurens County, South Carolina","Private","Nonresidential masonry contractors","County, NAICS 6-digit -- by ownership sector","All establishment sizes",1,0,0,0,0,0,0,0
"45059",5,"238142",78,0,2007,4,"N","Laurens County, South Carolina","Private","Nonresidential masonry contractors","County, NAICS 6-digit -- by ownership sector","All establishment sizes",1,0,0,0,0,0,0,0
"45059",5,23817,77,0,2007,1,"N","Laurens County, South Carolina","Private","Siding contractors","County, NAICS 5-digit -- by ownership sector","All establishment sizes",1,0,0,0,0,0,0,0
"45059",5,"23817",77,0,2007,2,"N","Laurens County, South Carolina","Private","Siding contractors","County, NAICS 5-digit -- by ownership sector","All establishment sizes",1,0,0,0,0,0,0,0
"45059",5,"23817",77,0,2007,3,"N","Laurens County, South Carolina","Private","Siding contractors","County, NAICS 5-digit -- by ownership sector","All establishment sizes",1,0,0,0,0,0,0,0
"45059",5,"23817",77,0,2007,4,"N","Laurens County, South Carolina","Private","Siding contractors","County, NAICS 5-digit -- by ownership sector","All establishment sizes",1,0,0,0,0,0,0,0
"45059",5,238171,78,0,2007,1,"N","Laurens County, South Carolina","Private","Residential siding contractors","County, NAICS 6-digit -- by ownership sector","All establishment sizes",1,0,0,0,0,0,0,0
"45059",5,"238171",78,0,2007,2,"N","Laurens County, South Carolina","Private","Residential siding contractors","County, NAICS 6-digit -- by ownership sector","All establishment sizes",1,0,0,0,0,0,0,0
"45059",5,"238171",78,0,2007,3,"N","Laurens County, South Carolina","Private","Residential siding contractors","County, NAICS 6-digit -- by ownership sector","All establishment sizes",1,0,0,0,0,0,0,0
"45059",5,"238171",78,0,2007,4,"N","Laurens County, South Carolina","Private","Residential siding contractors","County, NAICS 6-digit -- by ownership sector","All establishment sizes",1,0,0,0,0,0,0,0
"45059",5,23819,77,0,2007,1,"N","Laurens County, South Carolina","Private","Other building exterior contractors","County, NAICS 5-digit -- by ownership sector","All establishment sizes",2,0,0,0,0,0,0,0
"45059",5,"23819",77,0,2007,2,"N","Laurens County, South Carolina","Private","Other building exterior contractors","County, NAICS 5-digit -- by ownership sector","All establishment sizes",2,0,0,0,0,0,0,0
"45059",5,"23819",77,0,2007,3,"N","Laurens County, South Carolina","Private","Other building exterior contractors","County, NAICS 5-digit -- by ownership sector","All establishment sizes",2,0,0,0,0,0,0,0
"45059",5,"23819",77,0,2007,4,"N","Laurens County, South Carolina","Private","Other building exterior contractors","County, NAICS 5-digit -- by ownership sector","All establishment sizes",2,0,0,0,0,0,0,0
"45059",5,238192,78,0,2007,1,"N","Laurens County, South Carolina","Private","Other nonresidential exterior contractors","County, NAICS 6-digit -- by ownership sector","All establishment sizes",2,0,0,0,0,0,0,0
"45059",5,"238192",78,0,2007,2,"N","Laurens County, South Carolina","Private","Other nonresidential exterior contractors","County, NAICS 6-digit -- by ownership sector","All establishment sizes",2,0,0,0,0,0,0,0
"45059",5,"238192",78,0,2007,3,"N","Laurens County, South Carolina","Private","Other nonresidential exterior contractors","County, NAICS 6-digit -- by ownership sector","All establishment sizes",2,0,0,0,0,0,0,0
"45059",5,"238192",78,0,2007,4,"N","Laurens County, South Carolina","Private","Other nonresidential exterior contractors","County, NAICS 6-digit -- by ownership sector","All establishment sizes",2,0,0,0,0,0,0,0
"45059",5,2382,76,0,2007,1,"","Laurens County, South Carolina","Private","Building equipment contractors","County, NAICS 4-digit -- by ownership sector","All establishment sizes",26,191,184,186,1750760,1158478,21635,720
"45059",5,"2382",76,0,2007,2,"","Laurens County, South Carolina","Private","Building equipment contractors","County, NAICS 4-digit -- by ownership sector","All establishment sizes",26,177,175,183,1720353,207207,5021,742
"45059",5,"2382",76,0,2007,3,"","Laurens County, South Carolina","Private","Building equipment contractors","County, NAICS 4-digit -- by ownership sector","All establishment sizes",27,185,186,188,1856777,187149,4091,767
"45059",5,"2382",76,0,2007,4,"","Laurens County, South Carolina","Private","Building equipment contractors","County, NAICS 4-digit -- by ownership sector","All establishment sizes",27,193,194,192,2218330,147766,3166,884
"45059",5,23821,77,0,2007,1,"N","Laurens County, South Carolina","Private","Electrical and wiring contractors","County, NAICS 5-digit -- by ownership sector","All establishment sizes",9,0,0,0,0,0,0,0
"45059",5,"23821",77,0,2007,2,"N","Laurens County, South Carolina","Private","Electrical and wiring contractors","County, NAICS 5-digit -- by ownership sector","All establishment sizes",10,0,0,0,0,0,0,0
"45059",5,"23821",77,0,2007,3,"N","Laurens County, South Carolina","Private","Electrical and wiring contractors","County, NAICS 5-digit -- by ownership sector","All establishment sizes",10,0,0,0,0,0,0,0
"45059",5,"23821",77,0,2007,4,"N","Laurens County, South Carolina","Private","Electrical and wiring contractors","County, NAICS 5-digit -- by ownership sector","All establishment sizes",10,0,0,0,0,0,0,0
"45059",5,238211,78,0,2007,1,"N","Laurens County, South Carolina","Private","Residential electrical contractors","County, NAICS 6-digit -- by ownership sector","All establishment sizes",3,0,0,0,0,0,0,0
"45059",5,"238211",78,0,2007,2,"N","Laurens County, South Carolina","Private","Residential electrical contractors","County, NAICS 6-digit -- by ownership sector","All establishment sizes",4,0,0,0,0,0,0,0
"45059",5,"238211",78,0,2007,3,"N","Laurens County, South Carolina","Private","Residential electrical contractors","County, NAICS 6-digit -- by ownership sector","All establishment sizes",4,0,0,0,0,0,0,0
"45059",5,"238211",78,0,2007,4,"N","Laurens County, South Carolina","Private","Residential electrical contractors","County, NAICS 6-digit -- by ownership sector","All establishment sizes",4,0,0,0,0,0,0,0
"45059",5,238212,78,0,2007,1,"","Laurens County, South Carolina","Private","Nonresidential electrical contractors","County, NAICS 6-digit -- by ownership sector","All establishment sizes",6,17,17,17,95853,77388,1868,434
"45059",5,"238212",78,0,2007,2,"","Laurens County, South Carolina","Private","Nonresidential electrical contractors","County, NAICS 6-digit -- by ownership sector","All establishment sizes",6,16,16,16,98565,26276,503,474
"45059",5,"238212",78,0,2007,3,"","Laurens County, South Carolina","Private","Nonresidential electrical contractors","County, NAICS 6-digit -- by ownership sector","All establishment sizes",6,17,12,12,78239,15067,260,440
"45059",5,"238212",78,0,2007,4,"","Laurens County, South Carolina","Private","Nonresidential electrical contractors","County, NAICS 6-digit -- by ownership sector","All establishment sizes",6,12,11,12,66475,8270,103,438
"45059",5,23822,77,0,2007,1,"","Laurens County, South Carolina","Private","Plumbing and HVAC contractors","County, NAICS 5-digit -- by ownership sector","All establishment sizes",16,135,129,130,1169345,837016,16537,685
"45059",5,"23822",77,0,2007,2,"","Laurens County, South Carolina","Private","Plumbing and HVAC contractors","County, NAICS 5-digit -- by ownership sector","All establishment sizes",15,125,122,126,1180957,159083,4198,731
"45059",5,"23822",77,0,2007,3,"","Laurens County, South Carolina","Private","Plumbing and HVAC contractors","County, NAICS 5-digit -- by ownership sector","All establishment sizes",16,128,129,131,1273056,109461,2829,757
"45059",5,"23822",77,0,2007,4,"","Laurens County, South Carolina","Private","Plumbing and HVAC contractors","County, NAICS 5-digit -- by ownership sector","All establishment sizes",16,135,134,134,1327168,91533,2238,760
"45059",5,238221,78,0,2007,1,"","Laurens County, South Carolina","Private","Residential plumbing and HVAC contractors","County, NAICS 6-digit -- by ownership sector","All establishment sizes",12,78,73,77,689355,492044,9061,698
"45059",5,"238221",78,0,2007,2,"","Laurens County, South Carolina","Private","Residential plumbing and HVAC contractors","County, NAICS 6-digit -- by ownership sector","All establishment sizes",11,74,73,73,657286,86945,2458,689
"45059",5,"238221",78,0,2007,3,"","Laurens County, South Carolina","Private","Residential plumbing and HVAC contractors","County, NAICS 6-digit -- by ownership sector","All establishment sizes",12,70,69,64,666901,41500,1085,758
"45059",5,"238221",78,0,2007,4,"","Laurens County, South Carolina","Private","Residential plumbing and HVAC contractors","County, NAICS 6-digit -- by ownership sector","All establishment sizes",12,71,71,72,678471,41046,981,732
"45059",5,238222,78,0,2007,1,"","Laurens County, South Carolina","Private","Nonresidential plumbing and HVAC contractors","County, NAICS 6-digit -- by ownership sector","All establishment sizes",4,57,56,53,479990,344972,7476,667
"45059",5,"238222",78,0,2007,2,"","Laurens County, South Carolina","Private","Nonresidential plumbing and HVAC contractors","County, NAICS 6-digit -- by ownership sector","All establishment sizes",4,51,49,53,523671,72138,1740,790
"45059",5,"238222",78,0,2007,3,"","Laurens County, South Carolina","Private","Nonresidential plumbing and HVAC contractors","County, NAICS 6-digit -- by ownership sector","All establishment sizes",4,58,60,67,606155,67961,1744,756
"45059",5,"238222",78,0,2007,4,"","Laurens County, South Carolina","Private","Nonresidential plumbing and HVAC contractors","County, NAICS 6-digit -- by ownership sector","All establishment sizes",4,64,63,62,648697,50487,1257,792
"45059",5,23829,77,0,2007,1,"N","Laurens County, South Carolina","Private","Other building equipment contractors","County, NAICS 5-digit -- by ownership sector","All establishment sizes",1,0,0,0,0,0,0,0
"45059",5,"23829",77,0,2007,2,"N","Laurens County, South Carolina","Private","Other building equipment contractors","County, NAICS 5-digit -- by ownership sector","All establishment sizes",1,0,0,0,0,0,0,0
"45059",5,"23829",77,0,2007,3,"N","Laurens County, South Carolina","Private","Other building equipment contractors","County, NAICS 5-digit -- by ownership sector","All establishment sizes",1,0,0,0,0,0,0,0
"45059",5,"23829",77,0,2007,4,"N","Laurens County, South Carolina","Private","Other building equipment contractors","County, NAICS 5-digit -- by ownership sector","All establishment sizes",1,0,0,0,0,0,0,0
"45059",5,238292,78,0,2007,1,"N","Laurens County, South Carolina","Private","Other nonresidential building equipment contractors","County, NAICS 6-digit -- by ownership sector","All establishment sizes",1,0,0,0,0,0,0,0
"45059",5,"238292",78,0,2007,2,"N","Laurens County, South Carolina","Private","Other nonresidential building equipment contractors","County, NAICS 6-digit -- by ownership sector","All establishment sizes",1,0,0,0,0,0,0,0
"45059",5,"238292",78,0,2007,3,"N","Laurens County, South Carolina","Private","Other nonresidential building equipment contractors","County, NAICS 6-digit -- by ownership sector","All establishment sizes",1,0,0,0,0,0,0,0
"45059",5,"238292",78,0,2007,4,"N","Laurens County, South Carolina","Private","Other nonresidential building equipment contractors","County, NAICS 6-digit -- by ownership sector","All establishment sizes",1,0,0,0,0,0,0,0
"45059",5,2383,76,0,2007,1,"","Laurens County, South Carolina","Private","Building finishing contractors","County, NAICS 4-digit -- by ownership sector","All establishment sizes",7,68,69,64,423434,371816,10328,486
"45059",5,"2383",76,0,2007,2,"","Laurens County, South Carolina","Private","Building finishing contractors","County, NAICS 4-digit -- by ownership sector","All establishment sizes",7,57,64,62,367395,63095,1634,463
"45059",5,"2383",76,0,2007,3,"","Laurens County, South Carolina","Private","Building finishing contractors","County, NAICS 4-digit -- by ownership sector","All establishment sizes",8,64,65,65,400474,67007,1937,476
"45059",5,"2383",76,0,2007,4,"","Laurens County, South Carolina","Private","Building finishing contractors","County, NAICS 4-digit -- by ownership sector","All establishment sizes",8,62,67,66,392295,63527,1798,464
"45059",5,23831,77,0,2007,1,"N","Laurens County, South Carolina","Private","Drywall and insulation contractors","County, NAICS 5-digit -- by ownership sector","All establishment sizes",1,0,0,0,0,0,0,0
"45059",5,"23831",77,0,2007,2,"N","Laurens County, South Carolina","Private","Drywall and insulation contractors","County, NAICS 5-digit -- by ownership sector","All establishment sizes",1,0,0,0,0,0,0,0
"45059",5,"23831",77,0,2007,3,"N","Laurens County, South Carolina","Private","Drywall and insulation contractors","County, NAICS 5-digit -- by ownership sector","All establishment sizes",1,0,0,0,0,0,0,0
"45059",5,"23831",77,0,2007,4,"N","Laurens County, South Carolina","Private","Drywall and insulation contractors","County, NAICS 5-digit -- by ownership sector","All establishment sizes",1,0,0,0,0,0,0,0
"45059",5,238312,78,0,2007,1,"N","Laurens County, South Carolina","Private","Nonresidential drywall contractors","County, NAICS 6-digit -- by ownership sector","All establishment sizes",1,0,0,0,0,0,0,0
"45059",5,"238312",78,0,2007,2,"N","Laurens County, South Carolina","Private","Nonresidential drywall contractors","County, NAICS 6-digit -- by ownership sector","All establishment sizes",1,0,0,0,0,0,0,0
"45059",5,"238312",78,0,2007,3,"N","Laurens County, South Carolina","Private","Nonresidential drywall contractors","County, NAICS 6-digit -- by ownership sector","All establishment sizes",1,0,0,0,0,0,0,0
"45059",5,"238312",78,0,2007,4,"N","Laurens County, South Carolina","Private","Nonresidential drywall contractors","County, NAICS 6-digit -- by ownership sector","All establishment sizes",1,0,0,0,0,0,0,0
"45059",5,23832,77,0,2007,1,"N","Laurens County, South Carolina","Private","Painting and wall covering contractors","County, NAICS 5-digit -- by ownership sector","All establishment sizes",4,0,0,0,0,0,0,0
"45059",5,"23832",77,0,2007,2,"","Laurens County, South Carolina","Private","Painting and wall covering contractors","County, NAICS 5-digit -- by ownership sector","All establishment sizes",4,36,37,36,196939,26496,865,417
"45059",5,"23832",77,0,2007,3,"N","Laurens County, South Carolina","Private","Painting and wall covering contractors","County, NAICS 5-digit -- by ownership sector","All establishment sizes",4,0,0,0,0,0,0,0
"45059",5,"23832",77,0,2007,4,"N","Laurens County, South Carolina","Private","Painting and wall covering contractors","County, NAICS 5-digit -- by ownership sector","All establishment sizes",4,0,0,0,0,0,0,0
"45059",5,238321,78,0,2007,1,"N","Laurens County, South Carolina","Private","Residential painting contractors","County, NAICS 6-digit -- by ownership sector","All establishment sizes",3,0,0,0,0,0,0,0
"45059",5,"238321",78,0,2007,2,"N","Laurens County, South Carolina","Private","Residential painting contractors","County, NAICS 6-digit -- by ownership sector","All establishment sizes",3,0,0,0,0,0,0,0
"45059",5,"238321",78,0,2007,3,"N","Laurens County, South Carolina","Private","Residential painting contractors","County, NAICS 6-digit -- by ownership sector","All establishment sizes",3,0,0,0,0,0,0,0
"45059",5,"238321",78,0,2007,4,"N","Laurens County, South Carolina","Private","Residential painting contractors","County, NAICS 6-digit -- by ownership sector","All establishment sizes",3,0,0,0,0,0,0,0
"45059",5,238322,78,0,2007,1,"N","Laurens County, South Carolina","Private","Nonresidential painting contractors","County, NAICS 6-digit -- by ownership sector","All establishment sizes",1,0,0,0,0,0,0,0
"45059",5,"238322",78,0,2007,2,"N","Laurens County, South Carolina","Private","Nonresidential painting contractors","County, NAICS 6-digit -- by ownership sector","All establishment sizes",1,0,0,0,0,0,0,0
"45059",5,"238322",78,0,2007,3,"N","Laurens County, South Carolina","Private","Nonresidential painting contractors","County, NAICS 6-digit -- by ownership sector","All establishment sizes",1,0,0,0,0,0,0,0
"45059",5,"238322",78,0,2007,4,"N","Laurens County, South Carolina","Private","Nonresidential painting contractors","County, NAICS 6-digit -- by ownership sector","All establishment sizes",1,0,0,0,0,0,0,0
"45059",5,23833,77,0,2007,1,"-","Laurens County, South Carolina","Private","Flooring contractors","County, NAICS 5-digit -- by ownership sector","All establishment sizes",0,0,0,0,0,0,0,0
"45059",5,"23833",77,0,2007,2,"-","Laurens County, South Carolina","Private","Flooring contractors","County, NAICS 5-digit -- by ownership sector","All establishment sizes",0,0,0,0,0,0,0,0
"45059",5,"23833",77,0,2007,3,"N","Laurens County, South Carolina","Private","Flooring contractors","County, NAICS 5-digit -- by ownership sector","All establishment sizes",1,0,0,0,0,0,0,0
"45059",5,"23833",77,0,2007,4,"N","Laurens County, South Carolina","Private","Flooring contractors","County, NAICS 5-digit -- by ownership sector","All establishment sizes",1,0,0,0,0,0,0,0
"45059",5,238331,78,0,2007,1,"-","Laurens County, South Carolina","Private","Residential flooring contractors","County, NAICS 6-digit -- by ownership sector","All establishment sizes",0,0,0,0,0,0,0,0
"45059",5,"238331",78,0,2007,2,"-","Laurens County, South Carolina","Private","Residential flooring contractors","County, NAICS 6-digit -- by ownership sector","All establishment sizes",0,0,0,0,0,0,0,0
"45059",5,"238331",78,0,2007,3,"N","Laurens County, South Carolina","Private","Residential flooring contractors","County, NAICS 6-digit -- by ownership sector","All establishment sizes",1,0,0,0,0,0,0,0
"45059",5,"238331",78,0,2007,4,"N","Laurens County, South Carolina","Private","Residential flooring contractors","County, NAICS 6-digit -- by ownership sector","All establishment sizes",1,0,0,0,0,0,0,0
"45059",5,23835,77,0,2007,1,"N","Laurens County, South Carolina","Private","Finish carpentry contractors","County, NAICS 5-digit -- by ownership sector","All establishment sizes",1,0,0,0,0,0,0,0
"45059",5,"23835",77,0,2007,2,"N","Laurens County, South Carolina","Private","Finish carpentry contractors","County, NAICS 5-digit -- by ownership sector","All establishment sizes",1,0,0,0,0,0,0,0
"45059",5,"23835",77,0,2007,3,"N","Laurens County, South Carolina","Private","Finish carpentry contractors","County, NAICS 5-digit -- by ownership sector","All establishment sizes",1,0,0,0,0,0,0,0
"45059",5,"23835",77,0,2007,4,"N","Laurens County, South Carolina","Private","Finish carpentry contractors","County, NAICS 5-digit -- by ownership sector","All establishment sizes",1,0,0,0,0,0,0,0
"45059",5,238352,78,0,2007,1,"N","Laurens County, South Carolina","Private","Nonresidential finish carpentry contractors","County, NAICS 6-digit -- by ownership sector","All establishment sizes",1,0,0,0,0,0,0,0
"45059",5,"238352",78,0,2007,2,"N","Laurens County, South Carolina","Private","Nonresidential finish carpentry contractors","County, NAICS 6-digit -- by ownership sector","All establishment sizes",1,0,0,0,0,0,0,0
"45059",5,"238352",78,0,2007,3,"N","Laurens County, South Carolina","Private","Nonresidential finish carpentry contractors","County, NAICS 6-digit -- by ownership sector","All establishment sizes",1,0,0,0,0,0,0,0
"45059",5,"238352",78,0,2007,4,"N","Laurens County, South Carolina","Private","Nonresidential finish carpentry contractors","County, NAICS 6-digit -- by ownership sector","All establishment sizes",1,0,0,0,0,0,0,0
"45059",5,23839,77,0,2007,1,"N","Laurens County, South Carolina","Private","Other building finishing contractors","County, NAICS 5-digit -- by ownership sector","All establishment sizes",1,0,0,0,0,0,0,0
"45059",5,"23839",77,0,2007,2,"N","Laurens County, South Carolina","Private","Other building finishing contractors","County, NAICS 5-digit -- by ownership sector","All establishment sizes",1,0,0,0,0,0,0,0
"45059",5,"23839",77,0,2007,3,"N","Laurens County, South Carolina","Private","Other building finishing contractors","County, NAICS 5-digit -- by ownership sector","All establishment sizes",1,0,0,0,0,0,0,0
"45059",5,"23839",77,0,2007,4,"N","Laurens County, South Carolina","Private","Other building finishing contractors","County, NAICS 5-digit -- by ownership sector","All establishment sizes",1,0,0,0,0,0,0,0
"45059",5,238391,78,0,2007,1,"N","Laurens County, South Carolina","Private","Other residential finishing contractors","County, NAICS 6-digit -- by ownership sector","All establishment sizes",1,0,0,0,0,0,0,0
"45059",5,"238391",78,0,2007,2,"N","Laurens County, South Carolina","Private","Other residential finishing contractors","County, NAICS 6-digit -- by ownership sector","All establishment sizes",1,0,0,0,0,0,0,0
"45059",5,"238391",78,0,2007,3,"N","Laurens County, South Carolina","Private","Other residential finishing contractors","County, NAICS 6-digit -- by ownership sector","All establishment sizes",1,0,0,0,0,0,0,0
"45059",5,"238391",78,0,2007,4,"N","Laurens County, South Carolina","Private","Other residential finishing contractors","County, NAICS 6-digit -- by ownership sector","All establishment sizes",1,0,0,0,0,0,0,0
"45059",5,2389,76,0,2007,1,"","Laurens County, South Carolina","Private","Other specialty trade contractors","County, NAICS 4-digit -- by ownership sector","All establishment sizes",12,78,73,82,448239,384221,9548,444
"45059",5,"2389",76,0,2007,2,"","Laurens County, South Carolina","Private","Other specialty trade contractors","County, NAICS 4-digit -- by ownership sector","All establishment sizes",11,89,93,94,558583,225607,7581,467
"45059",5,"2389",76,0,2007,3,"","Laurens County, South Carolina","Private","Other specialty trade contractors","County, NAICS 4-digit -- by ownership sector","All establishment sizes",13,98,100,101,611656,99183,3052,472
"45059",5,"2389",76,0,2007,4,"","Laurens County, South Carolina","Private","Other specialty trade contractors","County, NAICS 4-digit -- by ownership sector","All establishment sizes",13,90,90,95,621191,60828,1872,521
"45059",5,23891,77,0,2007,1,"","Laurens County, South Carolina","Private","Site preparation contractors","County, NAICS 5-digit -- by ownership sector","All establishment sizes",5,38,40,40,299902,240556,4134,587
"45059",5,"23891",77,0,2007,2,"","Laurens County, South Carolina","Private","Site preparation contractors","County, NAICS 5-digit -- by ownership sector","All establishment sizes",4,42,41,43,326016,56780,979,597
"45059",5,"23891",77,0,2007,3,"","Laurens County, South Carolina","Private","Site preparation contractors","County, NAICS 5-digit -- by ownership sector","All establishment sizes",5,44,45,43,334520,23853,422,585
"45059",5,"23891",77,0,2007,4,"","Laurens County, South Carolina","Private","Site preparation contractors","County, NAICS 5-digit -- by ownership sector","All establishment sizes",5,41,39,38,390461,19776,397,764
"45059",5,238911,78,0,2007,1,"N","Laurens County, South Carolina","Private","Residential site preparation contractors","County, NAICS 6-digit -- by ownership sector","All establishment sizes",3,0,0,0,0,0,0,0
"45059",5,"238911",78,0,2007,2,"N","Laurens County, South Carolina","Private","Residential site preparation contractors","County, NAICS 6-digit -- by ownership sector","All establishment sizes",3,0,0,0,0,0,0,0
"45059",5,"238911",78,0,2007,3,"N","Laurens County, South Carolina","Private","Residential site preparation contractors","County, NAICS 6-digit -- by ownership sector","All establishment sizes",4,0,0,0,0,0,0,0
"45059",5,"238911",78,0,2007,4,"N","Laurens County, South Carolina","Private","Residential site preparation contractors","County, NAICS 6-digit -- by ownership sector","All establishment sizes",4,0,0,0,0,0,0,0
"45059",5,238912,78,0,2007,1,"N","Laurens County, South Carolina","Private","Nonresidential site preparation contractors","County, NAICS 6-digit -- by ownership sector","All establishment sizes",2,0,0,0,0,0,0,0
"45059",5,"238912",78,0,2007,2,"N","Laurens County, South Carolina","Private","Nonresidential site preparation contractors","County, NAICS 6-digit -- by ownership sector","All establishment sizes",1,0,0,0,0,0,0,0
"45059",5,"238912",78,0,2007,3,"N","Laurens County, South Carolina","Private","Nonresidential site preparation contractors","County, NAICS 6-digit -- by ownership sector","All establishment sizes",1,0,0,0,0,0,0,0
"45059",5,"238912",78,0,2007,4,"N","Laurens County, South Carolina","Private","Nonresidential site preparation contractors","County, NAICS 6-digit -- by ownership sector","All establishment sizes",1,0,0,0,0,0,0,0
"45059",5,23899,77,0,2007,1,"","Laurens County, South Carolina","Private","All other specialty trade contractors","County, NAICS 5-digit -- by ownership sector","All establishment sizes",7,40,33,42,148337,143665,5414,298
"45059",5,"23899",77,0,2007,2,"","Laurens County, South Carolina","Private","All other specialty trade contractors","County, NAICS 5-digit -- by ownership sector","All establishment sizes",7,47,52,51,232567,168827,6602,358
"45059",5,"23899",77,0,2007,3,"","Laurens County, South Carolina","Private","All other specialty trade contractors","County, NAICS 5-digit -- by ownership sector","All establishment sizes",8,54,55,58,277136,75330,2630,383
"45059",5,"23899",77,0,2007,4,"","Laurens County, South Carolina","Private","All other specialty trade contractors","County, NAICS 5-digit -- by ownership sector","All establishment sizes",8,49,51,57,230730,41052,1475,339
"45059",5,238991,78,0,2007,1,"N","Laurens County, South Carolina","Private","All other residential trade contractors","County, NAICS 6-digit -- by ownership sector","All establishment sizes",5,0,0,0,0,0,0,0
"45059",5,"238991",78,0,2007,2,"N","Laurens County, South Carolina","Private","All other residential trade contractors","County, NAICS 6-digit -- by ownership sector","All establishment sizes",5,0,0,0,0,0,0,0
"45059",5,"238991",78,0,2007,3,"N","Laurens County, South Carolina","Private","All other residential trade contractors","County, NAICS 6-digit -- by ownership sector","All establishment sizes",6,0,0,0,0,0,0,0
"45059",5,"238991",78,0,2007,4,"N","Laurens County, South Carolina","Private","All other residential trade contractors","County, NAICS 6-digit -- by ownership sector","All establishment sizes",6,0,0,0,0,0,0,0
"45059",5,238992,78,0,2007,1,"N","Laurens County, South Carolina","Private","All other nonresidential trade contractors","County, NAICS 6-digit -- by ownership sector","All establishment sizes",2,0,0,0,0,0,0,0
"45059",5,"238992",78,0,2007,2,"N","Laurens County, South Carolina","Private","All other nonresidential trade contractors","County, NAICS 6-digit -- by ownership sector","All establishment sizes",2,0,0,0,0,0,0,0
"45059",5,"238992",78,0,2007,3,"N","Laurens County, South Carolina","Private","All other nonresidential trade contractors","County, NAICS 6-digit -- by ownership sector","All establishment sizes",2,0,0,0,0,0,0,0
"45059",5,"238992",78,0,2007,4,"N","Laurens County, South Carolina","Private","All other nonresidential trade contractors","County, NAICS 6-digit -- by ownership sector","All establishment sizes",2,0,0,0,0,0,0,0
"45059",5,31-33,74,0,2007,1,"","Laurens County, South Carolina","Private","Manufacturing","County, NAICS Sector -- by ownership sector","All establishment sizes",83,4779,4830,4850,49549710,29501069,688386,791
"45059",5,"31-33",74,0,2007,2,"","Laurens County, South Carolina","Private","Manufacturing","County, NAICS Sector -- by ownership sector","All establishment sizes",83,4773,4829,4816,44714183,5472272,139957,716
"45059",5,"31-33",74,0,2007,3,"","Laurens County, South Carolina","Private","Manufacturing","County, NAICS Sector -- by ownership sector","All establishment sizes",80,4609,4587,4592,57351429,2551487,63293,960
"45059",5,"31-33",74,0,2007,4,"","Laurens County, South Carolina","Private","Manufacturing","County, NAICS Sector -- by ownership sector","All establishment sizes",80,4659,4623,4671,46520766,2364157,61160,769
"45059",5,311,75,0,2007,1,"N","Laurens County, South Carolina","Private","Food manufacturing","County, NAICS 3-digit -- by ownership sector","All establishment sizes",1,0,0,0,0,0,0,0
"45059",5,"311",75,0,2007,2,"N","Laurens County, South Carolina","Private","Food manufacturing","County, NAICS 3-digit -- by ownership sector","All establishment sizes",1,0,0,0,0,0,0,0
"45059",5,"311",75,0,2007,3,"N","Laurens County, South Carolina","Private","Food manufacturing","County, NAICS 3-digit -- by ownership sector","All establishment sizes",1,0,0,0,0,0,0,0
"45059",5,"311",75,0,2007,4,"N","Laurens County, South Carolina","Private","Food manufacturing","County, NAICS 3-digit -- by ownership sector","All establishment sizes",1,0,0,0,0,0,0,0
"45059",5,3116,76,0,2007,1,"N","Laurens County, South Carolina","Private","Animal slaughtering and processing","County, NAICS 4-digit -- by ownership sector","All establishment sizes",1,0,0,0,0,0,0,0
"45059",5,"3116",76,0,2007,2,"N","Laurens County, South Carolina","Private","Animal slaughtering and processing","County, NAICS 4-digit -- by ownership sector","All establishment sizes",1,0,0,0,0,0,0,0
"45059",5,"3116",76,0,2007,3,"N","Laurens County, South Carolina","Private","Animal slaughtering and processing","County, NAICS 4-digit -- by ownership sector","All establishment sizes",1,0,0,0,0,0,0,0
"45059",5,"3116",76,0,2007,4,"N","Laurens County, South Carolina","Private","Animal slaughtering and processing","County, NAICS 4-digit -- by ownership sector","All establishment sizes",1,0,0,0,0,0,0,0
"45059",5,31161,77,0,2007,1,"N","Laurens County, South Carolina","Private","Animal slaughtering and processing","County, NAICS 5-digit -- by ownership sector","All establishment sizes",1,0,0,0,0,0,0,0
"45059",5,"31161",77,0,2007,2,"N","Laurens County, South Carolina","Private","Animal slaughtering and processing","County, NAICS 5-digit -- by ownership sector","All establishment sizes",1,0,0,0,0,0,0,0
"45059",5,"31161",77,0,2007,3,"N","Laurens County, South Carolina","Private","Animal slaughtering and processing","County, NAICS 5-digit -- by ownership sector","All establishment sizes",1,0,0,0,0,0,0,0
"45059",5,"31161",77,0,2007,4,"N","Laurens County, South Carolina","Private","Animal slaughtering and processing","County, NAICS 5-digit -- by ownership sector","All establishment sizes",1,0,0,0,0,0,0,0
"45059",5,311612,78,0,2007,1,"N","Laurens County, South Carolina","Private","Meat processed from carcasses","County, NAICS 6-digit -- by ownership sector","All establishment sizes",1,0,0,0,0,0,0,0
"45059",5,"311612",78,0,2007,2,"N","Laurens County, South Carolina","Private","Meat processed from carcasses","County, NAICS 6-digit -- by ownership sector","All establishment sizes",1,0,0,0,0,0,0,0
"45059",5,"311612",78,0,2007,3,"N","Laurens County, South Carolina","Private","Meat processed from carcasses","County, NAICS 6-digit -- by ownership sector","All establishment sizes",1,0,0,0,0,0,0,0
"45059",5,"311612",78,0,2007,4,"N","Laurens County, South Carolina","Private","Meat processed from carcasses","County, NAICS 6-digit -- by ownership sector","All establishment sizes",1,0,0,0,0,0,0,0
"45059",5,313,75,0,2007,1,"N","Laurens County, South Carolina","Private","Textile mills","County, NAICS 3-digit -- by ownership sector","All establishment sizes",3,0,0,0,0,0,0,0
"45059",5,"313",75,0,2007,2,"N","Laurens County, South Carolina","Private","Textile mills","County, NAICS 3-digit -- by ownership sector","All establishment sizes",3,0,0,0,0,0,0,0
"45059",5,"313",75,0,2007,3,"N","Laurens County, South Carolina","Private","Textile mills","County, NAICS 3-digit -- by ownership sector","All establishment sizes",3,0,0,0,0,0,0,0
"45059",5,"313",75,0,2007,4,"N","Laurens County, South Carolina","Private","Textile mills","County, NAICS 3-digit -- by ownership sector","All establishment sizes",4,0,0,0,0,0,0,0
"45059",5,3132,76,0,2007,1,"N","Laurens County, South Carolina","Private","Fabric mills","County, NAICS 4-digit -- by ownership sector","All establishment sizes",3,0,0,0,0,0,0,0
"45059",5,"3132",76,0,2007,2,"N","Laurens County, South Carolina","Private","Fabric mills","County, NAICS 4-digit -- by ownership sector","All establishment sizes",3,0,0,0,0,0,0,0
"45059",5,"3132",76,0,2007,3,"N","Laurens County, South Carolina","Private","Fabric mills","County, NAICS 4-digit -- by ownership sector","All establishment sizes",3,0,0,0,0,0,0,0
"45059",5,"3132",76,0,2007,4,"N","Laurens County, South Carolina","Private","Fabric mills","County, NAICS 4-digit -- by ownership sector","All establishment sizes",4,0,0,0,0,0,0,0
"45059",5,31321,77,0,2007,1,"N","Laurens County, South Carolina","Private","Broadwoven fabric mills","County, NAICS 5-digit -- by ownership sector","All establishment sizes",3,0,0,0,0,0,0,0
"45059",5,"31321",77,0,2007,2,"N","Laurens County, South Carolina","Private","Broadwoven fabric mills","County, NAICS 5-digit -- by ownership sector","All establishment sizes",3,0,0,0,0,0,0,0
"45059",5,"31321",77,0,2007,3,"N","Laurens County, South Carolina","Private","Broadwoven fabric mills","County, NAICS 5-digit -- by ownership sector","All establishment sizes",3,0,0,0,0,0,0,0
"45059",5,"31321",77,0,2007,4,"N","Laurens County, South Carolina","Private","Broadwoven fabric mills","County, NAICS 5-digit -- by ownership sector","All establishment sizes",4,0,0,0,0,0,0,0
"45059",5,313210,78,0,2007,1,"N","Laurens County, South Carolina","Private","Broadwoven fabric mills","County, NAICS 6-digit -- by ownership sector","All establishment sizes",3,0,0,0,0,0,0,0
"45059",5,"313210",78,0,2007,2,"N","Laurens County, South Carolina","Private","Broadwoven fabric mills","County, NAICS 6-digit -- by ownership sector","All establishment sizes",3,0,0,0,0,0,0,0
"45059",5,"313210",78,0,2007,3,"N","Laurens County, South Carolina","Private","Broadwoven fabric mills","County, NAICS 6-digit -- by ownership sector","All establishment sizes",3,0,0,0,0,0,0,0
"45059",5,"313210",78,0,2007,4,"N","Laurens County, South Carolina","Private","Broadwoven fabric mills","County, NAICS 6-digit -- by ownership sector","All establishment sizes",4,0,0,0,0,0,0,0
"45059",5,314,75,0,2007,1,"N","Laurens County, South Carolina","Private","Textile product mills","County, NAICS 3-digit -- by ownership sector","All establishment sizes",1,0,0,0,0,0,0,0
"45059",5,"314",75,0,2007,2,"N","Laurens County, South Carolina","Private","Textile product mills","County, NAICS 3-digit -- by ownership sector","All establishment sizes",1,0,0,0,0,0,0,0
"45059",5,"314",75,0,2007,3,"-","Laurens County, South Carolina","Private","Textile product mills","County, NAICS 3-digit -- by ownership sector","All establishment sizes",0,0,0,0,0,0,0,0
"45059",5,"314",75,0,2007,4,"-","Laurens County, South Carolina","Private","Textile product mills","County, NAICS 3-digit -- by ownership sector","All establishment sizes",0,0,0,0,0,0,0,0
"45059",5,3141,76,0,2007,1,"N","Laurens County, South Carolina","Private","Textile furnishings mills","County, NAICS 4-digit -- by ownership sector","All establishment sizes",1,0,0,0,0,0,0,0
"45059",5,"3141",76,0,2007,2,"N","Laurens County, South Carolina","Private","Textile furnishings mills","County, NAICS 4-digit -- by ownership sector","All establishment sizes",1,0,0,0,0,0,0,0
"45059",5,"3141",76,0,2007,3,"-","Laurens County, South Carolina","Private","Textile furnishings mills","County, NAICS 4-digit -- by ownership sector","All establishment sizes",0,0,0,0,0,0,0,0
"45059",5,"3141",76,0,2007,4,"-","Laurens County, South Carolina","Private","Textile furnishings mills","County, NAICS 4-digit -- by ownership sector","All establishment sizes",0,0,0,0,0,0,0,0
"45059",5,31412,77,0,2007,1,"N","Laurens County, South Carolina","Private","Curtain and linen mills","County, NAICS 5-digit -- by ownership sector","All establishment sizes",1,0,0,0,0,0,0,0
"45059",5,"31412",77,0,2007,2,"N","Laurens County, South Carolina","Private","Curtain and linen mills","County, NAICS 5-digit -- by ownership sector","All establishment sizes",1,0,0,0,0,0,0,0
"45059",5,"31412",77,0,2007,3,"-","Laurens County, South Carolina","Private","Curtain and linen mills","County, NAICS 5-digit -- by ownership sector","All establishment sizes",0,0,0,0,0,0,0,0
"45059",5,"31412",77,0,2007,4,"-","Laurens County, South Carolina","Private","Curtain and linen mills","County, NAICS 5-digit -- by ownership sector","All establishment sizes",0,0,0,0,0,0,0,0
"45059",5,314129,78,0,2007,1,"N","Laurens County, South Carolina","Private","Other household textile product mills","County, NAICS 6-digit -- by ownership sector","All establishment sizes",1,0,0,0,0,0,0,0
"45059",5,"314129",78,0,2007,2,"N","Laurens County, South Carolina","Private","Other household textile product mills","County, NAICS 6-digit -- by ownership sector","All establishment sizes",1,0,0,0,0,0,0,0
"45059",5,"314129",78,0,2007,3,"-","Laurens County, South Carolina","Private","Other household textile product mills","County, NAICS 6-digit -- by ownership sector","All establishment sizes",0,0,0,0,0,0,0,0
"45059",5,"314129",78,0,2007,4,"-","Laurens County, South Carolina","Private","Other household textile product mills","County, NAICS 6-digit -- by ownership sector","All establishment sizes",0,0,0,0,0,0,0,0
"45059",5,315,75,0,2007,1,"N","Laurens County, South Carolina","Private","Apparel manufacturing","County, NAICS 3-digit -- by ownership sector","All establishment sizes",2,0,0,0,0,0,0,0
"45059",5,"315",75,0,2007,2,"N","Laurens County, South Carolina","Private","Apparel manufacturing","County, NAICS 3-digit -- by ownership sector","All establishment sizes",2,0,0,0,0,0,0,0
"45059",5,"315",75,0,2007,3,"N","Laurens County, South Carolina","Private","Apparel manufacturing","County, NAICS 3-digit -- by ownership sector","All establishment sizes",2,0,0,0,0,0,0,0
"45059",5,"315",75,0,2007,4,"N","Laurens County, South Carolina","Private","Apparel manufacturing","County, NAICS 3-digit -- by ownership sector","All establishment sizes",2,0,0,0,0,0,0,0
"45059",5,3152,76,0,2007,1,"N","Laurens County, South Carolina","Private","Cut and sew apparel manufacturing","County, NAICS 4-digit -- by ownership sector","All establishment sizes",1,0,0,0,0,0,0,0
"45059",5,"3152",76,0,2007,2,"N","Laurens County, South Carolina","Private","Cut and sew apparel manufacturing","County, NAICS 4-digit -- by ownership sector","All establishment sizes",1,0,0,0,0,0,0,0
"45059",5,"3152",76,0,2007,3,"N","Laurens County, South Carolina","Private","Cut and sew apparel manufacturing","County, NAICS 4-digit -- by ownership sector","All establishment sizes",1,0,0,0,0,0,0,0
"45059",5,"3152",76,0,2007,4,"N","Laurens County, South Carolina","Private","Cut and sew apparel manufacturing","County, NAICS 4-digit -- by ownership sector","All establishment sizes",1,0,0,0,0,0,0,0
"45059",5,31529,77,0,2007,1,"N","Laurens County, South Carolina","Private","Other cut and sew apparel manufacturing","County, NAICS 5-digit -- by ownership sector","All establishment sizes",1,0,0,0,0,0,0,0
"45059",5,"31529",77,0,2007,2,"N","Laurens County, South Carolina","Private","Other cut and sew apparel manufacturing","County, NAICS 5-digit -- by ownership sector","All establishment sizes",1,0,0,0,0,0,0,0
"45059",5,"31529",77,0,2007,3,"N","Laurens County, South Carolina","Private","Other cut and sew apparel manufacturing","County, NAICS 5-digit -- by ownership sector","All establishment sizes",1,0,0,0,0,0,0,0
"45059",5,"31529",77,0,2007,4,"N","Laurens County, South Carolina","Private","Other cut and sew apparel manufacturing","County, NAICS 5-digit -- by ownership sector","All establishment sizes",1,0,0,0,0,0,0,0
"45059",5,315299,78,0,2007,1,"N","Laurens County, South Carolina","Private","All other cut and sew apparel manufacturing","County, NAICS 6-digit -- by ownership sector","All establishment sizes",1,0,0,0,0,0,0,0
"45059",5,"315299",78,0,2007,2,"N","Laurens County, South Carolina","Private","All other cut and sew apparel manufacturing","County, NAICS 6-digit -- by ownership sector","All establishment sizes",1,0,0,0,0,0,0,0
"45059",5,"315299",78,0,2007,3,"N","Laurens County, South Carolina","Private","All other cut and sew apparel manufacturing","County, NAICS 6-digit -- by ownership sector","All establishment sizes",1,0,0,0,0,0,0,0
"45059",5,"315299",78,0,2007,4,"N","Laurens County, South Carolina","Private","All other cut and sew apparel manufacturing","County, NAICS 6-digit -- by ownership sector","All establishment sizes",1,0,0,0,0,0,0,0
"45059",5,3159,76,0,2007,1,"N","Laurens County, South Carolina","Private","Accessories and other apparel manufacturing","County, NAICS 4-digit -- by ownership sector","All establishment sizes",1,0,0,0,0,0,0,0
"45059",5,"3159",76,0,2007,2,"N","Laurens County, South Carolina","Private","Accessories and other apparel manufacturing","County, NAICS 4-digit -- by ownership sector","All establishment sizes",1,0,0,0,0,0,0,0
"45059",5,"3159",76,0,2007,3,"N","Laurens County, South Carolina","Private","Accessories and other apparel manufacturing","County, NAICS 4-digit -- by ownership sector","All establishment sizes",1,0,0,0,0,0,0,0
"45059",5,"3159",76,0,2007,4,"N","Laurens County, South Carolina","Private","Accessories and other apparel manufacturing","County, NAICS 4-digit -- by ownership sector","All establishment sizes",1,0,0,0,0,0,0,0
"45059",5,31599,77,0,2007,1,"N","Laurens County, South Carolina","Private","Accessories and other apparel manufacturing","County, NAICS 5-digit -- by ownership sector","All establishment sizes",1,0,0,0,0,0,0,0
"45059",5,"31599",77,0,2007,2,"N","Laurens County, South Carolina","Private","Accessories and other apparel manufacturing","County, NAICS 5-digit -- by ownership sector","All establishment sizes",1,0,0,0,0,0,0,0
"45059",5,"31599",77,0,2007,3,"N","Laurens County, South Carolina","Private","Accessories and other apparel manufacturing","County, NAICS 5-digit -- by ownership sector","All establishment sizes",1,0,0,0,0,0,0,0
"45059",5,"31599",77,0,2007,4,"N","Laurens County, South Carolina","Private","Accessories and other apparel manufacturing","County, NAICS 5-digit -- by ownership sector","All establishment sizes",1,0,0,0,0,0,0,0
"45059",5,315999,78,0,2007,1,"N","Laurens County, South Carolina","Private","All other accessory and apparel manufacturing","County, NAICS 6-digit -- by ownership sector","All establishment sizes",1,0,0,0,0,0,0,0
"45059",5,"315999",78,0,2007,2,"N","Laurens County, South Carolina","Private","All other accessory and apparel manufacturing","County, NAICS 6-digit -- by ownership sector","All establishment sizes",1,0,0,0,0,0,0,0
"45059",5,"315999",78,0,2007,3,"N","Laurens County, South Carolina","Private","All other accessory and apparel manufacturing","County, NAICS 6-digit -- by ownership sector","All establishment sizes",1,0,0,0,0,0,0,0
"45059",5,"315999",78,0,2007,4,"N","Laurens County, South Carolina","Private","All other accessory and apparel manufacturing","County, NAICS 6-digit -- by ownership sector","All establishment sizes",1,0,0,0,0,0,0,0
"45059",5,321,75,0,2007,1,"","Laurens County, South Carolina","Private","Wood product manufacturing","County, NAICS 3-digit -- by ownership sector","All establishment sizes",9,724,709,698,6261893,3711200,68136,678
"45059",5,"321",75,0,2007,2,"","Laurens County, South Carolina","Private","Wood product manufacturing","County, NAICS 3-digit -- by ownership sector","All establishment sizes",9,712,735,752,6081823,1437657,27498,638
"45059",5,"321",75,0,2007,3,"","Laurens County, South Carolina","Private","Wood product manufacturing","County, NAICS 3-digit -- by ownership sector","All establishment sizes",9,662,655,648,18479437,551513,11298,2170
"45059",5,"321",75,0,2007,4,"","Laurens County, South Carolina","Private","Wood product manufacturing","County, NAICS 3-digit -- by ownership sector","All establishment sizes",9,727,704,696,6154684,340554,6614,668
"45059",5,3211,76,0,2007,1,"N","Laurens County, South Carolina","Private","Sawmills and wood preservation","County, NAICS 4-digit -- by ownership sector","All establishment sizes",2,0,0,0,0,0,0,0
"45059",5,"3211",76,0,2007,2,"N","Laurens County, South Carolina","Private","Sawmills and wood preservation","County, NAICS 4-digit -- by ownership sector","All establishment sizes",2,0,0,0,0,0,0,0
"45059",5,"3211",76,0,2007,3,"N","Laurens County, South Carolina","Private","Sawmills and wood preservation","County, NAICS 4-digit -- by ownership sector","All establishment sizes",2,0,0,0,0,0,0,0
"45059",5,"3211",76,0,2007,4,"N","Laurens County, South Carolina","Private","Sawmills and wood preservation","County, NAICS 4-digit -- by ownership sector","All establishment sizes",2,0,0,0,0,0,0,0
"45059",5,32111,77,0,2007,1,"N","Laurens County, South Carolina","Private","Sawmills and wood preservation","County, NAICS 5-digit -- by ownership sector","All establishment sizes",2,0,0,0,0,0,0,0
"45059",5,"32111",77,0,2007,2,"N","Laurens County, South Carolina","Private","Sawmills and wood preservation","County, NAICS 5-digit -- by ownership sector","All establishment sizes",2,0,0,0,0,0,0,0
"45059",5,"32111",77,0,2007,3,"N","Laurens County, South Carolina","Private","Sawmills and wood preservation","County, NAICS 5-digit -- by ownership sector","All establishment sizes",2,0,0,0,0,0,0,0
"45059",5,"32111",77,0,2007,4,"N","Laurens County, South Carolina","Private","Sawmills and wood preservation","County, NAICS 5-digit -- by ownership sector","All establishment sizes",2,0,0,0,0,0,0,0
"45059",5,321113,78,0,2007,1,"N","Laurens County, South Carolina","Private","Sawmills","County, NAICS 6-digit -- by ownership sector","All establishment sizes",2,0,0,0,0,0,0,0
"45059",5,"321113",78,0,2007,2,"N","Laurens County, South Carolina","Private","Sawmills","County, NAICS 6-digit -- by ownership sector","All establishment sizes",2,0,0,0,0,0,0,0
"45059",5,"321113",78,0,2007,3,"N","Laurens County, South Carolina","Private","Sawmills","County, NAICS 6-digit -- by ownership sector","All establishment sizes",2,0,0,0,0,0,0,0
"45059",5,"321113",78,0,2007,4,"N","Laurens County, South Carolina","Private","Sawmills","County, NAICS 6-digit -- by ownership sector","All establishment sizes",2,0,0,0,0,0,0,0
"45059",5,3212,76,0,2007,1,"","Laurens County, South Carolina","Private","Plywood and engineered wood product mfg.","County, NAICS 4-digit -- by ownership sector","All establishment sizes",3,575,554,548,5035788,2883964,44866,693
"45059",5,"3212",76,0,2007,2,"","Laurens County, South Carolina","Private","Plywood and engineered wood product mfg.","County, NAICS 4-digit -- by ownership sector","All establishment sizes",3,568,579,591,4748910,1180449,20081,631
"45059",5,"3212",76,0,2007,3,"","Laurens County, South Carolina","Private","Plywood and engineered wood product mfg.","County, NAICS 4-digit -- by ownership sector","All establishment sizes",3,497,493,491,5091461,406217,6845,793
"45059",5,"3212",76,0,2007,4,"","Laurens County, South Carolina","Private","Plywood and engineered wood product mfg.","County, NAICS 4-digit -- by ownership sector","All establishment sizes",3,551,530,523,4636833,256503,4026,667
"45059",5,32121,77,0,2007,1,"","Laurens County, South Carolina","Private","Plywood and engineered wood product mfg.","County, NAICS 5-digit -- by ownership sector","All establishment sizes",3,575,554,548,5035788,2883964,44866,693
"45059",5,"32121",77,0,2007,2,"","Laurens County, South Carolina","Private","Plywood and engineered wood product mfg.","County, NAICS 5-digit -- by ownership sector","All establishment sizes",3,568,579,591,4748910,1180449,20081,631
"45059",5,"32121",77,0,2007,3,"","Laurens County, South Carolina","Private","Plywood and engineered wood product mfg.","County, NAICS 5-digit -- by ownership sector","All establishment sizes",3,497,493,491,5091461,406217,6845,793
"45059",5,"32121",77,0,2007,4,"","Laurens County, South Carolina","Private","Plywood and engineered wood product mfg.","County, NAICS 5-digit -- by ownership sector","All establishment sizes",3,551,530,523,4636833,256503,4026,667
"45059",5,321211,78,0,2007,1,"N","Laurens County, South Carolina","Private","Hardwood veneer and plywood manufacturing","County, NAICS 6-digit -- by ownership sector","All establishment sizes",1,0,0,0,0,0,0,0
"45059",5,"321211",78,0,2007,2,"N","Laurens County, South Carolina","Private","Hardwood veneer and plywood manufacturing","County, NAICS 6-digit -- by ownership sector","All establishment sizes",1,0,0,0,0,0,0,0
"45059",5,"321211",78,0,2007,3,"N","Laurens County, South Carolina","Private","Hardwood veneer and plywood manufacturing","County, NAICS 6-digit -- by ownership sector","All establishment sizes",1,0,0,0,0,0,0,0
"45059",5,"321211",78,0,2007,4,"N","Laurens County, South Carolina","Private","Hardwood veneer and plywood manufacturing","County, NAICS 6-digit -- by ownership sector","All establishment sizes",1,0,0,0,0,0,0,0
"45059",5,321214,78,0,2007,1,"N","Laurens County, South Carolina","Private","Truss manufacturing","County, NAICS 6-digit -- by ownership sector","All establishment sizes",1,0,0,0,0,0,0,0
"45059",5,"321214",78,0,2007,2,"N","Laurens County, South Carolina","Private","Truss manufacturing","County, NAICS 6-digit -- by ownership sector","All establishment sizes",1,0,0,0,0,0,0,0
"45059",5,"321214",78,0,2007,3,"N","Laurens County, South Carolina","Private","Truss manufacturing","County, NAICS 6-digit -- by ownership sector","All establishment sizes",1,0,0,0,0,0,0,0
"45059",5,"321214",78,0,2007,4,"N","Laurens County, South Carolina","Private","Truss manufacturing","County, NAICS 6-digit -- by ownership sector","All establishment sizes",1,0,0,0,0,0,0,0
"45059",5,321219,78,0,2007,1,"N","Laurens County, South Carolina","Private","Reconstituted wood product manufacturing","County, NAICS 6-digit -- by ownership sector","All establishment sizes",1,0,0,0,0,0,0,0
"45059",5,"321219",78,0,2007,2,"N","Laurens County, South Carolina","Private","Reconstituted wood product manufacturing","County, NAICS 6-digit -- by ownership sector","All establishment sizes",1,0,0,0,0,0,0,0
"45059",5,"321219",78,0,2007,3,"N","Laurens County, South Carolina","Private","Reconstituted wood product manufacturing","County, NAICS 6-digit -- by ownership sector","All establishment sizes",1,0,0,0,0,0,0,0
"45059",5,"321219",78,0,2007,4,"N","Laurens County, South Carolina","Private","Reconstituted wood product manufacturing","County, NAICS 6-digit -- by ownership sector","All establishment sizes",1,0,0,0,0,0,0,0
"45059",5,3219,76,0,2007,1,"N","Laurens County, South Carolina","Private","Other wood product manufacturing","County, NAICS 4-digit -- by ownership sector","All establishment sizes",4,0,0,0,0,0,0,0
"45059",5,"3219",76,0,2007,2,"N","Laurens County, South Carolina","Private","Other wood product manufacturing","County, NAICS 4-digit -- by ownership sector","All establishment sizes",4,0,0,0,0,0,0,0
"45059",5,"3219",76,0,2007,3,"N","Laurens County, South Carolina","Private","Other wood product manufacturing","County, NAICS 4-digit -- by ownership sector","All establishment sizes",4,0,0,0,0,0,0,0
"45059",5,"3219",76,0,2007,4,"N","Laurens County, South Carolina","Private","Other wood product manufacturing","County, NAICS 4-digit -- by ownership sector","All establishment sizes",4,0,0,0,0,0,0,0
"45059",5,32191,77,0,2007,1,"N","Laurens County, South Carolina","Private","Millwork","County, NAICS 5-digit -- by ownership sector","All establishment sizes",3,0,0,0,0,0,0,0
"45059",5,"32191",77,0,2007,2,"N","Laurens County, South Carolina","Private","Millwork","County, NAICS 5-digit -- by ownership sector","All establishment sizes",3,0,0,0,0,0,0,0
"45059",5,"32191",77,0,2007,3,"N","Laurens County, South Carolina","Private","Millwork","County, NAICS 5-digit -- by ownership sector","All establishment sizes",3,0,0,0,0,0,0,0
"45059",5,"32191",77,0,2007,4,"N","Laurens County, South Carolina","Private","Millwork","County, NAICS 5-digit -- by ownership sector","All establishment sizes",3,0,0,0,0,0,0,0
"45059",5,321918,78,0,2007,1,"N","Laurens County, South Carolina","Private","Other millwork, including flooring","County, NAICS 6-digit -- by ownership sector","All establishment sizes",3,0,0,0,0,0,0,0
"45059",5,"321918",78,0,2007,2,"N","Laurens County, South Carolina","Private","Other millwork, including flooring","County, NAICS 6-digit -- by ownership sector","All establishment sizes",3,0,0,0,0,0,0,0
"45059",5,"321918",78,0,2007,3,"N","Laurens County, South Carolina","Private","Other millwork, including flooring","County, NAICS 6-digit -- by ownership sector","All establishment sizes",3,0,0,0,0,0,0,0
"45059",5,"321918",78,0,2007,4,"N","Laurens County, South Carolina","Private","Other millwork, including flooring","County, NAICS 6-digit -- by ownership sector","All establishment sizes",3,0,0,0,0,0,0,0
"45059",5,32192,77,0,2007,1,"N","Laurens County, South Carolina","Private","Wood container and pallet manufacturing","County, NAICS 5-digit -- by ownership sector","All establishment sizes",1,0,0,0,0,0,0,0
"45059",5,"32192",77,0,2007,2,"N","Laurens County, South Carolina","Private","Wood container and pallet manufacturing","County, NAICS 5-digit -- by ownership sector","All establishment sizes",1,0,0,0,0,0,0,0
"45059",5,"32192",77,0,2007,3,"N","Laurens County, South Carolina","Private","Wood container and pallet manufacturing","County, NAICS 5-digit -- by ownership sector","All establishment sizes",1,0,0,0,0,0,0,0
"45059",5,"32192",77,0,2007,4,"N","Laurens County, South Carolina","Private","Wood container and pallet manufacturing","County, NAICS 5-digit -- by ownership sector","All establishment sizes",1,0,0,0,0,0,0,0
"45059",5,321920,78,0,2007,1,"N","Laurens County, South Carolina","Private","Wood container and pallet manufacturing","County, NAICS 6-digit -- by ownership sector","All establishment sizes",1,0,0,0,0,0,0,0
"45059",5,"321920",78,0,2007,2,"N","Laurens County, South Carolina","Private","Wood container and pallet manufacturing","County, NAICS 6-digit -- by ownership sector","All establishment sizes",1,0,0,0,0,0,0,0
"45059",5,"321920",78,0,2007,3,"N","Laurens County, South Carolina","Private","Wood container and pallet manufacturing","County, NAICS 6-digit -- by ownership sector","All establishment sizes",1,0,0,0,0,0,0,0
"45059",5,"321920",78,0,2007,4,"N","Laurens County, South Carolina","Private","Wood container and pallet manufacturing","County, NAICS 6-digit -- by ownership sector","All establishment sizes",1,0,0,0,0,0,0,0
"45059",5,322,75,0,2007,1,"N","Laurens County, South Carolina","Private","Paper manufacturing","County, NAICS 3-digit -- by ownership sector","All establishment sizes",1,0,0,0,0,0,0,0
"45059",5,"322",75,0,2007,2,"N","Laurens County, South Carolina","Private","Paper manufacturing","County, NAICS 3-digit -- by ownership sector","All establishment sizes",1,0,0,0,0,0,0,0
"45059",5,"322",75,0,2007,3,"N","Laurens County, South Carolina","Private","Paper manufacturing","County, NAICS 3-digit -- by ownership sector","All establishment sizes",1,0,0,0,0,0,0,0
"45059",5,"322",75,0,2007,4,"N","Laurens County, South Carolina","Private","Paper manufacturing","County, NAICS 3-digit -- by ownership sector","All establishment sizes",1,0,0,0,0,0,0,0
"45059",5,3222,76,0,2007,1,"N","Laurens County, South Carolina","Private","Converted paper product manufacturing","County, NAICS 4-digit -- by ownership sector","All establishment sizes",1,0,0,0,0,0,0,0
"45059",5,"3222",76,0,2007,2,"N","Laurens County, South Carolina","Private","Converted paper product manufacturing","County, NAICS 4-digit -- by ownership sector","All establishment sizes",1,0,0,0,0,0,0,0
"45059",5,"3222",76,0,2007,3,"N","Laurens County, South Carolina","Private","Converted paper product manufacturing","County, NAICS 4-digit -- by ownership sector","All establishment sizes",1,0,0,0,0,0,0,0
"45059",5,"3222",76,0,2007,4,"N","Laurens County, South Carolina","Private","Converted paper product manufacturing","County, NAICS 4-digit -- by ownership sector","All establishment sizes",1,0,0,0,0,0,0,0
"45059",5,32221,77,0,2007,1,"N","Laurens County, South Carolina","Private","Paperboard container manufacturing","County, NAICS 5-digit -- by ownership sector","All establishment sizes",1,0,0,0,0,0,0,0
"45059",5,"32221",77,0,2007,2,"N","Laurens County, South Carolina","Private","Paperboard container manufacturing","County, NAICS 5-digit -- by ownership sector","All establishment sizes",1,0,0,0,0,0,0,0
"45059",5,"32221",77,0,2007,3,"N","Laurens County, South Carolina","Private","Paperboard container manufacturing","County, NAICS 5-digit -- by ownership sector","All establishment sizes",1,0,0,0,0,0,0,0
"45059",5,"32221",77,0,2007,4,"N","Laurens County, South Carolina","Private","Paperboard container manufacturing","County, NAICS 5-digit -- by ownership sector","All establishment sizes",1,0,0,0,0,0,0,0
"45059",5,322211,78,0,2007,1,"N","Laurens County, South Carolina","Private","Corrugated and solid fiber box manufacturing","County, NAICS 6-digit -- by ownership sector","All establishment sizes",1,0,0,0,0,0,0,0
"45059",5,"322211",78,0,2007,2,"N","Laurens County, South Carolina","Private","Corrugated and solid fiber box manufacturing","County, NAICS 6-digit -- by ownership sector","All establishment sizes",1,0,0,0,0,0,0,0
"45059",5,"322211",78,0,2007,3,"N","Laurens County, South Carolina","Private","Corrugated and solid fiber box manufacturing","County, NAICS 6-digit -- by ownership sector","All establishment sizes",1,0,0,0,0,0,0,0
"45059",5,"322211",78,0,2007,4,"N","Laurens County, South Carolina","Private","Corrugated and solid fiber box manufacturing","County, NAICS 6-digit -- by ownership sector","All establishment sizes",1,0,0,0,0,0,0,0
"45059",5,323,75,0,2007,1,"","Laurens County, South Carolina","Private","Printing and related support activities","County, NAICS 3-digit -- by ownership sector","All establishment sizes",8,251,249,245,2778379,1602339,34970,861
"45059",5,"323",75,0,2007,2,"","Laurens County, South Carolina","Private","Printing and related support activities","County, NAICS 3-digit -- by ownership sector","All establishment sizes",8,252,256,254,2543440,237731,4804,770
"45059",5,"323",75,0,2007,3,"","Laurens County, South Carolina","Private","Printing and related support activities","County, NAICS 3-digit -- by ownership sector","All establishment sizes",8,252,248,235,2468512,69977,1433,775
"45059",5,"323",75,0,2007,4,"","Laurens County, South Carolina","Private","Printing and related support activities","County, NAICS 3-digit -- by ownership sector","All establishment sizes",8,233,230,230,2260264,24484,486,753
"45059",5,3231,76,0,2007,1,"","Laurens County, South Carolina","Private","Printing and related support activities","County, NAICS 4-digit -- by ownership sector","All establishment sizes",8,251,249,245,2778379,1602339,34970,861
"45059",5,"3231",76,0,2007,2,"","Laurens County, South Carolina","Private","Printing and related support activities","County, NAICS 4-digit -- by ownership sector","All establishment sizes",8,252,256,254,2543440,237731,4804,770
"45059",5,"3231",76,0,2007,3,"","Laurens County, South Carolina","Private","Printing and related support activities","County, NAICS 4-digit -- by ownership sector","All establishment sizes",8,252,248,235,2468512,69977,1433,775
"45059",5,"3231",76,0,2007,4,"","Laurens County, South Carolina","Private","Printing and related support activities","County, NAICS 4-digit -- by ownership sector","All establishment sizes",8,233,230,230,2260264,24484,486,753
"45059",5,32311,77,0,2007,1,"","Laurens County, South Carolina","Private","Printing","County, NAICS 5-digit -- by ownership sector","All establishment sizes",8,251,249,245,2778379,1602339,34970,861
"45059",5,"32311",77,0,2007,2,"","Laurens County, South Carolina","Private","Printing","County, NAICS 5-digit -- by ownership sector","All establishment sizes",8,252,256,254,2543440,237731,4804,770
"45059",5,"32311",77,0,2007,3,"","Laurens County, South Carolina","Private","Printing","County, NAICS 5-digit -- by ownership sector","All establishment sizes",8,252,248,235,2468512,69977,1433,775
"45059",5,"32311",77,0,2007,4,"","Laurens County, South Carolina","Private","Printing","County, NAICS 5-digit -- by ownership sector","All establishment sizes",8,233,230,230,2260264,24484,486,753
"45059",5,323110,78,0,2007,1,"","Laurens County, South Carolina","Private","Commercial lithographic printing","County, NAICS 6-digit -- by ownership sector","All establishment sizes",3,18,17,17,102594,99795,1238,455
"45059",5,"323110",78,0,2007,2,"","Laurens County, South Carolina","Private","Commercial lithographic printing","County, NAICS 6-digit -- by ownership sector","All establishment sizes",3,17,17,18,99440,21158,263,441
"45059",5,"323110",78,0,2007,3,"","Laurens County, South Carolina","Private","Commercial lithographic printing","County, NAICS 6-digit -- by ownership sector","All establishment sizes",3,18,18,17,102671,7108,89,447
"45059",5,"323110",78,0,2007,4,"","Laurens County, South Carolina","Private","Commercial lithographic printing","County, NAICS 6-digit -- by ownership sector","All establishment sizes",3,17,17,17,96344,280,3,436
"45059",5,323111,78,0,2007,1,"N","Laurens County, South Carolina","Private","Commercial gravure printing","County, NAICS 6-digit -- by ownership sector","All establishment sizes",1,0,0,0,0,0,0,0
"45059",5,"323111",78,0,2007,2,"N","Laurens County, South Carolina","Private","Commercial gravure printing","County, NAICS 6-digit -- by ownership sector","All establishment sizes",1,0,0,0,0,0,0,0
"45059",5,"323111",78,0,2007,3,"N","Laurens County, South Carolina","Private","Commercial gravure printing","County, NAICS 6-digit -- by ownership sector","All establishment sizes",1,0,0,0,0,0,0,0
"45059",5,"323111",78,0,2007,4,"N","Laurens County, South Carolina","Private","Commercial gravure printing","County, NAICS 6-digit -- by ownership sector","All establishment sizes",1,0,0,0,0,0,0,0
"45059",5,323113,78,0,2007,1,"","Laurens County, South Carolina","Private","Commercial screen printing","County, NAICS 6-digit -- by ownership sector","All establishment sizes",3,14,14,16,69759,62059,795,366
"45059",5,"323113",78,0,2007,2,"","Laurens County, South Carolina","Private","Commercial screen printing","County, NAICS 6-digit -- by ownership sector","All establishment sizes",3,16,16,16,71450,37278,485,344
"45059",5,"323113",78,0,2007,3,"N","Laurens County, South Carolina","Private","Commercial screen printing","County, NAICS 6-digit -- by ownership sector","All establishment sizes",3,0,0,0,0,0,0,0
"45059",5,"323113",78,0,2007,4,"N","Laurens County, South Carolina","Private","Commercial screen printing","County, NAICS 6-digit -- by ownership sector","All establishment sizes",3,0,0,0,0,0,0,0
"45059",5,323114,78,0,2007,1,"N","Laurens County, South Carolina","Private","Quick printing","County, NAICS 6-digit -- by ownership sector","All establishment sizes",1,0,0,0,0,0,0,0
"45059",5,"323114",78,0,2007,2,"N","Laurens County, South Carolina","Private","Quick printing","County, NAICS 6-digit -- by ownership sector","All establishment sizes",1,0,0,0,0,0,0,0
"45059",5,"323114",78,0,2007,3,"N","Laurens County, South Carolina","Private","Quick printing","County, NAICS 6-digit -- by ownership sector","All establishment sizes",1,0,0,0,0,0,0,0
"45059",5,"323114",78,0,2007,4,"N","Laurens County, South Carolina","Private","Quick printing","County, NAICS 6-digit -- by ownership sector","All establishment sizes",1,0,0,0,0,0,0,0
"45059",5,325,75,0,2007,1,"","Laurens County, South Carolina","Private","Chemical manufacturing","County, NAICS 3-digit -- by ownership sector","All establishment sizes",6,239,235,235,2585900,1467790,18779,842
"45059",5,"325",75,0,2007,2,"","Laurens County, South Carolina","Private","Chemical manufacturing","County, NAICS 3-digit -- by ownership sector","All establishment sizes",6,239,241,242,2457851,476214,5915,786
"45059",5,"325",75,0,2007,3,"","Laurens County, South Carolina","Private","Chemical manufacturing","County, NAICS 3-digit -- by ownership sector","All establishment sizes",6,235,232,235,2411904,85388,1132,793
"45059",5,"325",75,0,2007,4,"","Laurens County, South Carolina","Private","Chemical manufacturing","County, NAICS 3-digit -- by ownership sector","All establishment sizes",6,237,232,232,2468163,55807,693,813
"45059",5,3251,76,0,2007,1,"N","Laurens County, South Carolina","Private","Basic chemical manufacturing","County, NAICS 4-digit -- by ownership sector","All establishment sizes",2,0,0,0,0,0,0,0
"45059",5,"3251",76,0,2007,2,"N","Laurens County, South Carolina","Private","Basic chemical manufacturing","County, NAICS 4-digit -- by ownership sector","All establishment sizes",2,0,0,0,0,0,0,0
"45059",5,"3251",76,0,2007,3,"N","Laurens County, South Carolina","Private","Basic chemical manufacturing","County, NAICS 4-digit -- by ownership sector","All establishment sizes",2,0,0,0,0,0,0,0
"45059",5,"3251",76,0,2007,4,"N","Laurens County, South Carolina","Private","Basic chemical manufacturing","County, NAICS 4-digit -- by ownership sector","All establishment sizes",2,0,0,0,0,0,0,0
"45059",5,32513,77,0,2007,1,"N","Laurens County, South Carolina","Private","Synthetic dye and pigment manufacturing","County, NAICS 5-digit -- by ownership sector","All establishment sizes",1,0,0,0,0,0,0,0
"45059",5,"32513",77,0,2007,2,"N","Laurens County, South Carolina","Private","Synthetic dye and pigment manufacturing","County, NAICS 5-digit -- by ownership sector","All establishment sizes",1,0,0,0,0,0,0,0
"45059",5,"32513",77,0,2007,3,"N","Laurens County, South Carolina","Private","Synthetic dye and pigment manufacturing","County, NAICS 5-digit -- by ownership sector","All establishment sizes",1,0,0,0,0,0,0,0
"45059",5,"32513",77,0,2007,4,"N","Laurens County, South Carolina","Private","Synthetic dye and pigment manufacturing","County, NAICS 5-digit -- by ownership sector","All establishment sizes",1,0,0,0,0,0,0,0
"45059",5,325132,78,0,2007,1,"N","Laurens County, South Carolina","Private","Synthetic organic dye and pigment mfg.","County, NAICS 6-digit -- by ownership sector","All establishment sizes",1,0,0,0,0,0,0,0
"45059",5,"325132",78,0,2007,2,"N","Laurens County, South Carolina","Private","Synthetic organic dye and pigment mfg.","County, NAICS 6-digit -- by ownership sector","All establishment sizes",1,0,0,0,0,0,0,0
"45059",5,"325132",78,0,2007,3,"N","Laurens County, South Carolina","Private","Synthetic organic dye and pigment mfg.","County, NAICS 6-digit -- by ownership sector","All establishment sizes",1,0,0,0,0,0,0,0
"45059",5,"325132",78,0,2007,4,"N","Laurens County, South Carolina","Private","Synthetic organic dye and pigment mfg.","County, NAICS 6-digit -- by ownership sector","All establishment sizes",1,0,0,0,0,0,0,0
"45059",5,32519,77,0,2007,1,"N","Laurens County, South Carolina","Private","Other basic organic chemical manufacturing","County, NAICS 5-digit -- by ownership sector","All establishment sizes",1,0,0,0,0,0,0,0
"45059",5,"32519",77,0,2007,2,"N","Laurens County, South Carolina","Private","Other basic organic chemical manufacturing","County, NAICS 5-digit -- by ownership sector","All establishment sizes",1,0,0,0,0,0,0,0
"45059",5,"32519",77,0,2007,3,"N","Laurens County, South Carolina","Private","Other basic organic chemical manufacturing","County, NAICS 5-digit -- by ownership sector","All establishment sizes",1,0,0,0,0,0,0,0
"45059",5,"32519",77,0,2007,4,"N","Laurens County, South Carolina","Private","Other basic organic chemical manufacturing","County, NAICS 5-digit -- by ownership sector","All establishment sizes",1,0,0,0,0,0,0,0
"45059",5,325199,78,0,2007,1,"N","Laurens County, South Carolina","Private","All other basic organic chemical mfg.","County, NAICS 6-digit -- by ownership sector","All establishment sizes",1,0,0,0,0,0,0,0
"45059",5,"325199",78,0,2007,2,"N","Laurens County, South Carolina","Private","All other basic organic chemical mfg.","County, NAICS 6-digit -- by ownership sector","All establishment sizes",1,0,0,0,0,0,0,0
"45059",5,"325199",78,0,2007,3,"N","Laurens County, South Carolina","Private","All other basic organic chemical mfg.","County, NAICS 6-digit -- by ownership sector","All establishment sizes",1,0,0,0,0,0,0,0
"45059",5,"325199",78,0,2007,4,"N","Laurens County, South Carolina","Private","All other basic organic chemical mfg.","County, NAICS 6-digit -- by ownership sector","All establishment sizes",1,0,0,0,0,0,0,0
"45059",5,3254,76,0,2007,1,"N","Laurens County, South Carolina","Private","Pharmaceutical and medicine manufacturing","County, NAICS 4-digit -- by ownership sector","All establishment sizes",2,0,0,0,0,0,0,0
"45059",5,"3254",76,0,2007,2,"N","Laurens County, South Carolina","Private","Pharmaceutical and medicine manufacturing","County, NAICS 4-digit -- by ownership sector","All establishment sizes",2,0,0,0,0,0,0,0
"45059",5,"3254",76,0,2007,3,"N","Laurens County, South Carolina","Private","Pharmaceutical and medicine manufacturing","County, NAICS 4-digit -- by ownership sector","All establishment sizes",2,0,0,0,0,0,0,0
"45059",5,"3254",76,0,2007,4,"N","Laurens County, South Carolina","Private","Pharmaceutical and medicine manufacturing","County, NAICS 4-digit -- by ownership sector","All establishment sizes",2,0,0,0,0,0,0,0
"45059",5,32541,77,0,2007,1,"N","Laurens County, South Carolina","Private","Pharmaceutical and medicine manufacturing","County, NAICS 5-digit -- by ownership sector","All establishment sizes",2,0,0,0,0,0,0,0
"45059",5,"32541",77,0,2007,2,"N","Laurens County, South Carolina","Private","Pharmaceutical and medicine manufacturing","County, NAICS 5-digit -- by ownership sector","All establishment sizes",2,0,0,0,0,0,0,0
"45059",5,"32541",77,0,2007,3,"N","Laurens County, South Carolina","Private","Pharmaceutical and medicine manufacturing","County, NAICS 5-digit -- by ownership sector","All establishment sizes",2,0,0,0,0,0,0,0
"45059",5,"32541",77,0,2007,4,"N","Laurens County, South Carolina","Private","Pharmaceutical and medicine manufacturing","County, NAICS 5-digit -- by ownership sector","All establishment sizes",2,0,0,0,0,0,0,0
"45059",5,325412,78,0,2007,1,"N","Laurens County, South Carolina","Private","Pharmaceutical preparation manufacturing","County, NAICS 6-digit -- by ownership sector","All establishment sizes",1,0,0,0,0,0,0,0
"45059",5,"325412",78,0,2007,2,"N","Laurens County, South Carolina","Private","Pharmaceutical preparation manufacturing","County, NAICS 6-digit -- by ownership sector","All establishment sizes",1,0,0,0,0,0,0,0
"45059",5,"325412",78,0,2007,3,"N","Laurens County, South Carolina","Private","Pharmaceutical preparation manufacturing","County, NAICS 6-digit -- by ownership sector","All establishment sizes",1,0,0,0,0,0,0,0
"45059",5,"325412",78,0,2007,4,"N","Laurens County, South Carolina","Private","Pharmaceutical preparation manufacturing","County, NAICS 6-digit -- by ownership sector","All establishment sizes",1,0,0,0,0,0,0,0
"45059",5,325413,78,0,2007,1,"N","Laurens County, South Carolina","Private","In-vitro diagnostic substance manufacturing","County, NAICS 6-digit -- by ownership sector","All establishment sizes",1,0,0,0,0,0,0,0
"45059",5,"325413",78,0,2007,2,"N","Laurens County, South Carolina","Private","In-vitro diagnostic substance manufacturing","County, NAICS 6-digit -- by ownership sector","All establishment sizes",1,0,0,0,0,0,0,0
"45059",5,"325413",78,0,2007,3,"N","Laurens County, South Carolina","Private","In-vitro diagnostic substance manufacturing","County, NAICS 6-digit -- by ownership sector","All establishment sizes",1,0,0,0,0,0,0,0
"45059",5,"325413",78,0,2007,4,"N","Laurens County, South Carolina","Private","In-vitro diagnostic substance manufacturing","County, NAICS 6-digit -- by ownership sector","All establishment sizes",1,0,0,0,0,0,0,0
"45059",5,3259,76,0,2007,1,"N","Laurens County, South Carolina","Private","Other chemical product and preparation mfg.","County, NAICS 4-digit -- by ownership sector","All establishment sizes",2,0,0,0,0,0,0,0
"45059",5,"3259",76,0,2007,2,"N","Laurens County, South Carolina","Private","Other chemical product and preparation mfg.","County, NAICS 4-digit -- by ownership sector","All establishment sizes",2,0,0,0,0,0,0,0
"45059",5,"3259",76,0,2007,3,"N","Laurens County, South Carolina","Private","Other chemical product and preparation mfg.","County, NAICS 4-digit -- by ownership sector","All establishment sizes",2,0,0,0,0,0,0,0
"45059",5,"3259",76,0,2007,4,"N","Laurens County, South Carolina","Private","Other chemical product and preparation mfg.","County, NAICS 4-digit -- by ownership sector","All establishment sizes",2,0,0,0,0,0,0,0
"45059",5,32599,77,0,2007,1,"N","Laurens County, South Carolina","Private","All other chemical preparation manufacturing","County, NAICS 5-digit -- by ownership sector","All establishment sizes",2,0,0,0,0,0,0,0
"45059",5,"32599",77,0,2007,2,"N","Laurens County, South Carolina","Private","All other chemical preparation manufacturing","County, NAICS 5-digit -- by ownership sector","All establishment sizes",2,0,0,0,0,0,0,0
"45059",5,"32599",77,0,2007,3,"N","Laurens County, South Carolina","Private","All other chemical preparation manufacturing","County, NAICS 5-digit -- by ownership sector","All establishment sizes",2,0,0,0,0,0,0,0
"45059",5,"32599",77,0,2007,4,"N","Laurens County, South Carolina","Private","All other chemical preparation manufacturing","County, NAICS 5-digit -- by ownership sector","All establishment sizes",2,0,0,0,0,0,0,0
"45059",5,325998,78,0,2007,1,"N","Laurens County, South Carolina","Private","Other miscellaneous chemical product mfg.","County, NAICS 6-digit -- by ownership sector","All establishment sizes",2,0,0,0,0,0,0,0
"45059",5,"325998",78,0,2007,2,"N","Laurens County, South Carolina","Private","Other miscellaneous chemical product mfg.","County, NAICS 6-digit -- by ownership sector","All establishment sizes",2,0,0,0,0,0,0,0
"45059",5,"325998",78,0,2007,3,"N","Laurens County, South Carolina","Private","Other miscellaneous chemical product mfg.","County, NAICS 6-digit -- by ownership sector","All establishment sizes",2,0,0,0,0,0,0,0
"45059",5,"325998",78,0,2007,4,"N","Laurens County, South Carolina","Private","Other miscellaneous chemical product mfg.","County, NAICS 6-digit -- by ownership sector","All establishment sizes",2,0,0,0,0,0,0,0
"45059",5,326,75,0,2007,1,"","Laurens County, South Carolina","Private","Plastics and rubber products manufacturing","County, NAICS 3-digit -- by ownership sector","All establishment sizes",7,834,878,884,7698366,5732127,127228,684
"45059",5,"326",75,0,2007,2,"","Laurens County, South Carolina","Private","Plastics and rubber products manufacturing","County, NAICS 3-digit -- by ownership sector","All establishment sizes",7,888,907,908,8047829,989449,24514,687
"45059",5,"326",75,0,2007,3,"","Laurens County, South Carolina","Private","Plastics and rubber products manufacturing","County, NAICS 3-digit -- by ownership sector","All establishment sizes",7,933,985,1010,8666534,899350,22940,683
"45059",5,"326",75,0,2007,4,"","Laurens County, South Carolina","Private","Plastics and rubber products manufacturing","County, NAICS 3-digit -- by ownership sector","All establishment sizes",7,1017,1026,1058,9162852,878613,22934,682
"45059",5,3261,76,0,2007,1,"N","Laurens County, South Carolina","Private","Plastics product manufacturing","County, NAICS 4-digit -- by ownership sector","All establishment sizes",5,0,0,0,0,0,0,0
"45059",5,"3261",76,0,2007,2,"N","Laurens County, South Carolina","Private","Plastics product manufacturing","County, NAICS 4-digit -- by ownership sector","All establishment sizes",5,0,0,0,0,0,0,0
"45059",5,"3261",76,0,2007,3,"N","Laurens County, South Carolina","Private","Plastics product manufacturing","County, NAICS 4-digit -- by ownership sector","All establishment sizes",5,0,0,0,0,0,0,0
"45059",5,"3261",76,0,2007,4,"N","Laurens County, South Carolina","Private","Plastics product manufacturing","County, NAICS 4-digit -- by ownership sector","All establishment sizes",5,0,0,0,0,0,0,0
"45059",5,32611,77,0,2007,1,"N","Laurens County, South Carolina","Private","Plastics packaging materials, film and sheet","County, NAICS 5-digit -- by ownership sector","All establishment sizes",1,0,0,0,0,0,0,0
"45059",5,"32611",77,0,2007,2,"N","Laurens County, South Carolina","Private","Plastics packaging materials, film and sheet","County, NAICS 5-digit -- by ownership sector","All establishment sizes",1,0,0,0,0,0,0,0
"45059",5,"32611",77,0,2007,3,"N","Laurens County, South Carolina","Private","Plastics packaging materials, film and sheet","County, NAICS 5-digit -- by ownership sector","All establishment sizes",1,0,0,0,0,0,0,0
"45059",5,"32611",77,0,2007,4,"N","Laurens County, South Carolina","Private","Plastics packaging materials, film and sheet","County, NAICS 5-digit -- by ownership sector","All establishment sizes",1,0,0,0,0,0,0,0
"45059",5,326113,78,0,2007,1,"N","Laurens County, South Carolina","Private","Nonpackaging plastics film and sheet mfg.","County, NAICS 6-digit -- by ownership sector","All establishment sizes",1,0,0,0,0,0,0,0
"45059",5,"326113",78,0,2007,2,"N","Laurens County, South Carolina","Private","Nonpackaging plastics film and sheet mfg.","County, NAICS 6-digit -- by ownership sector","All establishment sizes",1,0,0,0,0,0,0,0
"45059",5,"326113",78,0,2007,3,"N","Laurens County, South Carolina","Private","Nonpackaging plastics film and sheet mfg.","County, NAICS 6-digit -- by ownership sector","All establishment sizes",1,0,0,0,0,0,0,0
"45059",5,"326113",78,0,2007,4,"N","Laurens County, South Carolina","Private","Nonpackaging plastics film and sheet mfg.","County, NAICS 6-digit -- by ownership sector","All establishment sizes",1,0,0,0,0,0,0,0
"45059",5,32613,77,0,2007,1,"N","Laurens County, South Carolina","Private","Laminated plastics plate, sheet, and shapes","County, NAICS 5-digit -- by ownership sector","All establishment sizes",1,0,0,0,0,0,0,0
"45059",5,"32613",77,0,2007,2,"N","Laurens County, South Carolina","Private","Laminated plastics plate, sheet, and shapes","County, NAICS 5-digit -- by ownership sector","All establishment sizes",1,0,0,0,0,0,0,0
"45059",5,"32613",77,0,2007,3,"N","Laurens County, South Carolina","Private","Laminated plastics plate, sheet, and shapes","County, NAICS 5-digit -- by ownership sector","All establishment sizes",1,0,0,0,0,0,0,0
"45059",5,"32613",77,0,2007,4,"N","Laurens County, South Carolina","Private","Laminated plastics plate, sheet, and shapes","County, NAICS 5-digit -- by ownership sector","All establishment sizes",1,0,0,0,0,0,0,0
"45059",5,326130,78,0,2007,1,"N","Laurens County, South Carolina","Private","Laminated plastics plate, sheet, and shapes","County, NAICS 6-digit -- by ownership sector","All establishment sizes",1,0,0,0,0,0,0,0
"45059",5,"326130",78,0,2007,2,"N","Laurens County, South Carolina","Private","Laminated plastics plate, sheet, and shapes","County, NAICS 6-digit -- by ownership sector","All establishment sizes",1,0,0,0,0,0,0,0
"45059",5,"326130",78,0,2007,3,"N","Laurens County, South Carolina","Private","Laminated plastics plate, sheet, and shapes","County, NAICS 6-digit -- by ownership sector","All establishment sizes",1,0,0,0,0,0,0,0
"45059",5,"326130",78,0,2007,4,"N","Laurens County, South Carolina","Private","Laminated plastics plate, sheet, and shapes","County, NAICS 6-digit -- by ownership sector","All establishment sizes",1,0,0,0,0,0,0,0
"45059",5,32615,77,0,2007,1,"N","Laurens County, South Carolina","Private","Urethane and other foam product manufacturing","County, NAICS 5-digit -- by ownership sector","All establishment sizes",1,0,0,0,0,0,0,0
"45059",5,"32615",77,0,2007,2,"N","Laurens County, South Carolina","Private","Urethane and other foam product manufacturing","County, NAICS 5-digit -- by ownership sector","All establishment sizes",1,0,0,0,0,0,0,0
"45059",5,"32615",77,0,2007,3,"N","Laurens County, South Carolina","Private","Urethane and other foam product manufacturing","County, NAICS 5-digit -- by ownership sector","All establishment sizes",1,0,0,0,0,0,0,0
"45059",5,"32615",77,0,2007,4,"N","Laurens County, South Carolina","Private","Urethane and other foam product manufacturing","County, NAICS 5-digit -- by ownership sector","All establishment sizes",1,0,0,0,0,0,0,0
"45059",5,326150,78,0,2007,1,"N","Laurens County, South Carolina","Private","Urethane and other foam product manufacturing","County, NAICS 6-digit -- by ownership sector","All establishment sizes",1,0,0,0,0,0,0,0
"45059",5,"326150",78,0,2007,2,"N","Laurens County, South Carolina","Private","Urethane and other foam product manufacturing","County, NAICS 6-digit -- by ownership sector","All establishment sizes",1,0,0,0,0,0,0,0
"45059",5,"326150",78,0,2007,3,"N","Laurens County, South Carolina","Private","Urethane and other foam product manufacturing","County, NAICS 6-digit -- by ownership sector","All establishment sizes",1,0,0,0,0,0,0,0
"45059",5,"326150",78,0,2007,4,"N","Laurens County, South Carolina","Private","Urethane and other foam product manufacturing","County, NAICS 6-digit -- by ownership sector","All establishment sizes",1,0,0,0,0,0,0,0
"45059",5,32619,77,0,2007,1,"N","Laurens County, South Carolina","Private","Other plastics product manufacturing","County, NAICS 5-digit -- by ownership sector","All establishment sizes",2,0,0,0,0,0,0,0
"45059",5,"32619",77,0,2007,2,"N","Laurens County, South Carolina","Private","Other plastics product manufacturing","County, NAICS 5-digit -- by ownership sector","All establishment sizes",2,0,0,0,0,0,0,0
"45059",5,"32619",77,0,2007,3,"N","Laurens County, South Carolina","Private","Other plastics product manufacturing","County, NAICS 5-digit -- by ownership sector","All establishment sizes",2,0,0,0,0,0,0,0
"45059",5,"32619",77,0,2007,4,"N","Laurens County, South Carolina","Private","Other plastics product manufacturing","County, NAICS 5-digit -- by ownership sector","All establishment sizes",2,0,0,0,0,0,0,0
"45059",5,326199,78,0,2007,1,"N","Laurens County, South Carolina","Private","All other plastics product manufacturing","County, NAICS 6-digit -- by ownership sector","All establishment sizes",2,0,0,0,0,0,0,0
"45059",5,"326199",78,0,2007,2,"N","Laurens County, South Carolina","Private","All other plastics product manufacturing","County, NAICS 6-digit -- by ownership sector","All establishment sizes",2,0,0,0,0,0,0,0
"45059",5,"326199",78,0,2007,3,"N","Laurens County, South Carolina","Private","All other plastics product manufacturing","County, NAICS 6-digit -- by ownership sector","All establishment sizes",2,0,0,0,0,0,0,0
"45059",5,"326199",78,0,2007,4,"N","Laurens County, South Carolina","Private","All other plastics product manufacturing","County, NAICS 6-digit -- by ownership sector","All establishment sizes",2,0,0,0,0,0,0,0
"45059",5,3262,76,0,2007,1,"N","Laurens County, South Carolina","Private","Rubber product manufacturing","County, NAICS 4-digit -- by ownership sector","All establishment sizes",2,0,0,0,0,0,0,0
"45059",5,"3262",76,0,2007,2,"N","Laurens County, South Carolina","Private","Rubber product manufacturing","County, NAICS 4-digit -- by ownership sector","All establishment sizes",2,0,0,0,0,0,0,0
"45059",5,"3262",76,0,2007,3,"N","Laurens County, South Carolina","Private","Rubber product manufacturing","County, NAICS 4-digit -- by ownership sector","All establishment sizes",2,0,0,0,0,0,0,0
"45059",5,"3262",76,0,2007,4,"N","Laurens County, South Carolina","Private","Rubber product manufacturing","County, NAICS 4-digit -- by ownership sector","All establishment sizes",2,0,0,0,0,0,0,0
"45059",5,32622,77,0,2007,1,"N","Laurens County, South Carolina","Private","Rubber and plastics hose and belting mfg.","County, NAICS 5-digit -- by ownership sector","All establishment sizes",1,0,0,0,0,0,0,0
"45059",5,"32622",77,0,2007,2,"N","Laurens County, South Carolina","Private","Rubber and plastics hose and belting mfg.","County, NAICS 5-digit -- by ownership sector","All establishment sizes",1,0,0,0,0,0,0,0
"45059",5,"32622",77,0,2007,3,"N","Laurens County, South Carolina","Private","Rubber and plastics hose and belting mfg.","County, NAICS 5-digit -- by ownership sector","All establishment sizes",1,0,0,0,0,0,0,0
"45059",5,"32622",77,0,2007,4,"N","Laurens County, South Carolina","Private","Rubber and plastics hose and belting mfg.","County, NAICS 5-digit -- by ownership sector","All establishment sizes",1,0,0,0,0,0,0,0
"45059",5,326220,78,0,2007,1,"N","Laurens County, South Carolina","Private","Rubber and plastics hose and belting mfg.","County, NAICS 6-digit -- by ownership sector","All establishment sizes",1,0,0,0,0,0,0,0
"45059",5,"326220",78,0,2007,2,"N","Laurens County, South Carolina","Private","Rubber and plastics hose and belting mfg.","County, NAICS 6-digit -- by ownership sector","All establishment sizes",1,0,0,0,0,0,0,0
"45059",5,"326220",78,0,2007,3,"N","Laurens County, South Carolina","Private","Rubber and plastics hose and belting mfg.","County, NAICS 6-digit -- by ownership sector","All establishment sizes",1,0,0,0,0,0,0,0
"45059",5,"326220",78,0,2007,4,"N","Laurens County, South Carolina","Private","Rubber and plastics hose and belting mfg.","County, NAICS 6-digit -- by ownership sector","All establishment sizes",1,0,0,0,0,0,0,0
"45059",5,32629,77,0,2007,1,"N","Laurens County, South Carolina","Private","Other rubber product manufacturing","County, NAICS 5-digit -- by ownership sector","All establishment sizes",1,0,0,0,0,0,0,0
"45059",5,"32629",77,0,2007,2,"N","Laurens County, South Carolina","Private","Other rubber product manufacturing","County, NAICS 5-digit -- by ownership sector","All establishment sizes",1,0,0,0,0,0,0,0
"45059",5,"32629",77,0,2007,3,"N","Laurens County, South Carolina","Private","Other rubber product manufacturing","County, NAICS 5-digit -- by ownership sector","All establishment sizes",1,0,0,0,0,0,0,0
"45059",5,"32629",77,0,2007,4,"N","Laurens County, South Carolina","Private","Other rubber product manufacturing","County, NAICS 5-digit -- by ownership sector","All establishment sizes",1,0,0,0,0,0,0,0
"45059",5,326299,78,0,2007,1,"N","Laurens County, South Carolina","Private","All other rubber product manufacturing","County, NAICS 6-digit -- by ownership sector","All establishment sizes",1,0,0,0,0,0,0,0
"45059",5,"326299",78,0,2007,2,"N","Laurens County, South Carolina","Private","All other rubber product manufacturing","County, NAICS 6-digit -- by ownership sector","All establishment sizes",1,0,0,0,0,0,0,0
"45059",5,"326299",78,0,2007,3,"N","Laurens County, South Carolina","Private","All other rubber product manufacturing","County, NAICS 6-digit -- by ownership sector","All establishment sizes",1,0,0,0,0,0,0,0
"45059",5,"326299",78,0,2007,4,"N","Laurens County, South Carolina","Private","All other rubber product manufacturing","County, NAICS 6-digit -- by ownership sector","All establishment sizes",1,0,0,0,0,0,0,0
"45059",5,327,75,0,2007,1,"","Laurens County, South Carolina","Private","Nonmetallic mineral product manufacturing","County, NAICS 3-digit -- by ownership sector","All establishment sizes",6,197,196,204,2292229,1377762,54369,886
"45059",5,"327",75,0,2007,2,"","Laurens County, South Carolina","Private","Nonmetallic mineral product manufacturing","County, NAICS 3-digit -- by ownership sector","All establishment sizes",7,221,221,222,2209807,233070,9048,768
"45059",5,"327",75,0,2007,3,"","Laurens County, South Carolina","Private","Nonmetallic mineral product manufacturing","County, NAICS 3-digit -- by ownership sector","All establishment sizes",6,220,214,214,2351729,90421,3315,838
"45059",5,"327",75,0,2007,4,"","Laurens County, South Carolina","Private","Nonmetallic mineral product manufacturing","County, NAICS 3-digit -- by ownership sector","All establishment sizes",6,226,230,232,2443119,164407,6011,819
"45059",5,3271,76,0,2007,1,"N","Laurens County, South Carolina","Private","Clay product and refractory manufacturing","County, NAICS 4-digit -- by ownership sector","All establishment sizes",1,0,0,0,0,0,0,0
"45059",5,"3271",76,0,2007,2,"N","Laurens County, South Carolina","Private","Clay product and refractory manufacturing","County, NAICS 4-digit -- by ownership sector","All establishment sizes",2,0,0,0,0,0,0,0
"45059",5,"3271",76,0,2007,3,"N","Laurens County, South Carolina","Private","Clay product and refractory manufacturing","County, NAICS 4-digit -- by ownership sector","All establishment sizes",2,0,0,0,0,0,0,0
"45059",5,"3271",76,0,2007,4,"N","Laurens County, South Carolina","Private","Clay product and refractory manufacturing","County, NAICS 4-digit -- by ownership sector","All establishment sizes",2,0,0,0,0,0,0,0
"45059",5,32711,77,0,2007,1,"N","Laurens County, South Carolina","Private","Pottery, ceramics, and plumbing fixture mfg.","County, NAICS 5-digit -- by ownership sector","All establishment sizes",1,0,0,0,0,0,0,0
"45059",5,"32711",77,0,2007,2,"N","Laurens County, South Carolina","Private","Pottery, ceramics, and plumbing fixture mfg.","County, NAICS 5-digit -- by ownership sector","All establishment sizes",1,0,0,0,0,0,0,0
"45059",5,"32711",77,0,2007,3,"N","Laurens County, South Carolina","Private","Pottery, ceramics, and plumbing fixture mfg.","County, NAICS 5-digit -- by ownership sector","All establishment sizes",1,0,0,0,0,0,0,0
"45059",5,"32711",77,0,2007,4,"N","Laurens County, South Carolina","Private","Pottery, ceramics, and plumbing fixture mfg.","County, NAICS 5-digit -- by ownership sector","All establishment sizes",1,0,0,0,0,0,0,0
"45059",5,327113,78,0,2007,1,"N","Laurens County, South Carolina","Private","Porcelain electrical supply manufacturing","County, NAICS 6-digit -- by ownership sector","All establishment sizes",1,0,0,0,0,0,0,0
"45059",5,"327113",78,0,2007,2,"N","Laurens County, South Carolina","Private","Porcelain electrical supply manufacturing","County, NAICS 6-digit -- by ownership sector","All establishment sizes",1,0,0,0,0,0,0,0
"45059",5,"327113",78,0,2007,3,"N","Laurens County, South Carolina","Private","Porcelain electrical supply manufacturing","County, NAICS 6-digit -- by ownership sector","All establishment sizes",1,0,0,0,0,0,0,0
"45059",5,"327113",78,0,2007,4,"N","Laurens County, South Carolina","Private","Porcelain electrical supply manufacturing","County, NAICS 6-digit -- by ownership sector","All establishment sizes",1,0,0,0,0,0,0,0
"45059",5,32712,77,0,2007,1,"-","Laurens County, South Carolina","Private","Clay building material and refractories mfg.","County, NAICS 5-digit -- by ownership sector","All establishment sizes",0,0,0,0,0,0,0,0
"45059",5,"32712",77,0,2007,2,"N","Laurens County, South Carolina","Private","Clay building material and refractories mfg.","County, NAICS 5-digit -- by ownership sector","All establishment sizes",1,0,0,0,0,0,0,0
"45059",5,"32712",77,0,2007,3,"N","Laurens County, South Carolina","Private","Clay building material and refractories mfg.","County, NAICS 5-digit -- by ownership sector","All establishment sizes",1,0,0,0,0,0,0,0
"45059",5,"32712",77,0,2007,4,"N","Laurens County, South Carolina","Private","Clay building material and refractories mfg.","County, NAICS 5-digit -- by ownership sector","All establishment sizes",1,0,0,0,0,0,0,0
"45059",5,327125,78,0,2007,1,"-","Laurens County, South Carolina","Private","Nonclay refractory manufacturing","County, NAICS 6-digit -- by ownership sector","All establishment sizes",0,0,0,0,0,0,0,0
"45059",5,"327125",78,0,2007,2,"N","Laurens County, South Carolina","Private","Nonclay refractory manufacturing","County, NAICS 6-digit -- by ownership sector","All establishment sizes",1,0,0,0,0,0,0,0
"45059",5,"327125",78,0,2007,3,"N","Laurens County, South Carolina","Private","Nonclay refractory manufacturing","County, NAICS 6-digit -- by ownership sector","All establishment sizes",1,0,0,0,0,0,0,0
"45059",5,"327125",78,0,2007,4,"N","Laurens County, South Carolina","Private","Nonclay refractory manufacturing","County, NAICS 6-digit -- by ownership sector","All establishment sizes",1,0,0,0,0,0,0,0
"45059",5,3273,76,0,2007,1,"N","Laurens County, South Carolina","Private","Cement and concrete product manufacturing","County, NAICS 4-digit -- by ownership sector","All establishment sizes",5,0,0,0,0,0,0,0
"45059",5,"3273",76,0,2007,2,"N","Laurens County, South Carolina","Private","Cement and concrete product manufacturing","County, NAICS 4-digit -- by ownership sector","All establishment sizes",5,0,0,0,0,0,0,0
"45059",5,"3273",76,0,2007,3,"N","Laurens County, South Carolina","Private","Cement and concrete product manufacturing","County, NAICS 4-digit -- by ownership sector","All establishment sizes",4,0,0,0,0,0,0,0
"45059",5,"3273",76,0,2007,4,"N","Laurens County, South Carolina","Private","Cement and concrete product manufacturing","County, NAICS 4-digit -- by ownership sector","All establishment sizes",4,0,0,0,0,0,0,0
"45059",5,32732,77,0,2007,1,"N","Laurens County, South Carolina","Private","Ready-mix concrete manufacturing","County, NAICS 5-digit -- by ownership sector","All establishment sizes",3,0,0,0,0,0,0,0
"45059",5,"32732",77,0,2007,2,"N","Laurens County, South Carolina","Private","Ready-mix concrete manufacturing","County, NAICS 5-digit -- by ownership sector","All establishment sizes",3,0,0,0,0,0,0,0
"45059",5,"32732",77,0,2007,3,"N","Laurens County, South Carolina","Private","Ready-mix concrete manufacturing","County, NAICS 5-digit -- by ownership sector","All establishment sizes",3,0,0,0,0,0,0,0
"45059",5,"32732",77,0,2007,4,"N","Laurens County, South Carolina","Private","Ready-mix concrete manufacturing","County, NAICS 5-digit -- by ownership sector","All establishment sizes",3,0,0,0,0,0,0,0
"45059",5,327320,78,0,2007,1,"N","Laurens County, South Carolina","Private","Ready-mix concrete manufacturing","County, NAICS 6-digit -- by ownership sector","All establishment sizes",3,0,0,0,0,0,0,0
"45059",5,"327320",78,0,2007,2,"N","Laurens County, South Carolina","Private","Ready-mix concrete manufacturing","County, NAICS 6-digit -- by ownership sector","All establishment sizes",3,0,0,0,0,0,0,0
"45059",5,"327320",78,0,2007,3,"N","Laurens County, South Carolina","Private","Ready-mix concrete manufacturing","County, NAICS 6-digit -- by ownership sector","All establishment sizes",3,0,0,0,0,0,0,0
"45059",5,"327320",78,0,2007,4,"N","Laurens County, South Carolina","Private","Ready-mix concrete manufacturing","County, NAICS 6-digit -- by ownership sector","All establishment sizes",3,0,0,0,0,0,0,0
"45059",5,32733,77,0,2007,1,"N","Laurens County, South Carolina","Private","Concrete pipe, brick, and block manufacturing","County, NAICS 5-digit -- by ownership sector","All establishment sizes",1,0,0,0,0,0,0,0
"45059",5,"32733",77,0,2007,2,"N","Laurens County, South Carolina","Private","Concrete pipe, brick, and block manufacturing","County, NAICS 5-digit -- by ownership sector","All establishment sizes",1,0,0,0,0,0,0,0
"45059",5,"32733",77,0,2007,3,"N","Laurens County, South Carolina","Private","Concrete pipe, brick, and block manufacturing","County, NAICS 5-digit -- by ownership sector","All establishment sizes",1,0,0,0,0,0,0,0
"45059",5,"32733",77,0,2007,4,"N","Laurens County, South Carolina","Private","Concrete pipe, brick, and block manufacturing","County, NAICS 5-digit -- by ownership sector","All establishment sizes",1,0,0,0,0,0,0,0
"45059",5,327331,78,0,2007,1,"N","Laurens County, South Carolina","Private","Concrete block and brick manufacturing","County, NAICS 6-digit -- by ownership sector","All establishment sizes",1,0,0,0,0,0,0,0
"45059",5,"327331",78,0,2007,2,"N","Laurens County, South Carolina","Private","Concrete block and brick manufacturing","County, NAICS 6-digit -- by ownership sector","All establishment sizes",1,0,0,0,0,0,0,0
"45059",5,"327331",78,0,2007,3,"N","Laurens County, South Carolina","Private","Concrete block and brick manufacturing","County, NAICS 6-digit -- by ownership sector","All establishment sizes",1,0,0,0,0,0,0,0
"45059",5,"327331",78,0,2007,4,"N","Laurens County, South Carolina","Private","Concrete block and brick manufacturing","County, NAICS 6-digit -- by ownership sector","All establishment sizes",1,0,0,0,0,0,0,0
"45059",5,32739,77,0,2007,1,"N","Laurens County, South Carolina","Private","Other concrete product manufacturing","County, NAICS 5-digit -- by ownership sector","All establishment sizes",1,0,0,0,0,0,0,0
"45059",5,"32739",77,0,2007,2,"N","Laurens County, South Carolina","Private","Other concrete product manufacturing","County, NAICS 5-digit -- by ownership sector","All establishment sizes",1,0,0,0,0,0,0,0
"45059",5,"32739",77,0,2007,3,"-","Laurens County, South Carolina","Private","Other concrete product manufacturing","County, NAICS 5-digit -- by ownership sector","All establishment sizes",0,0,0,0,0,0,0,0
"45059",5,"32739",77,0,2007,4,"-","Laurens County, South Carolina","Private","Other concrete product manufacturing","County, NAICS 5-digit -- by ownership sector","All establishment sizes",0,0,0,0,0,0,0,0
"45059",5,327390,78,0,2007,1,"N","Laurens County, South Carolina","Private","Other concrete product manufacturing","County, NAICS 6-digit -- by ownership sector","All establishment sizes",1,0,0,0,0,0,0,0
"45059",5,"327390",78,0,2007,2,"N","Laurens County, South Carolina","Private","Other concrete product manufacturing","County, NAICS 6-digit -- by ownership sector","All establishment sizes",1,0,0,0,0,0,0,0
"45059",5,"327390",78,0,2007,3,"-","Laurens County, South Carolina","Private","Other concrete product manufacturing","County, NAICS 6-digit -- by ownership sector","All establishment sizes",0,0,0,0,0,0,0,0
"45059",5,"327390",78,0,2007,4,"-","Laurens County, South Carolina","Private","Other concrete product manufacturing","County, NAICS 6-digit -- by ownership sector","All establishment sizes",0,0,0,0,0,0,0,0
"45059",5,331,75,0,2007,1,"","Laurens County, South Carolina","Private","Primary metal manufacturing","County, NAICS 3-digit -- by ownership sector","All establishment sizes",6,126,127,125,1243451,790822,23238,759
"45059",5,"331",75,0,2007,2,"","Laurens County, South Carolina","Private","Primary metal manufacturing","County, NAICS 3-digit -- by ownership sector","All establishment sizes",6,125,124,126,1271765,115014,3507,783
"45059",5,"331",75,0,2007,3,"","Laurens County, South Carolina","Private","Primary metal manufacturing","County, NAICS 3-digit -- by ownership sector","All establishment sizes",6,128,130,129,1318467,60666,1843,786
"45059",5,"331",75,0,2007,4,"","Laurens County, South Carolina","Private","Primary metal manufacturing","County, NAICS 3-digit -- by ownership sector","All establishment sizes",6,129,130,133,1474576,59725,1888,868
"45059",5,3311,76,0,2007,1,"N","Laurens County, South Carolina","Private","Iron and steel mills and ferroalloy mfg.","County, NAICS 4-digit -- by ownership sector","All establishment sizes",1,0,0,0,0,0,0,0
"45059",5,"3311",76,0,2007,2,"N","Laurens County, South Carolina","Private","Iron and steel mills and ferroalloy mfg.","County, NAICS 4-digit -- by ownership sector","All establishment sizes",1,0,0,0,0,0,0,0
"45059",5,"3311",76,0,2007,3,"N","Laurens County, South Carolina","Private","Iron and steel mills and ferroalloy mfg.","County, NAICS 4-digit -- by ownership sector","All establishment sizes",1,0,0,0,0,0,0,0
"45059",5,"3311",76,0,2007,4,"N","Laurens County, South Carolina","Private","Iron and steel mills and ferroalloy mfg.","County, NAICS 4-digit -- by ownership sector","All establishment sizes",1,0,0,0,0,0,0,0
"45059",5,33111,77,0,2007,1,"N","Laurens County, South Carolina","Private","Iron and steel mills and ferroalloy mfg.","County, NAICS 5-digit -- by ownership sector","All establishment sizes",1,0,0,0,0,0,0,0
"45059",5,"33111",77,0,2007,2,"N","Laurens County, South Carolina","Private","Iron and steel mills and ferroalloy mfg.","County, NAICS 5-digit -- by ownership sector","All establishment sizes",1,0,0,0,0,0,0,0
"45059",5,"33111",77,0,2007,3,"N","Laurens County, South Carolina","Private","Iron and steel mills and ferroalloy mfg.","County, NAICS 5-digit -- by ownership sector","All establishment sizes",1,0,0,0,0,0,0,0
"45059",5,"33111",77,0,2007,4,"N","Laurens County, South Carolina","Private","Iron and steel mills and ferroalloy mfg.","County, NAICS 5-digit -- by ownership sector","All establishment sizes",1,0,0,0,0,0,0,0
"45059",5,331111,78,0,2007,1,"N","Laurens County, South Carolina","Private","Iron and steel mills","County, NAICS 6-digit -- by ownership sector","All establishment sizes",1,0,0,0,0,0,0,0
"45059",5,"331111",78,0,2007,2,"N","Laurens County, South Carolina","Private","Iron and steel mills","County, NAICS 6-digit -- by ownership sector","All establishment sizes",1,0,0,0,0,0,0,0
"45059",5,"331111",78,0,2007,3,"N","Laurens County, South Carolina","Private","Iron and steel mills","County, NAICS 6-digit -- by ownership sector","All establishment sizes",1,0,0,0,0,0,0,0
"45059",5,"331111",78,0,2007,4,"N","Laurens County, South Carolina","Private","Iron and steel mills","County, NAICS 6-digit -- by ownership sector","All establishment sizes",1,0,0,0,0,0,0,0
"45059",5,3312,76,0,2007,1,"N","Laurens County, South Carolina","Private","Steel product mfg. from purchased steel","County, NAICS 4-digit -- by ownership sector","All establishment sizes",1,0,0,0,0,0,0,0
"45059",5,"3312",76,0,2007,2,"N","Laurens County, South Carolina","Private","Steel product mfg. from purchased steel","County, NAICS 4-digit -- by ownership sector","All establishment sizes",1,0,0,0,0,0,0,0
"45059",5,"3312",76,0,2007,3,"N","Laurens County, South Carolina","Private","Steel product mfg. from purchased steel","County, NAICS 4-digit -- by ownership sector","All establishment sizes",1,0,0,0,0,0,0,0
"45059",5,"3312",76,0,2007,4,"N","Laurens County, South Carolina","Private","Steel product mfg. from purchased steel","County, NAICS 4-digit -- by ownership sector","All establishment sizes",1,0,0,0,0,0,0,0
"45059",5,33122,77,0,2007,1,"N","Laurens County, South Carolina","Private","Rolling and drawing of purchased steel","County, NAICS 5-digit -- by ownership sector","All establishment sizes",1,0,0,0,0,0,0,0
"45059",5,"33122",77,0,2007,2,"N","Laurens County, South Carolina","Private","Rolling and drawing of purchased steel","County, NAICS 5-digit -- by ownership sector","All establishment sizes",1,0,0,0,0,0,0,0
"45059",5,"33122",77,0,2007,3,"N","Laurens County, South Carolina","Private","Rolling and drawing of purchased steel","County, NAICS 5-digit -- by ownership sector","All establishment sizes",1,0,0,0,0,0,0,0
"45059",5,"33122",77,0,2007,4,"N","Laurens County, South Carolina","Private","Rolling and drawing of purchased steel","County, NAICS 5-digit -- by ownership sector","All establishment sizes",1,0,0,0,0,0,0,0
"45059",5,331221,78,0,2007,1,"N","Laurens County, South Carolina","Private","Rolled steel shape manufacturing","County, NAICS 6-digit -- by ownership sector","All establishment sizes",1,0,0,0,0,0,0,0
"45059",5,"331221",78,0,2007,2,"N","Laurens County, South Carolina","Private","Rolled steel shape manufacturing","County, NAICS 6-digit -- by ownership sector","All establishment sizes",1,0,0,0,0,0,0,0
"45059",5,"331221",78,0,2007,3,"N","Laurens County, South Carolina","Private","Rolled steel shape manufacturing","County, NAICS 6-digit -- by ownership sector","All establishment sizes",1,0,0,0,0,0,0,0
"45059",5,"331221",78,0,2007,4,"N","Laurens County, South Carolina","Private","Rolled steel shape manufacturing","County, NAICS 6-digit -- by ownership sector","All establishment sizes",1,0,0,0,0,0,0,0
"45059",5,3314,76,0,2007,1,"N","Laurens County, South Carolina","Private","Other nonferrous metal production","County, NAICS 4-digit -- by ownership sector","All establishment sizes",1,0,0,0,0,0,0,0
"45059",5,"3314",76,0,2007,2,"N","Laurens County, South Carolina","Private","Other nonferrous metal production","County, NAICS 4-digit -- by ownership sector","All establishment sizes",1,0,0,0,0,0,0,0
"45059",5,"3314",76,0,2007,3,"N","Laurens County, South Carolina","Private","Other nonferrous metal production","County, NAICS 4-digit -- by ownership sector","All establishment sizes",1,0,0,0,0,0,0,0
"45059",5,"3314",76,0,2007,4,"N","Laurens County, South Carolina","Private","Other nonferrous metal production","County, NAICS 4-digit -- by ownership sector","All establishment sizes",1,0,0,0,0,0,0,0
"45059",5,33142,77,0,2007,1,"N","Laurens County, South Carolina","Private","Rolled, drawn, extruded, and alloyed copper","County, NAICS 5-digit -- by ownership sector","All establishment sizes",1,0,0,0,0,0,0,0
"45059",5,"33142",77,0,2007,2,"N","Laurens County, South Carolina","Private","Rolled, drawn, extruded, and alloyed copper","County, NAICS 5-digit -- by ownership sector","All establishment sizes",1,0,0,0,0,0,0,0
"45059",5,"33142",77,0,2007,3,"N","Laurens County, South Carolina","Private","Rolled, drawn, extruded, and alloyed copper","County, NAICS 5-digit -- by ownership sector","All establishment sizes",1,0,0,0,0,0,0,0
"45059",5,"33142",77,0,2007,4,"N","Laurens County, South Carolina","Private","Rolled, drawn, extruded, and alloyed copper","County, NAICS 5-digit -- by ownership sector","All establishment sizes",1,0,0,0,0,0,0,0
"45059",5,331422,78,0,2007,1,"N","Laurens County, South Carolina","Private","Copper wire, except mechanical, drawing","County, NAICS 6-digit -- by ownership sector","All establishment sizes",1,0,0,0,0,0,0,0
"45059",5,"331422",78,0,2007,2,"N","Laurens County, South Carolina","Private","Copper wire, except mechanical, drawing","County, NAICS 6-digit -- by ownership sector","All establishment sizes",1,0,0,0,0,0,0,0
"45059",5,"331422",78,0,2007,3,"N","Laurens County, South Carolina","Private","Copper wire, except mechanical, drawing","County, NAICS 6-digit -- by ownership sector","All establishment sizes",1,0,0,0,0,0,0,0
"45059",5,"331422",78,0,2007,4,"N","Laurens County, South Carolina","Private","Copper wire, except mechanical, drawing","County, NAICS 6-digit -- by ownership sector","All establishment sizes",1,0,0,0,0,0,0,0
"45059",5,3315,76,0,2007,1,"","Laurens County, South Carolina","Private","Foundries","County, NAICS 4-digit -- by ownership sector","All establishment sizes",3,99,92,99,1049337,632732,20604,835
"45059",5,"3315",76,0,2007,2,"","Laurens County, South Carolina","Private","Foundries","County, NAICS 4-digit -- by ownership sector","All establishment sizes",3,99,100,99,1077348,86612,3037,834
"45059",5,"3315",76,0,2007,3,"","Laurens County, South Carolina","Private","Foundries","County, NAICS 4-digit -- by ownership sector","All establishment sizes",3,101,104,103,1104696,46564,1575,828
"45059",5,"3315",76,0,2007,4,"","Laurens County, South Carolina","Private","Foundries","County, NAICS 4-digit -- by ownership sector","All establishment sizes",3,103,106,108,1250193,48380,1641,910
"45059",5,33152,77,0,2007,1,"","Laurens County, South Carolina","Private","Nonferrous metal foundries","County, NAICS 5-digit -- by ownership sector","All establishment sizes",3,99,92,99,1049337,632732,20604,835
"45059",5,"33152",77,0,2007,2,"","Laurens County, South Carolina","Private","Nonferrous metal foundries","County, NAICS 5-digit -- by ownership sector","All establishment sizes",3,99,100,99,1077348,86612,3037,834
"45059",5,"33152",77,0,2007,3,"","Laurens County, South Carolina","Private","Nonferrous metal foundries","County, NAICS 5-digit -- by ownership sector","All establishment sizes",3,101,104,103,1104696,46564,1575,828
"45059",5,"33152",77,0,2007,4,"","Laurens County, South Carolina","Private","Nonferrous metal foundries","County, NAICS 5-digit -- by ownership sector","All establishment sizes",3,103,106,108,1250193,48380,1641,910
"45059",5,331522,78,0,2007,1,"N","Laurens County, South Carolina","Private","Nonferrous, except Al, die-casting foundries","County, NAICS 6-digit -- by ownership sector","All establishment sizes",2,0,0,0,0,0,0,0
"45059",5,"331522",78,0,2007,2,"N","Laurens County, South Carolina","Private","Nonferrous, except Al, die-casting foundries","County, NAICS 6-digit -- by ownership sector","All establishment sizes",2,0,0,0,0,0,0,0
"45059",5,"331522",78,0,2007,3,"N","Laurens County, South Carolina","Private","Nonferrous, except Al, die-casting foundries","County, NAICS 6-digit -- by ownership sector","All establishment sizes",2,0,0,0,0,0,0,0
"45059",5,"331522",78,0,2007,4,"N","Laurens County, South Carolina","Private","Nonferrous, except Al, die-casting foundries","County, NAICS 6-digit -- by ownership sector","All establishment sizes",2,0,0,0,0,0,0,0
"45059",5,331524,78,0,2007,1,"N","Laurens County, South Carolina","Private","Aluminum foundries, except die-casting","County, NAICS 6-digit -- by ownership sector","All establishment sizes",1,0,0,0,0,0,0,0
"45059",5,"331524",78,0,2007,2,"N","Laurens County, South Carolina","Private","Aluminum foundries, except die-casting","County, NAICS 6-digit -- by ownership sector","All establishment sizes",1,0,0,0,0,0,0,0
"45059",5,"331524",78,0,2007,3,"N","Laurens County, South Carolina","Private","Aluminum foundries, except die-casting","County, NAICS 6-digit -- by ownership sector","All establishment sizes",1,0,0,0,0,0,0,0
"45059",5,"331524",78,0,2007,4,"N","Laurens County, South Carolina","Private","Aluminum foundries, except die-casting","County, NAICS 6-digit -- by ownership sector","All establishment sizes",1,0,0,0,0,0,0,0
"45059",5,332,75,0,2007,1,"","Laurens County, South Carolina","Private","Fabricated metal product manufacturing","County, NAICS 3-digit -- by ownership sector","All establishment sizes",17,1287,1280,1294,14631106,8295521,185524,874
"45059",5,"332",75,0,2007,2,"","Laurens County, South Carolina","Private","Fabricated metal product manufacturing","County, NAICS 3-digit -- by ownership sector","All establishment sizes",16,1175,1162,1160,11587265,537842,15008,765
"45059",5,"332",75,0,2007,3,"","Laurens County, South Carolina","Private","Fabricated metal product manufacturing","County, NAICS 3-digit -- by ownership sector","All establishment sizes",16,1090,1035,1016,12166292,323053,7891,894
"45059",5,"332",75,0,2007,4,"","Laurens County, South Carolina","Private","Fabricated metal product manufacturing","County, NAICS 3-digit -- by ownership sector","All establishment sizes",16,976,968,979,11183393,338086,7422,883
"45059",5,3323,76,0,2007,1,"N","Laurens County, South Carolina","Private","Architectural and structural metals mfg.","County, NAICS 4-digit -- by ownership sector","All establishment sizes",2,0,0,0,0,0,0,0
"45059",5,"3323",76,0,2007,2,"N","Laurens County, South Carolina","Private","Architectural and structural metals mfg.","County, NAICS 4-digit -- by ownership sector","All establishment sizes",2,0,0,0,0,0,0,0
"45059",5,"3323",76,0,2007,3,"N","Laurens County, South Carolina","Private","Architectural and structural metals mfg.","County, NAICS 4-digit -- by ownership sector","All establishment sizes",2,0,0,0,0,0,0,0
"45059",5,"3323",76,0,2007,4,"N","Laurens County, South Carolina","Private","Architectural and structural metals mfg.","County, NAICS 4-digit -- by ownership sector","All establishment sizes",2,0,0,0,0,0,0,0
"45059",5,33232,77,0,2007,1,"N","Laurens County, South Carolina","Private","Ornamental and architectural metal products","County, NAICS 5-digit -- by ownership sector","All establishment sizes",2,0,0,0,0,0,0,0
"45059",5,"33232",77,0,2007,2,"N","Laurens County, South Carolina","Private","Ornamental and architectural metal products","County, NAICS 5-digit -- by ownership sector","All establishment sizes",2,0,0,0,0,0,0,0
"45059",5,"33232",77,0,2007,3,"N","Laurens County, South Carolina","Private","Ornamental and architectural metal products","County, NAICS 5-digit -- by ownership sector","All establishment sizes",2,0,0,0,0,0,0,0
"45059",5,"33232",77,0,2007,4,"N","Laurens County, South Carolina","Private","Ornamental and architectural metal products","County, NAICS 5-digit -- by ownership sector","All establishment sizes",2,0,0,0,0,0,0,0
"45059",5,332322,78,0,2007,1,"N","Laurens County, South Carolina","Private","Sheet metal work manufacturing","County, NAICS 6-digit -- by ownership sector","All establishment sizes",1,0,0,0,0,0,0,0
"45059",5,"332322",78,0,2007,2,"N","Laurens County, South Carolina","Private","Sheet metal work manufacturing","County, NAICS 6-digit -- by ownership sector","All establishment sizes",1,0,0,0,0,0,0,0
"45059",5,"332322",78,0,2007,3,"N","Laurens County, South Carolina","Private","Sheet metal work manufacturing","County, NAICS 6-digit -- by ownership sector","All establishment sizes",1,0,0,0,0,0,0,0
"45059",5,"332322",78,0,2007,4,"N","Laurens County, South Carolina","Private","Sheet metal work manufacturing","County, NAICS 6-digit -- by ownership sector","All establishment sizes",1,0,0,0,0,0,0,0
"45059",5,332323,78,0,2007,1,"N","Laurens County, South Carolina","Private","Ornamental and architectural metal work mfg.","County, NAICS 6-digit -- by ownership sector","All establishment sizes",1,0,0,0,0,0,0,0
"45059",5,"332323",78,0,2007,2,"N","Laurens County, South Carolina","Private","Ornamental and architectural metal work mfg.","County, NAICS 6-digit -- by ownership sector","All establishment sizes",1,0,0,0,0,0,0,0
"45059",5,"332323",78,0,2007,3,"N","Laurens County, South Carolina","Private","Ornamental and architectural metal work mfg.","County, NAICS 6-digit -- by ownership sector","All establishment sizes",1,0,0,0,0,0,0,0
"45059",5,"332323",78,0,2007,4,"N","Laurens County, South Carolina","Private","Ornamental and architectural metal work mfg.","County, NAICS 6-digit -- by ownership sector","All establishment sizes",1,0,0,0,0,0,0,0
"45059",5,3324,76,0,2007,1,"N","Laurens County, South Carolina","Private","Boiler, tank, and shipping container mfg.","County, NAICS 4-digit -- by ownership sector","All establishment sizes",1,0,0,0,0,0,0,0
"45059",5,"3324",76,0,2007,2,"N","Laurens County, South Carolina","Private","Boiler, tank, and shipping container mfg.","County, NAICS 4-digit -- by ownership sector","All establishment sizes",1,0,0,0,0,0,0,0
"45059",5,"3324",76,0,2007,3,"N","Laurens County, South Carolina","Private","Boiler, tank, and shipping container mfg.","County, NAICS 4-digit -- by ownership sector","All establishment sizes",1,0,0,0,0,0,0,0
"45059",5,"3324",76,0,2007,4,"N","Laurens County, South Carolina","Private","Boiler, tank, and shipping container mfg.","County, NAICS 4-digit -- by ownership sector","All establishment sizes",1,0,0,0,0,0,0,0
"45059",5,33242,77,0,2007,1,"N","Laurens County, South Carolina","Private","Metal tank, heavy gauge, manufacturing","County, NAICS 5-digit -- by ownership sector","All establishment sizes",1,0,0,0,0,0,0,0
"45059",5,"33242",77,0,2007,2,"N","Laurens County, South Carolina","Private","Metal tank, heavy gauge, manufacturing","County, NAICS 5-digit -- by ownership sector","All establishment sizes",1,0,0,0,0,0,0,0
"45059",5,"33242",77,0,2007,3,"N","Laurens County, South Carolina","Private","Metal tank, heavy gauge, manufacturing","County, NAICS 5-digit -- by ownership sector","All establishment sizes",1,0,0,0,0,0,0,0
"45059",5,"33242",77,0,2007,4,"N","Laurens County, South Carolina","Private","Metal tank, heavy gauge, manufacturing","County, NAICS 5-digit -- by ownership sector","All establishment sizes",1,0,0,0,0,0,0,0
"45059",5,332420,78,0,2007,1,"N","Laurens County, South Carolina","Private","Metal tank, heavy gauge, manufacturing","County, NAICS 6-digit -- by ownership sector","All establishment sizes",1,0,0,0,0,0,0,0
"45059",5,"332420",78,0,2007,2,"N","Laurens County, South Carolina","Private","Metal tank, heavy gauge, manufacturing","County, NAICS 6-digit -- by ownership sector","All establishment sizes",1,0,0,0,0,0,0,0
"45059",5,"332420",78,0,2007,3,"N","Laurens County, South Carolina","Private","Metal tank, heavy gauge, manufacturing","County, NAICS 6-digit -- by ownership sector","All establishment sizes",1,0,0,0,0,0,0,0
"45059",5,"332420",78,0,2007,4,"N","Laurens County, South Carolina","Private","Metal tank, heavy gauge, manufacturing","County, NAICS 6-digit -- by ownership sector","All establishment sizes",1,0,0,0,0,0,0,0
"45059",5,3327,76,0,2007,1,"","Laurens County, South Carolina","Private","Machine shops and threaded product mfg.","County, NAICS 4-digit -- by ownership sector","All establishment sizes",6,54,53,52,377629,300717,4470,548
"45059",5,"3327",76,0,2007,2,"","Laurens County, South Carolina","Private","Machine shops and threaded product mfg.","County, NAICS 4-digit -- by ownership sector","All establishment sizes",6,53,53,53,440721,50618,840,640
"45059",5,"3327",76,0,2007,3,"","Laurens County, South Carolina","Private","Machine shops and threaded product mfg.","County, NAICS 4-digit -- by ownership sector","All establishment sizes",6,54,56,52,370919,31393,635,528
"45059",5,"3327",76,0,2007,4,"","Laurens County, South Carolina","Private","Machine shops and threaded product mfg.","County, NAICS 4-digit -- by ownership sector","All establishment sizes",6,51,51,52,437244,30236,542,655
"45059",5,33271,77,0,2007,1,"N","Laurens County, South Carolina","Private","Machine shops","County, NAICS 5-digit -- by ownership sector","All establishment sizes",5,0,0,0,0,0,0,0
"45059",5,"33271",77,0,2007,2,"N","Laurens County, South Carolina","Private","Machine shops","County, NAICS 5-digit -- by ownership sector","All establishment sizes",5,0,0,0,0,0,0,0
"45059",5,"33271",77,0,2007,3,"N","Laurens County, South Carolina","Private","Machine shops","County, NAICS 5-digit -- by ownership sector","All establishment sizes",5,0,0,0,0,0,0,0
"45059",5,"33271",77,0,2007,4,"N","Laurens County, South Carolina","Private","Machine shops","County, NAICS 5-digit -- by ownership sector","All establishment sizes",5,0,0,0,0,0,0,0
"45059",5,332710,78,0,2007,1,"N","Laurens County, South Carolina","Private","Machine shops","County, NAICS 6-digit -- by ownership sector","All establishment sizes",5,0,0,0,0,0,0,0
"45059",5,"332710",78,0,2007,2,"N","Laurens County, South Carolina","Private","Machine shops","County, NAICS 6-digit -- by ownership sector","All establishment sizes",5,0,0,0,0,0,0,0
"45059",5,"332710",78,0,2007,3,"N","Laurens County, South Carolina","Private","Machine shops","County, NAICS 6-digit -- by ownership sector","All establishment sizes",5,0,0,0,0,0,0,0
"45059",5,"332710",78,0,2007,4,"N","Laurens County, South Carolina","Private","Machine shops","County, NAICS 6-digit -- by ownership sector","All establishment sizes",5,0,0,0,0,0,0,0
"45059",5,33272,77,0,2007,1,"N","Laurens County, South Carolina","Private","Turned product and screw, nut, and bolt mfg.","County, NAICS 5-digit -- by ownership sector","All establishment sizes",1,0,0,0,0,0,0,0
"45059",5,"33272",77,0,2007,2,"N","Laurens County, South Carolina","Private","Turned product and screw, nut, and bolt mfg.","County, NAICS 5-digit -- by ownership sector","All establishment sizes",1,0,0,0,0,0,0,0
"45059",5,"33272",77,0,2007,3,"N","Laurens County, South Carolina","Private","Turned product and screw, nut, and bolt mfg.","County, NAICS 5-digit -- by ownership sector","All establishment sizes",1,0,0,0,0,0,0,0
"45059",5,"33272",77,0,2007,4,"N","Laurens County, South Carolina","Private","Turned product and screw, nut, and bolt mfg.","County, NAICS 5-digit -- by ownership sector","All establishment sizes",1,0,0,0,0,0,0,0
"45059",5,332722,78,0,2007,1,"N","Laurens County, South Carolina","Private","Bolt, nut, screw, rivet, and washer mfg.","County, NAICS 6-digit -- by ownership sector","All establishment sizes",1,0,0,0,0,0,0,0
"45059",5,"332722",78,0,2007,2,"N","Laurens County, South Carolina","Private","Bolt, nut, screw, rivet, and washer mfg.","County, NAICS 6-digit -- by ownership sector","All establishment sizes",1,0,0,0,0,0,0,0
"45059",5,"332722",78,0,2007,3,"N","Laurens County, South Carolina","Private","Bolt, nut, screw, rivet, and washer mfg.","County, NAICS 6-digit -- by ownership sector","All establishment sizes",1,0,0,0,0,0,0,0
"45059",5,"332722",78,0,2007,4,"N","Laurens County, South Carolina","Private","Bolt, nut, screw, rivet, and washer mfg.","County, NAICS 6-digit -- by ownership sector","All establishment sizes",1,0,0,0,0,0,0,0
"45059",5,3328,76,0,2007,1,"","Laurens County, South Carolina","Private","Coating, engraving, and heat treating metals","County, NAICS 4-digit -- by ownership sector","All establishment sizes",4,131,132,132,1446078,793341,24484,845
"45059",5,"3328",76,0,2007,2,"","Laurens County, South Carolina","Private","Coating, engraving, and heat treating metals","County, NAICS 4-digit -- by ownership sector","All establishment sizes",3,124,118,121,1681589,119716,3871,1069
"45059",5,"3328",76,0,2007,3,"","Laurens County, South Carolina","Private","Coating, engraving, and heat treating metals","County, NAICS 4-digit -- by ownership sector","All establishment sizes",3,118,116,120,1511992,54424,1763,986
"45059",5,"3328",76,0,2007,4,"","Laurens County, South Carolina","Private","Coating, engraving, and heat treating metals","County, NAICS 4-digit -- by ownership sector","All establishment sizes",3,117,116,119,1785363,40940,1385,1170
"45059",5,33281,77,0,2007,1,"","Laurens County, South Carolina","Private","Coating, engraving, and heat treating metals","County, NAICS 5-digit -- by ownership sector","All establishment sizes",4,131,132,132,1446078,793341,24484,845
"45059",5,"33281",77,0,2007,2,"","Laurens County, South Carolina","Private","Coating, engraving, and heat treating metals","County, NAICS 5-digit -- by ownership sector","All establishment sizes",3,124,118,121,1681589,119716,3871,1069
"45059",5,"33281",77,0,2007,3,"","Laurens County, South Carolina","Private","Coating, engraving, and heat treating metals","County, NAICS 5-digit -- by ownership sector","All establishment sizes",3,118,116,120,1511992,54424,1763,986
"45059",5,"33281",77,0,2007,4,"","Laurens County, South Carolina","Private","Coating, engraving, and heat treating metals","County, NAICS 5-digit -- by ownership sector","All establishment sizes",3,117,116,119,1785363,40940,1385,1170
"45059",5,332811,78,0,2007,1,"N","Laurens County, South Carolina","Private","Metal heat treating","County, NAICS 6-digit -- by ownership sector","All establishment sizes",2,0,0,0,0,0,0,0
"45059",5,"332811",78,0,2007,2,"N","Laurens County, South Carolina","Private","Metal heat treating","County, NAICS 6-digit -- by ownership sector","All establishment sizes",1,0,0,0,0,0,0,0
"45059",5,"332811",78,0,2007,3,"N","Laurens County, South Carolina","Private","Metal heat treating","County, NAICS 6-digit -- by ownership sector","All establishment sizes",1,0,0,0,0,0,0,0
"45059",5,"332811",78,0,2007,4,"N","Laurens County, South Carolina","Private","Metal heat treating","County, NAICS 6-digit -- by ownership sector","All establishment sizes",1,0,0,0,0,0,0,0
"45059",5,332812,78,0,2007,1,"N","Laurens County, South Carolina","Private","Metal coating and nonprecious engraving","County, NAICS 6-digit -- by ownership sector","All establishment sizes",1,0,0,0,0,0,0,0
"45059",5,"332812",78,0,2007,2,"N","Laurens County, South Carolina","Private","Metal coating and nonprecious engraving","County, NAICS 6-digit -- by ownership sector","All establishment sizes",1,0,0,0,0,0,0,0
"45059",5,"332812",78,0,2007,3,"N","Laurens County, South Carolina","Private","Metal coating and nonprecious engraving","County, NAICS 6-digit -- by ownership sector","All establishment sizes",1,0,0,0,0,0,0,0
"45059",5,"332812",78,0,2007,4,"N","Laurens County, South Carolina","Private","Metal coating and nonprecious engraving","County, NAICS 6-digit -- by ownership sector","All establishment sizes",1,0,0,0,0,0,0,0
"45059",5,332813,78,0,2007,1,"N","Laurens County, South Carolina","Private","Electroplating, anodizing, and coloring metal","County, NAICS 6-digit -- by ownership sector","All establishment sizes",1,0,0,0,0,0,0,0
"45059",5,"332813",78,0,2007,2,"N","Laurens County, South Carolina","Private","Electroplating, anodizing, and coloring metal","County, NAICS 6-digit -- by ownership sector","All establishment sizes",1,0,0,0,0,0,0,0
"45059",5,"332813",78,0,2007,3,"N","Laurens County, South Carolina","Private","Electroplating, anodizing, and coloring metal","County, NAICS 6-digit -- by ownership sector","All establishment sizes",1,0,0,0,0,0,0,0
"45059",5,"332813",78,0,2007,4,"N","Laurens County, South Carolina","Private","Electroplating, anodizing, and coloring metal","County, NAICS 6-digit -- by ownership sector","All establishment sizes",1,0,0,0,0,0,0,0
"45059",5,3329,76,0,2007,1,"N","Laurens County, South Carolina","Private","Other fabricated metal product manufacturing","County, NAICS 4-digit -- by ownership sector","All establishment sizes",4,0,0,0,0,0,0,0
"45059",5,"3329",76,0,2007,2,"N","Laurens County, South Carolina","Private","Other fabricated metal product manufacturing","County, NAICS 4-digit -- by ownership sector","All establishment sizes",4,0,0,0,0,0,0,0
"45059",5,"3329",76,0,2007,3,"N","Laurens County, South Carolina","Private","Other fabricated metal product manufacturing","County, NAICS 4-digit -- by ownership sector","All establishment sizes",4,0,0,0,0,0,0,0
"45059",5,"3329",76,0,2007,4,"N","Laurens County, South Carolina","Private","Other fabricated metal product manufacturing","County, NAICS 4-digit -- by ownership sector","All establishment sizes",4,0,0,0,0,0,0,0
"45059",5,33299,77,0,2007,1,"N","Laurens County, South Carolina","Private","All other fabricated metal product mfg.","County, NAICS 5-digit -- by ownership sector","All establishment sizes",4,0,0,0,0,0,0,0
"45059",5,"33299",77,0,2007,2,"N","Laurens County, South Carolina","Private","All other fabricated metal product mfg.","County, NAICS 5-digit -- by ownership sector","All establishment sizes",4,0,0,0,0,0,0,0
"45059",5,"33299",77,0,2007,3,"N","Laurens County, South Carolina","Private","All other fabricated metal product mfg.","County, NAICS 5-digit -- by ownership sector","All establishment sizes",4,0,0,0,0,0,0,0
"45059",5,"33299",77,0,2007,4,"N","Laurens County, South Carolina","Private","All other fabricated metal product mfg.","County, NAICS 5-digit -- by ownership sector","All establishment sizes",4,0,0,0,0,0,0,0
"45059",5,332991,78,0,2007,1,"N","Laurens County, South Carolina","Private","Ball and roller bearing manufacturing","County, NAICS 6-digit -- by ownership sector","All establishment sizes",1,0,0,0,0,0,0,0
"45059",5,"332991",78,0,2007,2,"N","Laurens County, South Carolina","Private","Ball and roller bearing manufacturing","County, NAICS 6-digit -- by ownership sector","All establishment sizes",1,0,0,0,0,0,0,0
"45059",5,"332991",78,0,2007,3,"N","Laurens County, South Carolina","Private","Ball and roller bearing manufacturing","County, NAICS 6-digit -- by ownership sector","All establishment sizes",1,0,0,0,0,0,0,0
"45059",5,"332991",78,0,2007,4,"N","Laurens County, South Carolina","Private","Ball and roller bearing manufacturing","County, NAICS 6-digit -- by ownership sector","All establishment sizes",1,0,0,0,0,0,0,0
"45059",5,332994,78,0,2007,1,"N","Laurens County, South Carolina","Private","Small arms manufacturing","County, NAICS 6-digit -- by ownership sector","All establishment sizes",1,0,0,0,0,0,0,0
"45059",5,"332994",78,0,2007,2,"N","Laurens County, South Carolina","Private","Small arms manufacturing","County, NAICS 6-digit -- by ownership sector","All establishment sizes",1,0,0,0,0,0,0,0
"45059",5,"332994",78,0,2007,3,"N","Laurens County, South Carolina","Private","Small arms manufacturing","County, NAICS 6-digit -- by ownership sector","All establishment sizes",1,0,0,0,0,0,0,0
"45059",5,"332994",78,0,2007,4,"N","Laurens County, South Carolina","Private","Small arms manufacturing","County, NAICS 6-digit -- by ownership sector","All establishment sizes",1,0,0,0,0,0,0,0
"45059",5,332997,78,0,2007,1,"N","Laurens County, South Carolina","Private","Industrial pattern manufacturing","County, NAICS 6-digit -- by ownership sector","All establishment sizes",1,0,0,0,0,0,0,0
"45059",5,"332997",78,0,2007,2,"N","Laurens County, South Carolina","Private","Industrial pattern manufacturing","County, NAICS 6-digit -- by ownership sector","All establishment sizes",1,0,0,0,0,0,0,0
"45059",5,"332997",78,0,2007,3,"N","Laurens County, South Carolina","Private","Industrial pattern manufacturing","County, NAICS 6-digit -- by ownership sector","All establishment sizes",1,0,0,0,0,0,0,0
"45059",5,"332997",78,0,2007,4,"N","Laurens County, South Carolina","Private","Industrial pattern manufacturing","County, NAICS 6-digit -- by ownership sector","All establishment sizes",1,0,0,0,0,0,0,0
"45059",5,332999,78,0,2007,1,"N","Laurens County, South Carolina","Private","Miscellaneous fabricated metal product mfg.","County, NAICS 6-digit -- by ownership sector","All establishment sizes",1,0,0,0,0,0,0,0
"45059",5,"332999",78,0,2007,2,"N","Laurens County, South Carolina","Private","Miscellaneous fabricated metal product mfg.","County, NAICS 6-digit -- by ownership sector","All establishment sizes",1,0,0,0,0,0,0,0
"45059",5,"332999",78,0,2007,3,"N","Laurens County, South Carolina","Private","Miscellaneous fabricated metal product mfg.","County, NAICS 6-digit -- by ownership sector","All establishment sizes",1,0,0,0,0,0,0,0
"45059",5,"332999",78,0,2007,4,"N","Laurens County, South Carolina","Private","Miscellaneous fabricated metal product mfg.","County, NAICS 6-digit -- by ownership sector","All establishment sizes",1,0,0,0,0,0,0,0
"45059",5,333,75,0,2007,1,"","Laurens County, South Carolina","Private","Machinery manufacturing","County, NAICS 3-digit -- by ownership sector","All establishment sizes",8,186,186,184,1392652,1122975,30469,578
"45059",5,"333",75,0,2007,2,"","Laurens County, South Carolina","Private","Machinery manufacturing","County, NAICS 3-digit -- by ownership sector","All establishment sizes",8,179,172,162,1550674,153729,4415,698
"45059",5,"333",75,0,2007,3,"","Laurens County, South Carolina","Private","Machinery manufacturing","County, NAICS 3-digit -- by ownership sector","All establishment sizes",7,160,155,152,1269597,10785,271,627
"45059",5,"333",75,0,2007,4,"","Laurens County, South Carolina","Private","Machinery manufacturing","County, NAICS 3-digit -- by ownership sector","All establishment sizes",6,155,172,179,1519022,106026,3058,693
"45059",5,3332,76,0,2007,1,"N","Laurens County, South Carolina","Private","Industrial machinery manufacturing","County, NAICS 4-digit -- by ownership sector","All establishment sizes",3,0,0,0,0,0,0,0
"45059",5,"3332",76,0,2007,2,"N","Laurens County, South Carolina","Private","Industrial machinery manufacturing","County, NAICS 4-digit -- by ownership sector","All establishment sizes",3,0,0,0,0,0,0,0
"45059",5,"3332",76,0,2007,3,"N","Laurens County, South Carolina","Private","Industrial machinery manufacturing","County, NAICS 4-digit -- by ownership sector","All establishment sizes",3,0,0,0,0,0,0,0
"45059",5,"3332",76,0,2007,4,"N","Laurens County, South Carolina","Private","Industrial machinery manufacturing","County, NAICS 4-digit -- by ownership sector","All establishment sizes",2,0,0,0,0,0,0,0
"45059",5,33329,77,0,2007,1,"N","Laurens County, South Carolina","Private","Other industrial machinery manufacturing","County, NAICS 5-digit -- by ownership sector","All establishment sizes",3,0,0,0,0,0,0,0
"45059",5,"33329",77,0,2007,2,"N","Laurens County, South Carolina","Private","Other industrial machinery manufacturing","County, NAICS 5-digit -- by ownership sector","All establishment sizes",3,0,0,0,0,0,0,0
"45059",5,"33329",77,0,2007,3,"N","Laurens County, South Carolina","Private","Other industrial machinery manufacturing","County, NAICS 5-digit -- by ownership sector","All establishment sizes",3,0,0,0,0,0,0,0
"45059",5,"33329",77,0,2007,4,"N","Laurens County, South Carolina","Private","Other industrial machinery manufacturing","County, NAICS 5-digit -- by ownership sector","All establishment sizes",2,0,0,0,0,0,0,0
"45059",5,333292,78,0,2007,1,"N","Laurens County, South Carolina","Private","Textile machinery manufacturing","County, NAICS 6-digit -- by ownership sector","All establishment sizes",2,0,0,0,0,0,0,0
"45059",5,"333292",78,0,2007,2,"N","Laurens County, South Carolina","Private","Textile machinery manufacturing","County, NAICS 6-digit -- by ownership sector","All establishment sizes",2,0,0,0,0,0,0,0
"45059",5,"333292",78,0,2007,3,"N","Laurens County, South Carolina","Private","Textile machinery manufacturing","County, NAICS 6-digit -- by ownership sector","All establishment sizes",2,0,0,0,0,0,0,0
"45059",5,"333292",78,0,2007,4,"N","Laurens County, South Carolina","Private","Textile machinery manufacturing","County, NAICS 6-digit -- by ownership sector","All establishment sizes",2,0,0,0,0,0,0,0
"45059",5,333294,78,0,2007,1,"N","Laurens County, South Carolina","Private","Food product machinery manufacturing","County, NAICS 6-digit -- by ownership sector","All establishment sizes",1,0,0,0,0,0,0,0
"45059",5,"333294",78,0,2007,2,"N","Laurens County, South Carolina","Private","Food product machinery manufacturing","County, NAICS 6-digit -- by ownership sector","All establishment sizes",1,0,0,0,0,0,0,0
"45059",5,"333294",78,0,2007,3,"N","Laurens County, South Carolina","Private","Food product machinery manufacturing","County, NAICS 6-digit -- by ownership sector","All establishment sizes",1,0,0,0,0,0,0,0
"45059",5,"333294",78,0,2007,4,"-","Laurens County, South Carolina","Private","Food product machinery manufacturing","County, NAICS 6-digit -- by ownership sector","All establishment sizes",0,0,0,0,0,0,0,0
"45059",5,3333,76,0,2007,1,"N","Laurens County, South Carolina","Private","Commercial and service industry machinery","County, NAICS 4-digit -- by ownership sector","All establishment sizes",1,0,0,0,0,0,0,0
"45059",5,"3333",76,0,2007,2,"N","Laurens County, South Carolina","Private","Commercial and service industry machinery","County, NAICS 4-digit -- by ownership sector","All establishment sizes",1,0,0,0,0,0,0,0
"45059",5,"3333",76,0,2007,3,"N","Laurens County, South Carolina","Private","Commercial and service industry machinery","County, NAICS 4-digit -- by ownership sector","All establishment sizes",1,0,0,0,0,0,0,0
"45059",5,"3333",76,0,2007,4,"N","Laurens County, South Carolina","Private","Commercial and service industry machinery","County, NAICS 4-digit -- by ownership sector","All establishment sizes",1,0,0,0,0,0,0,0
"45059",5,33331,77,0,2007,1,"N","Laurens County, South Carolina","Private","Commercial and service industry machinery","County, NAICS 5-digit -- by ownership sector","All establishment sizes",1,0,0,0,0,0,0,0
"45059",5,"33331",77,0,2007,2,"N","Laurens County, South Carolina","Private","Commercial and service industry machinery","County, NAICS 5-digit -- by ownership sector","All establishment sizes",1,0,0,0,0,0,0,0
"45059",5,"33331",77,0,2007,3,"N","Laurens County, South Carolina","Private","Commercial and service industry machinery","County, NAICS 5-digit -- by ownership sector","All establishment sizes",1,0,0,0,0,0,0,0
"45059",5,"33331",77,0,2007,4,"N","Laurens County, South Carolina","Private","Commercial and service industry machinery","County, NAICS 5-digit -- by ownership sector","All establishment sizes",1,0,0,0,0,0,0,0
"45059",5,333319,78,0,2007,1,"N","Laurens County, South Carolina","Private","Other commercial and service machinery mfg.","County, NAICS 6-digit -- by ownership sector","All establishment sizes",1,0,0,0,0,0,0,0
"45059",5,"333319",78,0,2007,2,"N","Laurens County, South Carolina","Private","Other commercial and service machinery mfg.","County, NAICS 6-digit -- by ownership sector","All establishment sizes",1,0,0,0,0,0,0,0
"45059",5,"333319",78,0,2007,3,"N","Laurens County, South Carolina","Private","Other commercial and service machinery mfg.","County, NAICS 6-digit -- by ownership sector","All establishment sizes",1,0,0,0,0,0,0,0
"45059",5,"333319",78,0,2007,4,"N","Laurens County, South Carolina","Private","Other commercial and service machinery mfg.","County, NAICS 6-digit -- by ownership sector","All establishment sizes",1,0,0,0,0,0,0,0
"45059",5,3335,76,0,2007,1,"","Laurens County, South Carolina","Private","Metalworking machinery manufacturing","County, NAICS 4-digit -- by ownership sector","All establishment sizes",4,29,30,30,264699,189806,2804,686
"45059",5,"3335",76,0,2007,2,"","Laurens County, South Carolina","Private","Metalworking machinery manufacturing","County, NAICS 4-digit -- by ownership sector","All establishment sizes",4,30,30,27,287930,17063,352,764
"45059",5,"3335",76,0,2007,3,"","Laurens County, South Carolina","Private","Metalworking machinery manufacturing","County, NAICS 4-digit -- by ownership sector","All establishment sizes",3,27,27,27,255627,7812,182,728
"45059",5,"3335",76,0,2007,4,"","Laurens County, South Carolina","Private","Metalworking machinery manufacturing","County, NAICS 4-digit -- by ownership sector","All establishment sizes",3,28,29,29,309478,7611,121,830
"45059",5,33351,77,0,2007,1,"","Laurens County, South Carolina","Private","Metalworking machinery manufacturing","County, NAICS 5-digit -- by ownership sector","All establishment sizes",4,29,30,30,264699,189806,2804,686
"45059",5,"33351",77,0,2007,2,"","Laurens County, South Carolina","Private","Metalworking machinery manufacturing","County, NAICS 5-digit -- by ownership sector","All establishment sizes",4,30,30,27,287930,17063,352,764
"45059",5,"33351",77,0,2007,3,"","Laurens County, South Carolina","Private","Metalworking machinery manufacturing","County, NAICS 5-digit -- by ownership sector","All establishment sizes",3,27,27,27,255627,7812,182,728
"45059",5,"33351",77,0,2007,4,"","Laurens County, South Carolina","Private","Metalworking machinery manufacturing","County, NAICS 5-digit -- by ownership sector","All establishment sizes",3,28,29,29,309478,7611,121,830
"45059",5,333512,78,0,2007,1,"N","Laurens County, South Carolina","Private","Metal cutting machine tool manufacturing","County, NAICS 6-digit -- by ownership sector","All establishment sizes",1,0,0,0,0,0,0,0
"45059",5,"333512",78,0,2007,2,"N","Laurens County, South Carolina","Private","Metal cutting machine tool manufacturing","County, NAICS 6-digit -- by ownership sector","All establishment sizes",1,0,0,0,0,0,0,0
"45059",5,"333512",78,0,2007,3,"-","Laurens County, South Carolina","Private","Metal cutting machine tool manufacturing","County, NAICS 6-digit -- by ownership sector","All establishment sizes",0,0,0,0,0,0,0,0
"45059",5,"333512",78,0,2007,4,"-","Laurens County, South Carolina","Private","Metal cutting machine tool manufacturing","County, NAICS 6-digit -- by ownership sector","All establishment sizes",0,0,0,0,0,0,0,0
"45059",5,333514,78,0,2007,1,"N","Laurens County, South Carolina","Private","Special tool, die, jig, and fixture mfg.","County, NAICS 6-digit -- by ownership sector","All establishment sizes",3,0,0,0,0,0,0,0
"45059",5,"333514",78,0,2007,2,"N","Laurens County, South Carolina","Private","Special tool, die, jig, and fixture mfg.","County, NAICS 6-digit -- by ownership sector","All establishment sizes",3,0,0,0,0,0,0,0
"45059",5,"333514",78,0,2007,3,"","Laurens County, South Carolina","Private","Special tool, die, jig, and fixture mfg.","County, NAICS 6-digit -- by ownership sector","All establishment sizes",3,27,27,27,255627,7812,182,728
"45059",5,"333514",78,0,2007,4,"","Laurens County, South Carolina","Private","Special tool, die, jig, and fixture mfg.","County, NAICS 6-digit -- by ownership sector","All establishment sizes",3,28,29,29,309478,7611,121,830
"45059",5,336,75,0,2007,1,"N","Laurens County, South Carolina","Private","Transportation equipment manufacturing","County, NAICS 3-digit -- by ownership sector","All establishment sizes",3,0,0,0,0,0,0,0
"45059",5,"336",75,0,2007,2,"N","Laurens County, South Carolina","Private","Transportation equipment manufacturing","County, NAICS 3-digit -- by ownership sector","All establishment sizes",3,0,0,0,0,0,0,0
"45059",5,"336",75,0,2007,3,"","Laurens County, South Carolina","Private","Transportation equipment manufacturing","County, NAICS 3-digit -- by ownership sector","All establishment sizes",3,163,165,168,1557274,157155,6319,725
"45059",5,"336",75,0,2007,4,"N","Laurens County, South Carolina","Private","Transportation equipment manufacturing","County, NAICS 3-digit -- by ownership sector","All establishment sizes",3,0,0,0,0,0,0,0
"45059",5,3363,76,0,2007,1,"N","Laurens County, South Carolina","Private","Motor vehicle parts manufacturing","County, NAICS 4-digit -- by ownership sector","All establishment sizes",2,0,0,0,0,0,0,0
"45059",5,"3363",76,0,2007,2,"N","Laurens County, South Carolina","Private","Motor vehicle parts manufacturing","County, NAICS 4-digit -- by ownership sector","All establishment sizes",2,0,0,0,0,0,0,0
"45059",5,"3363",76,0,2007,3,"N","Laurens County, South Carolina","Private","Motor vehicle parts manufacturing","County, NAICS 4-digit -- by ownership sector","All establishment sizes",2,0,0,0,0,0,0,0
"45059",5,"3363",76,0,2007,4,"N","Laurens County, South Carolina","Private","Motor vehicle parts manufacturing","County, NAICS 4-digit -- by ownership sector","All establishment sizes",2,0,0,0,0,0,0,0
"45059",5,33637,77,0,2007,1,"N","Laurens County, South Carolina","Private","Motor vehicle metal stamping","County, NAICS 5-digit -- by ownership sector","All establishment sizes",1,0,0,0,0,0,0,0
"45059",5,"33637",77,0,2007,2,"N","Laurens County, South Carolina","Private","Motor vehicle metal stamping","County, NAICS 5-digit -- by ownership sector","All establishment sizes",1,0,0,0,0,0,0,0
"45059",5,"33637",77,0,2007,3,"N","Laurens County, South Carolina","Private","Motor vehicle metal stamping","County, NAICS 5-digit -- by ownership sector","All establishment sizes",1,0,0,0,0,0,0,0
"45059",5,"33637",77,0,2007,4,"N","Laurens County, South Carolina","Private","Motor vehicle metal stamping","County, NAICS 5-digit -- by ownership sector","All establishment sizes",1,0,0,0,0,0,0,0
"45059",5,336370,78,0,2007,1,"N","Laurens County, South Carolina","Private","Motor vehicle metal stamping","County, NAICS 6-digit -- by ownership sector","All establishment sizes",1,0,0,0,0,0,0,0
"45059",5,"336370",78,0,2007,2,"N","Laurens County, South Carolina","Private","Motor vehicle metal stamping","County, NAICS 6-digit -- by ownership sector","All establishment sizes",1,0,0,0,0,0,0,0
"45059",5,"336370",78,0,2007,3,"N","Laurens County, South Carolina","Private","Motor vehicle metal stamping","County, NAICS 6-digit -- by ownership sector","All establishment sizes",1,0,0,0,0,0,0,0
"45059",5,"336370",78,0,2007,4,"N","Laurens County, South Carolina","Private","Motor vehicle metal stamping","County, NAICS 6-digit -- by ownership sector","All establishment sizes",1,0,0,0,0,0,0,0
"45059",5,33639,77,0,2007,1,"N","Laurens County, South Carolina","Private","Other motor vehicle parts manufacturing","County, NAICS 5-digit -- by ownership sector","All establishment sizes",1,0,0,0,0,0,0,0
"45059",5,"33639",77,0,2007,2,"N","Laurens County, South Carolina","Private","Other motor vehicle parts manufacturing","County, NAICS 5-digit -- by ownership sector","All establishment sizes",1,0,0,0,0,0,0,0
"45059",5,"33639",77,0,2007,3,"N","Laurens County, South Carolina","Private","Other motor vehicle parts manufacturing","County, NAICS 5-digit -- by ownership sector","All establishment sizes",1,0,0,0,0,0,0,0
"45059",5,"33639",77,0,2007,4,"N","Laurens County, South Carolina","Private","Other motor vehicle parts manufacturing","County, NAICS 5-digit -- by ownership sector","All establishment sizes",1,0,0,0,0,0,0,0
"45059",5,336399,78,0,2007,1,"N","Laurens County, South Carolina","Private","All other motor vehicle parts manufacturing","County, NAICS 6-digit -- by ownership sector","All establishment sizes",1,0,0,0,0,0,0,0
"45059",5,"336399",78,0,2007,2,"N","Laurens County, South Carolina","Private","All other motor vehicle parts manufacturing","County, NAICS 6-digit -- by ownership sector","All establishment sizes",1,0,0,0,0,0,0,0
"45059",5,"336399",78,0,2007,3,"N","Laurens County, South Carolina","Private","All other motor vehicle parts manufacturing","County, NAICS 6-digit -- by ownership sector","All establishment sizes",1,0,0,0,0,0,0,0
"45059",5,"336399",78,0,2007,4,"N","Laurens County, South Carolina","Private","All other motor vehicle parts manufacturing","County, NAICS 6-digit -- by ownership sector","All establishment sizes",1,0,0,0,0,0,0,0
"45059",5,3369,76,0,2007,1,"N","Laurens County, South Carolina","Private","Other transportation equipment manufacturing","County, NAICS 4-digit -- by ownership sector","All establishment sizes",1,0,0,0,0,0,0,0
"45059",5,"3369",76,0,2007,2,"N","Laurens County, South Carolina","Private","Other transportation equipment manufacturing","County, NAICS 4-digit -- by ownership sector","All establishment sizes",1,0,0,0,0,0,0,0
"45059",5,"3369",76,0,2007,3,"N","Laurens County, South Carolina","Private","Other transportation equipment manufacturing","County, NAICS 4-digit -- by ownership sector","All establishment sizes",1,0,0,0,0,0,0,0
"45059",5,"3369",76,0,2007,4,"N","Laurens County, South Carolina","Private","Other transportation equipment manufacturing","County, NAICS 4-digit -- by ownership sector","All establishment sizes",1,0,0,0,0,0,0,0
"45059",5,33699,77,0,2007,1,"N","Laurens County, South Carolina","Private","Other transportation equipment manufacturing","County, NAICS 5-digit -- by ownership sector","All establishment sizes",1,0,0,0,0,0,0,0
"45059",5,"33699",77,0,2007,2,"N","Laurens County, South Carolina","Private","Other transportation equipment manufacturing","County, NAICS 5-digit -- by ownership sector","All establishment sizes",1,0,0,0,0,0,0,0
"45059",5,"33699",77,0,2007,3,"N","Laurens County, South Carolina","Private","Other transportation equipment manufacturing","County, NAICS 5-digit -- by ownership sector","All establishment sizes",1,0,0,0,0,0,0,0
"45059",5,"33699",77,0,2007,4,"N","Laurens County, South Carolina","Private","Other transportation equipment manufacturing","County, NAICS 5-digit -- by ownership sector","All establishment sizes",1,0,0,0,0,0,0,0
"45059",5,336999,78,0,2007,1,"N","Laurens County, South Carolina","Private","All other transportation equipment mfg.","County, NAICS 6-digit -- by ownership sector","All establishment sizes",1,0,0,0,0,0,0,0
"45059",5,"336999",78,0,2007,2,"N","Laurens County, South Carolina","Private","All other transportation equipment mfg.","County, NAICS 6-digit -- by ownership sector","All establishment sizes",1,0,0,0,0,0,0,0
"45059",5,"336999",78,0,2007,3,"N","Laurens County, South Carolina","Private","All other transportation equipment mfg.","County, NAICS 6-digit -- by ownership sector","All establishment sizes",1,0,0,0,0,0,0,0
"45059",5,"336999",78,0,2007,4,"N","Laurens County, South Carolina","Private","All other transportation equipment mfg.","County, NAICS 6-digit -- by ownership sector","All establishment sizes",1,0,0,0,0,0,0,0
"45059",5,337,75,0,2007,1,"","Laurens County, South Carolina","Private","Furniture and related product manufacturing","County, NAICS 3-digit -- by ownership sector","All establishment sizes",3,12,11,11,60161,49943,1080,408
"45059",5,"337",75,0,2007,2,"","Laurens County, South Carolina","Private","Furniture and related product manufacturing","County, NAICS 3-digit -- by ownership sector","All establishment sizes",3,11,10,9,60447,13338,296,465
"45059",5,"337",75,0,2007,3,"","Laurens County, South Carolina","Private","Furniture and related product manufacturing","County, NAICS 3-digit -- by ownership sector","All establishment sizes",3,9,10,9,58203,7158,189,480
"45059",5,"337",75,0,2007,4,"","Laurens County, South Carolina","Private","Furniture and related product manufacturing","County, NAICS 3-digit -- by ownership sector","All establishment sizes",3,6,7,7,52538,2297,61,606
"45059",5,3371,76,0,2007,1,"","Laurens County, South Carolina","Private","Household and institutional furniture mfg.","County, NAICS 4-digit -- by ownership sector","All establishment sizes",3,12,11,11,60161,49943,1080,408
"45059",5,"3371",76,0,2007,2,"","Laurens County, South Carolina","Private","Household and institutional furniture mfg.","County, NAICS 4-digit -- by ownership sector","All establishment sizes",3,11,10,9,60447,13338,296,465
"45059",5,"3371",76,0,2007,3,"","Laurens County, South Carolina","Private","Household and institutional furniture mfg.","County, NAICS 4-digit -- by ownership sector","All establishment sizes",3,9,10,9,58203,7158,189,480
"45059",5,"3371",76,0,2007,4,"","Laurens County, South Carolina","Private","Household and institutional furniture mfg.","County, NAICS 4-digit -- by ownership sector","All establishment sizes",3,6,7,7,52538,2297,61,606
"45059",5,33711,77,0,2007,1,"N","Laurens County, South Carolina","Private","Wood kitchen cabinet and countertop mfg.","County, NAICS 5-digit -- by ownership sector","All establishment sizes",1,0,0,0,0,0,0,0
"45059",5,"33711",77,0,2007,2,"N","Laurens County, South Carolina","Private","Wood kitchen cabinet and countertop mfg.","County, NAICS 5-digit -- by ownership sector","All establishment sizes",1,0,0,0,0,0,0,0
"45059",5,"33711",77,0,2007,3,"N","Laurens County, South Carolina","Private","Wood kitchen cabinet and countertop mfg.","County, NAICS 5-digit -- by ownership sector","All establishment sizes",1,0,0,0,0,0,0,0
"45059",5,"33711",77,0,2007,4,"N","Laurens County, South Carolina","Private","Wood kitchen cabinet and countertop mfg.","County, NAICS 5-digit -- by ownership sector","All establishment sizes",1,0,0,0,0,0,0,0
"45059",5,337110,78,0,2007,1,"N","Laurens County, South Carolina","Private","Wood kitchen cabinet and countertop mfg.","County, NAICS 6-digit -- by ownership sector","All establishment sizes",1,0,0,0,0,0,0,0
"45059",5,"337110",78,0,2007,2,"N","Laurens County, South Carolina","Private","Wood kitchen cabinet and countertop mfg.","County, NAICS 6-digit -- by ownership sector","All establishment sizes",1,0,0,0,0,0,0,0
"45059",5,"337110",78,0,2007,3,"N","Laurens County, South Carolina","Private","Wood kitchen cabinet and countertop mfg.","County, NAICS 6-digit -- by ownership sector","All establishment sizes",1,0,0,0,0,0,0,0
"45059",5,"337110",78,0,2007,4,"N","Laurens County, South Carolina","Private","Wood kitchen cabinet and countertop mfg.","County, NAICS 6-digit -- by ownership sector","All establishment sizes",1,0,0,0,0,0,0,0
"45059",5,33712,77,0,2007,1,"N","Laurens County, South Carolina","Private","Other household and institutional furniture","County, NAICS 5-digit -- by ownership sector","All establishment sizes",2,0,0,0,0,0,0,0
"45059",5,"33712",77,0,2007,2,"N","Laurens County, South Carolina","Private","Other household and institutional furniture","County, NAICS 5-digit -- by ownership sector","All establishment sizes",2,0,0,0,0,0,0,0
"45059",5,"33712",77,0,2007,3,"N","Laurens County, South Carolina","Private","Other household and institutional furniture","County, NAICS 5-digit -- by ownership sector","All establishment sizes",2,0,0,0,0,0,0,0
"45059",5,"33712",77,0,2007,4,"N","Laurens County, South Carolina","Private","Other household and institutional furniture","County, NAICS 5-digit -- by ownership sector","All establishment sizes",2,0,0,0,0,0,0,0
"45059",5,337127,78,0,2007,1,"N","Laurens County, South Carolina","Private","Institutional furniture manufacturing","County, NAICS 6-digit -- by ownership sector","All establishment sizes",1,0,0,0,0,0,0,0
"45059",5,"337127",78,0,2007,2,"N","Laurens County, South Carolina","Private","Institutional furniture manufacturing","County, NAICS 6-digit -- by ownership sector","All establishment sizes",1,0,0,0,0,0,0,0
"45059",5,"337127",78,0,2007,3,"N","Laurens County, South Carolina","Private","Institutional furniture manufacturing","County, NAICS 6-digit -- by ownership sector","All establishment sizes",1,0,0,0,0,0,0,0
"45059",5,"337127",78,0,2007,4,"N","Laurens County, South Carolina","Private","Institutional furniture manufacturing","County, NAICS 6-digit -- by ownership sector","All establishment sizes",1,0,0,0,0,0,0,0
"45059",5,337129,78,0,2007,1,"N","Laurens County, South Carolina","Private","Wood TV, radio, and sewing machine housings","County, NAICS 6-digit -- by ownership sector","All establishment sizes",1,0,0,0,0,0,0,0
"45059",5,"337129",78,0,2007,2,"N","Laurens County, South Carolina","Private","Wood TV, radio, and sewing machine housings","County, NAICS 6-digit -- by ownership sector","All establishment sizes",1,0,0,0,0,0,0,0
"45059",5,"337129",78,0,2007,3,"N","Laurens County, South Carolina","Private","Wood TV, radio, and sewing machine housings","County, NAICS 6-digit -- by ownership sector","All establishment sizes",1,0,0,0,0,0,0,0
"45059",5,"337129",78,0,2007,4,"N","Laurens County, South Carolina","Private","Wood TV, radio, and sewing machine housings","County, NAICS 6-digit -- by ownership sector","All establishment sizes",1,0,0,0,0,0,0,0
"45059",5,339,75,0,2007,1,"N","Laurens County, South Carolina","Private","Miscellaneous manufacturing","County, NAICS 3-digit -- by ownership sector","All establishment sizes",2,0,0,0,0,0,0,0
"45059",5,"339",75,0,2007,2,"N","Laurens County, South Carolina","Private","Miscellaneous manufacturing","County, NAICS 3-digit -- by ownership sector","All establishment sizes",2,0,0,0,0,0,0,0
"45059",5,"339",75,0,2007,3,"N","Laurens County, South Carolina","Private","Miscellaneous manufacturing","County, NAICS 3-digit -- by ownership sector","All establishment sizes",2,0,0,0,0,0,0,0
"45059",5,"339",75,0,2007,4,"N","Laurens County, South Carolina","Private","Miscellaneous manufacturing","County, NAICS 3-digit -- by ownership sector","All establishment sizes",2,0,0,0,0,0,0,0
"45059",5,3399,76,0,2007,1,"N","Laurens County, South Carolina","Private","Other miscellaneous manufacturing","County, NAICS 4-digit -- by ownership sector","All establishment sizes",2,0,0,0,0,0,0,0
"45059",5,"3399",76,0,2007,2,"N","Laurens County, South Carolina","Private","Other miscellaneous manufacturing","County, NAICS 4-digit -- by ownership sector","All establishment sizes",2,0,0,0,0,0,0,0
"45059",5,"3399",76,0,2007,3,"N","Laurens County, South Carolina","Private","Other miscellaneous manufacturing","County, NAICS 4-digit -- by ownership sector","All establishment sizes",2,0,0,0,0,0,0,0
"45059",5,"3399",76,0,2007,4,"N","Laurens County, South Carolina","Private","Other miscellaneous manufacturing","County, NAICS 4-digit -- by ownership sector","All establishment sizes",2,0,0,0,0,0,0,0
"45059",5,33992,77,0,2007,1,"N","Laurens County, South Carolina","Private","Sporting and athletic goods manufacturing","County, NAICS 5-digit -- by ownership sector","All establishment sizes",1,0,0,0,0,0,0,0
"45059",5,"33992",77,0,2007,2,"N","Laurens County, South Carolina","Private","Sporting and athletic goods manufacturing","County, NAICS 5-digit -- by ownership sector","All establishment sizes",1,0,0,0,0,0,0,0
"45059",5,"33992",77,0,2007,3,"N","Laurens County, South Carolina","Private","Sporting and athletic goods manufacturing","County, NAICS 5-digit -- by ownership sector","All establishment sizes",1,0,0,0,0,0,0,0
"45059",5,"33992",77,0,2007,4,"N","Laurens County, South Carolina","Private","Sporting and athletic goods manufacturing","County, NAICS 5-digit -- by ownership sector","All establishment sizes",1,0,0,0,0,0,0,0
"45059",5,339920,78,0,2007,1,"N","Laurens County, South Carolina","Private","Sporting and athletic goods manufacturing","County, NAICS 6-digit -- by ownership sector","All establishment sizes",1,0,0,0,0,0,0,0
"45059",5,"339920",78,0,2007,2,"N","Laurens County, South Carolina","Private","Sporting and athletic goods manufacturing","County, NAICS 6-digit -- by ownership sector","All establishment sizes",1,0,0,0,0,0,0,0
"45059",5,"339920",78,0,2007,3,"N","Laurens County, South Carolina","Private","Sporting and athletic goods manufacturing","County, NAICS 6-digit -- by ownership sector","All establishment sizes",1,0,0,0,0,0,0,0
"45059",5,"339920",78,0,2007,4,"N","Laurens County, South Carolina","Private","Sporting and athletic goods manufacturing","County, NAICS 6-digit -- by ownership sector","All establishment sizes",1,0,0,0,0,0,0,0
"45059",5,33999,77,0,2007,1,"N","Laurens County, South Carolina","Private","All other miscellaneous manufacturing","County, NAICS 5-digit -- by ownership sector","All establishment sizes",1,0,0,0,0,0,0,0
"45059",5,"33999",77,0,2007,2,"N","Laurens County, South Carolina","Private","All other miscellaneous manufacturing","County, NAICS 5-digit -- by ownership sector","All establishment sizes",1,0,0,0,0,0,0,0
"45059",5,"33999",77,0,2007,3,"N","Laurens County, South Carolina","Private","All other miscellaneous manufacturing","County, NAICS 5-digit -- by ownership sector","All establishment sizes",1,0,0,0,0,0,0,0
"45059",5,"33999",77,0,2007,4,"N","Laurens County, South Carolina","Private","All other miscellaneous manufacturing","County, NAICS 5-digit -- by ownership sector","All establishment sizes",1,0,0,0,0,0,0,0
"45059",5,339994,78,0,2007,1,"N","Laurens County, South Carolina","Private","Broom, brush, and mop manufacturing","County, NAICS 6-digit -- by ownership sector","All establishment sizes",1,0,0,0,0,0,0,0
"45059",5,"339994",78,0,2007,2,"N","Laurens County, South Carolina","Private","Broom, brush, and mop manufacturing","County, NAICS 6-digit -- by ownership sector","All establishment sizes",1,0,0,0,0,0,0,0
"45059",5,"339994",78,0,2007,3,"N","Laurens County, South Carolina","Private","Broom, brush, and mop manufacturing","County, NAICS 6-digit -- by ownership sector","All establishment sizes",1,0,0,0,0,0,0,0
"45059",5,"339994",78,0,2007,4,"N","Laurens County, South Carolina","Private","Broom, brush, and mop manufacturing","County, NAICS 6-digit -- by ownership sector","All establishment sizes",1,0,0,0,0,0,0,0
"45059",5,42,74,0,2007,1,"N","Laurens County, South Carolina","Private","Wholesale trade","County, NAICS Sector -- by ownership sector","All establishment sizes",33,0,0,0,0,0,0,0
"45059",5,"42",74,0,2007,2,"N","Laurens County, South Carolina","Private","Wholesale trade","County, NAICS Sector -- by ownership sector","All establishment sizes",34,0,0,0,0,0,0,0
"45059",5,"42",74,0,2007,3,"N","Laurens County, South Carolina","Private","Wholesale trade","County, NAICS Sector -- by ownership sector","All establishment sizes",30,0,0,0,0,0,0,0
"45059",5,"42",74,0,2007,4,"N","Laurens County, South Carolina","Private","Wholesale trade","County, NAICS Sector -- by ownership sector","All establishment sizes",30,0,0,0,0,0,0,0
"45059",5,423,75,0,2007,1,"","Laurens County, South Carolina","Private","Merchant wholesalers, durable goods","County, NAICS 3-digit -- by ownership sector","All establishment sizes",17,149,150,148,1262732,800035,21048,652
"45059",5,"423",75,0,2007,2,"","Laurens County, South Carolina","Private","Merchant wholesalers, durable goods","County, NAICS 3-digit -- by ownership sector","All establishment sizes",18,143,143,147,1314357,252480,7235,700
"45059",5,"423",75,0,2007,3,"","Laurens County, South Carolina","Private","Merchant wholesalers, durable goods","County, NAICS 3-digit -- by ownership sector","All establishment sizes",16,152,149,140,1555555,175489,4396,814
"45059",5,"423",75,0,2007,4,"","Laurens County, South Carolina","Private","Merchant wholesalers, durable goods","County, NAICS 3-digit -- by ownership sector","All establishment sizes",16,139,148,146,2015066,163632,4302,1074
"45059",5,4233,76,0,2007,1,"N","Laurens County, South Carolina","Private","Lumber and const. supply merchant wholesalers","County, NAICS 4-digit -- by ownership sector","All establishment sizes",1,0,0,0,0,0,0,0
"45059",5,"4233",76,0,2007,2,"N","Laurens County, South Carolina","Private","Lumber and const. supply merchant wholesalers","County, NAICS 4-digit -- by ownership sector","All establishment sizes",2,0,0,0,0,0,0,0
"45059",5,"4233",76,0,2007,3,"N","Laurens County, South Carolina","Private","Lumber and const. supply merchant wholesalers","County, NAICS 4-digit -- by ownership sector","All establishment sizes",2,0,0,0,0,0,0,0
"45059",5,"4233",76,0,2007,4,"N","Laurens County, South Carolina","Private","Lumber and const. supply merchant wholesalers","County, NAICS 4-digit -- by ownership sector","All establishment sizes",2,0,0,0,0,0,0,0
"45059",5,42332,77,0,2007,1,"N","Laurens County, South Carolina","Private","Masonry material merchant wholesalers","County, NAICS 5-digit -- by ownership sector","All establishment sizes",1,0,0,0,0,0,0,0
"45059",5,"42332",77,0,2007,2,"N","Laurens County, South Carolina","Private","Masonry material merchant wholesalers","County, NAICS 5-digit -- by ownership sector","All establishment sizes",1,0,0,0,0,0,0,0
"45059",5,"42332",77,0,2007,3,"N","Laurens County, South Carolina","Private","Masonry material merchant wholesalers","County, NAICS 5-digit -- by ownership sector","All establishment sizes",1,0,0,0,0,0,0,0
"45059",5,"42332",77,0,2007,4,"N","Laurens County, South Carolina","Private","Masonry material merchant wholesalers","County, NAICS 5-digit -- by ownership sector","All establishment sizes",1,0,0,0,0,0,0,0
"45059",5,423320,78,0,2007,1,"N","Laurens County, South Carolina","Private","Masonry material merchant wholesalers","County, NAICS 6-digit -- by ownership sector","All establishment sizes",1,0,0,0,0,0,0,0
"45059",5,"423320",78,0,2007,2,"N","Laurens County, South Carolina","Private","Masonry material merchant wholesalers","County, NAICS 6-digit -- by ownership sector","All establishment sizes",1,0,0,0,0,0,0,0
"45059",5,"423320",78,0,2007,3,"N","Laurens County, South Carolina","Private","Masonry material merchant wholesalers","County, NAICS 6-digit -- by ownership sector","All establishment sizes",1,0,0,0,0,0,0,0
"45059",5,"423320",78,0,2007,4,"N","Laurens County, South Carolina","Private","Masonry material merchant wholesalers","County, NAICS 6-digit -- by ownership sector","All establishment sizes",1,0,0,0,0,0,0,0
"45059",5,42339,77,0,2007,1,"-","Laurens County, South Carolina","Private","Other const. material merchant wholesalers","County, NAICS 5-digit -- by ownership sector","All establishment sizes",0,0,0,0,0,0,0,0
"45059",5,"42339",77,0,2007,2,"N","Laurens County, South Carolina","Private","Other const. material merchant wholesalers","County, NAICS 5-digit -- by ownership sector","All establishment sizes",1,0,0,0,0,0,0,0
"45059",5,"42339",77,0,2007,3,"N","Laurens County, South Carolina","Private","Other const. material merchant wholesalers","County, NAICS 5-digit -- by ownership sector","All establishment sizes",1,0,0,0,0,0,0,0
"45059",5,"42339",77,0,2007,4,"N","Laurens County, South Carolina","Private","Other const. material merchant wholesalers","County, NAICS 5-digit -- by ownership sector","All establishment sizes",1,0,0,0,0,0,0,0
"45059",5,423390,78,0,2007,1,"-","Laurens County, South Carolina","Private","Other const. material merchant wholesalers","County, NAICS 6-digit -- by ownership sector","All establishment sizes",0,0,0,0,0,0,0,0
"45059",5,"423390",78,0,2007,2,"N","Laurens County, South Carolina","Private","Other const. material merchant wholesalers","County, NAICS 6-digit -- by ownership sector","All establishment sizes",1,0,0,0,0,0,0,0
"45059",5,"423390",78,0,2007,3,"N","Laurens County, South Carolina","Private","Other const. material merchant wholesalers","County, NAICS 6-digit -- by ownership sector","All establishment sizes",1,0,0,0,0,0,0,0
"45059",5,"423390",78,0,2007,4,"N","Laurens County, South Carolina","Private","Other const. material merchant wholesalers","County, NAICS 6-digit -- by ownership sector","All establishment sizes",1,0,0,0,0,0,0,0
"45059",5,4234,76,0,2007,1,"N","Laurens County, South Carolina","Private","Commercial equip. merchant wholesalers","County, NAICS 4-digit -- by ownership sector","All establishment sizes",2,0,0,0,0,0,0,0
"45059",5,"4234",76,0,2007,2,"N","Laurens County, South Carolina","Private","Commercial equip. merchant wholesalers","County, NAICS 4-digit -- by ownership sector","All establishment sizes",2,0,0,0,0,0,0,0
"45059",5,"4234",76,0,2007,3,"N","Laurens County, South Carolina","Private","Commercial equip. merchant wholesalers","County, NAICS 4-digit -- by ownership sector","All establishment sizes",2,0,0,0,0,0,0,0
"45059",5,"4234",76,0,2007,4,"N","Laurens County, South Carolina","Private","Commercial equip. merchant wholesalers","County, NAICS 4-digit -- by ownership sector","All establishment sizes",2,0,0,0,0,0,0,0
"45059",5,42342,77,0,2007,1,"N","Laurens County, South Carolina","Private","Office equipment merchant wholesalers","County, NAICS 5-digit -- by ownership sector","All establishment sizes",1,0,0,0,0,0,0,0
"45059",5,"42342",77,0,2007,2,"N","Laurens County, South Carolina","Private","Office equipment merchant wholesalers","County, NAICS 5-digit -- by ownership sector","All establishment sizes",1,0,0,0,0,0,0,0
"45059",5,"42342",77,0,2007,3,"N","Laurens County, South Carolina","Private","Office equipment merchant wholesalers","County, NAICS 5-digit -- by ownership sector","All establishment sizes",1,0,0,0,0,0,0,0
"45059",5,"42342",77,0,2007,4,"N","Laurens County, South Carolina","Private","Office equipment merchant wholesalers","County, NAICS 5-digit -- by ownership sector","All establishment sizes",1,0,0,0,0,0,0,0
"45059",5,423420,78,0,2007,1,"N","Laurens County, South Carolina","Private","Office equipment merchant wholesalers","County, NAICS 6-digit -- by ownership sector","All establishment sizes",1,0,0,0,0,0,0,0
"45059",5,"423420",78,0,2007,2,"N","Laurens County, South Carolina","Private","Office equipment merchant wholesalers","County, NAICS 6-digit -- by ownership sector","All establishment sizes",1,0,0,0,0,0,0,0
"45059",5,"423420",78,0,2007,3,"N","Laurens County, South Carolina","Private","Office equipment merchant wholesalers","County, NAICS 6-digit -- by ownership sector","All establishment sizes",1,0,0,0,0,0,0,0
"45059",5,"423420",78,0,2007,4,"N","Laurens County, South Carolina","Private","Office equipment merchant wholesalers","County, NAICS 6-digit -- by ownership sector","All establishment sizes",1,0,0,0,0,0,0,0
"45059",5,42345,77,0,2007,1,"N","Laurens County, South Carolina","Private","Medical equipment merchant wholesalers","County, NAICS 5-digit -- by ownership sector","All establishment sizes",1,0,0,0,0,0,0,0
"45059",5,"42345",77,0,2007,2,"N","Laurens County, South Carolina","Private","Medical equipment merchant wholesalers","County, NAICS 5-digit -- by ownership sector","All establishment sizes",1,0,0,0,0,0,0,0
"45059",5,"42345",77,0,2007,3,"N","Laurens County, South Carolina","Private","Medical equipment merchant wholesalers","County, NAICS 5-digit -- by ownership sector","All establishment sizes",1,0,0,0,0,0,0,0
"45059",5,"42345",77,0,2007,4,"N","Laurens County, South Carolina","Private","Medical equipment merchant wholesalers","County, NAICS 5-digit -- by ownership sector","All establishment sizes",1,0,0,0,0,0,0,0
"45059",5,423450,78,0,2007,1,"N","Laurens County, South Carolina","Private","Medical equipment merchant wholesalers","County, NAICS 6-digit -- by ownership sector","All establishment sizes",1,0,0,0,0,0,0,0
"45059",5,"423450",78,0,2007,2,"N","Laurens County, South Carolina","Private","Medical equipment merchant wholesalers","County, NAICS 6-digit -- by ownership sector","All establishment sizes",1,0,0,0,0,0,0,0
"45059",5,"423450",78,0,2007,3,"N","Laurens County, South Carolina","Private","Medical equipment merchant wholesalers","County, NAICS 6-digit -- by ownership sector","All establishment sizes",1,0,0,0,0,0,0,0
"45059",5,"423450",78,0,2007,4,"N","Laurens County, South Carolina","Private","Medical equipment merchant wholesalers","County, NAICS 6-digit -- by ownership sector","All establishment sizes",1,0,0,0,0,0,0,0
"45059",5,4238,76,0,2007,1,"","Laurens County, South Carolina","Private","Machinery and supply merchant wholesalers","County, NAICS 4-digit -- by ownership sector","All establishment sizes",11,113,112,110,868437,572106,16404,598
"45059",5,"4238",76,0,2007,2,"","Laurens County, South Carolina","Private","Machinery and supply merchant wholesalers","County, NAICS 4-digit -- by ownership sector","All establishment sizes",11,102,101,102,913964,195224,6158,692
"45059",5,"4238",76,0,2007,3,"","Laurens County, South Carolina","Private","Machinery and supply merchant wholesalers","County, NAICS 4-digit -- by ownership sector","All establishment sizes",9,107,105,96,1126053,99040,3256,844
"45059",5,"4238",76,0,2007,4,"","Laurens County, South Carolina","Private","Machinery and supply merchant wholesalers","County, NAICS 4-digit -- by ownership sector","All establishment sizes",9,98,100,106,1487004,105079,3485,1129
"45059",5,42382,77,0,2007,1,"N","Laurens County, South Carolina","Private","Farm and garden equip. merchant wholesalers","County, NAICS 5-digit -- by ownership sector","All establishment sizes",3,0,0,0,0,0,0,0
"45059",5,"42382",77,0,2007,2,"N","Laurens County, South Carolina","Private","Farm and garden equip. merchant wholesalers","County, NAICS 5-digit -- by ownership sector","All establishment sizes",3,0,0,0,0,0,0,0
"45059",5,"42382",77,0,2007,3,"N","Laurens County, South Carolina","Private","Farm and garden equip. merchant wholesalers","County, NAICS 5-digit -- by ownership sector","All establishment sizes",2,0,0,0,0,0,0,0
"45059",5,"42382",77,0,2007,4,"N","Laurens County, South Carolina","Private","Farm and garden equip. merchant wholesalers","County, NAICS 5-digit -- by ownership sector","All establishment sizes",2,0,0,0,0,0,0,0
"45059",5,423820,78,0,2007,1,"N","Laurens County, South Carolina","Private","Farm and garden equip. merchant wholesalers","County, NAICS 6-digit -- by ownership sector","All establishment sizes",3,0,0,0,0,0,0,0
"45059",5,"423820",78,0,2007,2,"N","Laurens County, South Carolina","Private","Farm and garden equip. merchant wholesalers","County, NAICS 6-digit -- by ownership sector","All establishment sizes",3,0,0,0,0,0,0,0
"45059",5,"423820",78,0,2007,3,"N","Laurens County, South Carolina","Private","Farm and garden equip. merchant wholesalers","County, NAICS 6-digit -- by ownership sector","All establishment sizes",2,0,0,0,0,0,0,0
"45059",5,"423820",78,0,2007,4,"N","Laurens County, South Carolina","Private","Farm and garden equip. merchant wholesalers","County, NAICS 6-digit -- by ownership sector","All establishment sizes",2,0,0,0,0,0,0,0
"45059",5,42383,77,0,2007,1,"","Laurens County, South Carolina","Private","Industrial machinery merchant wholesalers","County, NAICS 5-digit -- by ownership sector","All establishment sizes",7,100,99,97,739663,504771,15513,577
"45059",5,"42383",77,0,2007,2,"","Laurens County, South Carolina","Private","Industrial machinery merchant wholesalers","County, NAICS 5-digit -- by ownership sector","All establishment sizes",7,91,91,92,802102,188935,6068,676
"45059",5,"42383",77,0,2007,3,"N","Laurens County, South Carolina","Private","Industrial machinery merchant wholesalers","County, NAICS 5-digit -- by ownership sector","All establishment sizes",7,0,0,0,0,0,0,0
"45059",5,"42383",77,0,2007,4,"N","Laurens County, South Carolina","Private","Industrial machinery merchant wholesalers","County, NAICS 5-digit -- by ownership sector","All establishment sizes",7,0,0,0,0,0,0,0
"45059",5,423830,78,0,2007,1,"","Laurens County, South Carolina","Private","Industrial machinery merchant wholesalers","County, NAICS 6-digit -- by ownership sector","All establishment sizes",7,100,99,97,739663,504771,15513,577
"45059",5,"423830",78,0,2007,2,"","Laurens County, South Carolina","Private","Industrial machinery merchant wholesalers","County, NAICS 6-digit -- by ownership sector","All establishment sizes",7,91,91,92,802102,188935,6068,676
"45059",5,"423830",78,0,2007,3,"N","Laurens County, South Carolina","Private","Industrial machinery merchant wholesalers","County, NAICS 6-digit -- by ownership sector","All establishment sizes",7,0,0,0,0,0,0,0
"45059",5,"423830",78,0,2007,4,"N","Laurens County, South Carolina","Private","Industrial machinery merchant wholesalers","County, NAICS 6-digit -- by ownership sector","All establishment sizes",7,0,0,0,0,0,0,0
"45059",5,42385,77,0,2007,1,"N","Laurens County, South Carolina","Private","Service estab. equip. merchant wholesalers","County, NAICS 5-digit -- by ownership sector","All establishment sizes",1,0,0,0,0,0,0,0
"45059",5,"42385",77,0,2007,2,"N","Laurens County, South Carolina","Private","Service estab. equip. merchant wholesalers","County, NAICS 5-digit -- by ownership sector","All establishment sizes",1,0,0,0,0,0,0,0
"45059",5,"42385",77,0,2007,3,"-","Laurens County, South Carolina","Private","Service estab. equip. merchant wholesalers","County, NAICS 5-digit -- by ownership sector","All establishment sizes",0,0,0,0,0,0,0,0
"45059",5,"42385",77,0,2007,4,"-","Laurens County, South Carolina","Private","Service estab. equip. merchant wholesalers","County, NAICS 5-digit -- by ownership sector","All establishment sizes",0,0,0,0,0,0,0,0
"45059",5,423850,78,0,2007,1,"N","Laurens County, South Carolina","Private","Service estab. equip. merchant wholesalers","County, NAICS 6-digit -- by ownership sector","All establishment sizes",1,0,0,0,0,0,0,0
"45059",5,"423850",78,0,2007,2,"N","Laurens County, South Carolina","Private","Service estab. equip. merchant wholesalers","County, NAICS 6-digit -- by ownership sector","All establishment sizes",1,0,0,0,0,0,0,0
"45059",5,"423850",78,0,2007,3,"-","Laurens County, South Carolina","Private","Service estab. equip. merchant wholesalers","County, NAICS 6-digit -- by ownership sector","All establishment sizes",0,0,0,0,0,0,0,0
"45059",5,"423850",78,0,2007,4,"-","Laurens County, South Carolina","Private","Service estab. equip. merchant wholesalers","County, NAICS 6-digit -- by ownership sector","All establishment sizes",0,0,0,0,0,0,0,0
"45059",5,4239,76,0,2007,1,"","Laurens County, South Carolina","Private","Misc. durable goods merchant wholesalers","County, NAICS 4-digit -- by ownership sector","All establishment sizes",3,15,15,15,125321,88650,1295,643
"45059",5,"4239",76,0,2007,2,"","Laurens County, South Carolina","Private","Misc. durable goods merchant wholesalers","County, NAICS 4-digit -- by ownership sector","All establishment sizes",3,18,18,18,146322,26188,326,625
"45059",5,"4239",76,0,2007,3,"N","Laurens County, South Carolina","Private","Misc. durable goods merchant wholesalers","County, NAICS 4-digit -- by ownership sector","All establishment sizes",3,0,0,0,0,0,0,0
"45059",5,"4239",76,0,2007,4,"N","Laurens County, South Carolina","Private","Misc. durable goods merchant wholesalers","County, NAICS 4-digit -- by ownership sector","All establishment sizes",3,0,0,0,0,0,0,0
"45059",5,42393,77,0,2007,1,"N","Laurens County, South Carolina","Private","Recyclable material merchant wholesalers","County, NAICS 5-digit -- by ownership sector","All establishment sizes",1,0,0,0,0,0,0,0
"45059",5,"42393",77,0,2007,2,"N","Laurens County, South Carolina","Private","Recyclable material merchant wholesalers","County, NAICS 5-digit -- by ownership sector","All establishment sizes",1,0,0,0,0,0,0,0
"45059",5,"42393",77,0,2007,3,"N","Laurens County, South Carolina","Private","Recyclable material merchant wholesalers","County, NAICS 5-digit -- by ownership sector","All establishment sizes",1,0,0,0,0,0,0,0
"45059",5,"42393",77,0,2007,4,"N","Laurens County, South Carolina","Private","Recyclable material merchant wholesalers","County, NAICS 5-digit -- by ownership sector","All establishment sizes",1,0,0,0,0,0,0,0
"45059",5,423930,78,0,2007,1,"N","Laurens County, South Carolina","Private","Recyclable material merchant wholesalers","County, NAICS 6-digit -- by ownership sector","All establishment sizes",1,0,0,0,0,0,0,0
"45059",5,"423930",78,0,2007,2,"N","Laurens County, South Carolina","Private","Recyclable material merchant wholesalers","County, NAICS 6-digit -- by ownership sector","All establishment sizes",1,0,0,0,0,0,0,0
"45059",5,"423930",78,0,2007,3,"N","Laurens County, South Carolina","Private","Recyclable material merchant wholesalers","County, NAICS 6-digit -- by ownership sector","All establishment sizes",1,0,0,0,0,0,0,0
"45059",5,"423930",78,0,2007,4,"N","Laurens County, South Carolina","Private","Recyclable material merchant wholesalers","County, NAICS 6-digit -- by ownership sector","All establishment sizes",1,0,0,0,0,0,0,0
"45059",5,42394,77,0,2007,1,"N","Laurens County, South Carolina","Private","Jewelry merchant wholesalers","County, NAICS 5-digit -- by ownership sector","All establishment sizes",1,0,0,0,0,0,0,0
"45059",5,"42394",77,0,2007,2,"N","Laurens County, South Carolina","Private","Jewelry merchant wholesalers","County, NAICS 5-digit -- by ownership sector","All establishment sizes",1,0,0,0,0,0,0,0
"45059",5,"42394",77,0,2007,3,"N","Laurens County, South Carolina","Private","Jewelry merchant wholesalers","County, NAICS 5-digit -- by ownership sector","All establishment sizes",1,0,0,0,0,0,0,0
"45059",5,"42394",77,0,2007,4,"N","Laurens County, South Carolina","Private","Jewelry merchant wholesalers","County, NAICS 5-digit -- by ownership sector","All establishment sizes",1,0,0,0,0,0,0,0
"45059",5,423940,78,0,2007,1,"N","Laurens County, South Carolina","Private","Jewelry merchant wholesalers","County, NAICS 6-digit -- by ownership sector","All establishment sizes",1,0,0,0,0,0,0,0
"45059",5,"423940",78,0,2007,2,"N","Laurens County, South Carolina","Private","Jewelry merchant wholesalers","County, NAICS 6-digit -- by ownership sector","All establishment sizes",1,0,0,0,0,0,0,0
"45059",5,"423940",78,0,2007,3,"N","Laurens County, South Carolina","Private","Jewelry merchant wholesalers","County, NAICS 6-digit -- by ownership sector","All establishment sizes",1,0,0,0,0,0,0,0
"45059",5,"423940",78,0,2007,4,"N","Laurens County, South Carolina","Private","Jewelry merchant wholesalers","County, NAICS 6-digit -- by ownership sector","All establishment sizes",1,0,0,0,0,0,0,0
"45059",5,42399,77,0,2007,1,"N","Laurens County, South Carolina","Private","All other durable goods merchant wholesalers","County, NAICS 5-digit -- by ownership sector","All establishment sizes",1,0,0,0,0,0,0,0
"45059",5,"42399",77,0,2007,2,"N","Laurens County, South Carolina","Private","All other durable goods merchant wholesalers","County, NAICS 5-digit -- by ownership sector","All establishment sizes",1,0,0,0,0,0,0,0
"45059",5,"42399",77,0,2007,3,"N","Laurens County, South Carolina","Private","All other durable goods merchant wholesalers","County, NAICS 5-digit -- by ownership sector","All establishment sizes",1,0,0,0,0,0,0,0
"45059",5,"42399",77,0,2007,4,"N","Laurens County, South Carolina","Private","All other durable goods merchant wholesalers","County, NAICS 5-digit -- by ownership sector","All establishment sizes",1,0,0,0,0,0,0,0
"45059",5,423990,78,0,2007,1,"N","Laurens County, South Carolina","Private","All other durable goods merchant wholesalers","County, NAICS 6-digit -- by ownership sector","All establishment sizes",1,0,0,0,0,0,0,0
"45059",5,"423990",78,0,2007,2,"N","Laurens County, South Carolina","Private","All other durable goods merchant wholesalers","County, NAICS 6-digit -- by ownership sector","All establishment sizes",1,0,0,0,0,0,0,0
"45059",5,"423990",78,0,2007,3,"N","Laurens County, South Carolina","Private","All other durable goods merchant wholesalers","County, NAICS 6-digit -- by ownership sector","All establishment sizes",1,0,0,0,0,0,0,0
"45059",5,"423990",78,0,2007,4,"N","Laurens County, South Carolina","Private","All other durable goods merchant wholesalers","County, NAICS 6-digit -- by ownership sector","All establishment sizes",1,0,0,0,0,0,0,0
"45059",5,424,75,0,2007,1,"N","Laurens County, South Carolina","Private","Merchant wholesalers, nondurable goods","County, NAICS 3-digit -- by ownership sector","All establishment sizes",5,0,0,0,0,0,0,0
"45059",5,"424",75,0,2007,2,"N","Laurens County, South Carolina","Private","Merchant wholesalers, nondurable goods","County, NAICS 3-digit -- by ownership sector","All establishment sizes",5,0,0,0,0,0,0,0
"45059",5,"424",75,0,2007,3,"N","Laurens County, South Carolina","Private","Merchant wholesalers, nondurable goods","County, NAICS 3-digit -- by ownership sector","All establishment sizes",4,0,0,0,0,0,0,0
"45059",5,"424",75,0,2007,4,"N","Laurens County, South Carolina","Private","Merchant wholesalers, nondurable goods","County, NAICS 3-digit -- by ownership sector","All establishment sizes",4,0,0,0,0,0,0,0
"45059",5,4244,76,0,2007,1,"N","Laurens County, South Carolina","Private","Grocery and related product wholesalers","County, NAICS 4-digit -- by ownership sector","All establishment sizes",1,0,0,0,0,0,0,0
"45059",5,"4244",76,0,2007,2,"N","Laurens County, South Carolina","Private","Grocery and related product wholesalers","County, NAICS 4-digit -- by ownership sector","All establishment sizes",1,0,0,0,0,0,0,0
"45059",5,"4244",76,0,2007,3,"N","Laurens County, South Carolina","Private","Grocery and related product wholesalers","County, NAICS 4-digit -- by ownership sector","All establishment sizes",1,0,0,0,0,0,0,0
"45059",5,"4244",76,0,2007,4,"N","Laurens County, South Carolina","Private","Grocery and related product wholesalers","County, NAICS 4-digit -- by ownership sector","All establishment sizes",1,0,0,0,0,0,0,0
"45059",5,42441,77,0,2007,1,"N","Laurens County, South Carolina","Private","General line grocery merchant wholesalers","County, NAICS 5-digit -- by ownership sector","All establishment sizes",1,0,0,0,0,0,0,0
"45059",5,"42441",77,0,2007,2,"N","Laurens County, South Carolina","Private","General line grocery merchant wholesalers","County, NAICS 5-digit -- by ownership sector","All establishment sizes",1,0,0,0,0,0,0,0
"45059",5,"42441",77,0,2007,3,"N","Laurens County, South Carolina","Private","General line grocery merchant wholesalers","County, NAICS 5-digit -- by ownership sector","All establishment sizes",1,0,0,0,0,0,0,0
"45059",5,"42441",77,0,2007,4,"N","Laurens County, South Carolina","Private","General line grocery merchant wholesalers","County, NAICS 5-digit -- by ownership sector","All establishment sizes",1,0,0,0,0,0,0,0
"45059",5,424410,78,0,2007,1,"N","Laurens County, South Carolina","Private","General line grocery merchant wholesalers","County, NAICS 6-digit -- by ownership sector","All establishment sizes",1,0,0,0,0,0,0,0
"45059",5,"424410",78,0,2007,2,"N","Laurens County, South Carolina","Private","General line grocery merchant wholesalers","County, NAICS 6-digit -- by ownership sector","All establishment sizes",1,0,0,0,0,0,0,0
"45059",5,"424410",78,0,2007,3,"N","Laurens County, South Carolina","Private","General line grocery merchant wholesalers","County, NAICS 6-digit -- by ownership sector","All establishment sizes",1,0,0,0,0,0,0,0
"45059",5,"424410",78,0,2007,4,"N","Laurens County, South Carolina","Private","General line grocery merchant wholesalers","County, NAICS 6-digit -- by ownership sector","All establishment sizes",1,0,0,0,0,0,0,0
"45059",5,4246,76,0,2007,1,"N","Laurens County, South Carolina","Private","Chemical merchant wholesalers","County, NAICS 4-digit -- by ownership sector","All establishment sizes",1,0,0,0,0,0,0,0
"45059",5,"4246",76,0,2007,2,"N","Laurens County, South Carolina","Private","Chemical merchant wholesalers","County, NAICS 4-digit -- by ownership sector","All establishment sizes",1,0,0,0,0,0,0,0
"45059",5,"4246",76,0,2007,3,"N","Laurens County, South Carolina","Private","Chemical merchant wholesalers","County, NAICS 4-digit -- by ownership sector","All establishment sizes",1,0,0,0,0,0,0,0
"45059",5,"4246",76,0,2007,4,"N","Laurens County, South Carolina","Private","Chemical merchant wholesalers","County, NAICS 4-digit -- by ownership sector","All establishment sizes",1,0,0,0,0,0,0,0
"45059",5,42469,77,0,2007,1,"N","Laurens County, South Carolina","Private","Other chemicals merchant wholesalers","County, NAICS 5-digit -- by ownership sector","All establishment sizes",1,0,0,0,0,0,0,0
"45059",5,"42469",77,0,2007,2,"N","Laurens County, South Carolina","Private","Other chemicals merchant wholesalers","County, NAICS 5-digit -- by ownership sector","All establishment sizes",1,0,0,0,0,0,0,0
"45059",5,"42469",77,0,2007,3,"N","Laurens County, South Carolina","Private","Other chemicals merchant wholesalers","County, NAICS 5-digit -- by ownership sector","All establishment sizes",1,0,0,0,0,0,0,0
"45059",5,"42469",77,0,2007,4,"N","Laurens County, South Carolina","Private","Other chemicals merchant wholesalers","County, NAICS 5-digit -- by ownership sector","All establishment sizes",1,0,0,0,0,0,0,0
"45059",5,424690,78,0,2007,1,"N","Laurens County, South Carolina","Private","Other chemicals merchant wholesalers","County, NAICS 6-digit -- by ownership sector","All establishment sizes",1,0,0,0,0,0,0,0
"45059",5,"424690",78,0,2007,2,"N","Laurens County, South Carolina","Private","Other chemicals merchant wholesalers","County, NAICS 6-digit -- by ownership sector","All establishment sizes",1,0,0,0,0,0,0,0
"45059",5,"424690",78,0,2007,3,"N","Laurens County, South Carolina","Private","Other chemicals merchant wholesalers","County, NAICS 6-digit -- by ownership sector","All establishment sizes",1,0,0,0,0,0,0,0
"45059",5,"424690",78,0,2007,4,"N","Laurens County, South Carolina","Private","Other chemicals merchant wholesalers","County, NAICS 6-digit -- by ownership sector","All establishment sizes",1,0,0,0,0,0,0,0
"45059",5,4247,76,0,2007,1,"N","Laurens County, South Carolina","Private","Petroleum merchant wholesalers","County, NAICS 4-digit -- by ownership sector","All establishment sizes",1,0,0,0,0,0,0,0
"45059",5,"4247",76,0,2007,2,"N","Laurens County, South Carolina","Private","Petroleum merchant wholesalers","County, NAICS 4-digit -- by ownership sector","All establishment sizes",1,0,0,0,0,0,0,0
"45059",5,"4247",76,0,2007,3,"N","Laurens County, South Carolina","Private","Petroleum merchant wholesalers","County, NAICS 4-digit -- by ownership sector","All establishment sizes",1,0,0,0,0,0,0,0
"45059",5,"4247",76,0,2007,4,"N","Laurens County, South Carolina","Private","Petroleum merchant wholesalers","County, NAICS 4-digit -- by ownership sector","All establishment sizes",1,0,0,0,0,0,0,0
"45059",5,42471,77,0,2007,1,"N","Laurens County, South Carolina","Private","Petroleum bulk stations and terminals","County, NAICS 5-digit -- by ownership sector","All establishment sizes",1,0,0,0,0,0,0,0
"45059",5,"42471",77,0,2007,2,"N","Laurens County, South Carolina","Private","Petroleum bulk stations and terminals","County, NAICS 5-digit -- by ownership sector","All establishment sizes",1,0,0,0,0,0,0,0
"45059",5,"42471",77,0,2007,3,"N","Laurens County, South Carolina","Private","Petroleum bulk stations and terminals","County, NAICS 5-digit -- by ownership sector","All establishment sizes",1,0,0,0,0,0,0,0
"45059",5,"42471",77,0,2007,4,"N","Laurens County, South Carolina","Private","Petroleum bulk stations and terminals","County, NAICS 5-digit -- by ownership sector","All establishment sizes",1,0,0,0,0,0,0,0
"45059",5,424710,78,0,2007,1,"N","Laurens County, South Carolina","Private","Petroleum bulk stations and terminals","County, NAICS 6-digit -- by ownership sector","All establishment sizes",1,0,0,0,0,0,0,0
"45059",5,"424710",78,0,2007,2,"N","Laurens County, South Carolina","Private","Petroleum bulk stations and terminals","County, NAICS 6-digit -- by ownership sector","All establishment sizes",1,0,0,0,0,0,0,0
"45059",5,"424710",78,0,2007,3,"N","Laurens County, South Carolina","Private","Petroleum bulk stations and terminals","County, NAICS 6-digit -- by ownership sector","All establishment sizes",1,0,0,0,0,0,0,0
"45059",5,"424710",78,0,2007,4,"N","Laurens County, South Carolina","Private","Petroleum bulk stations and terminals","County, NAICS 6-digit -- by ownership sector","All establishment sizes",1,0,0,0,0,0,0,0
"45059",5,4249,76,0,2007,1,"N","Laurens County, South Carolina","Private","Misc. nondurable goods merchant wholesalers","County, NAICS 4-digit -- by ownership sector","All establishment sizes",2,0,0,0,0,0,0,0
"45059",5,"4249",76,0,2007,2,"N","Laurens County, South Carolina","Private","Misc. nondurable goods merchant wholesalers","County, NAICS 4-digit -- by ownership sector","All establishment sizes",2,0,0,0,0,0,0,0
"45059",5,"4249",76,0,2007,3,"N","Laurens County, South Carolina","Private","Misc. nondurable goods merchant wholesalers","County, NAICS 4-digit -- by ownership sector","All establishment sizes",1,0,0,0,0,0,0,0
"45059",5,"4249",76,0,2007,4,"N","Laurens County, South Carolina","Private","Misc. nondurable goods merchant wholesalers","County, NAICS 4-digit -- by ownership sector","All establishment sizes",1,0,0,0,0,0,0,0
"45059",5,42491,77,0,2007,1,"N","Laurens County, South Carolina","Private","Farm supplies merchant wholesalers","County, NAICS 5-digit -- by ownership sector","All establishment sizes",1,0,0,0,0,0,0,0
"45059",5,"42491",77,0,2007,2,"N","Laurens County, South Carolina","Private","Farm supplies merchant wholesalers","County, NAICS 5-digit -- by ownership sector","All establishment sizes",1,0,0,0,0,0,0,0
"45059",5,"42491",77,0,2007,3,"-","Laurens County, South Carolina","Private","Farm supplies merchant wholesalers","County, NAICS 5-digit -- by ownership sector","All establishment sizes",0,0,0,0,0,0,0,0
"45059",5,"42491",77,0,2007,4,"-","Laurens County, South Carolina","Private","Farm supplies merchant wholesalers","County, NAICS 5-digit -- by ownership sector","All establishment sizes",0,0,0,0,0,0,0,0
"45059",5,424910,78,0,2007,1,"N","Laurens County, South Carolina","Private","Farm supplies merchant wholesalers","County, NAICS 6-digit -- by ownership sector","All establishment sizes",1,0,0,0,0,0,0,0
"45059",5,"424910",78,0,2007,2,"N","Laurens County, South Carolina","Private","Farm supplies merchant wholesalers","County, NAICS 6-digit -- by ownership sector","All establishment sizes",1,0,0,0,0,0,0,0
"45059",5,"424910",78,0,2007,3,"-","Laurens County, South Carolina","Private","Farm supplies merchant wholesalers","County, NAICS 6-digit -- by ownership sector","All establishment sizes",0,0,0,0,0,0,0,0
"45059",5,"424910",78,0,2007,4,"-","Laurens County, South Carolina","Private","Farm supplies merchant wholesalers","County, NAICS 6-digit -- by ownership sector","All establishment sizes",0,0,0,0,0,0,0,0
"45059",5,42493,77,0,2007,1,"N","Laurens County, South Carolina","Private","Nursery and florist merchant wholesalers","County, NAICS 5-digit -- by ownership sector","All establishment sizes",1,0,0,0,0,0,0,0
"45059",5,"42493",77,0,2007,2,"N","Laurens County, South Carolina","Private","Nursery and florist merchant wholesalers","County, NAICS 5-digit -- by ownership sector","All establishment sizes",1,0,0,0,0,0,0,0
"45059",5,"42493",77,0,2007,3,"N","Laurens County, South Carolina","Private","Nursery and florist merchant wholesalers","County, NAICS 5-digit -- by ownership sector","All establishment sizes",1,0,0,0,0,0,0,0
"45059",5,"42493",77,0,2007,4,"N","Laurens County, South Carolina","Private","Nursery and florist merchant wholesalers","County, NAICS 5-digit -- by ownership sector","All establishment sizes",1,0,0,0,0,0,0,0
"45059",5,424930,78,0,2007,1,"N","Laurens County, South Carolina","Private","Nursery and florist merchant wholesalers","County, NAICS 6-digit -- by ownership sector","All establishment sizes",1,0,0,0,0,0,0,0
"45059",5,"424930",78,0,2007,2,"N","Laurens County, South Carolina","Private","Nursery and florist merchant wholesalers","County, NAICS 6-digit -- by ownership sector","All establishment sizes",1,0,0,0,0,0,0,0
"45059",5,"424930",78,0,2007,3,"N","Laurens County, South Carolina","Private","Nursery and florist merchant wholesalers","County, NAICS 6-digit -- by ownership sector","All establishment sizes",1,0,0,0,0,0,0,0
"45059",5,"424930",78,0,2007,4,"N","Laurens County, South Carolina","Private","Nursery and florist merchant wholesalers","County, NAICS 6-digit -- by ownership sector","All establishment sizes",1,0,0,0,0,0,0,0
"45059",5,425,75,0,2007,1,"","Laurens County, South Carolina","Private","Electronic markets and agents and brokers","County, NAICS 3-digit -- by ownership sector","All establishment sizes",11,86,91,89,1955874,566854,14032,1697
"45059",5,"425",75,0,2007,2,"","Laurens County, South Carolina","Private","Electronic markets and agents and brokers","County, NAICS 3-digit -- by ownership sector","All establishment sizes",11,82,82,82,1255807,45420,960,1178
"45059",5,"425",75,0,2007,3,"","Laurens County, South Carolina","Private","Electronic markets and agents and brokers","County, NAICS 3-digit -- by ownership sector","All establishment sizes",10,86,90,90,1402097,89139,2395,1216
"45059",5,"425",75,0,2007,4,"","Laurens County, South Carolina","Private","Electronic markets and agents and brokers","County, NAICS 3-digit -- by ownership sector","All establishment sizes",10,81,85,90,1498289,32799,865,1351
"45059",5,4251,76,0,2007,1,"","Laurens County, South Carolina","Private","Electronic markets and agents and brokers","County, NAICS 4-digit -- by ownership sector","All establishment sizes",11,86,91,89,1955874,566854,14032,1697
"45059",5,"4251",76,0,2007,2,"","Laurens County, South Carolina","Private","Electronic markets and agents and brokers","County, NAICS 4-digit -- by ownership sector","All establishment sizes",11,82,82,82,1255807,45420,960,1178
"45059",5,"4251",76,0,2007,3,"","Laurens County, South Carolina","Private","Electronic markets and agents and brokers","County, NAICS 4-digit -- by ownership sector","All establishment sizes",10,86,90,90,1402097,89139,2395,1216
"45059",5,"4251",76,0,2007,4,"","Laurens County, South Carolina","Private","Electronic markets and agents and brokers","County, NAICS 4-digit -- by ownership sector","All establishment sizes",10,81,85,90,1498289,32799,865,1351
"45059",5,42512,77,0,2007,1,"","Laurens County, South Carolina","Private","Wholesale trade agents and brokers","County, NAICS 5-digit -- by ownership sector","All establishment sizes",11,86,91,89,1955874,566854,14032,1697
"45059",5,"42512",77,0,2007,2,"","Laurens County, South Carolina","Private","Wholesale trade agents and brokers","County, NAICS 5-digit -- by ownership sector","All establishment sizes",11,82,82,82,1255807,45420,960,1178
"45059",5,"42512",77,0,2007,3,"","Laurens County, South Carolina","Private","Wholesale trade agents and brokers","County, NAICS 5-digit -- by ownership sector","All establishment sizes",10,86,90,90,1402097,89139,2395,1216
"45059",5,"42512",77,0,2007,4,"","Laurens County, South Carolina","Private","Wholesale trade agents and brokers","County, NAICS 5-digit -- by ownership sector","All establishment sizes",10,81,85,90,1498289,32799,865,1351
"45059",5,425120,78,0,2007,1,"","Laurens County, South Carolina","Private","Wholesale trade agents and brokers","County, NAICS 6-digit -- by ownership sector","All establishment sizes",11,86,91,89,1955874,566854,14032,1697
"45059",5,"425120",78,0,2007,2,"","Laurens County, South Carolina","Private","Wholesale trade agents and brokers","County, NAICS 6-digit -- by ownership sector","All establishment sizes",11,82,82,82,1255807,45420,960,1178
"45059",5,"425120",78,0,2007,3,"","Laurens County, South Carolina","Private","Wholesale trade agents and brokers","County, NAICS 6-digit -- by ownership sector","All establishment sizes",10,86,90,90,1402097,89139,2395,1216
"45059",5,"425120",78,0,2007,4,"","Laurens County, South Carolina","Private","Wholesale trade agents and brokers","County, NAICS 6-digit -- by ownership sector","All establishment sizes",10,81,85,90,1498289,32799,865,1351
"45059",5,44-45,74,0,2007,1,"","Laurens County, South Carolina","Private","Retail trade","County, NAICS Sector -- by ownership sector","All establishment sizes",174,1457,1474,1496,7111487,5764671,85197,371
"45059",5,"44-45",74,0,2007,2,"","Laurens County, South Carolina","Private","Retail trade","County, NAICS Sector -- by ownership sector","All establishment sizes",176,1465,1488,1475,7365871,2686861,40393,384
"45059",5,"44-45",74,0,2007,3,"","Laurens County, South Carolina","Private","Retail trade","County, NAICS Sector -- by ownership sector","All establishment sizes",177,1469,1473,1465,7128285,1414634,21845,373
"45059",5,"44-45",74,0,2007,4,"","Laurens County, South Carolina","Private","Retail trade","County, NAICS Sector -- by ownership sector","All establishment sizes",179,1478,1501,1497,7751508,1170681,18921,400
"45059",5,441,75,0,2007,1,"","Laurens County, South Carolina","Private","Motor vehicle and parts dealers","County, NAICS 3-digit -- by ownership sector","All establishment sizes",26,252,264,267,1646103,1238145,18214,485
"45059",5,"441",75,0,2007,2,"","Laurens County, South Carolina","Private","Motor vehicle and parts dealers","County, NAICS 3-digit -- by ownership sector","All establishment sizes",26,258,259,249,1743051,358838,5279,525
"45059",5,"441",75,0,2007,3,"","Laurens County, South Carolina","Private","Motor vehicle and parts dealers","County, NAICS 3-digit -- by ownership sector","All establishment sizes",27,261,261,258,1637097,174980,2914,484
"45059",5,"441",75,0,2007,4,"","Laurens County, South Carolina","Private","Motor vehicle and parts dealers","County, NAICS 3-digit -- by ownership sector","All establishment sizes",29,274,268,268,1770819,131003,2551,505
"45059",5,4411,76,0,2007,1,"","Laurens County, South Carolina","Private","Automobile dealers","County, NAICS 4-digit -- by ownership sector","All establishment sizes",11,167,166,167,1091522,776564,9736,504
"45059",5,"4411",76,0,2007,2,"","Laurens County, South Carolina","Private","Automobile dealers","County, NAICS 4-digit -- by ownership sector","All establishment sizes",11,158,158,157,1153404,209889,2670,563
"45059",5,"4411",76,0,2007,3,"","Laurens County, South Carolina","Private","Automobile dealers","County, NAICS 4-digit -- by ownership sector","All establishment sizes",12,161,161,160,1042658,104624,1498,499
"45059",5,"4411",76,0,2007,4,"","Laurens County, South Carolina","Private","Automobile dealers","County, NAICS 4-digit -- by ownership sector","All establishment sizes",14,176,174,174,1181150,81716,1547,520
"45059",5,44111,77,0,2007,1,"N","Laurens County, South Carolina","Private","New car dealers","County, NAICS 5-digit -- by ownership sector","All establishment sizes",6,0,0,0,0,0,0,0
"45059",5,"44111",77,0,2007,2,"N","Laurens County, South Carolina","Private","New car dealers","County, NAICS 5-digit -- by ownership sector","All establishment sizes",6,0,0,0,0,0,0,0
"45059",5,"44111",77,0,2007,3,"","Laurens County, South Carolina","Private","New car dealers","County, NAICS 5-digit -- by ownership sector","All establishment sizes",6,134,134,132,875314,80726,1002,505
"45059",5,"44111",77,0,2007,4,"","Laurens County, South Carolina","Private","New car dealers","County, NAICS 5-digit -- by ownership sector","All establishment sizes",6,146,144,144,825763,47946,595,439
"45059",5,441110,78,0,2007,1,"N","Laurens County, South Carolina","Private","New car dealers","County, NAICS 6-digit -- by ownership sector","All establishment sizes",6,0,0,0,0,0,0,0
"45059",5,"441110",78,0,2007,2,"N","Laurens County, South Carolina","Private","New car dealers","County, NAICS 6-digit -- by ownership sector","All establishment sizes",6,0,0,0,0,0,0,0
"45059",5,"441110",78,0,2007,3,"","Laurens County, South Carolina","Private","New car dealers","County, NAICS 6-digit -- by ownership sector","All establishment sizes",6,134,134,132,875314,80726,1002,505
"45059",5,"441110",78,0,2007,4,"","Laurens County, South Carolina","Private","New car dealers","County, NAICS 6-digit -- by ownership sector","All establishment sizes",6,146,144,144,825763,47946,595,439
"45059",5,44112,77,0,2007,1,"N","Laurens County, South Carolina","Private","Used car dealers","County, NAICS 5-digit -- by ownership sector","All establishment sizes",5,0,0,0,0,0,0,0
"45059",5,"44112",77,0,2007,2,"N","Laurens County, South Carolina","Private","Used car dealers","County, NAICS 5-digit -- by ownership sector","All establishment sizes",5,0,0,0,0,0,0,0
"45059",5,"44112",77,0,2007,3,"","Laurens County, South Carolina","Private","Used car dealers","County, NAICS 5-digit -- by ownership sector","All establishment sizes",6,27,27,28,167344,23898,496,471
"45059",5,"44112",77,0,2007,4,"","Laurens County, South Carolina","Private","Used car dealers","County, NAICS 5-digit -- by ownership sector","All establishment sizes",8,30,30,30,355387,33770,952,911
"45059",5,441120,78,0,2007,1,"N","Laurens County, South Carolina","Private","Used car dealers","County, NAICS 6-digit -- by ownership sector","All establishment sizes",5,0,0,0,0,0,0,0
"45059",5,"441120",78,0,2007,2,"N","Laurens County, South Carolina","Private","Used car dealers","County, NAICS 6-digit -- by ownership sector","All establishment sizes",5,0,0,0,0,0,0,0
"45059",5,"441120",78,0,2007,3,"","Laurens County, South Carolina","Private","Used car dealers","County, NAICS 6-digit -- by ownership sector","All establishment sizes",6,27,27,28,167344,23898,496,471
"45059",5,"441120",78,0,2007,4,"","Laurens County, South Carolina","Private","Used car dealers","County, NAICS 6-digit -- by ownership sector","All establishment sizes",8,30,30,30,355387,33770,952,911
"45059",5,4412,76,0,2007,1,"N","Laurens County, South Carolina","Private","Other motor vehicle dealers","County, NAICS 4-digit -- by ownership sector","All establishment sizes",1,0,0,0,0,0,0,0
"45059",5,"4412",76,0,2007,2,"N","Laurens County, South Carolina","Private","Other motor vehicle dealers","County, NAICS 4-digit -- by ownership sector","All establishment sizes",1,0,0,0,0,0,0,0
"45059",5,"4412",76,0,2007,3,"N","Laurens County, South Carolina","Private","Other motor vehicle dealers","County, NAICS 4-digit -- by ownership sector","All establishment sizes",1,0,0,0,0,0,0,0
"45059",5,"4412",76,0,2007,4,"N","Laurens County, South Carolina","Private","Other motor vehicle dealers","County, NAICS 4-digit -- by ownership sector","All establishment sizes",1,0,0,0,0,0,0,0
"45059",5,44122,77,0,2007,1,"N","Laurens County, South Carolina","Private","Motorcycle, boat, and other vehicle dealers","County, NAICS 5-digit -- by ownership sector","All establishment sizes",1,0,0,0,0,0,0,0
"45059",5,"44122",77,0,2007,2,"N","Laurens County, South Carolina","Private","Motorcycle, boat, and other vehicle dealers","County, NAICS 5-digit -- by ownership sector","All establishment sizes",1,0,0,0,0,0,0,0
"45059",5,"44122",77,0,2007,3,"N","Laurens County, South Carolina","Private","Motorcycle, boat, and other vehicle dealers","County, NAICS 5-digit -- by ownership sector","All establishment sizes",1,0,0,0,0,0,0,0
"45059",5,"44122",77,0,2007,4,"N","Laurens County, South Carolina","Private","Motorcycle, boat, and other vehicle dealers","County, NAICS 5-digit -- by ownership sector","All establishment sizes",1,0,0,0,0,0,0,0
"45059",5,441221,78,0,2007,1,"N","Laurens County, South Carolina","Private","Motorcycle, ATV, personal watercraft dealers","County, NAICS 6-digit -- by ownership sector","All establishment sizes",1,0,0,0,0,0,0,0
"45059",5,"441221",78,0,2007,2,"N","Laurens County, South Carolina","Private","Motorcycle, ATV, personal watercraft dealers","County, NAICS 6-digit -- by ownership sector","All establishment sizes",1,0,0,0,0,0,0,0
"45059",5,"441221",78,0,2007,3,"N","Laurens County, South Carolina","Private","Motorcycle, ATV, personal watercraft dealers","County, NAICS 6-digit -- by ownership sector","All establishment sizes",1,0,0,0,0,0,0,0
"45059",5,"441221",78,0,2007,4,"N","Laurens County, South Carolina","Private","Motorcycle, ATV, personal watercraft dealers","County, NAICS 6-digit -- by ownership sector","All establishment sizes",1,0,0,0,0,0,0,0
"45059",5,4413,76,0,2007,1,"N","Laurens County, South Carolina","Private","Auto parts, accessories, and tire stores","County, NAICS 4-digit -- by ownership sector","All establishment sizes",14,0,0,0,0,0,0,0
"45059",5,"4413",76,0,2007,2,"N","Laurens County, South Carolina","Private","Auto parts, accessories, and tire stores","County, NAICS 4-digit -- by ownership sector","All establishment sizes",14,0,0,0,0,0,0,0
"45059",5,"4413",76,0,2007,3,"N","Laurens County, South Carolina","Private","Auto parts, accessories, and tire stores","County, NAICS 4-digit -- by ownership sector","All establishment sizes",14,0,0,0,0,0,0,0
"45059",5,"4413",76,0,2007,4,"N","Laurens County, South Carolina","Private","Auto parts, accessories, and tire stores","County, NAICS 4-digit -- by ownership sector","All establishment sizes",14,0,0,0,0,0,0,0
"45059",5,44131,77,0,2007,1,"","Laurens County, South Carolina","Private","Automotive parts and accessories stores","County, NAICS 5-digit -- by ownership sector","All establishment sizes",8,37,49,49,210932,180708,3309,361
"45059",5,"44131",77,0,2007,2,"","Laurens County, South Carolina","Private","Automotive parts and accessories stores","County, NAICS 5-digit -- by ownership sector","All establishment sizes",8,50,51,42,229229,94515,1765,370
"45059",5,"44131",77,0,2007,3,"","Laurens County, South Carolina","Private","Automotive parts and accessories stores","County, NAICS 5-digit -- by ownership sector","All establishment sizes",8,52,50,51,246610,61433,1210,372
"45059",5,"44131",77,0,2007,4,"","Laurens County, South Carolina","Private","Automotive parts and accessories stores","County, NAICS 5-digit -- by ownership sector","All establishment sizes",8,52,50,51,230811,33036,633,348
"45059",5,441310,78,0,2007,1,"","Laurens County, South Carolina","Private","Automotive parts and accessories stores","County, NAICS 6-digit -- by ownership sector","All establishment sizes",8,37,49,49,210932,180708,3309,361
"45059",5,"441310",78,0,2007,2,"","Laurens County, South Carolina","Private","Automotive parts and accessories stores","County, NAICS 6-digit -- by ownership sector","All establishment sizes",8,50,51,42,229229,94515,1765,370
"45059",5,"441310",78,0,2007,3,"","Laurens County, South Carolina","Private","Automotive parts and accessories stores","County, NAICS 6-digit -- by ownership sector","All establishment sizes",8,52,50,51,246610,61433,1210,372
"45059",5,"441310",78,0,2007,4,"","Laurens County, South Carolina","Private","Automotive parts and accessories stores","County, NAICS 6-digit -- by ownership sector","All establishment sizes",8,52,50,51,230811,33036,633,348
"45059",5,44132,77,0,2007,1,"N","Laurens County, South Carolina","Private","Tire dealers","County, NAICS 5-digit -- by ownership sector","All establishment sizes",6,0,0,0,0,0,0,0
"45059",5,"44132",77,0,2007,2,"N","Laurens County, South Carolina","Private","Tire dealers","County, NAICS 5-digit -- by ownership sector","All establishment sizes",6,0,0,0,0,0,0,0
"45059",5,"44132",77,0,2007,3,"N","Laurens County, South Carolina","Private","Tire dealers","County, NAICS 5-digit -- by ownership sector","All establishment sizes",6,0,0,0,0,0,0,0
"45059",5,"44132",77,0,2007,4,"N","Laurens County, South Carolina","Private","Tire dealers","County, NAICS 5-digit -- by ownership sector","All establishment sizes",6,0,0,0,0,0,0,0
"45059",5,441320,78,0,2007,1,"N","Laurens County, South Carolina","Private","Tire dealers","County, NAICS 6-digit -- by ownership sector","All establishment sizes",6,0,0,0,0,0,0,0
"45059",5,"441320",78,0,2007,2,"N","Laurens County, South Carolina","Private","Tire dealers","County, NAICS 6-digit -- by ownership sector","All establishment sizes",6,0,0,0,0,0,0,0
"45059",5,"441320",78,0,2007,3,"N","Laurens County, South Carolina","Private","Tire dealers","County, NAICS 6-digit -- by ownership sector","All establishment sizes",6,0,0,0,0,0,0,0
"45059",5,"441320",78,0,2007,4,"N","Laurens County, South Carolina","Private","Tire dealers","County, NAICS 6-digit -- by ownership sector","All establishment sizes",6,0,0,0,0,0,0,0
"45059",5,442,75,0,2007,1,"","Laurens County, South Carolina","Private","Furniture and home furnishings stores","County, NAICS 3-digit -- by ownership sector","All establishment sizes",6,23,24,25,94383,82156,1287,303
"45059",5,"442",75,0,2007,2,"","Laurens County, South Carolina","Private","Furniture and home furnishings stores","County, NAICS 3-digit -- by ownership sector","All establishment sizes",6,21,21,21,100228,46604,736,367
"45059",5,"442",75,0,2007,3,"","Laurens County, South Carolina","Private","Furniture and home furnishings stores","County, NAICS 3-digit -- by ownership sector","All establishment sizes",5,21,22,22,93650,23046,353,332
"45059",5,"442",75,0,2007,4,"","Laurens County, South Carolina","Private","Furniture and home furnishings stores","County, NAICS 3-digit -- by ownership sector","All establishment sizes",5,22,19,18,89515,18482,300,350
"45059",5,4421,76,0,2007,1,"N","Laurens County, South Carolina","Private","Furniture stores","County, NAICS 4-digit -- by ownership sector","All establishment sizes",4,0,0,0,0,0,0,0
"45059",5,"4421",76,0,2007,2,"N","Laurens County, South Carolina","Private","Furniture stores","County, NAICS 4-digit -- by ownership sector","All establishment sizes",4,0,0,0,0,0,0,0
"45059",5,"4421",76,0,2007,3,"N","Laurens County, South Carolina","Private","Furniture stores","County, NAICS 4-digit -- by ownership sector","All establishment sizes",3,0,0,0,0,0,0,0
"45059",5,"4421",76,0,2007,4,"N","Laurens County, South Carolina","Private","Furniture stores","County, NAICS 4-digit -- by ownership sector","All establishment sizes",3,0,0,0,0,0,0,0
"45059",5,44211,77,0,2007,1,"N","Laurens County, South Carolina","Private","Furniture stores","County, NAICS 5-digit -- by ownership sector","All establishment sizes",4,0,0,0,0,0,0,0
"45059",5,"44211",77,0,2007,2,"N","Laurens County, South Carolina","Private","Furniture stores","County, NAICS 5-digit -- by ownership sector","All establishment sizes",4,0,0,0,0,0,0,0
"45059",5,"44211",77,0,2007,3,"N","Laurens County, South Carolina","Private","Furniture stores","County, NAICS 5-digit -- by ownership sector","All establishment sizes",3,0,0,0,0,0,0,0
"45059",5,"44211",77,0,2007,4,"N","Laurens County, South Carolina","Private","Furniture stores","County, NAICS 5-digit -- by ownership sector","All establishment sizes",3,0,0,0,0,0,0,0
"45059",5,442110,78,0,2007,1,"N","Laurens County, South Carolina","Private","Furniture stores","County, NAICS 6-digit -- by ownership sector","All establishment sizes",4,0,0,0,0,0,0,0
"45059",5,"442110",78,0,2007,2,"N","Laurens County, South Carolina","Private","Furniture stores","County, NAICS 6-digit -- by ownership sector","All establishment sizes",4,0,0,0,0,0,0,0
"45059",5,"442110",78,0,2007,3,"N","Laurens County, South Carolina","Private","Furniture stores","County, NAICS 6-digit -- by ownership sector","All establishment sizes",3,0,0,0,0,0,0,0
"45059",5,"442110",78,0,2007,4,"N","Laurens County, South Carolina","Private","Furniture stores","County, NAICS 6-digit -- by ownership sector","All establishment sizes",3,0,0,0,0,0,0,0
"45059",5,4422,76,0,2007,1,"N","Laurens County, South Carolina","Private","Home furnishings stores","County, NAICS 4-digit -- by ownership sector","All establishment sizes",2,0,0,0,0,0,0,0
"45059",5,"4422",76,0,2007,2,"N","Laurens County, South Carolina","Private","Home furnishings stores","County, NAICS 4-digit -- by ownership sector","All establishment sizes",2,0,0,0,0,0,0,0
"45059",5,"4422",76,0,2007,3,"N","Laurens County, South Carolina","Private","Home furnishings stores","County, NAICS 4-digit -- by ownership sector","All establishment sizes",2,0,0,0,0,0,0,0
"45059",5,"4422",76,0,2007,4,"N","Laurens County, South Carolina","Private","Home furnishings stores","County, NAICS 4-digit -- by ownership sector","All establishment sizes",2,0,0,0,0,0,0,0
"45059",5,44221,77,0,2007,1,"N","Laurens County, South Carolina","Private","Floor covering stores","County, NAICS 5-digit -- by ownership sector","All establishment sizes",2,0,0,0,0,0,0,0
"45059",5,"44221",77,0,2007,2,"N","Laurens County, South Carolina","Private","Floor covering stores","County, NAICS 5-digit -- by ownership sector","All establishment sizes",2,0,0,0,0,0,0,0
"45059",5,"44221",77,0,2007,3,"N","Laurens County, South Carolina","Private","Floor covering stores","County, NAICS 5-digit -- by ownership sector","All establishment sizes",2,0,0,0,0,0,0,0
"45059",5,"44221",77,0,2007,4,"N","Laurens County, South Carolina","Private","Floor covering stores","County, NAICS 5-digit -- by ownership sector","All establishment sizes",2,0,0,0,0,0,0,0
"45059",5,442210,78,0,2007,1,"N","Laurens County, South Carolina","Private","Floor covering stores","County, NAICS 6-digit -- by ownership sector","All establishment sizes",2,0,0,0,0,0,0,0
"45059",5,"442210",78,0,2007,2,"N","Laurens County, South Carolina","Private","Floor covering stores","County, NAICS 6-digit -- by ownership sector","All establishment sizes",2,0,0,0,0,0,0,0
"45059",5,"442210",78,0,2007,3,"N","Laurens County, South Carolina","Private","Floor covering stores","County, NAICS 6-digit -- by ownership sector","All establishment sizes",2,0,0,0,0,0,0,0
"45059",5,"442210",78,0,2007,4,"N","Laurens County, South Carolina","Private","Floor covering stores","County, NAICS 6-digit -- by ownership sector","All establishment sizes",2,0,0,0,0,0,0,0
"45059",5,443,75,0,2007,1,"N","Laurens County, South Carolina","Private","Electronics and appliance stores","County, NAICS 3-digit -- by ownership sector","All establishment sizes",2,0,0,0,0,0,0,0
"45059",5,"443",75,0,2007,2,"N","Laurens County, South Carolina","Private","Electronics and appliance stores","County, NAICS 3-digit -- by ownership sector","All establishment sizes",2,0,0,0,0,0,0,0
"45059",5,"443",75,0,2007,3,"N","Laurens County, South Carolina","Private","Electronics and appliance stores","County, NAICS 3-digit -- by ownership sector","All establishment sizes",2,0,0,0,0,0,0,0
"45059",5,"443",75,0,2007,4,"N","Laurens County, South Carolina","Private","Electronics and appliance stores","County, NAICS 3-digit -- by ownership sector","All establishment sizes",3,0,0,0,0,0,0,0
"45059",5,4431,76,0,2007,1,"N","Laurens County, South Carolina","Private","Electronics and appliance stores","County, NAICS 4-digit -- by ownership sector","All establishment sizes",2,0,0,0,0,0,0,0
"45059",5,"4431",76,0,2007,2,"N","Laurens County, South Carolina","Private","Electronics and appliance stores","County, NAICS 4-digit -- by ownership sector","All establishment sizes",2,0,0,0,0,0,0,0
"45059",5,"4431",76,0,2007,3,"N","Laurens County, South Carolina","Private","Electronics and appliance stores","County, NAICS 4-digit -- by ownership sector","All establishment sizes",2,0,0,0,0,0,0,0
"45059",5,"4431",76,0,2007,4,"N","Laurens County, South Carolina","Private","Electronics and appliance stores","County, NAICS 4-digit -- by ownership sector","All establishment sizes",3,0,0,0,0,0,0,0
"45059",5,44311,77,0,2007,1,"N","Laurens County, South Carolina","Private","Appliance, TV, and other electronics stores","County, NAICS 5-digit -- by ownership sector","All establishment sizes",1,0,0,0,0,0,0,0
"45059",5,"44311",77,0,2007,2,"N","Laurens County, South Carolina","Private","Appliance, TV, and other electronics stores","County, NAICS 5-digit -- by ownership sector","All establishment sizes",1,0,0,0,0,0,0,0
"45059",5,"44311",77,0,2007,3,"N","Laurens County, South Carolina","Private","Appliance, TV, and other electronics stores","County, NAICS 5-digit -- by ownership sector","All establishment sizes",1,0,0,0,0,0,0,0
"45059",5,"44311",77,0,2007,4,"N","Laurens County, South Carolina","Private","Appliance, TV, and other electronics stores","County, NAICS 5-digit -- by ownership sector","All establishment sizes",2,0,0,0,0,0,0,0
"45059",5,443112,78,0,2007,1,"N","Laurens County, South Carolina","Private","Radio, TV, and other electronics stores","County, NAICS 6-digit -- by ownership sector","All establishment sizes",1,0,0,0,0,0,0,0
"45059",5,"443112",78,0,2007,2,"N","Laurens County, South Carolina","Private","Radio, TV, and other electronics stores","County, NAICS 6-digit -- by ownership sector","All establishment sizes",1,0,0,0,0,0,0,0
"45059",5,"443112",78,0,2007,3,"N","Laurens County, South Carolina","Private","Radio, TV, and other electronics stores","County, NAICS 6-digit -- by ownership sector","All establishment sizes",1,0,0,0,0,0,0,0
"45059",5,"443112",78,0,2007,4,"N","Laurens County, South Carolina","Private","Radio, TV, and other electronics stores","County, NAICS 6-digit -- by ownership sector","All establishment sizes",2,0,0,0,0,0,0,0
"45059",5,44312,77,0,2007,1,"N","Laurens County, South Carolina","Private","Computer and software stores","County, NAICS 5-digit -- by ownership sector","All establishment sizes",1,0,0,0,0,0,0,0
"45059",5,"44312",77,0,2007,2,"N","Laurens County, South Carolina","Private","Computer and software stores","County, NAICS 5-digit -- by ownership sector","All establishment sizes",1,0,0,0,0,0,0,0
"45059",5,"44312",77,0,2007,3,"N","Laurens County, South Carolina","Private","Computer and software stores","County, NAICS 5-digit -- by ownership sector","All establishment sizes",1,0,0,0,0,0,0,0
"45059",5,"44312",77,0,2007,4,"N","Laurens County, South Carolina","Private","Computer and software stores","County, NAICS 5-digit -- by ownership sector","All establishment sizes",1,0,0,0,0,0,0,0
"45059",5,443120,78,0,2007,1,"N","Laurens County, South Carolina","Private","Computer and software stores","County, NAICS 6-digit -- by ownership sector","All establishment sizes",1,0,0,0,0,0,0,0
"45059",5,"443120",78,0,2007,2,"N","Laurens County, South Carolina","Private","Computer and software stores","County, NAICS 6-digit -- by ownership sector","All establishment sizes",1,0,0,0,0,0,0,0
"45059",5,"443120",78,0,2007,3,"N","Laurens County, South Carolina","Private","Computer and software stores","County, NAICS 6-digit -- by ownership sector","All establishment sizes",1,0,0,0,0,0,0,0
"45059",5,"443120",78,0,2007,4,"N","Laurens County, South Carolina","Private","Computer and software stores","County, NAICS 6-digit -- by ownership sector","All establishment sizes",1,0,0,0,0,0,0,0
"45059",5,444,75,0,2007,1,"","Laurens County, South Carolina","Private","Building material and garden supply stores","County, NAICS 3-digit -- by ownership sector","All establishment sizes",15,72,74,76,395488,352555,4915,411
"45059",5,"444",75,0,2007,2,"","Laurens County, South Carolina","Private","Building material and garden supply stores","County, NAICS 3-digit -- by ownership sector","All establishment sizes",15,73,78,77,378811,131618,1867,383
"45059",5,"444",75,0,2007,3,"","Laurens County, South Carolina","Private","Building material and garden supply stores","County, NAICS 3-digit -- by ownership sector","All establishment sizes",15,76,77,72,387953,75657,1098,398
"45059",5,"444",75,0,2007,4,"","Laurens County, South Carolina","Private","Building material and garden supply stores","County, NAICS 3-digit -- by ownership sector","All establishment sizes",16,77,77,76,409236,40380,639,411
"45059",5,4441,76,0,2007,1,"","Laurens County, South Carolina","Private","Building material and supplies dealers","County, NAICS 4-digit -- by ownership sector","All establishment sizes",10,50,51,51,285614,253793,3691,434
"45059",5,"4441",76,0,2007,2,"","Laurens County, South Carolina","Private","Building material and supplies dealers","County, NAICS 4-digit -- by ownership sector","All establishment sizes",10,49,51,50,254302,84991,1289,391
"45059",5,"4441",76,0,2007,3,"","Laurens County, South Carolina","Private","Building material and supplies dealers","County, NAICS 4-digit -- by ownership sector","All establishment sizes",10,49,50,47,261606,39885,654,413
"45059",5,"4441",76,0,2007,4,"","Laurens County, South Carolina","Private","Building material and supplies dealers","County, NAICS 4-digit -- by ownership sector","All establishment sizes",11,50,51,52,289688,30898,521,437
"45059",5,44411,77,0,2007,1,"N","Laurens County, South Carolina","Private","Home centers","County, NAICS 5-digit -- by ownership sector","All establishment sizes",1,0,0,0,0,0,0,0
"45059",5,"44411",77,0,2007,2,"N","Laurens County, South Carolina","Private","Home centers","County, NAICS 5-digit -- by ownership sector","All establishment sizes",1,0,0,0,0,0,0,0
"45059",5,"44411",77,0,2007,3,"N","Laurens County, South Carolina","Private","Home centers","County, NAICS 5-digit -- by ownership sector","All establishment sizes",1,0,0,0,0,0,0,0
"45059",5,"44411",77,0,2007,4,"N","Laurens County, South Carolina","Private","Home centers","County, NAICS 5-digit -- by ownership sector","All establishment sizes",1,0,0,0,0,0,0,0
"45059",5,444110,78,0,2007,1,"N","Laurens County, South Carolina","Private","Home centers","County, NAICS 6-digit -- by ownership sector","All establishment sizes",1,0,0,0,0,0,0,0
"45059",5,"444110",78,0,2007,2,"N","Laurens County, South Carolina","Private","Home centers","County, NAICS 6-digit -- by ownership sector","All establishment sizes",1,0,0,0,0,0,0,0
"45059",5,"444110",78,0,2007,3,"N","Laurens County, South Carolina","Private","Home centers","County, NAICS 6-digit -- by ownership sector","All establishment sizes",1,0,0,0,0,0,0,0
"45059",5,"444110",78,0,2007,4,"N","Laurens County, South Carolina","Private","Home centers","County, NAICS 6-digit -- by ownership sector","All establishment sizes",1,0,0,0,0,0,0,0
"45059",5,44412,77,0,2007,1,"N","Laurens County, South Carolina","Private","Paint and wallpaper stores","County, NAICS 5-digit -- by ownership sector","All establishment sizes",2,0,0,0,0,0,0,0
"45059",5,"44412",77,0,2007,2,"N","Laurens County, South Carolina","Private","Paint and wallpaper stores","County, NAICS 5-digit -- by ownership sector","All establishment sizes",2,0,0,0,0,0,0,0
"45059",5,"44412",77,0,2007,3,"N","Laurens County, South Carolina","Private","Paint and wallpaper stores","County, NAICS 5-digit -- by ownership sector","All establishment sizes",2,0,0,0,0,0,0,0
"45059",5,"44412",77,0,2007,4,"N","Laurens County, South Carolina","Private","Paint and wallpaper stores","County, NAICS 5-digit -- by ownership sector","All establishment sizes",2,0,0,0,0,0,0,0
"45059",5,444120,78,0,2007,1,"N","Laurens County, South Carolina","Private","Paint and wallpaper stores","County, NAICS 6-digit -- by ownership sector","All establishment sizes",2,0,0,0,0,0,0,0
"45059",5,"444120",78,0,2007,2,"N","Laurens County, South Carolina","Private","Paint and wallpaper stores","County, NAICS 6-digit -- by ownership sector","All establishment sizes",2,0,0,0,0,0,0,0
"45059",5,"444120",78,0,2007,3,"N","Laurens County, South Carolina","Private","Paint and wallpaper stores","County, NAICS 6-digit -- by ownership sector","All establishment sizes",2,0,0,0,0,0,0,0
"45059",5,"444120",78,0,2007,4,"N","Laurens County, South Carolina","Private","Paint and wallpaper stores","County, NAICS 6-digit -- by ownership sector","All establishment sizes",2,0,0,0,0,0,0,0
"45059",5,44413,77,0,2007,1,"","Laurens County, South Carolina","Private","Hardware stores","County, NAICS 5-digit -- by ownership sector","All establishment sizes",4,34,35,35,139639,111108,1459,310
"45059",5,"44413",77,0,2007,2,"","Laurens County, South Carolina","Private","Hardware stores","County, NAICS 5-digit -- by ownership sector","All establishment sizes",4,32,34,34,145561,59872,805,336
"45059",5,"44413",77,0,2007,3,"","Laurens County, South Carolina","Private","Hardware stores","County, NAICS 5-digit -- by ownership sector","All establishment sizes",4,35,36,33,147960,30055,443,328
"45059",5,"44413",77,0,2007,4,"","Laurens County, South Carolina","Private","Hardware stores","County, NAICS 5-digit -- by ownership sector","All establishment sizes",5,35,36,37,175171,25973,397,374
"45059",5,444130,78,0,2007,1,"","Laurens County, South Carolina","Private","Hardware stores","County, NAICS 6-digit -- by ownership sector","All establishment sizes",4,34,35,35,139639,111108,1459,310
"45059",5,"444130",78,0,2007,2,"","Laurens County, South Carolina","Private","Hardware stores","County, NAICS 6-digit -- by ownership sector","All establishment sizes",4,32,34,34,145561,59872,805,336
"45059",5,"444130",78,0,2007,3,"","Laurens County, South Carolina","Private","Hardware stores","County, NAICS 6-digit -- by ownership sector","All establishment sizes",4,35,36,33,147960,30055,443,328
"45059",5,"444130",78,0,2007,4,"","Laurens County, South Carolina","Private","Hardware stores","County, NAICS 6-digit -- by ownership sector","All establishment sizes",5,35,36,37,175171,25973,397,374
"45059",5,44419,77,0,2007,1,"","Laurens County, South Carolina","Private","Other building material dealers","County, NAICS 5-digit -- by ownership sector","All establishment sizes",3,4,4,4,22605,22605,512,435
"45059",5,"44419",77,0,2007,2,"","Laurens County, South Carolina","Private","Other building material dealers","County, NAICS 5-digit -- by ownership sector","All establishment sizes",3,5,5,4,18987,12479,238,313
"45059",5,"44419",77,0,2007,3,"","Laurens County, South Carolina","Private","Other building material dealers","County, NAICS 5-digit -- by ownership sector","All establishment sizes",3,4,4,4,15488,3916,111,298
"45059",5,"44419",77,0,2007,4,"","Laurens County, South Carolina","Private","Other building material dealers","County, NAICS 5-digit -- by ownership sector","All establishment sizes",3,4,4,4,16743,3000,100,322
"45059",5,444190,78,0,2007,1,"","Laurens County, South Carolina","Private","Other building material dealers","County, NAICS 6-digit -- by ownership sector","All establishment sizes",3,4,4,4,22605,22605,512,435
"45059",5,"444190",78,0,2007,2,"","Laurens County, South Carolina","Private","Other building material dealers","County, NAICS 6-digit -- by ownership sector","All establishment sizes",3,5,5,4,18987,12479,238,313
"45059",5,"444190",78,0,2007,3,"","Laurens County, South Carolina","Private","Other building material dealers","County, NAICS 6-digit -- by ownership sector","All establishment sizes",3,4,4,4,15488,3916,111,298
"45059",5,"444190",78,0,2007,4,"","Laurens County, South Carolina","Private","Other building material dealers","County, NAICS 6-digit -- by ownership sector","All establishment sizes",3,4,4,4,16743,3000,100,322
"45059",5,4442,76,0,2007,1,"","Laurens County, South Carolina","Private","Lawn and garden equipment and supplies stores","County, NAICS 4-digit -- by ownership sector","All establishment sizes",5,22,23,25,109874,98762,1224,362
"45059",5,"4442",76,0,2007,2,"","Laurens County, South Carolina","Private","Lawn and garden equipment and supplies stores","County, NAICS 4-digit -- by ownership sector","All establishment sizes",5,24,27,27,124509,46627,578,368
"45059",5,"4442",76,0,2007,3,"","Laurens County, South Carolina","Private","Lawn and garden equipment and supplies stores","County, NAICS 4-digit -- by ownership sector","All establishment sizes",5,27,27,25,126347,35772,444,369
"45059",5,"4442",76,0,2007,4,"","Laurens County, South Carolina","Private","Lawn and garden equipment and supplies stores","County, NAICS 4-digit -- by ownership sector","All establishment sizes",5,27,26,24,119548,9482,118,358
"45059",5,44421,77,0,2007,1,"N","Laurens County, South Carolina","Private","Outdoor power equipment stores","County, NAICS 5-digit -- by ownership sector","All establishment sizes",2,0,0,0,0,0,0,0
"45059",5,"44421",77,0,2007,2,"N","Laurens County, South Carolina","Private","Outdoor power equipment stores","County, NAICS 5-digit -- by ownership sector","All establishment sizes",2,0,0,0,0,0,0,0
"45059",5,"44421",77,0,2007,3,"N","Laurens County, South Carolina","Private","Outdoor power equipment stores","County, NAICS 5-digit -- by ownership sector","All establishment sizes",2,0,0,0,0,0,0,0
"45059",5,"44421",77,0,2007,4,"N","Laurens County, South Carolina","Private","Outdoor power equipment stores","County, NAICS 5-digit -- by ownership sector","All establishment sizes",2,0,0,0,0,0,0,0
"45059",5,444210,78,0,2007,1,"N","Laurens County, South Carolina","Private","Outdoor power equipment stores","County, NAICS 6-digit -- by ownership sector","All establishment sizes",2,0,0,0,0,0,0,0
"45059",5,"444210",78,0,2007,2,"N","Laurens County, South Carolina","Private","Outdoor power equipment stores","County, NAICS 6-digit -- by ownership sector","All establishment sizes",2,0,0,0,0,0,0,0
"45059",5,"444210",78,0,2007,3,"N","Laurens County, South Carolina","Private","Outdoor power equipment stores","County, NAICS 6-digit -- by ownership sector","All establishment sizes",2,0,0,0,0,0,0,0
"45059",5,"444210",78,0,2007,4,"N","Laurens County, South Carolina","Private","Outdoor power equipment stores","County, NAICS 6-digit -- by ownership sector","All establishment sizes",2,0,0,0,0,0,0,0
"45059",5,44422,77,0,2007,1,"N","Laurens County, South Carolina","Private","Nursery, garden, and farm supply stores","County, NAICS 5-digit -- by ownership sector","All establishment sizes",3,0,0,0,0,0,0,0
"45059",5,"44422",77,0,2007,2,"N","Laurens County, South Carolina","Private","Nursery, garden, and farm supply stores","County, NAICS 5-digit -- by ownership sector","All establishment sizes",3,0,0,0,0,0,0,0
"45059",5,"44422",77,0,2007,3,"N","Laurens County, South Carolina","Private","Nursery, garden, and farm supply stores","County, NAICS 5-digit -- by ownership sector","All establishment sizes",3,0,0,0,0,0,0,0
"45059",5,"44422",77,0,2007,4,"N","Laurens County, South Carolina","Private","Nursery, garden, and farm supply stores","County, NAICS 5-digit -- by ownership sector","All establishment sizes",3,0,0,0,0,0,0,0
"45059",5,444220,78,0,2007,1,"N","Laurens County, South Carolina","Private","Nursery, garden, and farm supply stores","County, NAICS 6-digit -- by ownership sector","All establishment sizes",3,0,0,0,0,0,0,0
"45059",5,"444220",78,0,2007,2,"N","Laurens County, South Carolina","Private","Nursery, garden, and farm supply stores","County, NAICS 6-digit -- by ownership sector","All establishment sizes",3,0,0,0,0,0,0,0
"45059",5,"444220",78,0,2007,3,"N","Laurens County, South Carolina","Private","Nursery, garden, and farm supply stores","County, NAICS 6-digit -- by ownership sector","All establishment sizes",3,0,0,0,0,0,0,0
"45059",5,"444220",78,0,2007,4,"N","Laurens County, South Carolina","Private","Nursery, garden, and farm supply stores","County, NAICS 6-digit -- by ownership sector","All establishment sizes",3,0,0,0,0,0,0,0
"45059",5,445,75,0,2007,1,"","Laurens County, South Carolina","Private","Food and beverage stores","County, NAICS 3-digit -- by ownership sector","All establishment sizes",27,393,394,386,1557103,1294211,17585,306
"45059",5,"445",75,0,2007,2,"","Laurens County, South Carolina","Private","Food and beverage stores","County, NAICS 3-digit -- by ownership sector","All establishment sizes",26,378,382,385,1564228,677263,9374,315
"45059",5,"445",75,0,2007,3,"","Laurens County, South Carolina","Private","Food and beverage stores","County, NAICS 3-digit -- by ownership sector","All establishment sizes",28,377,379,384,1587353,392715,5134,321
"45059",5,"445",75,0,2007,4,"","Laurens County, South Carolina","Private","Food and beverage stores","County, NAICS 3-digit -- by ownership sector","All establishment sizes",27,372,386,376,1577742,333650,4589,321
"45059",5,4451,76,0,2007,1,"","Laurens County, South Carolina","Private","Grocery stores","County, NAICS 4-digit -- by ownership sector","All establishment sizes",21,386,387,376,1522305,1260813,16912,306
"45059",5,"4451",76,0,2007,2,"","Laurens County, South Carolina","Private","Grocery stores","County, NAICS 4-digit -- by ownership sector","All establishment sizes",21,371,375,378,1531473,658682,9015,314
"45059",5,"4451",76,0,2007,3,"","Laurens County, South Carolina","Private","Grocery stores","County, NAICS 4-digit -- by ownership sector","All establishment sizes",23,369,371,375,1553198,387619,5071,321
"45059",5,"4451",76,0,2007,4,"","Laurens County, South Carolina","Private","Grocery stores","County, NAICS 4-digit -- by ownership sector","All establishment sizes",22,365,379,369,1542007,331434,4562,320
"45059",5,44511,77,0,2007,1,"","Laurens County, South Carolina","Private","Supermarkets and other grocery stores","County, NAICS 5-digit -- by ownership sector","All establishment sizes",9,346,349,339,1392068,1130576,14483,311
"45059",5,"44511",77,0,2007,2,"","Laurens County, South Carolina","Private","Supermarkets and other grocery stores","County, NAICS 5-digit -- by ownership sector","All establishment sizes",9,333,335,338,1402497,566805,7215,322
"45059",5,"44511",77,0,2007,3,"","Laurens County, South Carolina","Private","Supermarkets and other grocery stores","County, NAICS 5-digit -- by ownership sector","All establishment sizes",9,334,333,337,1439227,351812,4442,331
"45059",5,"44511",77,0,2007,4,"","Laurens County, South Carolina","Private","Supermarkets and other grocery stores","County, NAICS 5-digit -- by ownership sector","All establishment sizes",10,331,343,333,1434280,305708,4040,329
"45059",5,445110,78,0,2007,1,"","Laurens County, South Carolina","Private","Supermarkets and other grocery stores","County, NAICS 6-digit -- by ownership sector","All establishment sizes",9,346,349,339,1392068,1130576,14483,311
"45059",5,"445110",78,0,2007,2,"","Laurens County, South Carolina","Private","Supermarkets and other grocery stores","County, NAICS 6-digit -- by ownership sector","All establishment sizes",9,333,335,338,1402497,566805,7215,322
"45059",5,"445110",78,0,2007,3,"","Laurens County, South Carolina","Private","Supermarkets and other grocery stores","County, NAICS 6-digit -- by ownership sector","All establishment sizes",9,334,333,337,1439227,351812,4442,331
"45059",5,"445110",78,0,2007,4,"","Laurens County, South Carolina","Private","Supermarkets and other grocery stores","County, NAICS 6-digit -- by ownership sector","All establishment sizes",10,331,343,333,1434280,305708,4040,329
"45059",5,44512,77,0,2007,1,"","Laurens County, South Carolina","Private","Convenience stores","County, NAICS 5-digit -- by ownership sector","All establishment sizes",12,40,38,37,130237,130237,2429,261
"45059",5,"44512",77,0,2007,2,"","Laurens County, South Carolina","Private","Convenience stores","County, NAICS 5-digit -- by ownership sector","All establishment sizes",12,38,40,40,128976,91877,1800,252
"45059",5,"44512",77,0,2007,3,"","Laurens County, South Carolina","Private","Convenience stores","County, NAICS 5-digit -- by ownership sector","All establishment sizes",14,35,38,38,113971,35807,629,237
"45059",5,"44512",77,0,2007,4,"","Laurens County, South Carolina","Private","Convenience stores","County, NAICS 5-digit -- by ownership sector","All establishment sizes",12,34,36,36,107727,25726,522,235
"45059",5,445120,78,0,2007,1,"","Laurens County, South Carolina","Private","Convenience stores","County, NAICS 6-digit -- by ownership sector","All establishment sizes",12,40,38,37,130237,130237,2429,261
"45059",5,"445120",78,0,2007,2,"","Laurens County, South Carolina","Private","Convenience stores","County, NAICS 6-digit -- by ownership sector","All establishment sizes",12,38,40,40,128976,91877,1800,252
"45059",5,"445120",78,0,2007,3,"","Laurens County, South Carolina","Private","Convenience stores","County, NAICS 6-digit -- by ownership sector","All establishment sizes",14,35,38,38,113971,35807,629,237
"45059",5,"445120",78,0,2007,4,"","Laurens County, South Carolina","Private","Convenience stores","County, NAICS 6-digit -- by ownership sector","All establishment sizes",12,34,36,36,107727,25726,522,235
"45059",5,4452,76,0,2007,1,"N","Laurens County, South Carolina","Private","Specialty food stores","County, NAICS 4-digit -- by ownership sector","All establishment sizes",2,0,0,0,0,0,0,0
"45059",5,"4452",76,0,2007,2,"N","Laurens County, South Carolina","Private","Specialty food stores","County, NAICS 4-digit -- by ownership sector","All establishment sizes",1,0,0,0,0,0,0,0
"45059",5,"4452",76,0,2007,3,"N","Laurens County, South Carolina","Private","Specialty food stores","County, NAICS 4-digit -- by ownership sector","All establishment sizes",1,0,0,0,0,0,0,0
"45059",5,"4452",76,0,2007,4,"N","Laurens County, South Carolina","Private","Specialty food stores","County, NAICS 4-digit -- by ownership sector","All establishment sizes",1,0,0,0,0,0,0,0
"45059",5,44521,77,0,2007,1,"N","Laurens County, South Carolina","Private","Meat markets","County, NAICS 5-digit -- by ownership sector","All establishment sizes",2,0,0,0,0,0,0,0
"45059",5,"44521",77,0,2007,2,"N","Laurens County, South Carolina","Private","Meat markets","County, NAICS 5-digit -- by ownership sector","All establishment sizes",1,0,0,0,0,0,0,0
"45059",5,"44521",77,0,2007,3,"N","Laurens County, South Carolina","Private","Meat markets","County, NAICS 5-digit -- by ownership sector","All establishment sizes",1,0,0,0,0,0,0,0
"45059",5,"44521",77,0,2007,4,"N","Laurens County, South Carolina","Private","Meat markets","County, NAICS 5-digit -- by ownership sector","All establishment sizes",1,0,0,0,0,0,0,0
"45059",5,445210,78,0,2007,1,"N","Laurens County, South Carolina","Private","Meat markets","County, NAICS 6-digit -- by ownership sector","All establishment sizes",2,0,0,0,0,0,0,0
"45059",5,"445210",78,0,2007,2,"N","Laurens County, South Carolina","Private","Meat markets","County, NAICS 6-digit -- by ownership sector","All establishment sizes",1,0,0,0,0,0,0,0
"45059",5,"445210",78,0,2007,3,"N","Laurens County, South Carolina","Private","Meat markets","County, NAICS 6-digit -- by ownership sector","All establishment sizes",1,0,0,0,0,0,0,0
"45059",5,"445210",78,0,2007,4,"N","Laurens County, South Carolina","Private","Meat markets","County, NAICS 6-digit -- by ownership sector","All establishment sizes",1,0,0,0,0,0,0,0
"45059",5,4453,76,0,2007,1,"N","Laurens County, South Carolina","Private","Beer, wine, and liquor stores","County, NAICS 4-digit -- by ownership sector","All establishment sizes",4,0,0,0,0,0,0,0
"45059",5,"4453",76,0,2007,2,"N","Laurens County, South Carolina","Private","Beer, wine, and liquor stores","County, NAICS 4-digit -- by ownership sector","All establishment sizes",4,0,0,0,0,0,0,0
"45059",5,"4453",76,0,2007,3,"N","Laurens County, South Carolina","Private","Beer, wine, and liquor stores","County, NAICS 4-digit -- by ownership sector","All establishment sizes",4,0,0,0,0,0,0,0
"45059",5,"4453",76,0,2007,4,"N","Laurens County, South Carolina","Private","Beer, wine, and liquor stores","County, NAICS 4-digit -- by ownership sector","All establishment sizes",4,0,0,0,0,0,0,0
"45059",5,44531,77,0,2007,1,"N","Laurens County, South Carolina","Private","Beer, wine, and liquor stores","County, NAICS 5-digit -- by ownership sector","All establishment sizes",4,0,0,0,0,0,0,0
"45059",5,"44531",77,0,2007,2,"N","Laurens County, South Carolina","Private","Beer, wine, and liquor stores","County, NAICS 5-digit -- by ownership sector","All establishment sizes",4,0,0,0,0,0,0,0
"45059",5,"44531",77,0,2007,3,"N","Laurens County, South Carolina","Private","Beer, wine, and liquor stores","County, NAICS 5-digit -- by ownership sector","All establishment sizes",4,0,0,0,0,0,0,0
"45059",5,"44531",77,0,2007,4,"N","Laurens County, South Carolina","Private","Beer, wine, and liquor stores","County, NAICS 5-digit -- by ownership sector","All establishment sizes",4,0,0,0,0,0,0,0
"45059",5,445310,78,0,2007,1,"N","Laurens County, South Carolina","Private","Beer, wine, and liquor stores","County, NAICS 6-digit -- by ownership sector","All establishment sizes",4,0,0,0,0,0,0,0
"45059",5,"445310",78,0,2007,2,"N","Laurens County, South Carolina","Private","Beer, wine, and liquor stores","County, NAICS 6-digit -- by ownership sector","All establishment sizes",4,0,0,0,0,0,0,0
"45059",5,"445310",78,0,2007,3,"N","Laurens County, South Carolina","Private","Beer, wine, and liquor stores","County, NAICS 6-digit -- by ownership sector","All establishment sizes",4,0,0,0,0,0,0,0
"45059",5,"445310",78,0,2007,4,"N","Laurens County, South Carolina","Private","Beer, wine, and liquor stores","County, NAICS 6-digit -- by ownership sector","All establishment sizes",4,0,0,0,0,0,0,0
"45059",5,446,75,0,2007,1,"","Laurens County, South Carolina","Private","Health and personal care stores","County, NAICS 3-digit -- by ownership sector","All establishment sizes",14,110,113,115,724086,449004,6191,494
"45059",5,"446",75,0,2007,2,"","Laurens County, South Carolina","Private","Health and personal care stores","County, NAICS 3-digit -- by ownership sector","All establishment sizes",14,115,113,115,721498,196809,2623,485
"45059",5,"446",75,0,2007,3,"","Laurens County, South Carolina","Private","Health and personal care stores","County, NAICS 3-digit -- by ownership sector","All establishment sizes",14,112,114,113,758331,79987,1115,516
"45059",5,"446",75,0,2007,4,"","Laurens County, South Carolina","Private","Health and personal care stores","County, NAICS 3-digit -- by ownership sector","All establishment sizes",14,112,112,117,916970,44350,607,621
"45059",5,4461,76,0,2007,1,"","Laurens County, South Carolina","Private","Health and personal care stores","County, NAICS 4-digit -- by ownership sector","All establishment sizes",14,110,113,115,724086,449004,6191,494
"45059",5,"4461",76,0,2007,2,"","Laurens County, South Carolina","Private","Health and personal care stores","County, NAICS 4-digit -- by ownership sector","All establishment sizes",14,115,113,115,721498,196809,2623,485
"45059",5,"4461",76,0,2007,3,"","Laurens County, South Carolina","Private","Health and personal care stores","County, NAICS 4-digit -- by ownership sector","All establishment sizes",14,112,114,113,758331,79987,1115,516
"45059",5,"4461",76,0,2007,4,"","Laurens County, South Carolina","Private","Health and personal care stores","County, NAICS 4-digit -- by ownership sector","All establishment sizes",14,112,112,117,916970,44350,607,621
"45059",5,44611,77,0,2007,1,"","Laurens County, South Carolina","Private","Pharmacies and drug stores","County, NAICS 5-digit -- by ownership sector","All establishment sizes",12,101,103,104,673531,411357,5100,505
"45059",5,"44611",77,0,2007,2,"","Laurens County, South Carolina","Private","Pharmacies and drug stores","County, NAICS 5-digit -- by ownership sector","All establishment sizes",12,105,103,105,670958,183411,2275,495
"45059",5,"44611",77,0,2007,3,"","Laurens County, South Carolina","Private","Pharmacies and drug stores","County, NAICS 5-digit -- by ownership sector","All establishment sizes",12,102,104,102,696238,70005,868,522
"45059",5,"44611",77,0,2007,4,"","Laurens County, South Carolina","Private","Pharmacies and drug stores","County, NAICS 5-digit -- by ownership sector","All establishment sizes",12,102,102,106,853601,38204,474,635
"45059",5,446110,78,0,2007,1,"","Laurens County, South Carolina","Private","Pharmacies and drug stores","County, NAICS 6-digit -- by ownership sector","All establishment sizes",12,101,103,104,673531,411357,5100,505
"45059",5,"446110",78,0,2007,2,"","Laurens County, South Carolina","Private","Pharmacies and drug stores","County, NAICS 6-digit -- by ownership sector","All establishment sizes",12,105,103,105,670958,183411,2275,495
"45059",5,"446110",78,0,2007,3,"","Laurens County, South Carolina","Private","Pharmacies and drug stores","County, NAICS 6-digit -- by ownership sector","All establishment sizes",12,102,104,102,696238,70005,868,522
"45059",5,"446110",78,0,2007,4,"","Laurens County, South Carolina","Private","Pharmacies and drug stores","County, NAICS 6-digit -- by ownership sector","All establishment sizes",12,102,102,106,853601,38204,474,635
"45059",5,44612,77,0,2007,1,"N","Laurens County, South Carolina","Private","Cosmetic and beauty supply stores","County, NAICS 5-digit -- by ownership sector","All establishment sizes",1,0,0,0,0,0,0,0
"45059",5,"44612",77,0,2007,2,"N","Laurens County, South Carolina","Private","Cosmetic and beauty supply stores","County, NAICS 5-digit -- by ownership sector","All establishment sizes",1,0,0,0,0,0,0,0
"45059",5,"44612",77,0,2007,3,"N","Laurens County, South Carolina","Private","Cosmetic and beauty supply stores","County, NAICS 5-digit -- by ownership sector","All establishment sizes",1,0,0,0,0,0,0,0
"45059",5,"44612",77,0,2007,4,"N","Laurens County, South Carolina","Private","Cosmetic and beauty supply stores","County, NAICS 5-digit -- by ownership sector","All establishment sizes",1,0,0,0,0,0,0,0
"45059",5,446120,78,0,2007,1,"N","Laurens County, South Carolina","Private","Cosmetic and beauty supply stores","County, NAICS 6-digit -- by ownership sector","All establishment sizes",1,0,0,0,0,0,0,0
"45059",5,"446120",78,0,2007,2,"N","Laurens County, South Carolina","Private","Cosmetic and beauty supply stores","County, NAICS 6-digit -- by ownership sector","All establishment sizes",1,0,0,0,0,0,0,0
"45059",5,"446120",78,0,2007,3,"N","Laurens County, South Carolina","Private","Cosmetic and beauty supply stores","County, NAICS 6-digit -- by ownership sector","All establishment sizes",1,0,0,0,0,0,0,0
"45059",5,"446120",78,0,2007,4,"N","Laurens County, South Carolina","Private","Cosmetic and beauty supply stores","County, NAICS 6-digit -- by ownership sector","All establishment sizes",1,0,0,0,0,0,0,0
"45059",5,44619,77,0,2007,1,"N","Laurens County, South Carolina","Private","Other health and personal care stores","County, NAICS 5-digit -- by ownership sector","All establishment sizes",1,0,0,0,0,0,0,0
"45059",5,"44619",77,0,2007,2,"N","Laurens County, South Carolina","Private","Other health and personal care stores","County, NAICS 5-digit -- by ownership sector","All establishment sizes",1,0,0,0,0,0,0,0
"45059",5,"44619",77,0,2007,3,"N","Laurens County, South Carolina","Private","Other health and personal care stores","County, NAICS 5-digit -- by ownership sector","All establishment sizes",1,0,0,0,0,0,0,0
"45059",5,"44619",77,0,2007,4,"N","Laurens County, South Carolina","Private","Other health and personal care stores","County, NAICS 5-digit -- by ownership sector","All establishment sizes",1,0,0,0,0,0,0,0
"45059",5,446191,78,0,2007,1,"N","Laurens County, South Carolina","Private","Food, health, supplement stores","County, NAICS 6-digit -- by ownership sector","All establishment sizes",1,0,0,0,0,0,0,0
"45059",5,"446191",78,0,2007,2,"N","Laurens County, South Carolina","Private","Food, health, supplement stores","County, NAICS 6-digit -- by ownership sector","All establishment sizes",1,0,0,0,0,0,0,0
"45059",5,"446191",78,0,2007,3,"N","Laurens County, South Carolina","Private","Food, health, supplement stores","County, NAICS 6-digit -- by ownership sector","All establishment sizes",1,0,0,0,0,0,0,0
"45059",5,"446191",78,0,2007,4,"N","Laurens County, South Carolina","Private","Food, health, supplement stores","County, NAICS 6-digit -- by ownership sector","All establishment sizes",1,0,0,0,0,0,0,0
"45059",5,447,75,0,2007,1,"","Laurens County, South Carolina","Private","Gasoline stations","County, NAICS 3-digit -- by ownership sector","All establishment sizes",34,153,159,171,531845,496363,9369,254
"45059",5,"447",75,0,2007,2,"","Laurens County, South Carolina","Private","Gasoline stations","County, NAICS 3-digit -- by ownership sector","All establishment sizes",35,168,173,163,550988,363563,7012,252
"45059",5,"447",75,0,2007,3,"","Laurens County, South Carolina","Private","Gasoline stations","County, NAICS 3-digit -- by ownership sector","All establishment sizes",35,158,162,151,558202,245900,4702,273
"45059",5,"447",75,0,2007,4,"","Laurens County, South Carolina","Private","Gasoline stations","County, NAICS 3-digit -- by ownership sector","All establishment sizes",33,157,154,154,565594,192592,3756,281
"45059",5,4471,76,0,2007,1,"","Laurens County, South Carolina","Private","Gasoline stations","County, NAICS 4-digit -- by ownership sector","All establishment sizes",34,153,159,171,531845,496363,9369,254
"45059",5,"4471",76,0,2007,2,"","Laurens County, South Carolina","Private","Gasoline stations","County, NAICS 4-digit -- by ownership sector","All establishment sizes",35,168,173,163,550988,363563,7012,252
"45059",5,"4471",76,0,2007,3,"","Laurens County, South Carolina","Private","Gasoline stations","County, NAICS 4-digit -- by ownership sector","All establishment sizes",35,158,162,151,558202,245900,4702,273
"45059",5,"4471",76,0,2007,4,"","Laurens County, South Carolina","Private","Gasoline stations","County, NAICS 4-digit -- by ownership sector","All establishment sizes",33,157,154,154,565594,192592,3756,281
"45059",5,44711,77,0,2007,1,"N","Laurens County, South Carolina","Private","Gasoline stations with convenience stores","County, NAICS 5-digit -- by ownership sector","All establishment sizes",33,0,0,0,0,0,0,0
"45059",5,"44711",77,0,2007,2,"N","Laurens County, South Carolina","Private","Gasoline stations with convenience stores","County, NAICS 5-digit -- by ownership sector","All establishment sizes",34,0,0,0,0,0,0,0
"45059",5,"44711",77,0,2007,3,"N","Laurens County, South Carolina","Private","Gasoline stations with convenience stores","County, NAICS 5-digit -- by ownership sector","All establishment sizes",34,0,0,0,0,0,0,0
"45059",5,"44711",77,0,2007,4,"N","Laurens County, South Carolina","Private","Gasoline stations with convenience stores","County, NAICS 5-digit -- by ownership sector","All establishment sizes",32,0,0,0,0,0,0,0
"45059",5,447110,78,0,2007,1,"N","Laurens County, South Carolina","Private","Gasoline stations with convenience stores","County, NAICS 6-digit -- by ownership sector","All establishment sizes",33,0,0,0,0,0,0,0
"45059",5,"447110",78,0,2007,2,"N","Laurens County, South Carolina","Private","Gasoline stations with convenience stores","County, NAICS 6-digit -- by ownership sector","All establishment sizes",34,0,0,0,0,0,0,0
"45059",5,"447110",78,0,2007,3,"N","Laurens County, South Carolina","Private","Gasoline stations with convenience stores","County, NAICS 6-digit -- by ownership sector","All establishment sizes",34,0,0,0,0,0,0,0
"45059",5,"447110",78,0,2007,4,"N","Laurens County, South Carolina","Private","Gasoline stations with convenience stores","County, NAICS 6-digit -- by ownership sector","All establishment sizes",32,0,0,0,0,0,0,0
"45059",5,44719,77,0,2007,1,"N","Laurens County, South Carolina","Private","Other gasoline stations","County, NAICS 5-digit -- by ownership sector","All establishment sizes",1,0,0,0,0,0,0,0
"45059",5,"44719",77,0,2007,2,"N","Laurens County, South Carolina","Private","Other gasoline stations","County, NAICS 5-digit -- by ownership sector","All establishment sizes",1,0,0,0,0,0,0,0
"45059",5,"44719",77,0,2007,3,"N","Laurens County, South Carolina","Private","Other gasoline stations","County, NAICS 5-digit -- by ownership sector","All establishment sizes",1,0,0,0,0,0,0,0
"45059",5,"44719",77,0,2007,4,"N","Laurens County, South Carolina","Private","Other gasoline stations","County, NAICS 5-digit -- by ownership sector","All establishment sizes",1,0,0,0,0,0,0,0
"45059",5,447190,78,0,2007,1,"N","Laurens County, South Carolina","Private","Other gasoline stations","County, NAICS 6-digit -- by ownership sector","All establishment sizes",1,0,0,0,0,0,0,0
"45059",5,"447190",78,0,2007,2,"N","Laurens County, South Carolina","Private","Other gasoline stations","County, NAICS 6-digit -- by ownership sector","All establishment sizes",1,0,0,0,0,0,0,0
"45059",5,"447190",78,0,2007,3,"N","Laurens County, South Carolina","Private","Other gasoline stations","County, NAICS 6-digit -- by ownership sector","All establishment sizes",1,0,0,0,0,0,0,0
"45059",5,"447190",78,0,2007,4,"N","Laurens County, South Carolina","Private","Other gasoline stations","County, NAICS 6-digit -- by ownership sector","All establishment sizes",1,0,0,0,0,0,0,0
"45059",5,448,75,0,2007,1,"","Laurens County, South Carolina","Private","Clothing and clothing accessories stores","County, NAICS 3-digit -- by ownership sector","All establishment sizes",12,48,49,48,167433,157936,2028,266
"45059",5,"448",75,0,2007,2,"","Laurens County, South Carolina","Private","Clothing and clothing accessories stores","County, NAICS 3-digit -- by ownership sector","All establishment sizes",13,51,50,50,173888,86461,1165,266
"45059",5,"448",75,0,2007,3,"","Laurens County, South Carolina","Private","Clothing and clothing accessories stores","County, NAICS 3-digit -- by ownership sector","All establishment sizes",13,53,52,53,183115,60125,803,267
"45059",5,"448",75,0,2007,4,"","Laurens County, South Carolina","Private","Clothing and clothing accessories stores","County, NAICS 3-digit -- by ownership sector","All establishment sizes",15,55,59,60,196122,52179,777,260
"45059",5,4481,76,0,2007,1,"","Laurens County, South Carolina","Private","Clothing stores","County, NAICS 4-digit -- by ownership sector","All establishment sizes",7,26,27,26,103714,96340,1264,303
"45059",5,"4481",76,0,2007,2,"","Laurens County, South Carolina","Private","Clothing stores","County, NAICS 4-digit -- by ownership sector","All establishment sizes",7,28,27,27,92155,46074,665,259
"45059",5,"4481",76,0,2007,3,"","Laurens County, South Carolina","Private","Clothing stores","County, NAICS 4-digit -- by ownership sector","All establishment sizes",7,29,28,29,104152,38650,538,279
"45059",5,"4481",76,0,2007,4,"","Laurens County, South Carolina","Private","Clothing stores","County, NAICS 4-digit -- by ownership sector","All establishment sizes",9,32,34,35,107287,34500,557,245
"45059",5,44811,77,0,2007,1,"N","Laurens County, South Carolina","Private","Men's clothing stores","County, NAICS 5-digit -- by ownership sector","All establishment sizes",1,0,0,0,0,0,0,0
"45059",5,"44811",77,0,2007,2,"N","Laurens County, South Carolina","Private","Men's clothing stores","County, NAICS 5-digit -- by ownership sector","All establishment sizes",1,0,0,0,0,0,0,0
"45059",5,"44811",77,0,2007,3,"N","Laurens County, South Carolina","Private","Men's clothing stores","County, NAICS 5-digit -- by ownership sector","All establishment sizes",1,0,0,0,0,0,0,0
"45059",5,"44811",77,0,2007,4,"N","Laurens County, South Carolina","Private","Men's clothing stores","County, NAICS 5-digit -- by ownership sector","All establishment sizes",1,0,0,0,0,0,0,0
"45059",5,448110,78,0,2007,1,"N","Laurens County, South Carolina","Private","Men's clothing stores","County, NAICS 6-digit -- by ownership sector","All establishment sizes",1,0,0,0,0,0,0,0
"45059",5,"448110",78,0,2007,2,"N","Laurens County, South Carolina","Private","Men's clothing stores","County, NAICS 6-digit -- by ownership sector","All establishment sizes",1,0,0,0,0,0,0,0
"45059",5,"448110",78,0,2007,3,"N","Laurens County, South Carolina","Private","Men's clothing stores","County, NAICS 6-digit -- by ownership sector","All establishment sizes",1,0,0,0,0,0,0,0
"45059",5,"448110",78,0,2007,4,"N","Laurens County, South Carolina","Private","Men's clothing stores","County, NAICS 6-digit -- by ownership sector","All establishment sizes",1,0,0,0,0,0,0,0
"45059",5,44812,77,0,2007,1,"N","Laurens County, South Carolina","Private","Women's clothing stores","County, NAICS 5-digit -- by ownership sector","All establishment sizes",3,0,0,0,0,0,0,0
"45059",5,"44812",77,0,2007,2,"N","Laurens County, South Carolina","Private","Women's clothing stores","County, NAICS 5-digit -- by ownership sector","All establishment sizes",3,0,0,0,0,0,0,0
"45059",5,"44812",77,0,2007,3,"N","Laurens County, South Carolina","Private","Women's clothing stores","County, NAICS 5-digit -- by ownership sector","All establishment sizes",3,0,0,0,0,0,0,0
"45059",5,"44812",77,0,2007,4,"N","Laurens County, South Carolina","Private","Women's clothing stores","County, NAICS 5-digit -- by ownership sector","All establishment sizes",3,0,0,0,0,0,0,0
"45059",5,448120,78,0,2007,1,"N","Laurens County, South Carolina","Private","Women's clothing stores","County, NAICS 6-digit -- by ownership sector","All establishment sizes",3,0,0,0,0,0,0,0
"45059",5,"448120",78,0,2007,2,"N","Laurens County, South Carolina","Private","Women's clothing stores","County, NAICS 6-digit -- by ownership sector","All establishment sizes",3,0,0,0,0,0,0,0
"45059",5,"448120",78,0,2007,3,"N","Laurens County, South Carolina","Private","Women's clothing stores","County, NAICS 6-digit -- by ownership sector","All establishment sizes",3,0,0,0,0,0,0,0
"45059",5,"448120",78,0,2007,4,"N","Laurens County, South Carolina","Private","Women's clothing stores","County, NAICS 6-digit -- by ownership sector","All establishment sizes",3,0,0,0,0,0,0,0
"45059",5,44813,77,0,2007,1,"N","Laurens County, South Carolina","Private","Children's and infants' clothing stores","County, NAICS 5-digit -- by ownership sector","All establishment sizes",1,0,0,0,0,0,0,0
"45059",5,"44813",77,0,2007,2,"N","Laurens County, South Carolina","Private","Children's and infants' clothing stores","County, NAICS 5-digit -- by ownership sector","All establishment sizes",1,0,0,0,0,0,0,0
"45059",5,"44813",77,0,2007,3,"N","Laurens County, South Carolina","Private","Children's and infants' clothing stores","County, NAICS 5-digit -- by ownership sector","All establishment sizes",1,0,0,0,0,0,0,0
"45059",5,"44813",77,0,2007,4,"N","Laurens County, South Carolina","Private","Children's and infants' clothing stores","County, NAICS 5-digit -- by ownership sector","All establishment sizes",1,0,0,0,0,0,0,0
"45059",5,448130,78,0,2007,1,"N","Laurens County, South Carolina","Private","Children's and infants' clothing stores","County, NAICS 6-digit -- by ownership sector","All establishment sizes",1,0,0,0,0,0,0,0
"45059",5,"448130",78,0,2007,2,"N","Laurens County, South Carolina","Private","Children's and infants' clothing stores","County, NAICS 6-digit -- by ownership sector","All establishment sizes",1,0,0,0,0,0,0,0
"45059",5,"448130",78,0,2007,3,"N","Laurens County, South Carolina","Private","Children's and infants' clothing stores","County, NAICS 6-digit -- by ownership sector","All establishment sizes",1,0,0,0,0,0,0,0
"45059",5,"448130",78,0,2007,4,"N","Laurens County, South Carolina","Private","Children's and infants' clothing stores","County, NAICS 6-digit -- by ownership sector","All establishment sizes",1,0,0,0,0,0,0,0
"45059",5,44814,77,0,2007,1,"N","Laurens County, South Carolina","Private","Family clothing stores","County, NAICS 5-digit -- by ownership sector","All establishment sizes",2,0,0,0,0,0,0,0
"45059",5,"44814",77,0,2007,2,"N","Laurens County, South Carolina","Private","Family clothing stores","County, NAICS 5-digit -- by ownership sector","All establishment sizes",2,0,0,0,0,0,0,0
"45059",5,"44814",77,0,2007,3,"N","Laurens County, South Carolina","Private","Family clothing stores","County, NAICS 5-digit -- by ownership sector","All establishment sizes",2,0,0,0,0,0,0,0
"45059",5,"44814",77,0,2007,4,"N","Laurens County, South Carolina","Private","Family clothing stores","County, NAICS 5-digit -- by ownership sector","All establishment sizes",2,0,0,0,0,0,0,0
"45059",5,448140,78,0,2007,1,"N","Laurens County, South Carolina","Private","Family clothing stores","County, NAICS 6-digit -- by ownership sector","All establishment sizes",2,0,0,0,0,0,0,0
"45059",5,"448140",78,0,2007,2,"N","Laurens County, South Carolina","Private","Family clothing stores","County, NAICS 6-digit -- by ownership sector","All establishment sizes",2,0,0,0,0,0,0,0
"45059",5,"448140",78,0,2007,3,"N","Laurens County, South Carolina","Private","Family clothing stores","County, NAICS 6-digit -- by ownership sector","All establishment sizes",2,0,0,0,0,0,0,0
"45059",5,"448140",78,0,2007,4,"N","Laurens County, South Carolina","Private","Family clothing stores","County, NAICS 6-digit -- by ownership sector","All establishment sizes",2,0,0,0,0,0,0,0
"45059",5,44819,77,0,2007,1,"-","Laurens County, South Carolina","Private","Other clothing stores","County, NAICS 5-digit -- by ownership sector","All establishment sizes",0,0,0,0,0,0,0,0
"45059",5,"44819",77,0,2007,2,"-","Laurens County, South Carolina","Private","Other clothing stores","County, NAICS 5-digit -- by ownership sector","All establishment sizes",0,0,0,0,0,0,0,0
"45059",5,"44819",77,0,2007,3,"-","Laurens County, South Carolina","Private","Other clothing stores","County, NAICS 5-digit -- by ownership sector","All establishment sizes",0,0,0,0,0,0,0,0
"45059",5,"44819",77,0,2007,4,"N","Laurens County, South Carolina","Private","Other clothing stores","County, NAICS 5-digit -- by ownership sector","All establishment sizes",2,0,0,0,0,0,0,0
"45059",5,448190,78,0,2007,1,"-","Laurens County, South Carolina","Private","Other clothing stores","County, NAICS 6-digit -- by ownership sector","All establishment sizes",0,0,0,0,0,0,0,0
"45059",5,"448190",78,0,2007,2,"-","Laurens County, South Carolina","Private","Other clothing stores","County, NAICS 6-digit -- by ownership sector","All establishment sizes",0,0,0,0,0,0,0,0
"45059",5,"448190",78,0,2007,3,"-","Laurens County, South Carolina","Private","Other clothing stores","County, NAICS 6-digit -- by ownership sector","All establishment sizes",0,0,0,0,0,0,0,0
"45059",5,"448190",78,0,2007,4,"N","Laurens County, South Carolina","Private","Other clothing stores","County, NAICS 6-digit -- by ownership sector","All establishment sizes",2,0,0,0,0,0,0,0
"45059",5,4482,76,0,2007,1,"-","Laurens County, South Carolina","Private","Shoe stores","County, NAICS 4-digit -- by ownership sector","All establishment sizes",0,0,0,0,0,0,0,0
"45059",5,"4482",76,0,2007,2,"N","Laurens County, South Carolina","Private","Shoe stores","County, NAICS 4-digit -- by ownership sector","All establishment sizes",1,0,0,0,0,0,0,0
"45059",5,"4482",76,0,2007,3,"N","Laurens County, South Carolina","Private","Shoe stores","County, NAICS 4-digit -- by ownership sector","All establishment sizes",1,0,0,0,0,0,0,0
"45059",5,"4482",76,0,2007,4,"N","Laurens County, South Carolina","Private","Shoe stores","County, NAICS 4-digit -- by ownership sector","All establishment sizes",1,0,0,0,0,0,0,0
"45059",5,44821,77,0,2007,1,"-","Laurens County, South Carolina","Private","Shoe stores","County, NAICS 5-digit -- by ownership sector","All establishment sizes",0,0,0,0,0,0,0,0
"45059",5,"44821",77,0,2007,2,"N","Laurens County, South Carolina","Private","Shoe stores","County, NAICS 5-digit -- by ownership sector","All establishment sizes",1,0,0,0,0,0,0,0
"45059",5,"44821",77,0,2007,3,"N","Laurens County, South Carolina","Private","Shoe stores","County, NAICS 5-digit -- by ownership sector","All establishment sizes",1,0,0,0,0,0,0,0
"45059",5,"44821",77,0,2007,4,"N","Laurens County, South Carolina","Private","Shoe stores","County, NAICS 5-digit -- by ownership sector","All establishment sizes",1,0,0,0,0,0,0,0
"45059",5,448210,78,0,2007,1,"-","Laurens County, South Carolina","Private","Shoe stores","County, NAICS 6-digit -- by ownership sector","All establishment sizes",0,0,0,0,0,0,0,0
"45059",5,"448210",78,0,2007,2,"N","Laurens County, South Carolina","Private","Shoe stores","County, NAICS 6-digit -- by ownership sector","All establishment sizes",1,0,0,0,0,0,0,0
"45059",5,"448210",78,0,2007,3,"N","Laurens County, South Carolina","Private","Shoe stores","County, NAICS 6-digit -- by ownership sector","All establishment sizes",1,0,0,0,0,0,0,0
"45059",5,"448210",78,0,2007,4,"N","Laurens County, South Carolina","Private","Shoe stores","County, NAICS 6-digit -- by ownership sector","All establishment sizes",1,0,0,0,0,0,0,0
"45059",5,4483,76,0,2007,1,"","Laurens County, South Carolina","Private","Jewelry, luggage, and leather goods stores","County, NAICS 4-digit -- by ownership sector","All establishment sizes",5,22,22,22,63719,61596,764,223
"45059",5,"4483",76,0,2007,2,"N","Laurens County, South Carolina","Private","Jewelry, luggage, and leather goods stores","County, NAICS 4-digit -- by ownership sector","All establishment sizes",5,0,0,0,0,0,0,0
"45059",5,"4483",76,0,2007,3,"N","Laurens County, South Carolina","Private","Jewelry, luggage, and leather goods stores","County, NAICS 4-digit -- by ownership sector","All establishment sizes",5,0,0,0,0,0,0,0
"45059",5,"4483",76,0,2007,4,"N","Laurens County, South Carolina","Private","Jewelry, luggage, and leather goods stores","County, NAICS 4-digit -- by ownership sector","All establishment sizes",5,0,0,0,0,0,0,0
"45059",5,44831,77,0,2007,1,"","Laurens County, South Carolina","Private","Jewelry stores","County, NAICS 5-digit -- by ownership sector","All establishment sizes",5,22,22,22,63719,61596,764,223
"45059",5,"44831",77,0,2007,2,"N","Laurens County, South Carolina","Private","Jewelry stores","County, NAICS 5-digit -- by ownership sector","All establishment sizes",5,0,0,0,0,0,0,0
"45059",5,"44831",77,0,2007,3,"N","Laurens County, South Carolina","Private","Jewelry stores","County, NAICS 5-digit -- by ownership sector","All establishment sizes",5,0,0,0,0,0,0,0
"45059",5,"44831",77,0,2007,4,"N","Laurens County, South Carolina","Private","Jewelry stores","County, NAICS 5-digit -- by ownership sector","All establishment sizes",5,0,0,0,0,0,0,0
"45059",5,448310,78,0,2007,1,"","Laurens County, South Carolina","Private","Jewelry stores","County, NAICS 6-digit -- by ownership sector","All establishment sizes",5,22,22,22,63719,61596,764,223
"45059",5,"448310",78,0,2007,2,"N","Laurens County, South Carolina","Private","Jewelry stores","County, NAICS 6-digit -- by ownership sector","All establishment sizes",5,0,0,0,0,0,0,0
"45059",5,"448310",78,0,2007,3,"N","Laurens County, South Carolina","Private","Jewelry stores","County, NAICS 6-digit -- by ownership sector","All establishment sizes",5,0,0,0,0,0,0,0
"45059",5,"448310",78,0,2007,4,"N","Laurens County, South Carolina","Private","Jewelry stores","County, NAICS 6-digit -- by ownership sector","All establishment sizes",5,0,0,0,0,0,0,0
"45059",5,451,75,0,2007,1,"","Laurens County, South Carolina","Private","Sporting goods, hobby, book and music stores","County, NAICS 3-digit -- by ownership sector","All establishment sizes",6,18,18,17,79919,70760,1014,348
"45059",5,"451",75,0,2007,2,"","Laurens County, South Carolina","Private","Sporting goods, hobby, book and music stores","County, NAICS 3-digit -- by ownership sector","All establishment sizes",5,16,20,20,68682,19516,342,283
"45059",5,"451",75,0,2007,3,"","Laurens County, South Carolina","Private","Sporting goods, hobby, book and music stores","County, NAICS 3-digit -- by ownership sector","All establishment sizes",5,20,20,20,64904,13135,239,250
"45059",5,"451",75,0,2007,4,"","Laurens County, South Carolina","Private","Sporting goods, hobby, book and music stores","County, NAICS 3-digit -- by ownership sector","All establishment sizes",5,20,18,19,81297,13652,250,329
"45059",5,4511,76,0,2007,1,"","Laurens County, South Carolina","Private","Sporting goods and musical instrument stores","County, NAICS 4-digit -- by ownership sector","All establishment sizes",6,18,18,17,79919,70760,1014,348
"45059",5,"4511",76,0,2007,2,"","Laurens County, South Carolina","Private","Sporting goods and musical instrument stores","County, NAICS 4-digit -- by ownership sector","All establishment sizes",5,16,20,20,68682,19516,342,283
"45059",5,"4511",76,0,2007,3,"","Laurens County, South Carolina","Private","Sporting goods and musical instrument stores","County, NAICS 4-digit -- by ownership sector","All establishment sizes",5,20,20,20,64904,13135,239,250
"45059",5,"4511",76,0,2007,4,"","Laurens County, South Carolina","Private","Sporting goods and musical instrument stores","County, NAICS 4-digit -- by ownership sector","All establishment sizes",5,20,18,19,81297,13652,250,329
"45059",5,45111,77,0,2007,1,"","Laurens County, South Carolina","Private","Sporting goods stores","County, NAICS 5-digit -- by ownership sector","All establishment sizes",4,16,16,16,78220,69061,978,376
"45059",5,"45111",77,0,2007,2,"N","Laurens County, South Carolina","Private","Sporting goods stores","County, NAICS 5-digit -- by ownership sector","All establishment sizes",4,0,0,0,0,0,0,0
"45059",5,"45111",77,0,2007,3,"N","Laurens County, South Carolina","Private","Sporting goods stores","County, NAICS 5-digit -- by ownership sector","All establishment sizes",4,0,0,0,0,0,0,0
"45059",5,"45111",77,0,2007,4,"N","Laurens County, South Carolina","Private","Sporting goods stores","County, NAICS 5-digit -- by ownership sector","All establishment sizes",4,0,0,0,0,0,0,0
"45059",5,451110,78,0,2007,1,"","Laurens County, South Carolina","Private","Sporting goods stores","County, NAICS 6-digit -- by ownership sector","All establishment sizes",4,16,16,16,78220,69061,978,376
"45059",5,"451110",78,0,2007,2,"N","Laurens County, South Carolina","Private","Sporting goods stores","County, NAICS 6-digit -- by ownership sector","All establishment sizes",4,0,0,0,0,0,0,0
"45059",5,"451110",78,0,2007,3,"N","Laurens County, South Carolina","Private","Sporting goods stores","County, NAICS 6-digit -- by ownership sector","All establishment sizes",4,0,0,0,0,0,0,0
"45059",5,"451110",78,0,2007,4,"N","Laurens County, South Carolina","Private","Sporting goods stores","County, NAICS 6-digit -- by ownership sector","All establishment sizes",4,0,0,0,0,0,0,0
"45059",5,45113,77,0,2007,1,"N","Laurens County, South Carolina","Private","Sewing, needlework, and piece goods stores","County, NAICS 5-digit -- by ownership sector","All establishment sizes",1,0,0,0,0,0,0,0
"45059",5,"45113",77,0,2007,2,"N","Laurens County, South Carolina","Private","Sewing, needlework, and piece goods stores","County, NAICS 5-digit -- by ownership sector","All establishment sizes",1,0,0,0,0,0,0,0
"45059",5,"45113",77,0,2007,3,"N","Laurens County, South Carolina","Private","Sewing, needlework, and piece goods stores","County, NAICS 5-digit -- by ownership sector","All establishment sizes",1,0,0,0,0,0,0,0
"45059",5,"45113",77,0,2007,4,"N","Laurens County, South Carolina","Private","Sewing, needlework, and piece goods stores","County, NAICS 5-digit -- by ownership sector","All establishment sizes",1,0,0,0,0,0,0,0
"45059",5,451130,78,0,2007,1,"N","Laurens County, South Carolina","Private","Sewing, needlework, and piece goods stores","County, NAICS 6-digit -- by ownership sector","All establishment sizes",1,0,0,0,0,0,0,0
"45059",5,"451130",78,0,2007,2,"N","Laurens County, South Carolina","Private","Sewing, needlework, and piece goods stores","County, NAICS 6-digit -- by ownership sector","All establishment sizes",1,0,0,0,0,0,0,0
"45059",5,"451130",78,0,2007,3,"N","Laurens County, South Carolina","Private","Sewing, needlework, and piece goods stores","County, NAICS 6-digit -- by ownership sector","All establishment sizes",1,0,0,0,0,0,0,0
"45059",5,"451130",78,0,2007,4,"N","Laurens County, South Carolina","Private","Sewing, needlework, and piece goods stores","County, NAICS 6-digit -- by ownership sector","All establishment sizes",1,0,0,0,0,0,0,0
"45059",5,45114,77,0,2007,1,"N","Laurens County, South Carolina","Private","Musical instrument and supplies stores","County, NAICS 5-digit -- by ownership sector","All establishment sizes",1,0,0,0,0,0,0,0
"45059",5,"45114",77,0,2007,2,"-","Laurens County, South Carolina","Private","Musical instrument and supplies stores","County, NAICS 5-digit -- by ownership sector","All establishment sizes",0,0,0,0,0,0,0,0
"45059",5,"45114",77,0,2007,3,"-","Laurens County, South Carolina","Private","Musical instrument and supplies stores","County, NAICS 5-digit -- by ownership sector","All establishment sizes",0,0,0,0,0,0,0,0
"45059",5,"45114",77,0,2007,4,"-","Laurens County, South Carolina","Private","Musical instrument and supplies stores","County, NAICS 5-digit -- by ownership sector","All establishment sizes",0,0,0,0,0,0,0,0
"45059",5,451140,78,0,2007,1,"N","Laurens County, South Carolina","Private","Musical instrument and supplies stores","County, NAICS 6-digit -- by ownership sector","All establishment sizes",1,0,0,0,0,0,0,0
"45059",5,"451140",78,0,2007,2,"-","Laurens County, South Carolina","Private","Musical instrument and supplies stores","County, NAICS 6-digit -- by ownership sector","All establishment sizes",0,0,0,0,0,0,0,0
"45059",5,"451140",78,0,2007,3,"-","Laurens County, South Carolina","Private","Musical instrument and supplies stores","County, NAICS 6-digit -- by ownership sector","All establishment sizes",0,0,0,0,0,0,0,0
"45059",5,"451140",78,0,2007,4,"-","Laurens County, South Carolina","Private","Musical instrument and supplies stores","County, NAICS 6-digit -- by ownership sector","All establishment sizes",0,0,0,0,0,0,0,0
"45059",5,452,75,0,2007,1,"","Laurens County, South Carolina","Private","General merchandise stores","County, NAICS 3-digit -- by ownership sector","All establishment sizes",15,337,330,339,1613266,1375379,19001,370
"45059",5,"452",75,0,2007,2,"","Laurens County, South Carolina","Private","General merchandise stores","County, NAICS 3-digit -- by ownership sector","All establishment sizes",16,330,341,343,1781026,718285,10256,405
"45059",5,"452",75,0,2007,3,"","Laurens County, South Carolina","Private","General merchandise stores","County, NAICS 3-digit -- by ownership sector","All establishment sizes",16,338,332,340,1573267,303749,4577,359
"45059",5,"452",75,0,2007,4,"","Laurens County, South Carolina","Private","General merchandise stores","County, NAICS 3-digit -- by ownership sector","All establishment sizes",16,333,351,352,1842869,310476,4828,410
"45059",5,4521,76,0,2007,1,"N","Laurens County, South Carolina","Private","Department stores","County, NAICS 4-digit -- by ownership sector","All establishment sizes",1,0,0,0,0,0,0,0
"45059",5,"4521",76,0,2007,2,"N","Laurens County, South Carolina","Private","Department stores","County, NAICS 4-digit -- by ownership sector","All establishment sizes",1,0,0,0,0,0,0,0
"45059",5,"4521",76,0,2007,3,"N","Laurens County, South Carolina","Private","Department stores","County, NAICS 4-digit -- by ownership sector","All establishment sizes",1,0,0,0,0,0,0,0
"45059",5,"4521",76,0,2007,4,"N","Laurens County, South Carolina","Private","Department stores","County, NAICS 4-digit -- by ownership sector","All establishment sizes",1,0,0,0,0,0,0,0
"45059",5,45211,77,0,2007,1,"N","Laurens County, South Carolina","Private","Department stores","County, NAICS 5-digit -- by ownership sector","All establishment sizes",1,0,0,0,0,0,0,0
"45059",5,"45211",77,0,2007,2,"N","Laurens County, South Carolina","Private","Department stores","County, NAICS 5-digit -- by ownership sector","All establishment sizes",1,0,0,0,0,0,0,0
"45059",5,"45211",77,0,2007,3,"N","Laurens County, South Carolina","Private","Department stores","County, NAICS 5-digit -- by ownership sector","All establishment sizes",1,0,0,0,0,0,0,0
"45059",5,"45211",77,0,2007,4,"N","Laurens County, South Carolina","Private","Department stores","County, NAICS 5-digit -- by ownership sector","All establishment sizes",1,0,0,0,0,0,0,0
"45059",5,452111,78,0,2007,1,"N","Laurens County, South Carolina","Private","Department stores, except discount","County, NAICS 6-digit -- by ownership sector","All establishment sizes",1,0,0,0,0,0,0,0
"45059",5,"452111",78,0,2007,2,"N","Laurens County, South Carolina","Private","Department stores, except discount","County, NAICS 6-digit -- by ownership sector","All establishment sizes",1,0,0,0,0,0,0,0
"45059",5,"452111",78,0,2007,3,"N","Laurens County, South Carolina","Private","Department stores, except discount","County, NAICS 6-digit -- by ownership sector","All establishment sizes",1,0,0,0,0,0,0,0
"45059",5,"452111",78,0,2007,4,"N","Laurens County, South Carolina","Private","Department stores, except discount","County, NAICS 6-digit -- by ownership sector","All establishment sizes",1,0,0,0,0,0,0,0
"45059",5,4529,76,0,2007,1,"N","Laurens County, South Carolina","Private","Other general merchandise stores","County, NAICS 4-digit -- by ownership sector","All establishment sizes",14,0,0,0,0,0,0,0
"45059",5,"4529",76,0,2007,2,"N","Laurens County, South Carolina","Private","Other general merchandise stores","County, NAICS 4-digit -- by ownership sector","All establishment sizes",15,0,0,0,0,0,0,0
"45059",5,"4529",76,0,2007,3,"N","Laurens County, South Carolina","Private","Other general merchandise stores","County, NAICS 4-digit -- by ownership sector","All establishment sizes",15,0,0,0,0,0,0,0
"45059",5,"4529",76,0,2007,4,"N","Laurens County, South Carolina","Private","Other general merchandise stores","County, NAICS 4-digit -- by ownership sector","All establishment sizes",15,0,0,0,0,0,0,0
"45059",5,45291,77,0,2007,1,"N","Laurens County, South Carolina","Private","Warehouse clubs and supercenters","County, NAICS 5-digit -- by ownership sector","All establishment sizes",3,0,0,0,0,0,0,0
"45059",5,"45291",77,0,2007,2,"N","Laurens County, South Carolina","Private","Warehouse clubs and supercenters","County, NAICS 5-digit -- by ownership sector","All establishment sizes",3,0,0,0,0,0,0,0
"45059",5,"45291",77,0,2007,3,"N","Laurens County, South Carolina","Private","Warehouse clubs and supercenters","County, NAICS 5-digit -- by ownership sector","All establishment sizes",3,0,0,0,0,0,0,0
"45059",5,"45291",77,0,2007,4,"N","Laurens County, South Carolina","Private","Warehouse clubs and supercenters","County, NAICS 5-digit -- by ownership sector","All establishment sizes",3,0,0,0,0,0,0,0
"45059",5,452910,78,0,2007,1,"N","Laurens County, South Carolina","Private","Warehouse clubs and supercenters","County, NAICS 6-digit -- by ownership sector","All establishment sizes",3,0,0,0,0,0,0,0
"45059",5,"452910",78,0,2007,2,"N","Laurens County, South Carolina","Private","Warehouse clubs and supercenters","County, NAICS 6-digit -- by ownership sector","All establishment sizes",3,0,0,0,0,0,0,0
"45059",5,"452910",78,0,2007,3,"N","Laurens County, South Carolina","Private","Warehouse clubs and supercenters","County, NAICS 6-digit -- by ownership sector","All establishment sizes",3,0,0,0,0,0,0,0
"45059",5,"452910",78,0,2007,4,"N","Laurens County, South Carolina","Private","Warehouse clubs and supercenters","County, NAICS 6-digit -- by ownership sector","All establishment sizes",3,0,0,0,0,0,0,0
"45059",5,45299,77,0,2007,1,"","Laurens County, South Carolina","Private","All other general merchandise stores","County, NAICS 5-digit -- by ownership sector","All establishment sizes",11,63,65,60,224472,200828,4435,276
"45059",5,"45299",77,0,2007,2,"","Laurens County, South Carolina","Private","All other general merchandise stores","County, NAICS 5-digit -- by ownership sector","All establishment sizes",12,68,70,77,253836,139212,3076,272
"45059",5,"45299",77,0,2007,3,"","Laurens County, South Carolina","Private","All other general merchandise stores","County, NAICS 5-digit -- by ownership sector","All establishment sizes",12,73,68,74,230272,85798,1874,247
"45059",5,"45299",77,0,2007,4,"","Laurens County, South Carolina","Private","All other general merchandise stores","County, NAICS 5-digit -- by ownership sector","All establishment sizes",12,71,75,74,256545,96193,2171,269
"45059",5,452990,78,0,2007,1,"","Laurens County, South Carolina","Private","All other general merchandise stores","County, NAICS 6-digit -- by ownership sector","All establishment sizes",11,63,65,60,224472,200828,4435,276
"45059",5,"452990",78,0,2007,2,"","Laurens County, South Carolina","Private","All other general merchandise stores","County, NAICS 6-digit -- by ownership sector","All establishment sizes",12,68,70,77,253836,139212,3076,272
"45059",5,"452990",78,0,2007,3,"","Laurens County, South Carolina","Private","All other general merchandise stores","County, NAICS 6-digit -- by ownership sector","All establishment sizes",12,73,68,74,230272,85798,1874,247
"45059",5,"452990",78,0,2007,4,"","Laurens County, South Carolina","Private","All other general merchandise stores","County, NAICS 6-digit -- by ownership sector","All establishment sizes",12,71,75,74,256545,96193,2171,269
"45059",5,453,75,0,2007,1,"","Laurens County, South Carolina","Private","Miscellaneous store retailers","County, NAICS 3-digit -- by ownership sector","All establishment sizes",13,34,33,36,214646,168871,3209,481
"45059",5,"453",75,0,2007,2,"","Laurens County, South Carolina","Private","Miscellaneous store retailers","County, NAICS 3-digit -- by ownership sector","All establishment sizes",14,37,33,34,199818,53983,968,443
"45059",5,"453",75,0,2007,3,"","Laurens County, South Carolina","Private","Miscellaneous store retailers","County, NAICS 3-digit -- by ownership sector","All establishment sizes",13,36,36,33,198271,29747,548,436
"45059",5,"453",75,0,2007,4,"","Laurens County, South Carolina","Private","Miscellaneous store retailers","County, NAICS 3-digit -- by ownership sector","All establishment sizes",13,37,38,38,208176,20765,347,425
"45059",5,4531,76,0,2007,1,"N","Laurens County, South Carolina","Private","Florists","County, NAICS 4-digit -- by ownership sector","All establishment sizes",3,0,0,0,0,0,0,0
"45059",5,"4531",76,0,2007,2,"N","Laurens County, South Carolina","Private","Florists","County, NAICS 4-digit -- by ownership sector","All establishment sizes",3,0,0,0,0,0,0,0
"45059",5,"4531",76,0,2007,3,"N","Laurens County, South Carolina","Private","Florists","County, NAICS 4-digit -- by ownership sector","All establishment sizes",2,0,0,0,0,0,0,0
"45059",5,"4531",76,0,2007,4,"N","Laurens County, South Carolina","Private","Florists","County, NAICS 4-digit -- by ownership sector","All establishment sizes",2,0,0,0,0,0,0,0
"45059",5,45311,77,0,2007,1,"N","Laurens County, South Carolina","Private","Florists","County, NAICS 5-digit -- by ownership sector","All establishment sizes",3,0,0,0,0,0,0,0
"45059",5,"45311",77,0,2007,2,"N","Laurens County, South Carolina","Private","Florists","County, NAICS 5-digit -- by ownership sector","All establishment sizes",3,0,0,0,0,0,0,0
"45059",5,"45311",77,0,2007,3,"N","Laurens County, South Carolina","Private","Florists","County, NAICS 5-digit -- by ownership sector","All establishment sizes",2,0,0,0,0,0,0,0
"45059",5,"45311",77,0,2007,4,"N","Laurens County, South Carolina","Private","Florists","County, NAICS 5-digit -- by ownership sector","All establishment sizes",2,0,0,0,0,0,0,0
"45059",5,453110,78,0,2007,1,"N","Laurens County, South Carolina","Private","Florists","County, NAICS 6-digit -- by ownership sector","All establishment sizes",3,0,0,0,0,0,0,0
"45059",5,"453110",78,0,2007,2,"N","Laurens County, South Carolina","Private","Florists","County, NAICS 6-digit -- by ownership sector","All establishment sizes",3,0,0,0,0,0,0,0
"45059",5,"453110",78,0,2007,3,"N","Laurens County, South Carolina","Private","Florists","County, NAICS 6-digit -- by ownership sector","All establishment sizes",2,0,0,0,0,0,0,0
"45059",5,"453110",78,0,2007,4,"N","Laurens County, South Carolina","Private","Florists","County, NAICS 6-digit -- by ownership sector","All establishment sizes",2,0,0,0,0,0,0,0
"45059",5,4532,76,0,2007,1,"","Laurens County, South Carolina","Private","Office supplies, stationery, and gift stores","County, NAICS 4-digit -- by ownership sector","All establishment sizes",5,21,21,22,150366,111580,2498,542
"45059",5,"4532",76,0,2007,2,"","Laurens County, South Carolina","Private","Office supplies, stationery, and gift stores","County, NAICS 4-digit -- by ownership sector","All establishment sizes",6,23,20,21,130865,25285,612,472
"45059",5,"4532",76,0,2007,3,"","Laurens County, South Carolina","Private","Office supplies, stationery, and gift stores","County, NAICS 4-digit -- by ownership sector","All establishment sizes",5,22,22,19,132463,22295,455,485
"45059",5,"4532",76,0,2007,4,"","Laurens County, South Carolina","Private","Office supplies, stationery, and gift stores","County, NAICS 4-digit -- by ownership sector","All establishment sizes",5,21,22,22,139853,11146,197,497
"45059",5,45321,77,0,2007,1,"N","Laurens County, South Carolina","Private","Office supplies and stationery stores","County, NAICS 5-digit -- by ownership sector","All establishment sizes",2,0,0,0,0,0,0,0
"45059",5,"45321",77,0,2007,2,"N","Laurens County, South Carolina","Private","Office supplies and stationery stores","County, NAICS 5-digit -- by ownership sector","All establishment sizes",2,0,0,0,0,0,0,0
"45059",5,"45321",77,0,2007,3,"N","Laurens County, South Carolina","Private","Office supplies and stationery stores","County, NAICS 5-digit -- by ownership sector","All establishment sizes",2,0,0,0,0,0,0,0
"45059",5,"45321",77,0,2007,4,"N","Laurens County, South Carolina","Private","Office supplies and stationery stores","County, NAICS 5-digit -- by ownership sector","All establishment sizes",2,0,0,0,0,0,0,0
"45059",5,453210,78,0,2007,1,"N","Laurens County, South Carolina","Private","Office supplies and stationery stores","County, NAICS 6-digit -- by ownership sector","All establishment sizes",2,0,0,0,0,0,0,0
"45059",5,"453210",78,0,2007,2,"N","Laurens County, South Carolina","Private","Office supplies and stationery stores","County, NAICS 6-digit -- by ownership sector","All establishment sizes",2,0,0,0,0,0,0,0
"45059",5,"453210",78,0,2007,3,"N","Laurens County, South Carolina","Private","Office supplies and stationery stores","County, NAICS 6-digit -- by ownership sector","All establishment sizes",2,0,0,0,0,0,0,0
"45059",5,"453210",78,0,2007,4,"N","Laurens County, South Carolina","Private","Office supplies and stationery stores","County, NAICS 6-digit -- by ownership sector","All establishment sizes",2,0,0,0,0,0,0,0
"45059",5,45322,77,0,2007,1,"N","Laurens County, South Carolina","Private","Gift, novelty, and souvenir stores","County, NAICS 5-digit -- by ownership sector","All establishment sizes",3,0,0,0,0,0,0,0
"45059",5,"45322",77,0,2007,2,"N","Laurens County, South Carolina","Private","Gift, novelty, and souvenir stores","County, NAICS 5-digit -- by ownership sector","All establishment sizes",4,0,0,0,0,0,0,0
"45059",5,"45322",77,0,2007,3,"N","Laurens County, South Carolina","Private","Gift, novelty, and souvenir stores","County, NAICS 5-digit -- by ownership sector","All establishment sizes",3,0,0,0,0,0,0,0
"45059",5,"45322",77,0,2007,4,"N","Laurens County, South Carolina","Private","Gift, novelty, and souvenir stores","County, NAICS 5-digit -- by ownership sector","All establishment sizes",3,0,0,0,0,0,0,0
"45059",5,453220,78,0,2007,1,"N","Laurens County, South Carolina","Private","Gift, novelty, and souvenir stores","County, NAICS 6-digit -- by ownership sector","All establishment sizes",3,0,0,0,0,0,0,0
"45059",5,"453220",78,0,2007,2,"N","Laurens County, South Carolina","Private","Gift, novelty, and souvenir stores","County, NAICS 6-digit -- by ownership sector","All establishment sizes",4,0,0,0,0,0,0,0
"45059",5,"453220",78,0,2007,3,"N","Laurens County, South Carolina","Private","Gift, novelty, and souvenir stores","County, NAICS 6-digit -- by ownership sector","All establishment sizes",3,0,0,0,0,0,0,0
"45059",5,"453220",78,0,2007,4,"N","Laurens County, South Carolina","Private","Gift, novelty, and souvenir stores","County, NAICS 6-digit -- by ownership sector","All establishment sizes",3,0,0,0,0,0,0,0
"45059",5,4533,76,0,2007,1,"N","Laurens County, South Carolina","Private","Used merchandise stores","County, NAICS 4-digit -- by ownership sector","All establishment sizes",2,0,0,0,0,0,0,0
"45059",5,"4533",76,0,2007,2,"N","Laurens County, South Carolina","Private","Used merchandise stores","County, NAICS 4-digit -- by ownership sector","All establishment sizes",2,0,0,0,0,0,0,0
"45059",5,"4533",76,0,2007,3,"N","Laurens County, South Carolina","Private","Used merchandise stores","County, NAICS 4-digit -- by ownership sector","All establishment sizes",3,0,0,0,0,0,0,0
"45059",5,"4533",76,0,2007,4,"N","Laurens County, South Carolina","Private","Used merchandise stores","County, NAICS 4-digit -- by ownership sector","All establishment sizes",3,0,0,0,0,0,0,0
"45059",5,45331,77,0,2007,1,"N","Laurens County, South Carolina","Private","Used merchandise stores","County, NAICS 5-digit -- by ownership sector","All establishment sizes",2,0,0,0,0,0,0,0
"45059",5,"45331",77,0,2007,2,"N","Laurens County, South Carolina","Private","Used merchandise stores","County, NAICS 5-digit -- by ownership sector","All establishment sizes",2,0,0,0,0,0,0,0
"45059",5,"45331",77,0,2007,3,"N","Laurens County, South Carolina","Private","Used merchandise stores","County, NAICS 5-digit -- by ownership sector","All establishment sizes",3,0,0,0,0,0,0,0
"45059",5,"45331",77,0,2007,4,"N","Laurens County, South Carolina","Private","Used merchandise stores","County, NAICS 5-digit -- by ownership sector","All establishment sizes",3,0,0,0,0,0,0,0
"45059",5,453310,78,0,2007,1,"N","Laurens County, South Carolina","Private","Used merchandise stores","County, NAICS 6-digit -- by ownership sector","All establishment sizes",2,0,0,0,0,0,0,0
"45059",5,"453310",78,0,2007,2,"N","Laurens County, South Carolina","Private","Used merchandise stores","County, NAICS 6-digit -- by ownership sector","All establishment sizes",2,0,0,0,0,0,0,0
"45059",5,"453310",78,0,2007,3,"N","Laurens County, South Carolina","Private","Used merchandise stores","County, NAICS 6-digit -- by ownership sector","All establishment sizes",3,0,0,0,0,0,0,0
"45059",5,"453310",78,0,2007,4,"N","Laurens County, South Carolina","Private","Used merchandise stores","County, NAICS 6-digit -- by ownership sector","All establishment sizes",3,0,0,0,0,0,0,0
"45059",5,4539,76,0,2007,1,"","Laurens County, South Carolina","Private","Other miscellaneous store retailers","County, NAICS 4-digit -- by ownership sector","All establishment sizes",3,6,6,8,30571,30571,379,353
"45059",5,"4539",76,0,2007,2,"","Laurens County, South Carolina","Private","Other miscellaneous store retailers","County, NAICS 4-digit -- by ownership sector","All establishment sizes",3,8,8,8,37349,18083,224,359
"45059",5,"4539",76,0,2007,3,"","Laurens County, South Carolina","Private","Other miscellaneous store retailers","County, NAICS 4-digit -- by ownership sector","All establishment sizes",3,8,8,8,35273,3041,38,339
"45059",5,"4539",76,0,2007,4,"","Laurens County, South Carolina","Private","Other miscellaneous store retailers","County, NAICS 4-digit -- by ownership sector","All establishment sizes",3,8,8,8,35488,3650,45,341
"45059",5,45391,77,0,2007,1,"N","Laurens County, South Carolina","Private","Pet and pet supplies stores","County, NAICS 5-digit -- by ownership sector","All establishment sizes",1,0,0,0,0,0,0,0
"45059",5,"45391",77,0,2007,2,"N","Laurens County, South Carolina","Private","Pet and pet supplies stores","County, NAICS 5-digit -- by ownership sector","All establishment sizes",1,0,0,0,0,0,0,0
"45059",5,"45391",77,0,2007,3,"N","Laurens County, South Carolina","Private","Pet and pet supplies stores","County, NAICS 5-digit -- by ownership sector","All establishment sizes",1,0,0,0,0,0,0,0
"45059",5,"45391",77,0,2007,4,"N","Laurens County, South Carolina","Private","Pet and pet supplies stores","County, NAICS 5-digit -- by ownership sector","All establishment sizes",1,0,0,0,0,0,0,0
"45059",5,453910,78,0,2007,1,"N","Laurens County, South Carolina","Private","Pet and pet supplies stores","County, NAICS 6-digit -- by ownership sector","All establishment sizes",1,0,0,0,0,0,0,0
"45059",5,"453910",78,0,2007,2,"N","Laurens County, South Carolina","Private","Pet and pet supplies stores","County, NAICS 6-digit -- by ownership sector","All establishment sizes",1,0,0,0,0,0,0,0
"45059",5,"453910",78,0,2007,3,"N","Laurens County, South Carolina","Private","Pet and pet supplies stores","County, NAICS 6-digit -- by ownership sector","All establishment sizes",1,0,0,0,0,0,0,0
"45059",5,"453910",78,0,2007,4,"N","Laurens County, South Carolina","Private","Pet and pet supplies stores","County, NAICS 6-digit -- by ownership sector","All establishment sizes",1,0,0,0,0,0,0,0
"45059",5,45399,77,0,2007,1,"N","Laurens County, South Carolina","Private","All other miscellaneous store retailers","County, NAICS 5-digit -- by ownership sector","All establishment sizes",2,0,0,0,0,0,0,0
"45059",5,"45399",77,0,2007,2,"N","Laurens County, South Carolina","Private","All other miscellaneous store retailers","County, NAICS 5-digit -- by ownership sector","All establishment sizes",2,0,0,0,0,0,0,0
"45059",5,"45399",77,0,2007,3,"N","Laurens County, South Carolina","Private","All other miscellaneous store retailers","County, NAICS 5-digit -- by ownership sector","All establishment sizes",2,0,0,0,0,0,0,0
"45059",5,"45399",77,0,2007,4,"N","Laurens County, South Carolina","Private","All other miscellaneous store retailers","County, NAICS 5-digit -- by ownership sector","All establishment sizes",2,0,0,0,0,0,0,0
"45059",5,453998,78,0,2007,1,"N","Laurens County, South Carolina","Private","Store retailers not specified elsewhere","County, NAICS 6-digit -- by ownership sector","All establishment sizes",2,0,0,0,0,0,0,0
"45059",5,"453998",78,0,2007,2,"N","Laurens County, South Carolina","Private","Store retailers not specified elsewhere","County, NAICS 6-digit -- by ownership sector","All establishment sizes",2,0,0,0,0,0,0,0
"45059",5,"453998",78,0,2007,3,"N","Laurens County, South Carolina","Private","Store retailers not specified elsewhere","County, NAICS 6-digit -- by ownership sector","All establishment sizes",2,0,0,0,0,0,0,0
"45059",5,"453998",78,0,2007,4,"N","Laurens County, South Carolina","Private","Store retailers not specified elsewhere","County, NAICS 6-digit -- by ownership sector","All establishment sizes",2,0,0,0,0,0,0,0
"45059",5,454,75,0,2007,1,"N","Laurens County, South Carolina","Private","Nonstore retailers","County, NAICS 3-digit -- by ownership sector","All establishment sizes",4,0,0,0,0,0,0,0
"45059",5,"454",75,0,2007,2,"N","Laurens County, South Carolina","Private","Nonstore retailers","County, NAICS 3-digit -- by ownership sector","All establishment sizes",4,0,0,0,0,0,0,0
"45059",5,"454",75,0,2007,3,"N","Laurens County, South Carolina","Private","Nonstore retailers","County, NAICS 3-digit -- by ownership sector","All establishment sizes",4,0,0,0,0,0,0,0
"45059",5,"454",75,0,2007,4,"N","Laurens County, South Carolina","Private","Nonstore retailers","County, NAICS 3-digit -- by ownership sector","All establishment sizes",3,0,0,0,0,0,0,0
"45059",5,4542,76,0,2007,1,"N","Laurens County, South Carolina","Private","Vending machine operators","County, NAICS 4-digit -- by ownership sector","All establishment sizes",2,0,0,0,0,0,0,0
"45059",5,"4542",76,0,2007,2,"N","Laurens County, South Carolina","Private","Vending machine operators","County, NAICS 4-digit -- by ownership sector","All establishment sizes",2,0,0,0,0,0,0,0
"45059",5,"4542",76,0,2007,3,"N","Laurens County, South Carolina","Private","Vending machine operators","County, NAICS 4-digit -- by ownership sector","All establishment sizes",2,0,0,0,0,0,0,0
"45059",5,"4542",76,0,2007,4,"N","Laurens County, South Carolina","Private","Vending machine operators","County, NAICS 4-digit -- by ownership sector","All establishment sizes",2,0,0,0,0,0,0,0
"45059",5,45421,77,0,2007,1,"N","Laurens County, South Carolina","Private","Vending machine operators","County, NAICS 5-digit -- by ownership sector","All establishment sizes",2,0,0,0,0,0,0,0
"45059",5,"45421",77,0,2007,2,"N","Laurens County, South Carolina","Private","Vending machine operators","County, NAICS 5-digit -- by ownership sector","All establishment sizes",2,0,0,0,0,0,0,0
"45059",5,"45421",77,0,2007,3,"N","Laurens County, South Carolina","Private","Vending machine operators","County, NAICS 5-digit -- by ownership sector","All establishment sizes",2,0,0,0,0,0,0,0
"45059",5,"45421",77,0,2007,4,"N","Laurens County, South Carolina","Private","Vending machine operators","County, NAICS 5-digit -- by ownership sector","All establishment sizes",2,0,0,0,0,0,0,0
"45059",5,454210,78,0,2007,1,"N","Laurens County, South Carolina","Private","Vending machine operators","County, NAICS 6-digit -- by ownership sector","All establishment sizes",2,0,0,0,0,0,0,0
"45059",5,"454210",78,0,2007,2,"N","Laurens County, South Carolina","Private","Vending machine operators","County, NAICS 6-digit -- by ownership sector","All establishment sizes",2,0,0,0,0,0,0,0
"45059",5,"454210",78,0,2007,3,"N","Laurens County, South Carolina","Private","Vending machine operators","County, NAICS 6-digit -- by ownership sector","All establishment sizes",2,0,0,0,0,0,0,0
"45059",5,"454210",78,0,2007,4,"N","Laurens County, South Carolina","Private","Vending machine operators","County, NAICS 6-digit -- by ownership sector","All establishment sizes",2,0,0,0,0,0,0,0
"45059",5,4543,76,0,2007,1,"N","Laurens County, South Carolina","Private","Direct selling establishments","County, NAICS 4-digit -- by ownership sector","All establishment sizes",2,0,0,0,0,0,0,0
"45059",5,"4543",76,0,2007,2,"N","Laurens County, South Carolina","Private","Direct selling establishments","County, NAICS 4-digit -- by ownership sector","All establishment sizes",2,0,0,0,0,0,0,0
"45059",5,"4543",76,0,2007,3,"N","Laurens County, South Carolina","Private","Direct selling establishments","County, NAICS 4-digit -- by ownership sector","All establishment sizes",2,0,0,0,0,0,0,0
"45059",5,"4543",76,0,2007,4,"N","Laurens County, South Carolina","Private","Direct selling establishments","County, NAICS 4-digit -- by ownership sector","All establishment sizes",1,0,0,0,0,0,0,0
"45059",5,45431,77,0,2007,1,"N","Laurens County, South Carolina","Private","Fuel dealers","County, NAICS 5-digit -- by ownership sector","All establishment sizes",2,0,0,0,0,0,0,0
"45059",5,"45431",77,0,2007,2,"N","Laurens County, South Carolina","Private","Fuel dealers","County, NAICS 5-digit -- by ownership sector","All establishment sizes",2,0,0,0,0,0,0,0
"45059",5,"45431",77,0,2007,3,"N","Laurens County, South Carolina","Private","Fuel dealers","County, NAICS 5-digit -- by ownership sector","All establishment sizes",2,0,0,0,0,0,0,0
"45059",5,"45431",77,0,2007,4,"N","Laurens County, South Carolina","Private","Fuel dealers","County, NAICS 5-digit -- by ownership sector","All establishment sizes",1,0,0,0,0,0,0,0
"45059",5,454311,78,0,2007,1,"N","Laurens County, South Carolina","Private","Heating oil dealers","County, NAICS 6-digit -- by ownership sector","All establishment sizes",1,0,0,0,0,0,0,0
"45059",5,"454311",78,0,2007,2,"N","Laurens County, South Carolina","Private","Heating oil dealers","County, NAICS 6-digit -- by ownership sector","All establishment sizes",1,0,0,0,0,0,0,0
"45059",5,"454311",78,0,2007,3,"N","Laurens County, South Carolina","Private","Heating oil dealers","County, NAICS 6-digit -- by ownership sector","All establishment sizes",1,0,0,0,0,0,0,0
"45059",5,"454311",78,0,2007,4,"N","Laurens County, South Carolina","Private","Heating oil dealers","County, NAICS 6-digit -- by ownership sector","All establishment sizes",1,0,0,0,0,0,0,0
"45059",5,454312,78,0,2007,1,"N","Laurens County, South Carolina","Private","Liquefied petroleum gas, bottled gas, dealers","County, NAICS 6-digit -- by ownership sector","All establishment sizes",1,0,0,0,0,0,0,0
"45059",5,"454312",78,0,2007,2,"N","Laurens County, South Carolina","Private","Liquefied petroleum gas, bottled gas, dealers","County, NAICS 6-digit -- by ownership sector","All establishment sizes",1,0,0,0,0,0,0,0
"45059",5,"454312",78,0,2007,3,"N","Laurens County, South Carolina","Private","Liquefied petroleum gas, bottled gas, dealers","County, NAICS 6-digit -- by ownership sector","All establishment sizes",1,0,0,0,0,0,0,0
"45059",5,"454312",78,0,2007,4,"-","Laurens County, South Carolina","Private","Liquefied petroleum gas, bottled gas, dealers","County, NAICS 6-digit -- by ownership sector","All establishment sizes",0,0,0,0,0,0,0,0
"45059",5,48-49,74,0,2007,1,"","Laurens County, South Carolina","Private","Transportation and warehousing","County, NAICS Sector -- by ownership sector","All establishment sizes",21,1487,1430,1583,12844031,10207408,176278,659
"45059",5,"48-49",74,0,2007,2,"","Laurens County, South Carolina","Private","Transportation and warehousing","County, NAICS Sector -- by ownership sector","All establishment sizes",22,1559,1581,1547,14706589,4487124,68348,724
"45059",5,"48-49",74,0,2007,3,"","Laurens County, South Carolina","Private","Transportation and warehousing","County, NAICS Sector -- by ownership sector","All establishment sizes",22,1588,1505,1528,12309227,2000271,40125,615
"45059",5,"48-49",74,0,2007,4,"","Laurens County, South Carolina","Private","Transportation and warehousing","County, NAICS Sector -- by ownership sector","All establishment sizes",22,1581,1576,1578,15139467,1885998,32418,738
"45059",5,484,75,0,2007,1,"","Laurens County, South Carolina","Private","Truck transportation","County, NAICS 3-digit -- by ownership sector","All establishment sizes",10,286,283,275,3851941,2732513,50776,1053
"45059",5,"484",75,0,2007,2,"","Laurens County, South Carolina","Private","Truck transportation","County, NAICS 3-digit -- by ownership sector","All establishment sizes",10,282,288,290,4107350,950344,13580,1102
"45059",5,"484",75,0,2007,3,"","Laurens County, South Carolina","Private","Truck transportation","County, NAICS 3-digit -- by ownership sector","All establishment sizes",12,291,292,300,3741824,383794,6502,978
"45059",5,"484",75,0,2007,4,"","Laurens County, South Carolina","Private","Truck transportation","County, NAICS 3-digit -- by ownership sector","All establishment sizes",12,291,294,292,4335621,414298,6844,1141
"45059",5,4841,76,0,2007,1,"N","Laurens County, South Carolina","Private","General freight trucking","County, NAICS 4-digit -- by ownership sector","All establishment sizes",3,0,0,0,0,0,0,0
"45059",5,"4841",76,0,2007,2,"N","Laurens County, South Carolina","Private","General freight trucking","County, NAICS 4-digit -- by ownership sector","All establishment sizes",3,0,0,0,0,0,0,0
"45059",5,"4841",76,0,2007,3,"N","Laurens County, South Carolina","Private","General freight trucking","County, NAICS 4-digit -- by ownership sector","All establishment sizes",4,0,0,0,0,0,0,0
"45059",5,"4841",76,0,2007,4,"N","Laurens County, South Carolina","Private","General freight trucking","County, NAICS 4-digit -- by ownership sector","All establishment sizes",4,0,0,0,0,0,0,0
"45059",5,48412,77,0,2007,1,"N","Laurens County, South Carolina","Private","General freight trucking, long-distance","County, NAICS 5-digit -- by ownership sector","All establishment sizes",3,0,0,0,0,0,0,0
"45059",5,"48412",77,0,2007,2,"N","Laurens County, South Carolina","Private","General freight trucking, long-distance","County, NAICS 5-digit -- by ownership sector","All establishment sizes",3,0,0,0,0,0,0,0
"45059",5,"48412",77,0,2007,3,"N","Laurens County, South Carolina","Private","General freight trucking, long-distance","County, NAICS 5-digit -- by ownership sector","All establishment sizes",4,0,0,0,0,0,0,0
"45059",5,"48412",77,0,2007,4,"N","Laurens County, South Carolina","Private","General freight trucking, long-distance","County, NAICS 5-digit -- by ownership sector","All establishment sizes",4,0,0,0,0,0,0,0
"45059",5,484121,78,0,2007,1,"N","Laurens County, South Carolina","Private","General freight trucking, long-distance TL","County, NAICS 6-digit -- by ownership sector","All establishment sizes",3,0,0,0,0,0,0,0
"45059",5,"484121",78,0,2007,2,"N","Laurens County, South Carolina","Private","General freight trucking, long-distance TL","County, NAICS 6-digit -- by ownership sector","All establishment sizes",3,0,0,0,0,0,0,0
"45059",5,"484121",78,0,2007,3,"N","Laurens County, South Carolina","Private","General freight trucking, long-distance TL","County, NAICS 6-digit -- by ownership sector","All establishment sizes",4,0,0,0,0,0,0,0
"45059",5,"484121",78,0,2007,4,"N","Laurens County, South Carolina","Private","General freight trucking, long-distance TL","County, NAICS 6-digit -- by ownership sector","All establishment sizes",4,0,0,0,0,0,0,0
"45059",5,4842,76,0,2007,1,"N","Laurens County, South Carolina","Private","Specialized freight trucking","County, NAICS 4-digit -- by ownership sector","All establishment sizes",7,0,0,0,0,0,0,0
"45059",5,"4842",76,0,2007,2,"N","Laurens County, South Carolina","Private","Specialized freight trucking","County, NAICS 4-digit -- by ownership sector","All establishment sizes",7,0,0,0,0,0,0,0
"45059",5,"4842",76,0,2007,3,"N","Laurens County, South Carolina","Private","Specialized freight trucking","County, NAICS 4-digit -- by ownership sector","All establishment sizes",8,0,0,0,0,0,0,0
"45059",5,"4842",76,0,2007,4,"N","Laurens County, South Carolina","Private","Specialized freight trucking","County, NAICS 4-digit -- by ownership sector","All establishment sizes",8,0,0,0,0,0,0,0
"45059",5,48422,77,0,2007,1,"","Laurens County, South Carolina","Private","Other specialized trucking, local","County, NAICS 5-digit -- by ownership sector","All establishment sizes",5,88,89,88,1082469,599803,19278,943
"45059",5,"48422",77,0,2007,2,"","Laurens County, South Carolina","Private","Other specialized trucking, local","County, NAICS 5-digit -- by ownership sector","All establishment sizes",5,92,93,93,1149980,54290,1607,955
"45059",5,"48422",77,0,2007,3,"","Laurens County, South Carolina","Private","Other specialized trucking, local","County, NAICS 5-digit -- by ownership sector","All establishment sizes",6,98,101,106,1162349,60868,1903,879
"45059",5,"48422",77,0,2007,4,"","Laurens County, South Carolina","Private","Other specialized trucking, local","County, NAICS 5-digit -- by ownership sector","All establishment sizes",6,105,104,105,1181333,64690,2092,868
"45059",5,484220,78,0,2007,1,"","Laurens County, South Carolina","Private","Other specialized trucking, local","County, NAICS 6-digit -- by ownership sector","All establishment sizes",5,88,89,88,1082469,599803,19278,943
"45059",5,"484220",78,0,2007,2,"","Laurens County, South Carolina","Private","Other specialized trucking, local","County, NAICS 6-digit -- by ownership sector","All establishment sizes",5,92,93,93,1149980,54290,1607,955
"45059",5,"484220",78,0,2007,3,"","Laurens County, South Carolina","Private","Other specialized trucking, local","County, NAICS 6-digit -- by ownership sector","All establishment sizes",6,98,101,106,1162349,60868,1903,879
"45059",5,"484220",78,0,2007,4,"","Laurens County, South Carolina","Private","Other specialized trucking, local","County, NAICS 6-digit -- by ownership sector","All establishment sizes",6,105,104,105,1181333,64690,2092,868
"45059",5,48423,77,0,2007,1,"N","Laurens County, South Carolina","Private","Other specialized trucking, long-distance","County, NAICS 5-digit -- by ownership sector","All establishment sizes",2,0,0,0,0,0,0,0
"45059",5,"48423",77,0,2007,2,"N","Laurens County, South Carolina","Private","Other specialized trucking, long-distance","County, NAICS 5-digit -- by ownership sector","All establishment sizes",2,0,0,0,0,0,0,0
"45059",5,"48423",77,0,2007,3,"N","Laurens County, South Carolina","Private","Other specialized trucking, long-distance","County, NAICS 5-digit -- by ownership sector","All establishment sizes",2,0,0,0,0,0,0,0
"45059",5,"48423",77,0,2007,4,"N","Laurens County, South Carolina","Private","Other specialized trucking, long-distance","County, NAICS 5-digit -- by ownership sector","All establishment sizes",2,0,0,0,0,0,0,0
"45059",5,484230,78,0,2007,1,"N","Laurens County, South Carolina","Private","Other specialized trucking, long-distance","County, NAICS 6-digit -- by ownership sector","All establishment sizes",2,0,0,0,0,0,0,0
"45059",5,"484230",78,0,2007,2,"N","Laurens County, South Carolina","Private","Other specialized trucking, long-distance","County, NAICS 6-digit -- by ownership sector","All establishment sizes",2,0,0,0,0,0,0,0
"45059",5,"484230",78,0,2007,3,"N","Laurens County, South Carolina","Private","Other specialized trucking, long-distance","County, NAICS 6-digit -- by ownership sector","All establishment sizes",2,0,0,0,0,0,0,0
"45059",5,"484230",78,0,2007,4,"N","Laurens County, South Carolina","Private","Other specialized trucking, long-distance","County, NAICS 6-digit -- by ownership sector","All establishment sizes",2,0,0,0,0,0,0,0
"45059",5,485,75,0,2007,1,"N","Laurens County, South Carolina","Private","Transit and ground passenger transportation","County, NAICS 3-digit -- by ownership sector","All establishment sizes",1,0,0,0,0,0,0,0
"45059",5,"485",75,0,2007,2,"N","Laurens County, South Carolina","Private","Transit and ground passenger transportation","County, NAICS 3-digit -- by ownership sector","All establishment sizes",1,0,0,0,0,0,0,0
"45059",5,"485",75,0,2007,3,"N","Laurens County, South Carolina","Private","Transit and ground passenger transportation","County, NAICS 3-digit -- by ownership sector","All establishment sizes",1,0,0,0,0,0,0,0
"45059",5,"485",75,0,2007,4,"N","Laurens County, South Carolina","Private","Transit and ground passenger transportation","County, NAICS 3-digit -- by ownership sector","All establishment sizes",1,0,0,0,0,0,0,0
"45059",5,4855,76,0,2007,1,"N","Laurens County, South Carolina","Private","Charter bus industry","County, NAICS 4-digit -- by ownership sector","All establishment sizes",1,0,0,0,0,0,0,0
"45059",5,"4855",76,0,2007,2,"N","Laurens County, South Carolina","Private","Charter bus industry","County, NAICS 4-digit -- by ownership sector","All establishment sizes",1,0,0,0,0,0,0,0
"45059",5,"4855",76,0,2007,3,"N","Laurens County, South Carolina","Private","Charter bus industry","County, NAICS 4-digit -- by ownership sector","All establishment sizes",1,0,0,0,0,0,0,0
"45059",5,"4855",76,0,2007,4,"N","Laurens County, South Carolina","Private","Charter bus industry","County, NAICS 4-digit -- by ownership sector","All establishment sizes",1,0,0,0,0,0,0,0
"45059",5,48551,77,0,2007,1,"N","Laurens County, South Carolina","Private","Charter bus industry","County, NAICS 5-digit -- by ownership sector","All establishment sizes",1,0,0,0,0,0,0,0
"45059",5,"48551",77,0,2007,2,"N","Laurens County, South Carolina","Private","Charter bus industry","County, NAICS 5-digit -- by ownership sector","All establishment sizes",1,0,0,0,0,0,0,0
"45059",5,"48551",77,0,2007,3,"N","Laurens County, South Carolina","Private","Charter bus industry","County, NAICS 5-digit -- by ownership sector","All establishment sizes",1,0,0,0,0,0,0,0
"45059",5,"48551",77,0,2007,4,"N","Laurens County, South Carolina","Private","Charter bus industry","County, NAICS 5-digit -- by ownership sector","All establishment sizes",1,0,0,0,0,0,0,0
"45059",5,485510,78,0,2007,1,"N","Laurens County, South Carolina","Private","Charter bus industry","County, NAICS 6-digit -- by ownership sector","All establishment sizes",1,0,0,0,0,0,0,0
"45059",5,"485510",78,0,2007,2,"N","Laurens County, South Carolina","Private","Charter bus industry","County, NAICS 6-digit -- by ownership sector","All establishment sizes",1,0,0,0,0,0,0,0
"45059",5,"485510",78,0,2007,3,"N","Laurens County, South Carolina","Private","Charter bus industry","County, NAICS 6-digit -- by ownership sector","All establishment sizes",1,0,0,0,0,0,0,0
"45059",5,"485510",78,0,2007,4,"N","Laurens County, South Carolina","Private","Charter bus industry","County, NAICS 6-digit -- by ownership sector","All establishment sizes",1,0,0,0,0,0,0,0
"45059",5,488,75,0,2007,1,"","Laurens County, South Carolina","Private","Support activities for transportation","County, NAICS 3-digit -- by ownership sector","All establishment sizes",6,209,201,234,1331075,1151070,22253,477
"45059",5,"488",75,0,2007,2,"","Laurens County, South Carolina","Private","Support activities for transportation","County, NAICS 3-digit -- by ownership sector","All establishment sizes",7,218,214,218,1482234,400608,7575,526
"45059",5,"488",75,0,2007,3,"","Laurens County, South Carolina","Private","Support activities for transportation","County, NAICS 3-digit -- by ownership sector","All establishment sizes",6,211,206,218,1412580,184683,3454,513
"45059",5,"488",75,0,2007,4,"","Laurens County, South Carolina","Private","Support activities for transportation","County, NAICS 3-digit -- by ownership sector","All establishment sizes",6,215,216,215,1492155,211835,4245,533
"45059",5,4884,76,0,2007,1,"N","Laurens County, South Carolina","Private","Support activities for road transportation","County, NAICS 4-digit -- by ownership sector","All establishment sizes",5,0,0,0,0,0,0,0
"45059",5,"4884",76,0,2007,2,"N","Laurens County, South Carolina","Private","Support activities for road transportation","County, NAICS 4-digit -- by ownership sector","All establishment sizes",6,0,0,0,0,0,0,0
"45059",5,"4884",76,0,2007,3,"N","Laurens County, South Carolina","Private","Support activities for road transportation","County, NAICS 4-digit -- by ownership sector","All establishment sizes",5,0,0,0,0,0,0,0
"45059",5,"4884",76,0,2007,4,"N","Laurens County, South Carolina","Private","Support activities for road transportation","County, NAICS 4-digit -- by ownership sector","All establishment sizes",5,0,0,0,0,0,0,0
"45059",5,48841,77,0,2007,1,"N","Laurens County, South Carolina","Private","Motor vehicle towing","County, NAICS 5-digit -- by ownership sector","All establishment sizes",2,0,0,0,0,0,0,0
"45059",5,"48841",77,0,2007,2,"N","Laurens County, South Carolina","Private","Motor vehicle towing","County, NAICS 5-digit -- by ownership sector","All establishment sizes",3,0,0,0,0,0,0,0
"45059",5,"48841",77,0,2007,3,"N","Laurens County, South Carolina","Private","Motor vehicle towing","County, NAICS 5-digit -- by ownership sector","All establishment sizes",2,0,0,0,0,0,0,0
"45059",5,"48841",77,0,2007,4,"N","Laurens County, South Carolina","Private","Motor vehicle towing","County, NAICS 5-digit -- by ownership sector","All establishment sizes",2,0,0,0,0,0,0,0
"45059",5,488410,78,0,2007,1,"N","Laurens County, South Carolina","Private","Motor vehicle towing","County, NAICS 6-digit -- by ownership sector","All establishment sizes",2,0,0,0,0,0,0,0
"45059",5,"488410",78,0,2007,2,"N","Laurens County, South Carolina","Private","Motor vehicle towing","County, NAICS 6-digit -- by ownership sector","All establishment sizes",3,0,0,0,0,0,0,0
"45059",5,"488410",78,0,2007,3,"N","Laurens County, South Carolina","Private","Motor vehicle towing","County, NAICS 6-digit -- by ownership sector","All establishment sizes",2,0,0,0,0,0,0,0
"45059",5,"488410",78,0,2007,4,"N","Laurens County, South Carolina","Private","Motor vehicle towing","County, NAICS 6-digit -- by ownership sector","All establishment sizes",2,0,0,0,0,0,0,0
"45059",5,48849,77,0,2007,1,"","Laurens County, South Carolina","Private","Other support activities for road transport.","County, NAICS 5-digit -- by ownership sector","All establishment sizes",3,199,191,223,1294446,1114641,21801,487
"45059",5,"48849",77,0,2007,2,"","Laurens County, South Carolina","Private","Other support activities for road transport.","County, NAICS 5-digit -- by ownership sector","All establishment sizes",3,208,205,204,1435293,369194,7186,537
"45059",5,"48849",77,0,2007,3,"","Laurens County, South Carolina","Private","Other support activities for road transport.","County, NAICS 5-digit -- by ownership sector","All establishment sizes",3,201,197,207,1367631,157561,3117,522
"45059",5,"48849",77,0,2007,4,"","Laurens County, South Carolina","Private","Other support activities for road transport.","County, NAICS 5-digit -- by ownership sector","All establishment sizes",3,205,206,206,1448644,199224,4089,542
"45059",5,488490,78,0,2007,1,"","Laurens County, South Carolina","Private","Other support activities for road transport.","County, NAICS 6-digit -- by ownership sector","All establishment sizes",3,199,191,223,1294446,1114641,21801,487
"45059",5,"488490",78,0,2007,2,"","Laurens County, South Carolina","Private","Other support activities for road transport.","County, NAICS 6-digit -- by ownership sector","All establishment sizes",3,208,205,204,1435293,369194,7186,537
"45059",5,"488490",78,0,2007,3,"","Laurens County, South Carolina","Private","Other support activities for road transport.","County, NAICS 6-digit -- by ownership sector","All establishment sizes",3,201,197,207,1367631,157561,3117,522
"45059",5,"488490",78,0,2007,4,"","Laurens County, South Carolina","Private","Other support activities for road transport.","County, NAICS 6-digit -- by ownership sector","All establishment sizes",3,205,206,206,1448644,199224,4089,542
"45059",5,4885,76,0,2007,1,"N","Laurens County, South Carolina","Private","Freight transportation arrangement","County, NAICS 4-digit -- by ownership sector","All establishment sizes",1,0,0,0,0,0,0,0
"45059",5,"4885",76,0,2007,2,"N","Laurens County, South Carolina","Private","Freight transportation arrangement","County, NAICS 4-digit -- by ownership sector","All establishment sizes",1,0,0,0,0,0,0,0
"45059",5,"4885",76,0,2007,3,"N","Laurens County, South Carolina","Private","Freight transportation arrangement","County, NAICS 4-digit -- by ownership sector","All establishment sizes",1,0,0,0,0,0,0,0
"45059",5,"4885",76,0,2007,4,"N","Laurens County, South Carolina","Private","Freight transportation arrangement","County, NAICS 4-digit -- by ownership sector","All establishment sizes",1,0,0,0,0,0,0,0
"45059",5,48851,77,0,2007,1,"N","Laurens County, South Carolina","Private","Freight transportation arrangement","County, NAICS 5-digit -- by ownership sector","All establishment sizes",1,0,0,0,0,0,0,0
"45059",5,"48851",77,0,2007,2,"N","Laurens County, South Carolina","Private","Freight transportation arrangement","County, NAICS 5-digit -- by ownership sector","All establishment sizes",1,0,0,0,0,0,0,0
"45059",5,"48851",77,0,2007,3,"N","Laurens County, South Carolina","Private","Freight transportation arrangement","County, NAICS 5-digit -- by ownership sector","All establishment sizes",1,0,0,0,0,0,0,0
"45059",5,"48851",77,0,2007,4,"N","Laurens County, South Carolina","Private","Freight transportation arrangement","County, NAICS 5-digit -- by ownership sector","All establishment sizes",1,0,0,0,0,0,0,0
"45059",5,488510,78,0,2007,1,"N","Laurens County, South Carolina","Private","Freight transportation arrangement","County, NAICS 6-digit -- by ownership sector","All establishment sizes",1,0,0,0,0,0,0,0
"45059",5,"488510",78,0,2007,2,"N","Laurens County, South Carolina","Private","Freight transportation arrangement","County, NAICS 6-digit -- by ownership sector","All establishment sizes",1,0,0,0,0,0,0,0
"45059",5,"488510",78,0,2007,3,"N","Laurens County, South Carolina","Private","Freight transportation arrangement","County, NAICS 6-digit -- by ownership sector","All establishment sizes",1,0,0,0,0,0,0,0
"45059",5,"488510",78,0,2007,4,"N","Laurens County, South Carolina","Private","Freight transportation arrangement","County, NAICS 6-digit -- by ownership sector","All establishment sizes",1,0,0,0,0,0,0,0
"45059",5,493,75,0,2007,1,"N","Laurens County, South Carolina","Private","Warehousing and storage","County, NAICS 3-digit -- by ownership sector","All establishment sizes",4,0,0,0,0,0,0,0
"45059",5,"493",75,0,2007,2,"N","Laurens County, South Carolina","Private","Warehousing and storage","County, NAICS 3-digit -- by ownership sector","All establishment sizes",4,0,0,0,0,0,0,0
"45059",5,"493",75,0,2007,3,"N","Laurens County, South Carolina","Private","Warehousing and storage","County, NAICS 3-digit -- by ownership sector","All establishment sizes",3,0,0,0,0,0,0,0
"45059",5,"493",75,0,2007,4,"N","Laurens County, South Carolina","Private","Warehousing and storage","County, NAICS 3-digit -- by ownership sector","All establishment sizes",3,0,0,0,0,0,0,0
"45059",5,4931,76,0,2007,1,"N","Laurens County, South Carolina","Private","Warehousing and storage","County, NAICS 4-digit -- by ownership sector","All establishment sizes",4,0,0,0,0,0,0,0
"45059",5,"4931",76,0,2007,2,"N","Laurens County, South Carolina","Private","Warehousing and storage","County, NAICS 4-digit -- by ownership sector","All establishment sizes",4,0,0,0,0,0,0,0
"45059",5,"4931",76,0,2007,3,"N","Laurens County, South Carolina","Private","Warehousing and storage","County, NAICS 4-digit -- by ownership sector","All establishment sizes",3,0,0,0,0,0,0,0
"45059",5,"4931",76,0,2007,4,"N","Laurens County, South Carolina","Private","Warehousing and storage","County, NAICS 4-digit -- by ownership sector","All establishment sizes",3,0,0,0,0,0,0,0
"45059",5,49311,77,0,2007,1,"N","Laurens County, South Carolina","Private","General warehousing and storage","County, NAICS 5-digit -- by ownership sector","All establishment sizes",3,0,0,0,0,0,0,0
"45059",5,"49311",77,0,2007,2,"N","Laurens County, South Carolina","Private","General warehousing and storage","County, NAICS 5-digit -- by ownership sector","All establishment sizes",3,0,0,0,0,0,0,0
"45059",5,"49311",77,0,2007,3,"N","Laurens County, South Carolina","Private","General warehousing and storage","County, NAICS 5-digit -- by ownership sector","All establishment sizes",3,0,0,0,0,0,0,0
"45059",5,"49311",77,0,2007,4,"N","Laurens County, South Carolina","Private","General warehousing and storage","County, NAICS 5-digit -- by ownership sector","All establishment sizes",3,0,0,0,0,0,0,0
"45059",5,493110,78,0,2007,1,"N","Laurens County, South Carolina","Private","General warehousing and storage","County, NAICS 6-digit -- by ownership sector","All establishment sizes",3,0,0,0,0,0,0,0
"45059",5,"493110",78,0,2007,2,"N","Laurens County, South Carolina","Private","General warehousing and storage","County, NAICS 6-digit -- by ownership sector","All establishment sizes",3,0,0,0,0,0,0,0
"45059",5,"493110",78,0,2007,3,"N","Laurens County, South Carolina","Private","General warehousing and storage","County, NAICS 6-digit -- by ownership sector","All establishment sizes",3,0,0,0,0,0,0,0
"45059",5,"493110",78,0,2007,4,"N","Laurens County, South Carolina","Private","General warehousing and storage","County, NAICS 6-digit -- by ownership sector","All establishment sizes",3,0,0,0,0,0,0,0
"45059",5,49319,77,0,2007,1,"N","Laurens County, South Carolina","Private","Other warehousing and storage","County, NAICS 5-digit -- by ownership sector","All establishment sizes",1,0,0,0,0,0,0,0
"45059",5,"49319",77,0,2007,2,"N","Laurens County, South Carolina","Private","Other warehousing and storage","County, NAICS 5-digit -- by ownership sector","All establishment sizes",1,0,0,0,0,0,0,0
"45059",5,"49319",77,0,2007,3,"-","Laurens County, South Carolina","Private","Other warehousing and storage","County, NAICS 5-digit -- by ownership sector","All establishment sizes",0,0,0,0,0,0,0,0
"45059",5,"49319",77,0,2007,4,"-","Laurens County, South Carolina","Private","Other warehousing and storage","County, NAICS 5-digit -- by ownership sector","All establishment sizes",0,0,0,0,0,0,0,0
"45059",5,493190,78,0,2007,1,"N","Laurens County, South Carolina","Private","Other warehousing and storage","County, NAICS 6-digit -- by ownership sector","All establishment sizes",1,0,0,0,0,0,0,0
"45059",5,"493190",78,0,2007,2,"N","Laurens County, South Carolina","Private","Other warehousing and storage","County, NAICS 6-digit -- by ownership sector","All establishment sizes",1,0,0,0,0,0,0,0
"45059",5,"493190",78,0,2007,3,"-","Laurens County, South Carolina","Private","Other warehousing and storage","County, NAICS 6-digit -- by ownership sector","All establishment sizes",0,0,0,0,0,0,0,0
"45059",5,"493190",78,0,2007,4,"-","Laurens County, South Carolina","Private","Other warehousing and storage","County, NAICS 6-digit -- by ownership sector","All establishment sizes",0,0,0,0,0,0,0,0
"45059",5,51,74,0,2007,1,"","Laurens County, South Carolina","Private","Information","County, NAICS Sector -- by ownership sector","All establishment sizes",14,296,297,298,3075915,1919937,33590,797
"45059",5,"51",74,0,2007,2,"","Laurens County, South Carolina","Private","Information","County, NAICS Sector -- by ownership sector","All establishment sizes",14,297,301,304,3261942,301579,5376,835
"45059",5,"51",74,0,2007,3,"","Laurens County, South Carolina","Private","Information","County, NAICS Sector -- by ownership sector","All establishment sizes",14,313,311,316,3275363,216110,4159,804
"45059",5,"51",74,0,2007,4,"","Laurens County, South Carolina","Private","Information","County, NAICS Sector -- by ownership sector","All establishment sizes",14,313,318,321,3493895,133687,2295,847
"45059",5,511,75,0,2007,1,"","Laurens County, South Carolina","Private","Publishing industries, except Internet","County, NAICS 3-digit -- by ownership sector","All establishment sizes",4,46,46,47,271120,212816,2639,450
"45059",5,"511",75,0,2007,2,"","Laurens County, South Carolina","Private","Publishing industries, except Internet","County, NAICS 3-digit -- by ownership sector","All establishment sizes",4,46,44,45,270743,62479,775,463
"45059",5,"511",75,0,2007,3,"","Laurens County, South Carolina","Private","Publishing industries, except Internet","County, NAICS 3-digit -- by ownership sector","All establishment sizes",4,42,45,47,256040,44726,554,441
"45059",5,"511",75,0,2007,4,"","Laurens County, South Carolina","Private","Publishing industries, except Internet","County, NAICS 3-digit -- by ownership sector","All establishment sizes",4,46,47,51,294424,45654,566,472
"45059",5,5111,76,0,2007,1,"N","Laurens County, South Carolina","Private","Newspaper, book, and directory publishers","County, NAICS 4-digit -- by ownership sector","All establishment sizes",3,0,0,0,0,0,0,0
"45059",5,"5111",76,0,2007,2,"N","Laurens County, South Carolina","Private","Newspaper, book, and directory publishers","County, NAICS 4-digit -- by ownership sector","All establishment sizes",3,0,0,0,0,0,0,0
"45059",5,"5111",76,0,2007,3,"N","Laurens County, South Carolina","Private","Newspaper, book, and directory publishers","County, NAICS 4-digit -- by ownership sector","All establishment sizes",3,0,0,0,0,0,0,0
"45059",5,"5111",76,0,2007,4,"N","Laurens County, South Carolina","Private","Newspaper, book, and directory publishers","County, NAICS 4-digit -- by ownership sector","All establishment sizes",3,0,0,0,0,0,0,0
"45059",5,51111,77,0,2007,1,"N","Laurens County, South Carolina","Private","Newspaper publishers","County, NAICS 5-digit -- by ownership sector","All establishment sizes",2,0,0,0,0,0,0,0
"45059",5,"51111",77,0,2007,2,"N","Laurens County, South Carolina","Private","Newspaper publishers","County, NAICS 5-digit -- by ownership sector","All establishment sizes",2,0,0,0,0,0,0,0
"45059",5,"51111",77,0,2007,3,"N","Laurens County, South Carolina","Private","Newspaper publishers","County, NAICS 5-digit -- by ownership sector","All establishment sizes",2,0,0,0,0,0,0,0
"45059",5,"51111",77,0,2007,4,"N","Laurens County, South Carolina","Private","Newspaper publishers","County, NAICS 5-digit -- by ownership sector","All establishment sizes",2,0,0,0,0,0,0,0
"45059",5,511110,78,0,2007,1,"N","Laurens County, South Carolina","Private","Newspaper publishers","County, NAICS 6-digit -- by ownership sector","All establishment sizes",2,0,0,0,0,0,0,0
"45059",5,"511110",78,0,2007,2,"N","Laurens County, South Carolina","Private","Newspaper publishers","County, NAICS 6-digit -- by ownership sector","All establishment sizes",2,0,0,0,0,0,0,0
"45059",5,"511110",78,0,2007,3,"N","Laurens County, South Carolina","Private","Newspaper publishers","County, NAICS 6-digit -- by ownership sector","All establishment sizes",2,0,0,0,0,0,0,0
"45059",5,"511110",78,0,2007,4,"N","Laurens County, South Carolina","Private","Newspaper publishers","County, NAICS 6-digit -- by ownership sector","All establishment sizes",2,0,0,0,0,0,0,0
"45059",5,51112,77,0,2007,1,"N","Laurens County, South Carolina","Private","Periodical publishers","County, NAICS 5-digit -- by ownership sector","All establishment sizes",1,0,0,0,0,0,0,0
"45059",5,"51112",77,0,2007,2,"N","Laurens County, South Carolina","Private","Periodical publishers","County, NAICS 5-digit -- by ownership sector","All establishment sizes",1,0,0,0,0,0,0,0
"45059",5,"51112",77,0,2007,3,"N","Laurens County, South Carolina","Private","Periodical publishers","County, NAICS 5-digit -- by ownership sector","All establishment sizes",1,0,0,0,0,0,0,0
"45059",5,"51112",77,0,2007,4,"N","Laurens County, South Carolina","Private","Periodical publishers","County, NAICS 5-digit -- by ownership sector","All establishment sizes",1,0,0,0,0,0,0,0
"45059",5,511120,78,0,2007,1,"N","Laurens County, South Carolina","Private","Periodical publishers","County, NAICS 6-digit -- by ownership sector","All establishment sizes",1,0,0,0,0,0,0,0
"45059",5,"511120",78,0,2007,2,"N","Laurens County, South Carolina","Private","Periodical publishers","County, NAICS 6-digit -- by ownership sector","All establishment sizes",1,0,0,0,0,0,0,0
"45059",5,"511120",78,0,2007,3,"N","Laurens County, South Carolina","Private","Periodical publishers","County, NAICS 6-digit -- by ownership sector","All establishment sizes",1,0,0,0,0,0,0,0
"45059",5,"511120",78,0,2007,4,"N","Laurens County, South Carolina","Private","Periodical publishers","County, NAICS 6-digit -- by ownership sector","All establishment sizes",1,0,0,0,0,0,0,0
"45059",5,5112,76,0,2007,1,"N","Laurens County, South Carolina","Private","Software publishers","County, NAICS 4-digit -- by ownership sector","All establishment sizes",1,0,0,0,0,0,0,0
"45059",5,"5112",76,0,2007,2,"N","Laurens County, South Carolina","Private","Software publishers","County, NAICS 4-digit -- by ownership sector","All establishment sizes",1,0,0,0,0,0,0,0
"45059",5,"5112",76,0,2007,3,"N","Laurens County, South Carolina","Private","Software publishers","County, NAICS 4-digit -- by ownership sector","All establishment sizes",1,0,0,0,0,0,0,0
"45059",5,"5112",76,0,2007,4,"N","Laurens County, South Carolina","Private","Software publishers","County, NAICS 4-digit -- by ownership sector","All establishment sizes",1,0,0,0,0,0,0,0
"45059",5,51121,77,0,2007,1,"N","Laurens County, South Carolina","Private","Software publishers","County, NAICS 5-digit -- by ownership sector","All establishment sizes",1,0,0,0,0,0,0,0
"45059",5,"51121",77,0,2007,2,"N","Laurens County, South Carolina","Private","Software publishers","County, NAICS 5-digit -- by ownership sector","All establishment sizes",1,0,0,0,0,0,0,0
"45059",5,"51121",77,0,2007,3,"N","Laurens County, South Carolina","Private","Software publishers","County, NAICS 5-digit -- by ownership sector","All establishment sizes",1,0,0,0,0,0,0,0
"45059",5,"51121",77,0,2007,4,"N","Laurens County, South Carolina","Private","Software publishers","County, NAICS 5-digit -- by ownership sector","All establishment sizes",1,0,0,0,0,0,0,0
"45059",5,511210,78,0,2007,1,"N","Laurens County, South Carolina","Private","Software publishers","County, NAICS 6-digit -- by ownership sector","All establishment sizes",1,0,0,0,0,0,0,0
"45059",5,"511210",78,0,2007,2,"N","Laurens County, South Carolina","Private","Software publishers","County, NAICS 6-digit -- by ownership sector","All establishment sizes",1,0,0,0,0,0,0,0
"45059",5,"511210",78,0,2007,3,"N","Laurens County, South Carolina","Private","Software publishers","County, NAICS 6-digit -- by ownership sector","All establishment sizes",1,0,0,0,0,0,0,0
"45059",5,"511210",78,0,2007,4,"N","Laurens County, South Carolina","Private","Software publishers","County, NAICS 6-digit -- by ownership sector","All establishment sizes",1,0,0,0,0,0,0,0
"45059",5,515,75,0,2007,1,"N","Laurens County, South Carolina","Private","Broadcasting, except Internet","County, NAICS 3-digit -- by ownership sector","All establishment sizes",2,0,0,0,0,0,0,0
"45059",5,"515",75,0,2007,2,"N","Laurens County, South Carolina","Private","Broadcasting, except Internet","County, NAICS 3-digit -- by ownership sector","All establishment sizes",2,0,0,0,0,0,0,0
"45059",5,"515",75,0,2007,3,"N","Laurens County, South Carolina","Private","Broadcasting, except Internet","County, NAICS 3-digit -- by ownership sector","All establishment sizes",2,0,0,0,0,0,0,0
"45059",5,"515",75,0,2007,4,"N","Laurens County, South Carolina","Private","Broadcasting, except Internet","County, NAICS 3-digit -- by ownership sector","All establishment sizes",2,0,0,0,0,0,0,0
"45059",5,5151,76,0,2007,1,"N","Laurens County, South Carolina","Private","Radio and television broadcasting","County, NAICS 4-digit -- by ownership sector","All establishment sizes",2,0,0,0,0,0,0,0
"45059",5,"5151",76,0,2007,2,"N","Laurens County, South Carolina","Private","Radio and television broadcasting","County, NAICS 4-digit -- by ownership sector","All establishment sizes",2,0,0,0,0,0,0,0
"45059",5,"5151",76,0,2007,3,"N","Laurens County, South Carolina","Private","Radio and television broadcasting","County, NAICS 4-digit -- by ownership sector","All establishment sizes",2,0,0,0,0,0,0,0
"45059",5,"5151",76,0,2007,4,"N","Laurens County, South Carolina","Private","Radio and television broadcasting","County, NAICS 4-digit -- by ownership sector","All establishment sizes",2,0,0,0,0,0,0,0
"45059",5,51511,77,0,2007,1,"N","Laurens County, South Carolina","Private","Radio broadcasting","County, NAICS 5-digit -- by ownership sector","All establishment sizes",2,0,0,0,0,0,0,0
"45059",5,"51511",77,0,2007,2,"N","Laurens County, South Carolina","Private","Radio broadcasting","County, NAICS 5-digit -- by ownership sector","All establishment sizes",2,0,0,0,0,0,0,0
"45059",5,"51511",77,0,2007,3,"N","Laurens County, South Carolina","Private","Radio broadcasting","County, NAICS 5-digit -- by ownership sector","All establishment sizes",2,0,0,0,0,0,0,0
"45059",5,"51511",77,0,2007,4,"N","Laurens County, South Carolina","Private","Radio broadcasting","County, NAICS 5-digit -- by ownership sector","All establishment sizes",2,0,0,0,0,0,0,0
"45059",5,515112,78,0,2007,1,"N","Laurens County, South Carolina","Private","Radio stations","County, NAICS 6-digit -- by ownership sector","All establishment sizes",2,0,0,0,0,0,0,0
"45059",5,"515112",78,0,2007,2,"N","Laurens County, South Carolina","Private","Radio stations","County, NAICS 6-digit -- by ownership sector","All establishment sizes",2,0,0,0,0,0,0,0
"45059",5,"515112",78,0,2007,3,"N","Laurens County, South Carolina","Private","Radio stations","County, NAICS 6-digit -- by ownership sector","All establishment sizes",2,0,0,0,0,0,0,0
"45059",5,"515112",78,0,2007,4,"N","Laurens County, South Carolina","Private","Radio stations","County, NAICS 6-digit -- by ownership sector","All establishment sizes",2,0,0,0,0,0,0,0
"45059",5,517,75,0,2007,1,"","Laurens County, South Carolina","Private","Telecommunications","County, NAICS 3-digit -- by ownership sector","All establishment sizes",6,221,222,221,2647542,1598107,29046,920
"45059",5,"517",75,0,2007,2,"","Laurens County, South Carolina","Private","Telecommunications","County, NAICS 3-digit -- by ownership sector","All establishment sizes",6,220,224,227,2815469,186489,3677,968
"45059",5,"517",75,0,2007,3,"","Laurens County, South Carolina","Private","Telecommunications","County, NAICS 3-digit -- by ownership sector","All establishment sizes",6,234,230,233,2850007,147626,3217,944
"45059",5,"517",75,0,2007,4,"","Laurens County, South Carolina","Private","Telecommunications","County, NAICS 3-digit -- by ownership sector","All establishment sizes",6,231,234,232,3000570,62724,1327,993
"45059",5,5171,76,0,2007,1,"","Laurens County, South Carolina","Private","Wired telecommunications carriers","County, NAICS 4-digit -- by ownership sector","All establishment sizes",3,214,215,214,2558928,1550690,28287,918
"45059",5,"5171",76,0,2007,2,"","Laurens County, South Carolina","Private","Wired telecommunications carriers","County, NAICS 4-digit -- by ownership sector","All establishment sizes",3,213,217,220,2717721,183619,3623,965
"45059",5,"5171",76,0,2007,3,"","Laurens County, South Carolina","Private","Wired telecommunications carriers","County, NAICS 4-digit -- by ownership sector","All establishment sizes",3,227,222,224,2758740,145130,3171,946
"45059",5,"5171",76,0,2007,4,"","Laurens County, South Carolina","Private","Wired telecommunications carriers","County, NAICS 4-digit -- by ownership sector","All establishment sizes",3,224,226,225,2917486,59885,1274,997
"45059",5,51711,77,0,2007,1,"","Laurens County, South Carolina","Private","Wired telecommunications carriers","County, NAICS 5-digit -- by ownership sector","All establishment sizes",3,214,215,214,2558928,1550690,28287,918
"45059",5,"51711",77,0,2007,2,"","Laurens County, South Carolina","Private","Wired telecommunications carriers","County, NAICS 5-digit -- by ownership sector","All establishment sizes",3,213,217,220,2717721,183619,3623,965
"45059",5,"51711",77,0,2007,3,"","Laurens County, South Carolina","Private","Wired telecommunications carriers","County, NAICS 5-digit -- by ownership sector","All establishment sizes",3,227,222,224,2758740,145130,3171,946
"45059",5,"51711",77,0,2007,4,"","Laurens County, South Carolina","Private","Wired telecommunications carriers","County, NAICS 5-digit -- by ownership sector","All establishment sizes",3,224,226,225,2917486,59885,1274,997
"45059",5,517110,78,0,2007,1,"","Laurens County, South Carolina","Private","Wired telecommunications carriers","County, NAICS 6-digit -- by ownership sector","All establishment sizes",3,214,215,214,2558928,1550690,28287,918
"45059",5,"517110",78,0,2007,2,"","Laurens County, South Carolina","Private","Wired telecommunications carriers","County, NAICS 6-digit -- by ownership sector","All establishment sizes",3,213,217,220,2717721,183619,3623,965
"45059",5,"517110",78,0,2007,3,"","Laurens County, South Carolina","Private","Wired telecommunications carriers","County, NAICS 6-digit -- by ownership sector","All establishment sizes",3,227,222,224,2758740,145130,3171,946
"45059",5,"517110",78,0,2007,4,"","Laurens County, South Carolina","Private","Wired telecommunications carriers","County, NAICS 6-digit -- by ownership sector","All establishment sizes",3,224,226,225,2917486,59885,1274,997
"45059",5,5172,76,0,2007,1,"N","Laurens County, South Carolina","Private","Wireless telecommunications carriers","County, NAICS 4-digit -- by ownership sector","All establishment sizes",2,0,0,0,0,0,0,0
"45059",5,"5172",76,0,2007,2,"N","Laurens County, South Carolina","Private","Wireless telecommunications carriers","County, NAICS 4-digit -- by ownership sector","All establishment sizes",2,0,0,0,0,0,0,0
"45059",5,"5172",76,0,2007,3,"N","Laurens County, South Carolina","Private","Wireless telecommunications carriers","County, NAICS 4-digit -- by ownership sector","All establishment sizes",2,0,0,0,0,0,0,0
"45059",5,"5172",76,0,2007,4,"N","Laurens County, South Carolina","Private","Wireless telecommunications carriers","County, NAICS 4-digit -- by ownership sector","All establishment sizes",2,0,0,0,0,0,0,0
"45059",5,51721,77,0,2007,1,"N","Laurens County, South Carolina","Private","Wireless telecommunications carriers","County, NAICS 5-digit -- by ownership sector","All establishment sizes",2,0,0,0,0,0,0,0
"45059",5,"51721",77,0,2007,2,"N","Laurens County, South Carolina","Private","Wireless telecommunications carriers","County, NAICS 5-digit -- by ownership sector","All establishment sizes",2,0,0,0,0,0,0,0
"45059",5,"51721",77,0,2007,3,"N","Laurens County, South Carolina","Private","Wireless telecommunications carriers","County, NAICS 5-digit -- by ownership sector","All establishment sizes",2,0,0,0,0,0,0,0
"45059",5,"51721",77,0,2007,4,"N","Laurens County, South Carolina","Private","Wireless telecommunications carriers","County, NAICS 5-digit -- by ownership sector","All establishment sizes",2,0,0,0,0,0,0,0
"45059",5,517210,78,0,2007,1,"N","Laurens County, South Carolina","Private","Wireless telecommunications carriers","County, NAICS 6-digit -- by ownership sector","All establishment sizes",2,0,0,0,0,0,0,0
"45059",5,"517210",78,0,2007,2,"N","Laurens County, South Carolina","Private","Wireless telecommunications carriers","County, NAICS 6-digit -- by ownership sector","All establishment sizes",2,0,0,0,0,0,0,0
"45059",5,"517210",78,0,2007,3,"N","Laurens County, South Carolina","Private","Wireless telecommunications carriers","County, NAICS 6-digit -- by ownership sector","All establishment sizes",2,0,0,0,0,0,0,0
"45059",5,"517210",78,0,2007,4,"N","Laurens County, South Carolina","Private","Wireless telecommunications carriers","County, NAICS 6-digit -- by ownership sector","All establishment sizes",2,0,0,0,0,0,0,0
"45059",5,5179,76,0,2007,1,"N","Laurens County, South Carolina","Private","Other telecommunications","County, NAICS 4-digit -- by ownership sector","All establishment sizes",1,0,0,0,0,0,0,0
"45059",5,"5179",76,0,2007,2,"N","Laurens County, South Carolina","Private","Other telecommunications","County, NAICS 4-digit -- by ownership sector","All establishment sizes",1,0,0,0,0,0,0,0
"45059",5,"5179",76,0,2007,3,"N","Laurens County, South Carolina","Private","Other telecommunications","County, NAICS 4-digit -- by ownership sector","All establishment sizes",1,0,0,0,0,0,0,0
"45059",5,"5179",76,0,2007,4,"N","Laurens County, South Carolina","Private","Other telecommunications","County, NAICS 4-digit -- by ownership sector","All establishment sizes",1,0,0,0,0,0,0,0
"45059",5,51791,77,0,2007,1,"N","Laurens County, South Carolina","Private","Other telecommunications","County, NAICS 5-digit -- by ownership sector","All establishment sizes",1,0,0,0,0,0,0,0
"45059",5,"51791",77,0,2007,2,"N","Laurens County, South Carolina","Private","Other telecommunications","County, NAICS 5-digit -- by ownership sector","All establishment sizes",1,0,0,0,0,0,0,0
"45059",5,"51791",77,0,2007,3,"N","Laurens County, South Carolina","Private","Other telecommunications","County, NAICS 5-digit -- by ownership sector","All establishment sizes",1,0,0,0,0,0,0,0
"45059",5,"51791",77,0,2007,4,"N","Laurens County, South Carolina","Private","Other telecommunications","County, NAICS 5-digit -- by ownership sector","All establishment sizes",1,0,0,0,0,0,0,0
"45059",5,517911,78,0,2007,1,"N","Laurens County, South Carolina","Private","Telecommunications resellers","County, NAICS 6-digit -- by ownership sector","All establishment sizes",1,0,0,0,0,0,0,0
"45059",5,"517911",78,0,2007,2,"N","Laurens County, South Carolina","Private","Telecommunications resellers","County, NAICS 6-digit -- by ownership sector","All establishment sizes",1,0,0,0,0,0,0,0
"45059",5,"517911",78,0,2007,3,"N","Laurens County, South Carolina","Private","Telecommunications resellers","County, NAICS 6-digit -- by ownership sector","All establishment sizes",1,0,0,0,0,0,0,0
"45059",5,"517911",78,0,2007,4,"N","Laurens County, South Carolina","Private","Telecommunications resellers","County, NAICS 6-digit -- by ownership sector","All establishment sizes",1,0,0,0,0,0,0,0
"45059",5,518,75,0,2007,1,"N","Laurens County, South Carolina","Private","Data processing, hosting and related services","County, NAICS 3-digit -- by ownership sector","All establishment sizes",1,0,0,0,0,0,0,0
"45059",5,"518",75,0,2007,2,"N","Laurens County, South Carolina","Private","Data processing, hosting and related services","County, NAICS 3-digit -- by ownership sector","All establishment sizes",1,0,0,0,0,0,0,0
"45059",5,"518",75,0,2007,3,"N","Laurens County, South Carolina","Private","Data processing, hosting and related services","County, NAICS 3-digit -- by ownership sector","All establishment sizes",1,0,0,0,0,0,0,0
"45059",5,"518",75,0,2007,4,"N","Laurens County, South Carolina","Private","Data processing, hosting and related services","County, NAICS 3-digit -- by ownership sector","All establishment sizes",1,0,0,0,0,0,0,0
"45059",5,5182,76,0,2007,1,"N","Laurens County, South Carolina","Private","Data processing, hosting and related services","County, NAICS 4-digit -- by ownership sector","All establishment sizes",1,0,0,0,0,0,0,0
"45059",5,"5182",76,0,2007,2,"N","Laurens County, South Carolina","Private","Data processing, hosting and related services","County, NAICS 4-digit -- by ownership sector","All establishment sizes",1,0,0,0,0,0,0,0
"45059",5,"5182",76,0,2007,3,"N","Laurens County, South Carolina","Private","Data processing, hosting and related services","County, NAICS 4-digit -- by ownership sector","All establishment sizes",1,0,0,0,0,0,0,0
"45059",5,"5182",76,0,2007,4,"N","Laurens County, South Carolina","Private","Data processing, hosting and related services","County, NAICS 4-digit -- by ownership sector","All establishment sizes",1,0,0,0,0,0,0,0
"45059",5,51821,77,0,2007,1,"N","Laurens County, South Carolina","Private","Data processing, hosting and related services","County, NAICS 5-digit -- by ownership sector","All establishment sizes",1,0,0,0,0,0,0,0
"45059",5,"51821",77,0,2007,2,"N","Laurens County, South Carolina","Private","Data processing, hosting and related services","County, NAICS 5-digit -- by ownership sector","All establishment sizes",1,0,0,0,0,0,0,0
"45059",5,"51821",77,0,2007,3,"N","Laurens County, South Carolina","Private","Data processing, hosting and related services","County, NAICS 5-digit -- by ownership sector","All establishment sizes",1,0,0,0,0,0,0,0
"45059",5,"51821",77,0,2007,4,"N","Laurens County, South Carolina","Private","Data processing, hosting and related services","County, NAICS 5-digit -- by ownership sector","All establishment sizes",1,0,0,0,0,0,0,0
"45059",5,518210,78,0,2007,1,"N","Laurens County, South Carolina","Private","Data processing, hosting and related services","County, NAICS 6-digit -- by ownership sector","All establishment sizes",1,0,0,0,0,0,0,0
"45059",5,"518210",78,0,2007,2,"N","Laurens County, South Carolina","Private","Data processing, hosting and related services","County, NAICS 6-digit -- by ownership sector","All establishment sizes",1,0,0,0,0,0,0,0
"45059",5,"518210",78,0,2007,3,"N","Laurens County, South Carolina","Private","Data processing, hosting and related services","County, NAICS 6-digit -- by ownership sector","All establishment sizes",1,0,0,0,0,0,0,0
"45059",5,"518210",78,0,2007,4,"N","Laurens County, South Carolina","Private","Data processing, hosting and related services","County, NAICS 6-digit -- by ownership sector","All establishment sizes",1,0,0,0,0,0,0,0
"45059",5,519,75,0,2007,1,"N","Laurens County, South Carolina","Private","Other information services","County, NAICS 3-digit -- by ownership sector","All establishment sizes",1,0,0,0,0,0,0,0
"45059",5,"519",75,0,2007,2,"N","Laurens County, South Carolina","Private","Other information services","County, NAICS 3-digit -- by ownership sector","All establishment sizes",1,0,0,0,0,0,0,0
"45059",5,"519",75,0,2007,3,"N","Laurens County, South Carolina","Private","Other information services","County, NAICS 3-digit -- by ownership sector","All establishment sizes",1,0,0,0,0,0,0,0
"45059",5,"519",75,0,2007,4,"N","Laurens County, South Carolina","Private","Other information services","County, NAICS 3-digit -- by ownership sector","All establishment sizes",1,0,0,0,0,0,0,0
"45059",5,5191,76,0,2007,1,"N","Laurens County, South Carolina","Private","Other information services","County, NAICS 4-digit -- by ownership sector","All establishment sizes",1,0,0,0,0,0,0,0
"45059",5,"5191",76,0,2007,2,"N","Laurens County, South Carolina","Private","Other information services","County, NAICS 4-digit -- by ownership sector","All establishment sizes",1,0,0,0,0,0,0,0
"45059",5,"5191",76,0,2007,3,"N","Laurens County, South Carolina","Private","Other information services","County, NAICS 4-digit -- by ownership sector","All establishment sizes",1,0,0,0,0,0,0,0
"45059",5,"5191",76,0,2007,4,"N","Laurens County, South Carolina","Private","Other information services","County, NAICS 4-digit -- by ownership sector","All establishment sizes",1,0,0,0,0,0,0,0
"45059",5,51919,77,0,2007,1,"N","Laurens County, South Carolina","Private","All other information services","County, NAICS 5-digit -- by ownership sector","All establishment sizes",1,0,0,0,0,0,0,0
"45059",5,"51919",77,0,2007,2,"N","Laurens County, South Carolina","Private","All other information services","County, NAICS 5-digit -- by ownership sector","All establishment sizes",1,0,0,0,0,0,0,0
"45059",5,"51919",77,0,2007,3,"N","Laurens County, South Carolina","Private","All other information services","County, NAICS 5-digit -- by ownership sector","All establishment sizes",1,0,0,0,0,0,0,0
"45059",5,"51919",77,0,2007,4,"N","Laurens County, South Carolina","Private","All other information services","County, NAICS 5-digit -- by ownership sector","All establishment sizes",1,0,0,0,0,0,0,0
"45059",5,519190,78,0,2007,1,"N","Laurens County, South Carolina","Private","All other information services","County, NAICS 6-digit -- by ownership sector","All establishment sizes",1,0,0,0,0,0,0,0
"45059",5,"519190",78,0,2007,2,"N","Laurens County, South Carolina","Private","All other information services","County, NAICS 6-digit -- by ownership sector","All establishment sizes",1,0,0,0,0,0,0,0
"45059",5,"519190",78,0,2007,3,"N","Laurens County, South Carolina","Private","All other information services","County, NAICS 6-digit -- by ownership sector","All establishment sizes",1,0,0,0,0,0,0,0
"45059",5,"519190",78,0,2007,4,"N","Laurens County, South Carolina","Private","All other information services","County, NAICS 6-digit -- by ownership sector","All establishment sizes",1,0,0,0,0,0,0,0
"45059",5,52,74,0,2007,1,"","Laurens County, South Carolina","Private","Finance and insurance","County, NAICS Sector -- by ownership sector","All establishment sizes",62,271,270,280,2498742,1452675,21087,702
"45059",5,"52",74,0,2007,2,"","Laurens County, South Carolina","Private","Finance and insurance","County, NAICS Sector -- by ownership sector","All establishment sizes",62,279,279,270,2200905,291537,4580,613
"45059",5,"52",74,0,2007,3,"","Laurens County, South Carolina","Private","Finance and insurance","County, NAICS Sector -- by ownership sector","All establishment sizes",61,263,272,271,2259591,185424,2935,647
"45059",5,"52",74,0,2007,4,"","Laurens County, South Carolina","Private","Finance and insurance","County, NAICS Sector -- by ownership sector","All establishment sizes",63,268,264,270,2314869,194308,3434,666
"45059",5,522,75,0,2007,1,"","Laurens County, South Carolina","Private","Credit intermediation and related activities","County, NAICS 3-digit -- by ownership sector","All establishment sizes",43,203,201,203,1907283,1080397,15067,725
"45059",5,"522",75,0,2007,2,"","Laurens County, South Carolina","Private","Credit intermediation and related activities","County, NAICS 3-digit -- by ownership sector","All establishment sizes",44,200,198,204,1641731,189178,2903,629
"45059",5,"522",75,0,2007,3,"","Laurens County, South Carolina","Private","Credit intermediation and related activities","County, NAICS 3-digit -- by ownership sector","All establishment sizes",44,200,206,205,1677640,136173,2089,634
"45059",5,"522",75,0,2007,4,"","Laurens County, South Carolina","Private","Credit intermediation and related activities","County, NAICS 3-digit -- by ownership sector","All establishment sizes",46,203,199,205,1682303,129556,2233,640
"45059",5,5221,76,0,2007,1,"","Laurens County, South Carolina","Private","Depository credit intermediation","County, NAICS 4-digit -- by ownership sector","All establishment sizes",11,98,97,97,1044265,553537,6863,825
"45059",5,"5221",76,0,2007,2,"","Laurens County, South Carolina","Private","Depository credit intermediation","County, NAICS 4-digit -- by ownership sector","All establishment sizes",12,96,95,113,877361,78758,978,666
"45059",5,"5221",76,0,2007,3,"","Laurens County, South Carolina","Private","Depository credit intermediation","County, NAICS 4-digit -- by ownership sector","All establishment sizes",12,110,109,108,973684,51445,637,687
"45059",5,"5221",76,0,2007,4,"","Laurens County, South Carolina","Private","Depository credit intermediation","County, NAICS 4-digit -- by ownership sector","All establishment sizes",14,107,106,107,977192,33442,415,705
"45059",5,52211,77,0,2007,1,"","Laurens County, South Carolina","Private","Commercial banking","County, NAICS 5-digit -- by ownership sector","All establishment sizes",8,74,73,73,837169,407014,5047,878
"45059",5,"52211",77,0,2007,2,"","Laurens County, South Carolina","Private","Commercial banking","County, NAICS 5-digit -- by ownership sector","All establishment sizes",9,72,72,87,672108,56373,700,671
"45059",5,"52211",77,0,2007,3,"","Laurens County, South Carolina","Private","Commercial banking","County, NAICS 5-digit -- by ownership sector","All establishment sizes",9,85,82,82,762339,38068,471,707
"45059",5,"52211",77,0,2007,4,"","Laurens County, South Carolina","Private","Commercial banking","County, NAICS 5-digit -- by ownership sector","All establishment sizes",9,83,82,83,732034,28184,350,681
"45059",5,522110,78,0,2007,1,"","Laurens County, South Carolina","Private","Commercial banking","County, NAICS 6-digit -- by ownership sector","All establishment sizes",8,74,73,73,837169,407014,5047,878
"45059",5,"522110",78,0,2007,2,"","Laurens County, South Carolina","Private","Commercial banking","County, NAICS 6-digit -- by ownership sector","All establishment sizes",9,72,72,87,672108,56373,700,671
"45059",5,"522110",78,0,2007,3,"","Laurens County, South Carolina","Private","Commercial banking","County, NAICS 6-digit -- by ownership sector","All establishment sizes",9,85,82,82,762339,38068,471,707
"45059",5,"522110",78,0,2007,4,"","Laurens County, South Carolina","Private","Commercial banking","County, NAICS 6-digit -- by ownership sector","All establishment sizes",9,83,82,83,732034,28184,350,681
"45059",5,52212,77,0,2007,1,"N","Laurens County, South Carolina","Private","Savings institutions","County, NAICS 5-digit -- by ownership sector","All establishment sizes",1,0,0,0,0,0,0,0
"45059",5,"52212",77,0,2007,2,"N","Laurens County, South Carolina","Private","Savings institutions","County, NAICS 5-digit -- by ownership sector","All establishment sizes",1,0,0,0,0,0,0,0
"45059",5,"52212",77,0,2007,3,"N","Laurens County, South Carolina","Private","Savings institutions","County, NAICS 5-digit -- by ownership sector","All establishment sizes",1,0,0,0,0,0,0,0
"45059",5,"52212",77,0,2007,4,"N","Laurens County, South Carolina","Private","Savings institutions","County, NAICS 5-digit -- by ownership sector","All establishment sizes",1,0,0,0,0,0,0,0
"45059",5,522120,78,0,2007,1,"N","Laurens County, South Carolina","Private","Savings institutions","County, NAICS 6-digit -- by ownership sector","All establishment sizes",1,0,0,0,0,0,0,0
"45059",5,"522120",78,0,2007,2,"N","Laurens County, South Carolina","Private","Savings institutions","County, NAICS 6-digit -- by ownership sector","All establishment sizes",1,0,0,0,0,0,0,0
"45059",5,"522120",78,0,2007,3,"N","Laurens County, South Carolina","Private","Savings institutions","County, NAICS 6-digit -- by ownership sector","All establishment sizes",1,0,0,0,0,0,0,0
"45059",5,"522120",78,0,2007,4,"N","Laurens County, South Carolina","Private","Savings institutions","County, NAICS 6-digit -- by ownership sector","All establishment sizes",1,0,0,0,0,0,0,0
"45059",5,52213,77,0,2007,1,"N","Laurens County, South Carolina","Private","Credit unions","County, NAICS 5-digit -- by ownership sector","All establishment sizes",2,0,0,0,0,0,0,0
"45059",5,"52213",77,0,2007,2,"N","Laurens County, South Carolina","Private","Credit unions","County, NAICS 5-digit -- by ownership sector","All establishment sizes",2,0,0,0,0,0,0,0
"45059",5,"52213",77,0,2007,3,"N","Laurens County, South Carolina","Private","Credit unions","County, NAICS 5-digit -- by ownership sector","All establishment sizes",2,0,0,0,0,0,0,0
"45059",5,"52213",77,0,2007,4,"N","Laurens County, South Carolina","Private","Credit unions","County, NAICS 5-digit -- by ownership sector","All establishment sizes",4,0,0,0,0,0,0,0
"45059",5,522130,78,0,2007,1,"N","Laurens County, South Carolina","Private","Credit unions","County, NAICS 6-digit -- by ownership sector","All establishment sizes",2,0,0,0,0,0,0,0
"45059",5,"522130",78,0,2007,2,"N","Laurens County, South Carolina","Private","Credit unions","County, NAICS 6-digit -- by ownership sector","All establishment sizes",2,0,0,0,0,0,0,0
"45059",5,"522130",78,0,2007,3,"N","Laurens County, South Carolina","Private","Credit unions","County, NAICS 6-digit -- by ownership sector","All establishment sizes",2,0,0,0,0,0,0,0
"45059",5,"522130",78,0,2007,4,"N","Laurens County, South Carolina","Private","Credit unions","County, NAICS 6-digit -- by ownership sector","All establishment sizes",4,0,0,0,0,0,0,0
"45059",5,5222,76,0,2007,1,"","Laurens County, South Carolina","Private","Nondepository credit intermediation","County, NAICS 4-digit -- by ownership sector","All establishment sizes",26,79,78,81,723447,409141,5793,701
"45059",5,"5222",76,0,2007,2,"","Laurens County, South Carolina","Private","Nondepository credit intermediation","County, NAICS 4-digit -- by ownership sector","All establishment sizes",26,81,81,67,657556,72912,1109,663
"45059",5,"5222",76,0,2007,3,"","Laurens County, South Carolina","Private","Nondepository credit intermediation","County, NAICS 4-digit -- by ownership sector","All establishment sizes",26,65,72,71,574535,58307,867,637
"45059",5,"5222",76,0,2007,4,"","Laurens County, South Carolina","Private","Nondepository credit intermediation","County, NAICS 4-digit -- by ownership sector","All establishment sizes",26,71,68,73,585598,66741,1166,637
"45059",5,52221,77,0,2007,1,"N","Laurens County, South Carolina","Private","Credit card issuing","County, NAICS 5-digit -- by ownership sector","All establishment sizes",2,0,0,0,0,0,0,0
"45059",5,"52221",77,0,2007,2,"N","Laurens County, South Carolina","Private","Credit card issuing","County, NAICS 5-digit -- by ownership sector","All establishment sizes",2,0,0,0,0,0,0,0
"45059",5,"52221",77,0,2007,3,"N","Laurens County, South Carolina","Private","Credit card issuing","County, NAICS 5-digit -- by ownership sector","All establishment sizes",2,0,0,0,0,0,0,0
"45059",5,"52221",77,0,2007,4,"N","Laurens County, South Carolina","Private","Credit card issuing","County, NAICS 5-digit -- by ownership sector","All establishment sizes",2,0,0,0,0,0,0,0
"45059",5,522210,78,0,2007,1,"N","Laurens County, South Carolina","Private","Credit card issuing","County, NAICS 6-digit -- by ownership sector","All establishment sizes",2,0,0,0,0,0,0,0
"45059",5,"522210",78,0,2007,2,"N","Laurens County, South Carolina","Private","Credit card issuing","County, NAICS 6-digit -- by ownership sector","All establishment sizes",2,0,0,0,0,0,0,0
"45059",5,"522210",78,0,2007,3,"N","Laurens County, South Carolina","Private","Credit card issuing","County, NAICS 6-digit -- by ownership sector","All establishment sizes",2,0,0,0,0,0,0,0
"45059",5,"522210",78,0,2007,4,"N","Laurens County, South Carolina","Private","Credit card issuing","County, NAICS 6-digit -- by ownership sector","All establishment sizes",2,0,0,0,0,0,0,0
"45059",5,52222,77,0,2007,1,"N","Laurens County, South Carolina","Private","Sales financing","County, NAICS 5-digit -- by ownership sector","All establishment sizes",3,0,0,0,0,0,0,0
"45059",5,"52222",77,0,2007,2,"N","Laurens County, South Carolina","Private","Sales financing","County, NAICS 5-digit -- by ownership sector","All establishment sizes",3,0,0,0,0,0,0,0
"45059",5,"52222",77,0,2007,3,"N","Laurens County, South Carolina","Private","Sales financing","County, NAICS 5-digit -- by ownership sector","All establishment sizes",3,0,0,0,0,0,0,0
"45059",5,"52222",77,0,2007,4,"N","Laurens County, South Carolina","Private","Sales financing","County, NAICS 5-digit -- by ownership sector","All establishment sizes",3,0,0,0,0,0,0,0
"45059",5,522220,78,0,2007,1,"N","Laurens County, South Carolina","Private","Sales financing","County, NAICS 6-digit -- by ownership sector","All establishment sizes",3,0,0,0,0,0,0,0
"45059",5,"522220",78,0,2007,2,"N","Laurens County, South Carolina","Private","Sales financing","County, NAICS 6-digit -- by ownership sector","All establishment sizes",3,0,0,0,0,0,0,0
"45059",5,"522220",78,0,2007,3,"N","Laurens County, South Carolina","Private","Sales financing","County, NAICS 6-digit -- by ownership sector","All establishment sizes",3,0,0,0,0,0,0,0
"45059",5,"522220",78,0,2007,4,"N","Laurens County, South Carolina","Private","Sales financing","County, NAICS 6-digit -- by ownership sector","All establishment sizes",3,0,0,0,0,0,0,0
"45059",5,52229,77,0,2007,1,"","Laurens County, South Carolina","Private","Other nondepository credit intermediation","County, NAICS 5-digit -- by ownership sector","All establishment sizes",21,52,52,53,443924,292911,4205,653
"45059",5,"52229",77,0,2007,2,"","Laurens County, South Carolina","Private","Other nondepository credit intermediation","County, NAICS 5-digit -- by ownership sector","All establishment sizes",21,52,52,51,408558,60895,960,608
"45059",5,"52229",77,0,2007,3,"","Laurens County, South Carolina","Private","Other nondepository credit intermediation","County, NAICS 5-digit -- by ownership sector","All establishment sizes",21,51,53,52,413899,54629,821,612
"45059",5,"52229",77,0,2007,4,"","Laurens County, South Carolina","Private","Other nondepository credit intermediation","County, NAICS 5-digit -- by ownership sector","All establishment sizes",21,52,49,53,404224,56152,888,606
"45059",5,522291,78,0,2007,1,"","Laurens County, South Carolina","Private","Consumer lending","County, NAICS 6-digit -- by ownership sector","All establishment sizes",14,40,40,40,339345,228964,3223,653
"45059",5,"522291",78,0,2007,2,"","Laurens County, South Carolina","Private","Consumer lending","County, NAICS 6-digit -- by ownership sector","All establishment sizes",14,39,39,38,282126,40133,633,561
"45059",5,"522291",78,0,2007,3,"","Laurens County, South Carolina","Private","Consumer lending","County, NAICS 6-digit -- by ownership sector","All establishment sizes",14,38,38,38,285887,28411,415,579
"45059",5,"522291",78,0,2007,4,"","Laurens County, South Carolina","Private","Consumer lending","County, NAICS 6-digit -- by ownership sector","All establishment sizes",14,38,38,39,297445,29895,471,597
"45059",5,522292,78,0,2007,1,"","Laurens County, South Carolina","Private","Real estate credit","County, NAICS 6-digit -- by ownership sector","All establishment sizes",3,5,5,5,49183,25553,455,757
"45059",5,"522292",78,0,2007,2,"","Laurens County, South Carolina","Private","Real estate credit","County, NAICS 6-digit -- by ownership sector","All establishment sizes",3,5,6,5,74091,3553,64,1069
"45059",5,"522292",78,0,2007,3,"","Laurens County, South Carolina","Private","Real estate credit","County, NAICS 6-digit -- by ownership sector","All establishment sizes",3,5,5,5,63267,3188,61,973
"45059",5,"522292",78,0,2007,4,"N","Laurens County, South Carolina","Private","Real estate credit","County, NAICS 6-digit -- by ownership sector","All establishment sizes",3,0,0,0,0,0,0,0
"45059",5,522298,78,0,2007,1,"","Laurens County, South Carolina","Private","All other nondepository credit intermediation","County, NAICS 6-digit -- by ownership sector","All establishment sizes",4,7,7,8,55396,38394,527,581
"45059",5,"522298",78,0,2007,2,"","Laurens County, South Carolina","Private","All other nondepository credit intermediation","County, NAICS 6-digit -- by ownership sector","All establishment sizes",4,8,7,8,52341,17209,263,525
"45059",5,"522298",78,0,2007,3,"","Laurens County, South Carolina","Private","All other nondepository credit intermediation","County, NAICS 6-digit -- by ownership sector","All establishment sizes",4,8,10,9,64745,23030,345,553
"45059",5,"522298",78,0,2007,4,"N","Laurens County, South Carolina","Private","All other nondepository credit intermediation","County, NAICS 6-digit -- by ownership sector","All establishment sizes",4,0,0,0,0,0,0,0
"45059",5,5223,76,0,2007,1,"","Laurens County, South Carolina","Private","Activities related to credit intermediation","County, NAICS 4-digit -- by ownership sector","All establishment sizes",6,26,26,25,139571,117719,2411,418
"45059",5,"5223",76,0,2007,2,"","Laurens County, South Carolina","Private","Activities related to credit intermediation","County, NAICS 4-digit -- by ownership sector","All establishment sizes",6,23,22,24,106814,37508,816,357
"45059",5,"5223",76,0,2007,3,"","Laurens County, South Carolina","Private","Activities related to credit intermediation","County, NAICS 4-digit -- by ownership sector","All establishment sizes",6,25,25,26,129421,26421,585,393
"45059",5,"5223",76,0,2007,4,"","Laurens County, South Carolina","Private","Activities related to credit intermediation","County, NAICS 4-digit -- by ownership sector","All establishment sizes",6,25,25,25,119513,29373,652,368
"45059",5,52231,77,0,2007,1,"N","Laurens County, South Carolina","Private","Mortgage and nonmortgage loan brokers","County, NAICS 5-digit -- by ownership sector","All establishment sizes",1,0,0,0,0,0,0,0
"45059",5,"52231",77,0,2007,2,"N","Laurens County, South Carolina","Private","Mortgage and nonmortgage loan brokers","County, NAICS 5-digit -- by ownership sector","All establishment sizes",1,0,0,0,0,0,0,0
"45059",5,"52231",77,0,2007,3,"N","Laurens County, South Carolina","Private","Mortgage and nonmortgage loan brokers","County, NAICS 5-digit -- by ownership sector","All establishment sizes",1,0,0,0,0,0,0,0
"45059",5,"52231",77,0,2007,4,"N","Laurens County, South Carolina","Private","Mortgage and nonmortgage loan brokers","County, NAICS 5-digit -- by ownership sector","All establishment sizes",1,0,0,0,0,0,0,0
"45059",5,522310,78,0,2007,1,"N","Laurens County, South Carolina","Private","Mortgage and nonmortgage loan brokers","County, NAICS 6-digit -- by ownership sector","All establishment sizes",1,0,0,0,0,0,0,0
"45059",5,"522310",78,0,2007,2,"N","Laurens County, South Carolina","Private","Mortgage and nonmortgage loan brokers","County, NAICS 6-digit -- by ownership sector","All establishment sizes",1,0,0,0,0,0,0,0
"45059",5,"522310",78,0,2007,3,"N","Laurens County, South Carolina","Private","Mortgage and nonmortgage loan brokers","County, NAICS 6-digit -- by ownership sector","All establishment sizes",1,0,0,0,0,0,0,0
"45059",5,"522310",78,0,2007,4,"N","Laurens County, South Carolina","Private","Mortgage and nonmortgage loan brokers","County, NAICS 6-digit -- by ownership sector","All establishment sizes",1,0,0,0,0,0,0,0
"45059",5,52239,77,0,2007,1,"N","Laurens County, South Carolina","Private","Other credit intermediation activities","County, NAICS 5-digit -- by ownership sector","All establishment sizes",5,0,0,0,0,0,0,0
"45059",5,"52239",77,0,2007,2,"N","Laurens County, South Carolina","Private","Other credit intermediation activities","County, NAICS 5-digit -- by ownership sector","All establishment sizes",5,0,0,0,0,0,0,0
"45059",5,"52239",77,0,2007,3,"N","Laurens County, South Carolina","Private","Other credit intermediation activities","County, NAICS 5-digit -- by ownership sector","All establishment sizes",5,0,0,0,0,0,0,0
"45059",5,"52239",77,0,2007,4,"N","Laurens County, South Carolina","Private","Other credit intermediation activities","County, NAICS 5-digit -- by ownership sector","All establishment sizes",5,0,0,0,0,0,0,0
"45059",5,522390,78,0,2007,1,"N","Laurens County, South Carolina","Private","Other credit intermediation activities","County, NAICS 6-digit -- by ownership sector","All establishment sizes",5,0,0,0,0,0,0,0
"45059",5,"522390",78,0,2007,2,"N","Laurens County, South Carolina","Private","Other credit intermediation activities","County, NAICS 6-digit -- by ownership sector","All establishment sizes",5,0,0,0,0,0,0,0
"45059",5,"522390",78,0,2007,3,"N","Laurens County, South Carolina","Private","Other credit intermediation activities","County, NAICS 6-digit -- by ownership sector","All establishment sizes",5,0,0,0,0,0,0,0
"45059",5,"522390",78,0,2007,4,"N","Laurens County, South Carolina","Private","Other credit intermediation activities","County, NAICS 6-digit -- by ownership sector","All establishment sizes",5,0,0,0,0,0,0,0
"45059",5,523,75,0,2007,1,"N","Laurens County, South Carolina","Private","Securities, commodity contracts, investments","County, NAICS 3-digit -- by ownership sector","All establishment sizes",2,0,0,0,0,0,0,0
"45059",5,"523",75,0,2007,2,"N","Laurens County, South Carolina","Private","Securities, commodity contracts, investments","County, NAICS 3-digit -- by ownership sector","All establishment sizes",2,0,0,0,0,0,0,0
"45059",5,"523",75,0,2007,3,"N","Laurens County, South Carolina","Private","Securities, commodity contracts, investments","County, NAICS 3-digit -- by ownership sector","All establishment sizes",2,0,0,0,0,0,0,0
"45059",5,"523",75,0,2007,4,"N","Laurens County, South Carolina","Private","Securities, commodity contracts, investments","County, NAICS 3-digit -- by ownership sector","All establishment sizes",2,0,0,0,0,0,0,0
"45059",5,5231,76,0,2007,1,"N","Laurens County, South Carolina","Private","Securities and commodity contracts brokerage","County, NAICS 4-digit -- by ownership sector","All establishment sizes",2,0,0,0,0,0,0,0
"45059",5,"5231",76,0,2007,2,"N","Laurens County, South Carolina","Private","Securities and commodity contracts brokerage","County, NAICS 4-digit -- by ownership sector","All establishment sizes",2,0,0,0,0,0,0,0
"45059",5,"5231",76,0,2007,3,"N","Laurens County, South Carolina","Private","Securities and commodity contracts brokerage","County, NAICS 4-digit -- by ownership sector","All establishment sizes",2,0,0,0,0,0,0,0
"45059",5,"5231",76,0,2007,4,"N","Laurens County, South Carolina","Private","Securities and commodity contracts brokerage","County, NAICS 4-digit -- by ownership sector","All establishment sizes",2,0,0,0,0,0,0,0
"45059",5,52312,77,0,2007,1,"N","Laurens County, South Carolina","Private","Securities brokerage","County, NAICS 5-digit -- by ownership sector","All establishment sizes",2,0,0,0,0,0,0,0
"45059",5,"52312",77,0,2007,2,"N","Laurens County, South Carolina","Private","Securities brokerage","County, NAICS 5-digit -- by ownership sector","All establishment sizes",2,0,0,0,0,0,0,0
"45059",5,"52312",77,0,2007,3,"N","Laurens County, South Carolina","Private","Securities brokerage","County, NAICS 5-digit -- by ownership sector","All establishment sizes",2,0,0,0,0,0,0,0
"45059",5,"52312",77,0,2007,4,"N","Laurens County, South Carolina","Private","Securities brokerage","County, NAICS 5-digit -- by ownership sector","All establishment sizes",2,0,0,0,0,0,0,0
"45059",5,523120,78,0,2007,1,"N","Laurens County, South Carolina","Private","Securities brokerage","County, NAICS 6-digit -- by ownership sector","All establishment sizes",2,0,0,0,0,0,0,0
"45059",5,"523120",78,0,2007,2,"N","Laurens County, South Carolina","Private","Securities brokerage","County, NAICS 6-digit -- by ownership sector","All establishment sizes",2,0,0,0,0,0,0,0
"45059",5,"523120",78,0,2007,3,"N","Laurens County, South Carolina","Private","Securities brokerage","County, NAICS 6-digit -- by ownership sector","All establishment sizes",2,0,0,0,0,0,0,0
"45059",5,"523120",78,0,2007,4,"N","Laurens County, South Carolina","Private","Securities brokerage","County, NAICS 6-digit -- by ownership sector","All establishment sizes",2,0,0,0,0,0,0,0
"45059",5,524,75,0,2007,1,"N","Laurens County, South Carolina","Private","Insurance carriers and related activities","County, NAICS 3-digit -- by ownership sector","All establishment sizes",17,0,0,0,0,0,0,0
"45059",5,"524",75,0,2007,2,"N","Laurens County, South Carolina","Private","Insurance carriers and related activities","County, NAICS 3-digit -- by ownership sector","All establishment sizes",16,0,0,0,0,0,0,0
"45059",5,"524",75,0,2007,3,"N","Laurens County, South Carolina","Private","Insurance carriers and related activities","County, NAICS 3-digit -- by ownership sector","All establishment sizes",15,0,0,0,0,0,0,0
"45059",5,"524",75,0,2007,4,"N","Laurens County, South Carolina","Private","Insurance carriers and related activities","County, NAICS 3-digit -- by ownership sector","All establishment sizes",15,0,0,0,0,0,0,0
"45059",5,5241,76,0,2007,1,"N","Laurens County, South Carolina","Private","Insurance carriers","County, NAICS 4-digit -- by ownership sector","All establishment sizes",2,0,0,0,0,0,0,0
"45059",5,"5241",76,0,2007,2,"N","Laurens County, South Carolina","Private","Insurance carriers","County, NAICS 4-digit -- by ownership sector","All establishment sizes",1,0,0,0,0,0,0,0
"45059",5,"5241",76,0,2007,3,"N","Laurens County, South Carolina","Private","Insurance carriers","County, NAICS 4-digit -- by ownership sector","All establishment sizes",1,0,0,0,0,0,0,0
"45059",5,"5241",76,0,2007,4,"N","Laurens County, South Carolina","Private","Insurance carriers","County, NAICS 4-digit -- by ownership sector","All establishment sizes",1,0,0,0,0,0,0,0
"45059",5,52411,77,0,2007,1,"N","Laurens County, South Carolina","Private","Direct life and health insurance carriers","County, NAICS 5-digit -- by ownership sector","All establishment sizes",2,0,0,0,0,0,0,0
"45059",5,"52411",77,0,2007,2,"N","Laurens County, South Carolina","Private","Direct life and health insurance carriers","County, NAICS 5-digit -- by ownership sector","All establishment sizes",1,0,0,0,0,0,0,0
"45059",5,"52411",77,0,2007,3,"N","Laurens County, South Carolina","Private","Direct life and health insurance carriers","County, NAICS 5-digit -- by ownership sector","All establishment sizes",1,0,0,0,0,0,0,0
"45059",5,"52411",77,0,2007,4,"N","Laurens County, South Carolina","Private","Direct life and health insurance carriers","County, NAICS 5-digit -- by ownership sector","All establishment sizes",1,0,0,0,0,0,0,0
"45059",5,524113,78,0,2007,1,"N","Laurens County, South Carolina","Private","Direct life insurance carriers","County, NAICS 6-digit -- by ownership sector","All establishment sizes",1,0,0,0,0,0,0,0
"45059",5,"524113",78,0,2007,2,"-","Laurens County, South Carolina","Private","Direct life insurance carriers","County, NAICS 6-digit -- by ownership sector","All establishment sizes",0,0,0,0,0,0,0,0
"45059",5,"524113",78,0,2007,3,"-","Laurens County, South Carolina","Private","Direct life insurance carriers","County, NAICS 6-digit -- by ownership sector","All establishment sizes",0,0,0,0,0,0,0,0
"45059",5,"524113",78,0,2007,4,"-","Laurens County, South Carolina","Private","Direct life insurance carriers","County, NAICS 6-digit -- by ownership sector","All establishment sizes",0,0,0,0,0,0,0,0
"45059",5,524114,78,0,2007,1,"N","Laurens County, South Carolina","Private","Direct health and medical insurance carriers","County, NAICS 6-digit -- by ownership sector","All establishment sizes",1,0,0,0,0,0,0,0
"45059",5,"524114",78,0,2007,2,"N","Laurens County, South Carolina","Private","Direct health and medical insurance carriers","County, NAICS 6-digit -- by ownership sector","All establishment sizes",1,0,0,0,0,0,0,0
"45059",5,"524114",78,0,2007,3,"N","Laurens County, South Carolina","Private","Direct health and medical insurance carriers","County, NAICS 6-digit -- by ownership sector","All establishment sizes",1,0,0,0,0,0,0,0
"45059",5,"524114",78,0,2007,4,"N","Laurens County, South Carolina","Private","Direct health and medical insurance carriers","County, NAICS 6-digit -- by ownership sector","All establishment sizes",1,0,0,0,0,0,0,0
"45059",5,5242,76,0,2007,1,"","Laurens County, South Carolina","Private","Insurance agencies and brokerages","County, NAICS 4-digit -- by ownership sector","All establishment sizes",15,43,43,42,251500,210067,4008,453
"45059",5,"5242",76,0,2007,2,"","Laurens County, South Carolina","Private","Insurance agencies and brokerages","County, NAICS 4-digit -- by ownership sector","All establishment sizes",15,48,50,50,305445,67767,1248,476
"45059",5,"5242",76,0,2007,3,"","Laurens County, South Carolina","Private","Insurance agencies and brokerages","County, NAICS 4-digit -- by ownership sector","All establishment sizes",14,49,50,49,300499,29134,596,469
"45059",5,"5242",76,0,2007,4,"","Laurens County, South Carolina","Private","Insurance agencies and brokerages","County, NAICS 4-digit -- by ownership sector","All establishment sizes",14,48,48,49,374993,38606,877,597
"45059",5,52421,77,0,2007,1,"N","Laurens County, South Carolina","Private","Insurance agencies and brokerages","County, NAICS 5-digit -- by ownership sector","All establishment sizes",14,0,0,0,0,0,0,0
"45059",5,"52421",77,0,2007,2,"N","Laurens County, South Carolina","Private","Insurance agencies and brokerages","County, NAICS 5-digit -- by ownership sector","All establishment sizes",14,0,0,0,0,0,0,0
"45059",5,"52421",77,0,2007,3,"N","Laurens County, South Carolina","Private","Insurance agencies and brokerages","County, NAICS 5-digit -- by ownership sector","All establishment sizes",13,0,0,0,0,0,0,0
"45059",5,"52421",77,0,2007,4,"N","Laurens County, South Carolina","Private","Insurance agencies and brokerages","County, NAICS 5-digit -- by ownership sector","All establishment sizes",13,0,0,0,0,0,0,0
"45059",5,524210,78,0,2007,1,"N","Laurens County, South Carolina","Private","Insurance agencies and brokerages","County, NAICS 6-digit -- by ownership sector","All establishment sizes",14,0,0,0,0,0,0,0
"45059",5,"524210",78,0,2007,2,"N","Laurens County, South Carolina","Private","Insurance agencies and brokerages","County, NAICS 6-digit -- by ownership sector","All establishment sizes",14,0,0,0,0,0,0,0
"45059",5,"524210",78,0,2007,3,"N","Laurens County, South Carolina","Private","Insurance agencies and brokerages","County, NAICS 6-digit -- by ownership sector","All establishment sizes",13,0,0,0,0,0,0,0
"45059",5,"524210",78,0,2007,4,"N","Laurens County, South Carolina","Private","Insurance agencies and brokerages","County, NAICS 6-digit -- by ownership sector","All establishment sizes",13,0,0,0,0,0,0,0
"45059",5,52429,77,0,2007,1,"N","Laurens County, South Carolina","Private","Other insurance related activities","County, NAICS 5-digit -- by ownership sector","All establishment sizes",1,0,0,0,0,0,0,0
"45059",5,"52429",77,0,2007,2,"N","Laurens County, South Carolina","Private","Other insurance related activities","County, NAICS 5-digit -- by ownership sector","All establishment sizes",1,0,0,0,0,0,0,0
"45059",5,"52429",77,0,2007,3,"N","Laurens County, South Carolina","Private","Other insurance related activities","County, NAICS 5-digit -- by ownership sector","All establishment sizes",1,0,0,0,0,0,0,0
"45059",5,"52429",77,0,2007,4,"N","Laurens County, South Carolina","Private","Other insurance related activities","County, NAICS 5-digit -- by ownership sector","All establishment sizes",1,0,0,0,0,0,0,0
"45059",5,524291,78,0,2007,1,"N","Laurens County, South Carolina","Private","Claims adjusting","County, NAICS 6-digit -- by ownership sector","All establishment sizes",1,0,0,0,0,0,0,0
"45059",5,"524291",78,0,2007,2,"N","Laurens County, South Carolina","Private","Claims adjusting","County, NAICS 6-digit -- by ownership sector","All establishment sizes",1,0,0,0,0,0,0,0
"45059",5,"524291",78,0,2007,3,"N","Laurens County, South Carolina","Private","Claims adjusting","County, NAICS 6-digit -- by ownership sector","All establishment sizes",1,0,0,0,0,0,0,0
"45059",5,"524291",78,0,2007,4,"N","Laurens County, South Carolina","Private","Claims adjusting","County, NAICS 6-digit -- by ownership sector","All establishment sizes",1,0,0,0,0,0,0,0
"45059",5,53,74,0,2007,1,"","Laurens County, South Carolina","Private","Real estate and rental and leasing","County, NAICS Sector -- by ownership sector","All establishment sizes",21,65,66,64,343752,293365,6962,407
"45059",5,"53",74,0,2007,2,"","Laurens County, South Carolina","Private","Real estate and rental and leasing","County, NAICS Sector -- by ownership sector","All establishment sizes",22,66,66,66,338177,95745,2089,394
"45059",5,"53",74,0,2007,3,"","Laurens County, South Carolina","Private","Real estate and rental and leasing","County, NAICS Sector -- by ownership sector","All establishment sizes",21,61,62,64,335362,60915,1400,414
"45059",5,"53",74,0,2007,4,"","Laurens County, South Carolina","Private","Real estate and rental and leasing","County, NAICS Sector -- by ownership sector","All establishment sizes",21,62,60,61,341002,91977,2669,430
"45059",5,531,75,0,2007,1,"","Laurens County, South Carolina","Private","Real estate","County, NAICS 3-digit -- by ownership sector","All establishment sizes",14,24,25,23,130758,110581,2131,419
"45059",5,"531",75,0,2007,2,"","Laurens County, South Carolina","Private","Real estate","County, NAICS 3-digit -- by ownership sector","All establishment sizes",15,21,22,21,118168,33674,571,426
"45059",5,"531",75,0,2007,3,"","Laurens County, South Carolina","Private","Real estate","County, NAICS 3-digit -- by ownership sector","All establishment sizes",14,22,21,19,117394,11865,330,437
"45059",5,"531",75,0,2007,4,"","Laurens County, South Carolina","Private","Real estate","County, NAICS 3-digit -- by ownership sector","All establishment sizes",14,20,18,19,123523,1553,32,500
"45059",5,5311,76,0,2007,1,"N","Laurens County, South Carolina","Private","Lessors of real estate","County, NAICS 4-digit -- by ownership sector","All establishment sizes",6,0,0,0,0,0,0,0
"45059",5,"5311",76,0,2007,2,"","Laurens County, South Carolina","Private","Lessors of real estate","County, NAICS 4-digit -- by ownership sector","All establishment sizes",6,10,10,10,55239,8360,133,425
"45059",5,"5311",76,0,2007,3,"","Laurens County, South Carolina","Private","Lessors of real estate","County, NAICS 4-digit -- by ownership sector","All establishment sizes",6,11,10,10,63305,9047,274,471
"45059",5,"5311",76,0,2007,4,"N","Laurens County, South Carolina","Private","Lessors of real estate","County, NAICS 4-digit -- by ownership sector","All establishment sizes",6,0,0,0,0,0,0,0
"45059",5,53111,77,0,2007,1,"","Laurens County, South Carolina","Private","Lessors of residential buildings","County, NAICS 5-digit -- by ownership sector","All establishment sizes",3,8,8,8,62237,43355,1090,598
"45059",5,"53111",77,0,2007,2,"","Laurens County, South Carolina","Private","Lessors of residential buildings","County, NAICS 5-digit -- by ownership sector","All establishment sizes",3,8,8,8,51849,4970,91,499
"45059",5,"53111",77,0,2007,3,"","Laurens County, South Carolina","Private","Lessors of residential buildings","County, NAICS 5-digit -- by ownership sector","All establishment sizes",3,8,8,8,49915,1377,32,480
"45059",5,"53111",77,0,2007,4,"","Laurens County, South Carolina","Private","Lessors of residential buildings","County, NAICS 5-digit -- by ownership sector","All establishment sizes",3,8,8,8,57393,1283,29,552
"45059",5,531110,78,0,2007,1,"","Laurens County, South Carolina","Private","Lessors of residential buildings","County, NAICS 6-digit -- by ownership sector","All establishment sizes",3,8,8,8,62237,43355,1090,598
"45059",5,"531110",78,0,2007,2,"","Laurens County, South Carolina","Private","Lessors of residential buildings","County, NAICS 6-digit -- by ownership sector","All establishment sizes",3,8,8,8,51849,4970,91,499
"45059",5,"531110",78,0,2007,3,"","Laurens County, South Carolina","Private","Lessors of residential buildings","County, NAICS 6-digit -- by ownership sector","All establishment sizes",3,8,8,8,49915,1377,32,480
"45059",5,"531110",78,0,2007,4,"","Laurens County, South Carolina","Private","Lessors of residential buildings","County, NAICS 6-digit -- by ownership sector","All establishment sizes",3,8,8,8,57393,1283,29,552
"45059",5,53112,77,0,2007,1,"N","Laurens County, South Carolina","Private","Lessors of nonresidential buildings","County, NAICS 5-digit -- by ownership sector","All establishment sizes",1,0,0,0,0,0,0,0
"45059",5,"53112",77,0,2007,2,"N","Laurens County, South Carolina","Private","Lessors of nonresidential buildings","County, NAICS 5-digit -- by ownership sector","All establishment sizes",1,0,0,0,0,0,0,0
"45059",5,"53112",77,0,2007,3,"N","Laurens County, South Carolina","Private","Lessors of nonresidential buildings","County, NAICS 5-digit -- by ownership sector","All establishment sizes",1,0,0,0,0,0,0,0
"45059",5,"53112",77,0,2007,4,"N","Laurens County, South Carolina","Private","Lessors of nonresidential buildings","County, NAICS 5-digit -- by ownership sector","All establishment sizes",1,0,0,0,0,0,0,0
"45059",5,531120,78,0,2007,1,"N","Laurens County, South Carolina","Private","Lessors of nonresidential buildings","County, NAICS 6-digit -- by ownership sector","All establishment sizes",1,0,0,0,0,0,0,0
"45059",5,"531120",78,0,2007,2,"N","Laurens County, South Carolina","Private","Lessors of nonresidential buildings","County, NAICS 6-digit -- by ownership sector","All establishment sizes",1,0,0,0,0,0,0,0
"45059",5,"531120",78,0,2007,3,"N","Laurens County, South Carolina","Private","Lessors of nonresidential buildings","County, NAICS 6-digit -- by ownership sector","All establishment sizes",1,0,0,0,0,0,0,0
"45059",5,"531120",78,0,2007,4,"N","Laurens County, South Carolina","Private","Lessors of nonresidential buildings","County, NAICS 6-digit -- by ownership sector","All establishment sizes",1,0,0,0,0,0,0,0
"45059",5,53119,77,0,2007,1,"N","Laurens County, South Carolina","Private","Lessors of other real estate property","County, NAICS 5-digit -- by ownership sector","All establishment sizes",2,0,0,0,0,0,0,0
"45059",5,"53119",77,0,2007,2,"N","Laurens County, South Carolina","Private","Lessors of other real estate property","County, NAICS 5-digit -- by ownership sector","All establishment sizes",2,0,0,0,0,0,0,0
"45059",5,"53119",77,0,2007,3,"N","Laurens County, South Carolina","Private","Lessors of other real estate property","County, NAICS 5-digit -- by ownership sector","All establishment sizes",2,0,0,0,0,0,0,0
"45059",5,"53119",77,0,2007,4,"N","Laurens County, South Carolina","Private","Lessors of other real estate property","County, NAICS 5-digit -- by ownership sector","All establishment sizes",2,0,0,0,0,0,0,0
"45059",5,531190,78,0,2007,1,"N","Laurens County, South Carolina","Private","Lessors of other real estate property","County, NAICS 6-digit -- by ownership sector","All establishment sizes",2,0,0,0,0,0,0,0
"45059",5,"531190",78,0,2007,2,"N","Laurens County, South Carolina","Private","Lessors of other real estate property","County, NAICS 6-digit -- by ownership sector","All establishment sizes",2,0,0,0,0,0,0,0
"45059",5,"531190",78,0,2007,3,"N","Laurens County, South Carolina","Private","Lessors of other real estate property","County, NAICS 6-digit -- by ownership sector","All establishment sizes",2,0,0,0,0,0,0,0
"45059",5,"531190",78,0,2007,4,"N","Laurens County, South Carolina","Private","Lessors of other real estate property","County, NAICS 6-digit -- by ownership sector","All establishment sizes",2,0,0,0,0,0,0,0
"45059",5,5312,76,0,2007,1,"","Laurens County, South Carolina","Private","Offices of real estate agents and brokers","County, NAICS 4-digit -- by ownership sector","All establishment sizes",7,12,13,11,58931,57636,922,378
"45059",5,"5312",76,0,2007,2,"N","Laurens County, South Carolina","Private","Offices of real estate agents and brokers","County, NAICS 4-digit -- by ownership sector","All establishment sizes",7,0,0,0,0,0,0,0
"45059",5,"5312",76,0,2007,3,"N","Laurens County, South Carolina","Private","Offices of real estate agents and brokers","County, NAICS 4-digit -- by ownership sector","All establishment sizes",6,0,0,0,0,0,0,0
"45059",5,"5312",76,0,2007,4,"N","Laurens County, South Carolina","Private","Offices of real estate agents and brokers","County, NAICS 4-digit -- by ownership sector","All establishment sizes",6,0,0,0,0,0,0,0
"45059",5,53121,77,0,2007,1,"","Laurens County, South Carolina","Private","Offices of real estate agents and brokers","County, NAICS 5-digit -- by ownership sector","All establishment sizes",7,12,13,11,58931,57636,922,378
"45059",5,"53121",77,0,2007,2,"N","Laurens County, South Carolina","Private","Offices of real estate agents and brokers","County, NAICS 5-digit -- by ownership sector","All establishment sizes",7,0,0,0,0,0,0,0
"45059",5,"53121",77,0,2007,3,"N","Laurens County, South Carolina","Private","Offices of real estate agents and brokers","County, NAICS 5-digit -- by ownership sector","All establishment sizes",6,0,0,0,0,0,0,0
"45059",5,"53121",77,0,2007,4,"N","Laurens County, South Carolina","Private","Offices of real estate agents and brokers","County, NAICS 5-digit -- by ownership sector","All establishment sizes",6,0,0,0,0,0,0,0
"45059",5,531210,78,0,2007,1,"","Laurens County, South Carolina","Private","Offices of real estate agents and brokers","County, NAICS 6-digit -- by ownership sector","All establishment sizes",7,12,13,11,58931,57636,922,378
"45059",5,"531210",78,0,2007,2,"N","Laurens County, South Carolina","Private","Offices of real estate agents and brokers","County, NAICS 6-digit -- by ownership sector","All establishment sizes",7,0,0,0,0,0,0,0
"45059",5,"531210",78,0,2007,3,"N","Laurens County, South Carolina","Private","Offices of real estate agents and brokers","County, NAICS 6-digit -- by ownership sector","All establishment sizes",6,0,0,0,0,0,0,0
"45059",5,"531210",78,0,2007,4,"N","Laurens County, South Carolina","Private","Offices of real estate agents and brokers","County, NAICS 6-digit -- by ownership sector","All establishment sizes",6,0,0,0,0,0,0,0
"45059",5,5313,76,0,2007,1,"N","Laurens County, South Carolina","Private","Activities related to real estate","County, NAICS 4-digit -- by ownership sector","All establishment sizes",1,0,0,0,0,0,0,0
"45059",5,"5313",76,0,2007,2,"N","Laurens County, South Carolina","Private","Activities related to real estate","County, NAICS 4-digit -- by ownership sector","All establishment sizes",2,0,0,0,0,0,0,0
"45059",5,"5313",76,0,2007,3,"N","Laurens County, South Carolina","Private","Activities related to real estate","County, NAICS 4-digit -- by ownership sector","All establishment sizes",2,0,0,0,0,0,0,0
"45059",5,"5313",76,0,2007,4,"N","Laurens County, South Carolina","Private","Activities related to real estate","County, NAICS 4-digit -- by ownership sector","All establishment sizes",2,0,0,0,0,0,0,0
"45059",5,53132,77,0,2007,1,"N","Laurens County, South Carolina","Private","Offices of real estate appraisers","County, NAICS 5-digit -- by ownership sector","All establishment sizes",1,0,0,0,0,0,0,0
"45059",5,"53132",77,0,2007,2,"N","Laurens County, South Carolina","Private","Offices of real estate appraisers","County, NAICS 5-digit -- by ownership sector","All establishment sizes",2,0,0,0,0,0,0,0
"45059",5,"53132",77,0,2007,3,"N","Laurens County, South Carolina","Private","Offices of real estate appraisers","County, NAICS 5-digit -- by ownership sector","All establishment sizes",2,0,0,0,0,0,0,0
"45059",5,"53132",77,0,2007,4,"N","Laurens County, South Carolina","Private","Offices of real estate appraisers","County, NAICS 5-digit -- by ownership sector","All establishment sizes",2,0,0,0,0,0,0,0
"45059",5,531320,78,0,2007,1,"N","Laurens County, South Carolina","Private","Offices of real estate appraisers","County, NAICS 6-digit -- by ownership sector","All establishment sizes",1,0,0,0,0,0,0,0
"45059",5,"531320",78,0,2007,2,"N","Laurens County, South Carolina","Private","Offices of real estate appraisers","County, NAICS 6-digit -- by ownership sector","All establishment sizes",2,0,0,0,0,0,0,0
"45059",5,"531320",78,0,2007,3,"N","Laurens County, South Carolina","Private","Offices of real estate appraisers","County, NAICS 6-digit -- by ownership sector","All establishment sizes",2,0,0,0,0,0,0,0
"45059",5,"531320",78,0,2007,4,"N","Laurens County, South Carolina","Private","Offices of real estate appraisers","County, NAICS 6-digit -- by ownership sector","All establishment sizes",2,0,0,0,0,0,0,0
"45059",5,532,75,0,2007,1,"","Laurens County, South Carolina","Private","Rental and leasing services","County, NAICS 3-digit -- by ownership sector","All establishment sizes",7,41,41,41,212994,182784,4831,400
"45059",5,"532",75,0,2007,2,"","Laurens County, South Carolina","Private","Rental and leasing services","County, NAICS 3-digit -- by ownership sector","All establishment sizes",7,45,44,45,220009,62071,1518,379
"45059",5,"532",75,0,2007,3,"","Laurens County, South Carolina","Private","Rental and leasing services","County, NAICS 3-digit -- by ownership sector","All establishment sizes",7,39,41,45,217968,49050,1070,402
"45059",5,"532",75,0,2007,4,"","Laurens County, South Carolina","Private","Rental and leasing services","County, NAICS 3-digit -- by ownership sector","All establishment sizes",7,42,42,42,217479,90424,2637,398
"45059",5,5321,76,0,2007,1,"N","Laurens County, South Carolina","Private","Automotive equipment rental and leasing","County, NAICS 4-digit -- by ownership sector","All establishment sizes",1,0,0,0,0,0,0,0
"45059",5,"5321",76,0,2007,2,"N","Laurens County, South Carolina","Private","Automotive equipment rental and leasing","County, NAICS 4-digit -- by ownership sector","All establishment sizes",1,0,0,0,0,0,0,0
"45059",5,"5321",76,0,2007,3,"N","Laurens County, South Carolina","Private","Automotive equipment rental and leasing","County, NAICS 4-digit -- by ownership sector","All establishment sizes",1,0,0,0,0,0,0,0
"45059",5,"5321",76,0,2007,4,"N","Laurens County, South Carolina","Private","Automotive equipment rental and leasing","County, NAICS 4-digit -- by ownership sector","All establishment sizes",1,0,0,0,0,0,0,0
"45059",5,53212,77,0,2007,1,"N","Laurens County, South Carolina","Private","Truck, trailer, and RV rental and leasing","County, NAICS 5-digit -- by ownership sector","All establishment sizes",1,0,0,0,0,0,0,0
"45059",5,"53212",77,0,2007,2,"N","Laurens County, South Carolina","Private","Truck, trailer, and RV rental and leasing","County, NAICS 5-digit -- by ownership sector","All establishment sizes",1,0,0,0,0,0,0,0
"45059",5,"53212",77,0,2007,3,"N","Laurens County, South Carolina","Private","Truck, trailer, and RV rental and leasing","County, NAICS 5-digit -- by ownership sector","All establishment sizes",1,0,0,0,0,0,0,0
"45059",5,"53212",77,0,2007,4,"N","Laurens County, South Carolina","Private","Truck, trailer, and RV rental and leasing","County, NAICS 5-digit -- by ownership sector","All establishment sizes",1,0,0,0,0,0,0,0
"45059",5,532120,78,0,2007,1,"N","Laurens County, South Carolina","Private","Truck, trailer, and RV rental and leasing","County, NAICS 6-digit -- by ownership sector","All establishment sizes",1,0,0,0,0,0,0,0
"45059",5,"532120",78,0,2007,2,"N","Laurens County, South Carolina","Private","Truck, trailer, and RV rental and leasing","County, NAICS 6-digit -- by ownership sector","All establishment sizes",1,0,0,0,0,0,0,0
"45059",5,"532120",78,0,2007,3,"N","Laurens County, South Carolina","Private","Truck, trailer, and RV rental and leasing","County, NAICS 6-digit -- by ownership sector","All establishment sizes",1,0,0,0,0,0,0,0
"45059",5,"532120",78,0,2007,4,"N","Laurens County, South Carolina","Private","Truck, trailer, and RV rental and leasing","County, NAICS 6-digit -- by ownership sector","All establishment sizes",1,0,0,0,0,0,0,0
"45059",5,5322,76,0,2007,1,"","Laurens County, South Carolina","Private","Consumer goods rental","County, NAICS 4-digit -- by ownership sector","All establishment sizes",4,17,19,19,85253,72861,1384,358
"45059",5,"5322",76,0,2007,2,"","Laurens County, South Carolina","Private","Consumer goods rental","County, NAICS 4-digit -- by ownership sector","All establishment sizes",4,21,20,19,78414,24401,392,302
"45059",5,"5322",76,0,2007,3,"","Laurens County, South Carolina","Private","Consumer goods rental","County, NAICS 4-digit -- by ownership sector","All establishment sizes",4,18,19,22,91672,29058,513,359
"45059",5,"5322",76,0,2007,4,"","Laurens County, South Carolina","Private","Consumer goods rental","County, NAICS 4-digit -- by ownership sector","All establishment sizes",4,21,21,21,99815,19241,310,366
"45059",5,53223,77,0,2007,1,"N","Laurens County, South Carolina","Private","Video tape and disc rental","County, NAICS 5-digit -- by ownership sector","All establishment sizes",2,0,0,0,0,0,0,0
"45059",5,"53223",77,0,2007,2,"N","Laurens County, South Carolina","Private","Video tape and disc rental","County, NAICS 5-digit -- by ownership sector","All establishment sizes",2,0,0,0,0,0,0,0
"45059",5,"53223",77,0,2007,3,"N","Laurens County, South Carolina","Private","Video tape and disc rental","County, NAICS 5-digit -- by ownership sector","All establishment sizes",2,0,0,0,0,0,0,0
"45059",5,"53223",77,0,2007,4,"N","Laurens County, South Carolina","Private","Video tape and disc rental","County, NAICS 5-digit -- by ownership sector","All establishment sizes",2,0,0,0,0,0,0,0
"45059",5,532230,78,0,2007,1,"N","Laurens County, South Carolina","Private","Video tape and disc rental","County, NAICS 6-digit -- by ownership sector","All establishment sizes",2,0,0,0,0,0,0,0
"45059",5,"532230",78,0,2007,2,"N","Laurens County, South Carolina","Private","Video tape and disc rental","County, NAICS 6-digit -- by ownership sector","All establishment sizes",2,0,0,0,0,0,0,0
"45059",5,"532230",78,0,2007,3,"N","Laurens County, South Carolina","Private","Video tape and disc rental","County, NAICS 6-digit -- by ownership sector","All establishment sizes",2,0,0,0,0,0,0,0
"45059",5,"532230",78,0,2007,4,"N","Laurens County, South Carolina","Private","Video tape and disc rental","County, NAICS 6-digit -- by ownership sector","All establishment sizes",2,0,0,0,0,0,0,0
"45059",5,53229,77,0,2007,1,"N","Laurens County, South Carolina","Private","Other consumer goods rental","County, NAICS 5-digit -- by ownership sector","All establishment sizes",2,0,0,0,0,0,0,0
"45059",5,"53229",77,0,2007,2,"N","Laurens County, South Carolina","Private","Other consumer goods rental","County, NAICS 5-digit -- by ownership sector","All establishment sizes",2,0,0,0,0,0,0,0
"45059",5,"53229",77,0,2007,3,"N","Laurens County, South Carolina","Private","Other consumer goods rental","County, NAICS 5-digit -- by ownership sector","All establishment sizes",2,0,0,0,0,0,0,0
"45059",5,"53229",77,0,2007,4,"N","Laurens County, South Carolina","Private","Other consumer goods rental","County, NAICS 5-digit -- by ownership sector","All establishment sizes",2,0,0,0,0,0,0,0
"45059",5,532291,78,0,2007,1,"N","Laurens County, South Carolina","Private","Home health equipment rental","County, NAICS 6-digit -- by ownership sector","All establishment sizes",1,0,0,0,0,0,0,0
"45059",5,"532291",78,0,2007,2,"N","Laurens County, South Carolina","Private","Home health equipment rental","County, NAICS 6-digit -- by ownership sector","All establishment sizes",1,0,0,0,0,0,0,0
"45059",5,"532291",78,0,2007,3,"N","Laurens County, South Carolina","Private","Home health equipment rental","County, NAICS 6-digit -- by ownership sector","All establishment sizes",1,0,0,0,0,0,0,0
"45059",5,"532291",78,0,2007,4,"N","Laurens County, South Carolina","Private","Home health equipment rental","County, NAICS 6-digit -- by ownership sector","All establishment sizes",1,0,0,0,0,0,0,0
"45059",5,532299,78,0,2007,1,"N","Laurens County, South Carolina","Private","All other consumer goods rental","County, NAICS 6-digit -- by ownership sector","All establishment sizes",1,0,0,0,0,0,0,0
"45059",5,"532299",78,0,2007,2,"N","Laurens County, South Carolina","Private","All other consumer goods rental","County, NAICS 6-digit -- by ownership sector","All establishment sizes",1,0,0,0,0,0,0,0
"45059",5,"532299",78,0,2007,3,"N","Laurens County, South Carolina","Private","All other consumer goods rental","County, NAICS 6-digit -- by ownership sector","All establishment sizes",1,0,0,0,0,0,0,0
"45059",5,"532299",78,0,2007,4,"N","Laurens County, South Carolina","Private","All other consumer goods rental","County, NAICS 6-digit -- by ownership sector","All establishment sizes",1,0,0,0,0,0,0,0
"45059",5,5323,76,0,2007,1,"N","Laurens County, South Carolina","Private","General rental centers","County, NAICS 4-digit -- by ownership sector","All establishment sizes",1,0,0,0,0,0,0,0
"45059",5,"5323",76,0,2007,2,"N","Laurens County, South Carolina","Private","General rental centers","County, NAICS 4-digit -- by ownership sector","All establishment sizes",1,0,0,0,0,0,0,0
"45059",5,"5323",76,0,2007,3,"N","Laurens County, South Carolina","Private","General rental centers","County, NAICS 4-digit -- by ownership sector","All establishment sizes",1,0,0,0,0,0,0,0
"45059",5,"5323",76,0,2007,4,"N","Laurens County, South Carolina","Private","General rental centers","County, NAICS 4-digit -- by ownership sector","All establishment sizes",1,0,0,0,0,0,0,0
"45059",5,53231,77,0,2007,1,"N","Laurens County, South Carolina","Private","General rental centers","County, NAICS 5-digit -- by ownership sector","All establishment sizes",1,0,0,0,0,0,0,0
"45059",5,"53231",77,0,2007,2,"N","Laurens County, South Carolina","Private","General rental centers","County, NAICS 5-digit -- by ownership sector","All establishment sizes",1,0,0,0,0,0,0,0
"45059",5,"53231",77,0,2007,3,"N","Laurens County, South Carolina","Private","General rental centers","County, NAICS 5-digit -- by ownership sector","All establishment sizes",1,0,0,0,0,0,0,0
"45059",5,"53231",77,0,2007,4,"N","Laurens County, South Carolina","Private","General rental centers","County, NAICS 5-digit -- by ownership sector","All establishment sizes",1,0,0,0,0,0,0,0
"45059",5,532310,78,0,2007,1,"N","Laurens County, South Carolina","Private","General rental centers","County, NAICS 6-digit -- by ownership sector","All establishment sizes",1,0,0,0,0,0,0,0
"45059",5,"532310",78,0,2007,2,"N","Laurens County, South Carolina","Private","General rental centers","County, NAICS 6-digit -- by ownership sector","All establishment sizes",1,0,0,0,0,0,0,0
"45059",5,"532310",78,0,2007,3,"N","Laurens County, South Carolina","Private","General rental centers","County, NAICS 6-digit -- by ownership sector","All establishment sizes",1,0,0,0,0,0,0,0
"45059",5,"532310",78,0,2007,4,"N","Laurens County, South Carolina","Private","General rental centers","County, NAICS 6-digit -- by ownership sector","All establishment sizes",1,0,0,0,0,0,0,0
"45059",5,5324,76,0,2007,1,"N","Laurens County, South Carolina","Private","Machinery and equipment rental and leasing","County, NAICS 4-digit -- by ownership sector","All establishment sizes",1,0,0,0,0,0,0,0
"45059",5,"5324",76,0,2007,2,"N","Laurens County, South Carolina","Private","Machinery and equipment rental and leasing","County, NAICS 4-digit -- by ownership sector","All establishment sizes",1,0,0,0,0,0,0,0
"45059",5,"5324",76,0,2007,3,"N","Laurens County, South Carolina","Private","Machinery and equipment rental and leasing","County, NAICS 4-digit -- by ownership sector","All establishment sizes",1,0,0,0,0,0,0,0
"45059",5,"5324",76,0,2007,4,"N","Laurens County, South Carolina","Private","Machinery and equipment rental and leasing","County, NAICS 4-digit -- by ownership sector","All establishment sizes",1,0,0,0,0,0,0,0
"45059",5,53241,77,0,2007,1,"N","Laurens County, South Carolina","Private","Heavy machinery rental and leasing","County, NAICS 5-digit -- by ownership sector","All establishment sizes",1,0,0,0,0,0,0,0
"45059",5,"53241",77,0,2007,2,"N","Laurens County, South Carolina","Private","Heavy machinery rental and leasing","County, NAICS 5-digit -- by ownership sector","All establishment sizes",1,0,0,0,0,0,0,0
"45059",5,"53241",77,0,2007,3,"N","Laurens County, South Carolina","Private","Heavy machinery rental and leasing","County, NAICS 5-digit -- by ownership sector","All establishment sizes",1,0,0,0,0,0,0,0
"45059",5,"53241",77,0,2007,4,"N","Laurens County, South Carolina","Private","Heavy machinery rental and leasing","County, NAICS 5-digit -- by ownership sector","All establishment sizes",1,0,0,0,0,0,0,0
"45059",5,532412,78,0,2007,1,"N","Laurens County, South Carolina","Private","Other heavy machinery rental and leasing","County, NAICS 6-digit -- by ownership sector","All establishment sizes",1,0,0,0,0,0,0,0
"45059",5,"532412",78,0,2007,2,"N","Laurens County, South Carolina","Private","Other heavy machinery rental and leasing","County, NAICS 6-digit -- by ownership sector","All establishment sizes",1,0,0,0,0,0,0,0
"45059",5,"532412",78,0,2007,3,"N","Laurens County, South Carolina","Private","Other heavy machinery rental and leasing","County, NAICS 6-digit -- by ownership sector","All establishment sizes",1,0,0,0,0,0,0,0
"45059",5,"532412",78,0,2007,4,"N","Laurens County, South Carolina","Private","Other heavy machinery rental and leasing","County, NAICS 6-digit -- by ownership sector","All establishment sizes",1,0,0,0,0,0,0,0
"45059",5,54,74,0,2007,1,"N","Laurens County, South Carolina","Private","Professional and technical services","County, NAICS Sector -- by ownership sector","All establishment sizes",41,0,0,0,0,0,0,0
"45059",5,"54",74,0,2007,2,"N","Laurens County, South Carolina","Private","Professional and technical services","County, NAICS Sector -- by ownership sector","All establishment sizes",39,0,0,0,0,0,0,0
"45059",5,"54",74,0,2007,3,"N","Laurens County, South Carolina","Private","Professional and technical services","County, NAICS Sector -- by ownership sector","All establishment sizes",38,0,0,0,0,0,0,0
"45059",5,"54",74,0,2007,4,"N","Laurens County, South Carolina","Private","Professional and technical services","County, NAICS Sector -- by ownership sector","All establishment sizes",38,0,0,0,0,0,0,0
"45059",5,541,75,0,2007,1,"N","Laurens County, South Carolina","Private","Professional and Technical Services","County, NAICS 3-digit -- by ownership sector","All establishment sizes",41,0,0,0,0,0,0,0
"45059",5,"541",75,0,2007,2,"N","Laurens County, South Carolina","Private","Professional and Technical Services","County, NAICS 3-digit -- by ownership sector","All establishment sizes",39,0,0,0,0,0,0,0
"45059",5,"541",75,0,2007,3,"N","Laurens County, South Carolina","Private","Professional and Technical Services","County, NAICS 3-digit -- by ownership sector","All establishment sizes",38,0,0,0,0,0,0,0
"45059",5,"541",75,0,2007,4,"N","Laurens County, South Carolina","Private","Professional and Technical Services","County, NAICS 3-digit -- by ownership sector","All establishment sizes",38,0,0,0,0,0,0,0
"45059",5,5411,76,0,2007,1,"","Laurens County, South Carolina","Private","Legal services","County, NAICS 4-digit -- by ownership sector","All establishment sizes",12,40,40,40,297563,203642,2525,572
"45059",5,"5411",76,0,2007,2,"","Laurens County, South Carolina","Private","Legal services","County, NAICS 4-digit -- by ownership sector","All establishment sizes",12,40,41,41,304259,31528,390,576
"45059",5,"5411",76,0,2007,3,"","Laurens County, South Carolina","Private","Legal services","County, NAICS 4-digit -- by ownership sector","All establishment sizes",12,41,40,38,300460,9905,125,583
"45059",5,"5411",76,0,2007,4,"","Laurens County, South Carolina","Private","Legal services","County, NAICS 4-digit -- by ownership sector","All establishment sizes",11,38,38,40,357523,11501,144,711
"45059",5,54111,77,0,2007,1,"N","Laurens County, South Carolina","Private","Offices of lawyers","County, NAICS 5-digit -- by ownership sector","All establishment sizes",11,0,0,0,0,0,0,0
"45059",5,"54111",77,0,2007,2,"N","Laurens County, South Carolina","Private","Offices of lawyers","County, NAICS 5-digit -- by ownership sector","All establishment sizes",11,0,0,0,0,0,0,0
"45059",5,"54111",77,0,2007,3,"N","Laurens County, South Carolina","Private","Offices of lawyers","County, NAICS 5-digit -- by ownership sector","All establishment sizes",11,0,0,0,0,0,0,0
"45059",5,"54111",77,0,2007,4,"N","Laurens County, South Carolina","Private","Offices of lawyers","County, NAICS 5-digit -- by ownership sector","All establishment sizes",10,0,0,0,0,0,0,0
"45059",5,541110,78,0,2007,1,"N","Laurens County, South Carolina","Private","Offices of lawyers","County, NAICS 6-digit -- by ownership sector","All establishment sizes",11,0,0,0,0,0,0,0
"45059",5,"541110",78,0,2007,2,"N","Laurens County, South Carolina","Private","Offices of lawyers","County, NAICS 6-digit -- by ownership sector","All establishment sizes",11,0,0,0,0,0,0,0
"45059",5,"541110",78,0,2007,3,"N","Laurens County, South Carolina","Private","Offices of lawyers","County, NAICS 6-digit -- by ownership sector","All establishment sizes",11,0,0,0,0,0,0,0
"45059",5,"541110",78,0,2007,4,"N","Laurens County, South Carolina","Private","Offices of lawyers","County, NAICS 6-digit -- by ownership sector","All establishment sizes",10,0,0,0,0,0,0,0
"45059",5,54119,77,0,2007,1,"N","Laurens County, South Carolina","Private","Other legal services","County, NAICS 5-digit -- by ownership sector","All establishment sizes",1,0,0,0,0,0,0,0
"45059",5,"54119",77,0,2007,2,"N","Laurens County, South Carolina","Private","Other legal services","County, NAICS 5-digit -- by ownership sector","All establishment sizes",1,0,0,0,0,0,0,0
"45059",5,"54119",77,0,2007,3,"N","Laurens County, South Carolina","Private","Other legal services","County, NAICS 5-digit -- by ownership sector","All establishment sizes",1,0,0,0,0,0,0,0
"45059",5,"54119",77,0,2007,4,"N","Laurens County, South Carolina","Private","Other legal services","County, NAICS 5-digit -- by ownership sector","All establishment sizes",1,0,0,0,0,0,0,0
"45059",5,541191,78,0,2007,1,"N","Laurens County, South Carolina","Private","Title abstract and settlement offices","County, NAICS 6-digit -- by ownership sector","All establishment sizes",1,0,0,0,0,0,0,0
"45059",5,"541191",78,0,2007,2,"N","Laurens County, South Carolina","Private","Title abstract and settlement offices","County, NAICS 6-digit -- by ownership sector","All establishment sizes",1,0,0,0,0,0,0,0
"45059",5,"541191",78,0,2007,3,"N","Laurens County, South Carolina","Private","Title abstract and settlement offices","County, NAICS 6-digit -- by ownership sector","All establishment sizes",1,0,0,0,0,0,0,0
"45059",5,"541191",78,0,2007,4,"N","Laurens County, South Carolina","Private","Title abstract and settlement offices","County, NAICS 6-digit -- by ownership sector","All establishment sizes",1,0,0,0,0,0,0,0
"45059",5,5412,76,0,2007,1,"","Laurens County, South Carolina","Private","Accounting and bookkeeping services","County, NAICS 4-digit -- by ownership sector","All establishment sizes",8,161,160,156,2357163,1115725,16269,1140
"45059",5,"5412",76,0,2007,2,"N","Laurens County, South Carolina","Private","Accounting and bookkeeping services","County, NAICS 4-digit -- by ownership sector","All establishment sizes",7,0,0,0,0,0,0,0
"45059",5,"5412",76,0,2007,3,"N","Laurens County, South Carolina","Private","Accounting and bookkeeping services","County, NAICS 4-digit -- by ownership sector","All establishment sizes",7,0,0,0,0,0,0,0
"45059",5,"5412",76,0,2007,4,"N","Laurens County, South Carolina","Private","Accounting and bookkeeping services","County, NAICS 4-digit -- by ownership sector","All establishment sizes",7,0,0,0,0,0,0,0
"45059",5,54121,77,0,2007,1,"","Laurens County, South Carolina","Private","Accounting and bookkeeping services","County, NAICS 5-digit -- by ownership sector","All establishment sizes",8,161,160,156,2357163,1115725,16269,1140
"45059",5,"54121",77,0,2007,2,"N","Laurens County, South Carolina","Private","Accounting and bookkeeping services","County, NAICS 5-digit -- by ownership sector","All establishment sizes",7,0,0,0,0,0,0,0
"45059",5,"54121",77,0,2007,3,"N","Laurens County, South Carolina","Private","Accounting and bookkeeping services","County, NAICS 5-digit -- by ownership sector","All establishment sizes",7,0,0,0,0,0,0,0
"45059",5,"54121",77,0,2007,4,"N","Laurens County, South Carolina","Private","Accounting and bookkeeping services","County, NAICS 5-digit -- by ownership sector","All establishment sizes",7,0,0,0,0,0,0,0
"45059",5,541211,78,0,2007,1,"","Laurens County, South Carolina","Private","Offices of certified public accountants","County, NAICS 6-digit -- by ownership sector","All establishment sizes",3,7,8,8,51051,36593,455,512
"45059",5,"541211",78,0,2007,2,"","Laurens County, South Carolina","Private","Offices of certified public accountants","County, NAICS 6-digit -- by ownership sector","All establishment sizes",3,9,7,7,87941,8401,104,882
"45059",5,"541211",78,0,2007,3,"","Laurens County, South Carolina","Private","Offices of certified public accountants","County, NAICS 6-digit -- by ownership sector","All establishment sizes",3,5,7,8,44112,3049,38,509
"45059",5,"541211",78,0,2007,4,"","Laurens County, South Carolina","Private","Offices of certified public accountants","County, NAICS 6-digit -- by ownership sector","All establishment sizes",3,7,7,7,48789,1372,17,536
"45059",5,541213,78,0,2007,1,"N","Laurens County, South Carolina","Private","Tax preparation services","County, NAICS 6-digit -- by ownership sector","All establishment sizes",2,0,0,0,0,0,0,0
"45059",5,"541213",78,0,2007,2,"N","Laurens County, South Carolina","Private","Tax preparation services","County, NAICS 6-digit -- by ownership sector","All establishment sizes",2,0,0,0,0,0,0,0
"45059",5,"541213",78,0,2007,3,"N","Laurens County, South Carolina","Private","Tax preparation services","County, NAICS 6-digit -- by ownership sector","All establishment sizes",2,0,0,0,0,0,0,0
"45059",5,"541213",78,0,2007,4,"N","Laurens County, South Carolina","Private","Tax preparation services","County, NAICS 6-digit -- by ownership sector","All establishment sizes",2,0,0,0,0,0,0,0
"45059",5,541214,78,0,2007,1,"N","Laurens County, South Carolina","Private","Payroll services","County, NAICS 6-digit -- by ownership sector","All establishment sizes",1,0,0,0,0,0,0,0
"45059",5,"541214",78,0,2007,2,"-","Laurens County, South Carolina","Private","Payroll services","County, NAICS 6-digit -- by ownership sector","All establishment sizes",0,0,0,0,0,0,0,0
"45059",5,"541214",78,0,2007,3,"-","Laurens County, South Carolina","Private","Payroll services","County, NAICS 6-digit -- by ownership sector","All establishment sizes",0,0,0,0,0,0,0,0
"45059",5,"541214",78,0,2007,4,"-","Laurens County, South Carolina","Private","Payroll services","County, NAICS 6-digit -- by ownership sector","All establishment sizes",0,0,0,0,0,0,0,0
"45059",5,541219,78,0,2007,1,"N","Laurens County, South Carolina","Private","Other accounting services","County, NAICS 6-digit -- by ownership sector","All establishment sizes",2,0,0,0,0,0,0,0
"45059",5,"541219",78,0,2007,2,"N","Laurens County, South Carolina","Private","Other accounting services","County, NAICS 6-digit -- by ownership sector","All establishment sizes",2,0,0,0,0,0,0,0
"45059",5,"541219",78,0,2007,3,"N","Laurens County, South Carolina","Private","Other accounting services","County, NAICS 6-digit -- by ownership sector","All establishment sizes",2,0,0,0,0,0,0,0
"45059",5,"541219",78,0,2007,4,"N","Laurens County, South Carolina","Private","Other accounting services","County, NAICS 6-digit -- by ownership sector","All establishment sizes",2,0,0,0,0,0,0,0
"45059",5,5413,76,0,2007,1,"","Laurens County, South Carolina","Private","Architectural and engineering services","County, NAICS 4-digit -- by ownership sector","All establishment sizes",6,13,13,11,67377,49864,619,420
"45059",5,"5413",76,0,2007,2,"","Laurens County, South Carolina","Private","Architectural and engineering services","County, NAICS 4-digit -- by ownership sector","All establishment sizes",5,7,8,8,58154,6751,83,583
"45059",5,"5413",76,0,2007,3,"","Laurens County, South Carolina","Private","Architectural and engineering services","County, NAICS 4-digit -- by ownership sector","All establishment sizes",4,8,8,7,60397,6300,79,606
"45059",5,"5413",76,0,2007,4,"","Laurens County, South Carolina","Private","Architectural and engineering services","County, NAICS 4-digit -- by ownership sector","All establishment sizes",4,7,7,7,39909,1365,17,439
"45059",5,54132,77,0,2007,1,"N","Laurens County, South Carolina","Private","Landscape architectural services","County, NAICS 5-digit -- by ownership sector","All establishment sizes",1,0,0,0,0,0,0,0
"45059",5,"54132",77,0,2007,2,"-","Laurens County, South Carolina","Private","Landscape architectural services","County, NAICS 5-digit -- by ownership sector","All establishment sizes",0,0,0,0,0,0,0,0
"45059",5,"54132",77,0,2007,3,"-","Laurens County, South Carolina","Private","Landscape architectural services","County, NAICS 5-digit -- by ownership sector","All establishment sizes",0,0,0,0,0,0,0,0
"45059",5,"54132",77,0,2007,4,"-","Laurens County, South Carolina","Private","Landscape architectural services","County, NAICS 5-digit -- by ownership sector","All establishment sizes",0,0,0,0,0,0,0,0
"45059",5,541320,78,0,2007,1,"N","Laurens County, South Carolina","Private","Landscape architectural services","County, NAICS 6-digit -- by ownership sector","All establishment sizes",1,0,0,0,0,0,0,0
"45059",5,"541320",78,0,2007,2,"-","Laurens County, South Carolina","Private","Landscape architectural services","County, NAICS 6-digit -- by ownership sector","All establishment sizes",0,0,0,0,0,0,0,0
"45059",5,"541320",78,0,2007,3,"-","Laurens County, South Carolina","Private","Landscape architectural services","County, NAICS 6-digit -- by ownership sector","All establishment sizes",0,0,0,0,0,0,0,0
"45059",5,"541320",78,0,2007,4,"-","Laurens County, South Carolina","Private","Landscape architectural services","County, NAICS 6-digit -- by ownership sector","All establishment sizes",0,0,0,0,0,0,0,0
"45059",5,54133,77,0,2007,1,"N","Laurens County, South Carolina","Private","Engineering services","County, NAICS 5-digit -- by ownership sector","All establishment sizes",1,0,0,0,0,0,0,0
"45059",5,"54133",77,0,2007,2,"N","Laurens County, South Carolina","Private","Engineering services","County, NAICS 5-digit -- by ownership sector","All establishment sizes",1,0,0,0,0,0,0,0
"45059",5,"54133",77,0,2007,3,"-","Laurens County, South Carolina","Private","Engineering services","County, NAICS 5-digit -- by ownership sector","All establishment sizes",0,0,0,0,0,0,0,0
"45059",5,"54133",77,0,2007,4,"-","Laurens County, South Carolina","Private","Engineering services","County, NAICS 5-digit -- by ownership sector","All establishment sizes",0,0,0,0,0,0,0,0
"45059",5,541330,78,0,2007,1,"N","Laurens County, South Carolina","Private","Engineering services","County, NAICS 6-digit -- by ownership sector","All establishment sizes",1,0,0,0,0,0,0,0
"45059",5,"541330",78,0,2007,2,"N","Laurens County, South Carolina","Private","Engineering services","County, NAICS 6-digit -- by ownership sector","All establishment sizes",1,0,0,0,0,0,0,0
"45059",5,"541330",78,0,2007,3,"-","Laurens County, South Carolina","Private","Engineering services","County, NAICS 6-digit -- by ownership sector","All establishment sizes",0,0,0,0,0,0,0,0
"45059",5,"541330",78,0,2007,4,"-","Laurens County, South Carolina","Private","Engineering services","County, NAICS 6-digit -- by ownership sector","All establishment sizes",0,0,0,0,0,0,0,0
"45059",5,54136,77,0,2007,1,"N","Laurens County, South Carolina","Private","Geophysical surveying and mapping services","County, NAICS 5-digit -- by ownership sector","All establishment sizes",2,0,0,0,0,0,0,0
"45059",5,"54136",77,0,2007,2,"N","Laurens County, South Carolina","Private","Geophysical surveying and mapping services","County, NAICS 5-digit -- by ownership sector","All establishment sizes",2,0,0,0,0,0,0,0
"45059",5,"54136",77,0,2007,3,"N","Laurens County, South Carolina","Private","Geophysical surveying and mapping services","County, NAICS 5-digit -- by ownership sector","All establishment sizes",2,0,0,0,0,0,0,0
"45059",5,"54136",77,0,2007,4,"N","Laurens County, South Carolina","Private","Geophysical surveying and mapping services","County, NAICS 5-digit -- by ownership sector","All establishment sizes",2,0,0,0,0,0,0,0
"45059",5,541360,78,0,2007,1,"N","Laurens County, South Carolina","Private","Geophysical surveying and mapping services","County, NAICS 6-digit -- by ownership sector","All establishment sizes",2,0,0,0,0,0,0,0
"45059",5,"541360",78,0,2007,2,"N","Laurens County, South Carolina","Private","Geophysical surveying and mapping services","County, NAICS 6-digit -- by ownership sector","All establishment sizes",2,0,0,0,0,0,0,0
"45059",5,"541360",78,0,2007,3,"N","Laurens County, South Carolina","Private","Geophysical surveying and mapping services","County, NAICS 6-digit -- by ownership sector","All establishment sizes",2,0,0,0,0,0,0,0
"45059",5,"541360",78,0,2007,4,"N","Laurens County, South Carolina","Private","Geophysical surveying and mapping services","County, NAICS 6-digit -- by ownership sector","All establishment sizes",2,0,0,0,0,0,0,0
"45059",5,54137,77,0,2007,1,"N","Laurens County, South Carolina","Private","Other surveying and mapping services","County, NAICS 5-digit -- by ownership sector","All establishment sizes",1,0,0,0,0,0,0,0
"45059",5,"54137",77,0,2007,2,"N","Laurens County, South Carolina","Private","Other surveying and mapping services","County, NAICS 5-digit -- by ownership sector","All establishment sizes",1,0,0,0,0,0,0,0
"45059",5,"54137",77,0,2007,3,"N","Laurens County, South Carolina","Private","Other surveying and mapping services","County, NAICS 5-digit -- by ownership sector","All establishment sizes",1,0,0,0,0,0,0,0
"45059",5,"54137",77,0,2007,4,"N","Laurens County, South Carolina","Private","Other surveying and mapping services","County, NAICS 5-digit -- by ownership sector","All establishment sizes",1,0,0,0,0,0,0,0
"45059",5,541370,78,0,2007,1,"N","Laurens County, South Carolina","Private","Other surveying and mapping services","County, NAICS 6-digit -- by ownership sector","All establishment sizes",1,0,0,0,0,0,0,0
"45059",5,"541370",78,0,2007,2,"N","Laurens County, South Carolina","Private","Other surveying and mapping services","County, NAICS 6-digit -- by ownership sector","All establishment sizes",1,0,0,0,0,0,0,0
"45059",5,"541370",78,0,2007,3,"N","Laurens County, South Carolina","Private","Other surveying and mapping services","County, NAICS 6-digit -- by ownership sector","All establishment sizes",1,0,0,0,0,0,0,0
"45059",5,"541370",78,0,2007,4,"N","Laurens County, South Carolina","Private","Other surveying and mapping services","County, NAICS 6-digit -- by ownership sector","All establishment sizes",1,0,0,0,0,0,0,0
"45059",5,54138,77,0,2007,1,"N","Laurens County, South Carolina","Private","Testing laboratories","County, NAICS 5-digit -- by ownership sector","All establishment sizes",1,0,0,0,0,0,0,0
"45059",5,"54138",77,0,2007,2,"N","Laurens County, South Carolina","Private","Testing laboratories","County, NAICS 5-digit -- by ownership sector","All establishment sizes",1,0,0,0,0,0,0,0
"45059",5,"54138",77,0,2007,3,"N","Laurens County, South Carolina","Private","Testing laboratories","County, NAICS 5-digit -- by ownership sector","All establishment sizes",1,0,0,0,0,0,0,0
"45059",5,"54138",77,0,2007,4,"N","Laurens County, South Carolina","Private","Testing laboratories","County, NAICS 5-digit -- by ownership sector","All establishment sizes",1,0,0,0,0,0,0,0
"45059",5,541380,78,0,2007,1,"N","Laurens County, South Carolina","Private","Testing laboratories","County, NAICS 6-digit -- by ownership sector","All establishment sizes",1,0,0,0,0,0,0,0
"45059",5,"541380",78,0,2007,2,"N","Laurens County, South Carolina","Private","Testing laboratories","County, NAICS 6-digit -- by ownership sector","All establishment sizes",1,0,0,0,0,0,0,0
"45059",5,"541380",78,0,2007,3,"N","Laurens County, South Carolina","Private","Testing laboratories","County, NAICS 6-digit -- by ownership sector","All establishment sizes",1,0,0,0,0,0,0,0
"45059",5,"541380",78,0,2007,4,"N","Laurens County, South Carolina","Private","Testing laboratories","County, NAICS 6-digit -- by ownership sector","All establishment sizes",1,0,0,0,0,0,0,0
"45059",5,5415,76,0,2007,1,"","Laurens County, South Carolina","Private","Computer systems design and related services","County, NAICS 4-digit -- by ownership sector","All establishment sizes",3,7,7,7,34825,13965,344,383
"45059",5,"5415",76,0,2007,2,"","Laurens County, South Carolina","Private","Computer systems design and related services","County, NAICS 4-digit -- by ownership sector","All establishment sizes",3,9,9,9,71026,28603,956,607
"45059",5,"5415",76,0,2007,3,"","Laurens County, South Carolina","Private","Computer systems design and related services","County, NAICS 4-digit -- by ownership sector","All establishment sizes",4,9,9,9,122061,1216,41,1043
"45059",5,"5415",76,0,2007,4,"","Laurens County, South Carolina","Private","Computer systems design and related services","County, NAICS 4-digit -- by ownership sector","All establishment sizes",4,7,7,7,98957,0,0,1087
"45059",5,54151,77,0,2007,1,"","Laurens County, South Carolina","Private","Computer systems design and related services","County, NAICS 5-digit -- by ownership sector","All establishment sizes",3,7,7,7,34825,13965,344,383
"45059",5,"54151",77,0,2007,2,"","Laurens County, South Carolina","Private","Computer systems design and related services","County, NAICS 5-digit -- by ownership sector","All establishment sizes",3,9,9,9,71026,28603,956,607
"45059",5,"54151",77,0,2007,3,"","Laurens County, South Carolina","Private","Computer systems design and related services","County, NAICS 5-digit -- by ownership sector","All establishment sizes",4,9,9,9,122061,1216,41,1043
"45059",5,"54151",77,0,2007,4,"","Laurens County, South Carolina","Private","Computer systems design and related services","County, NAICS 5-digit -- by ownership sector","All establishment sizes",4,7,7,7,98957,0,0,1087
"45059",5,541511,78,0,2007,1,"N","Laurens County, South Carolina","Private","Custom computer programming services","County, NAICS 6-digit -- by ownership sector","All establishment sizes",1,0,0,0,0,0,0,0
"45059",5,"541511",78,0,2007,2,"N","Laurens County, South Carolina","Private","Custom computer programming services","County, NAICS 6-digit -- by ownership sector","All establishment sizes",1,0,0,0,0,0,0,0
"45059",5,"541511",78,0,2007,3,"N","Laurens County, South Carolina","Private","Custom computer programming services","County, NAICS 6-digit -- by ownership sector","All establishment sizes",1,0,0,0,0,0,0,0
"45059",5,"541511",78,0,2007,4,"N","Laurens County, South Carolina","Private","Custom computer programming services","County, NAICS 6-digit -- by ownership sector","All establishment sizes",1,0,0,0,0,0,0,0
"45059",5,541512,78,0,2007,1,"N","Laurens County, South Carolina","Private","Computer systems design services","County, NAICS 6-digit -- by ownership sector","All establishment sizes",2,0,0,0,0,0,0,0
"45059",5,"541512",78,0,2007,2,"N","Laurens County, South Carolina","Private","Computer systems design services","County, NAICS 6-digit -- by ownership sector","All establishment sizes",2,0,0,0,0,0,0,0
"45059",5,"541512",78,0,2007,3,"N","Laurens County, South Carolina","Private","Computer systems design services","County, NAICS 6-digit -- by ownership sector","All establishment sizes",3,0,0,0,0,0,0,0
"45059",5,"541512",78,0,2007,4,"N","Laurens County, South Carolina","Private","Computer systems design services","County, NAICS 6-digit -- by ownership sector","All establishment sizes",3,0,0,0,0,0,0,0
"45059",5,5416,76,0,2007,1,"N","Laurens County, South Carolina","Private","Management and technical consulting services","County, NAICS 4-digit -- by ownership sector","All establishment sizes",6,0,0,0,0,0,0,0
"45059",5,"5416",76,0,2007,2,"","Laurens County, South Carolina","Private","Management and technical consulting services","County, NAICS 4-digit -- by ownership sector","All establishment sizes",6,155,89,19,581592,215296,7209,510
"45059",5,"5416",76,0,2007,3,"","Laurens County, South Carolina","Private","Management and technical consulting services","County, NAICS 4-digit -- by ownership sector","All establishment sizes",5,19,10,19,163389,4664,107,786
"45059",5,"5416",76,0,2007,4,"N","Laurens County, South Carolina","Private","Management and technical consulting services","County, NAICS 4-digit -- by ownership sector","All establishment sizes",5,0,0,0,0,0,0,0
"45059",5,54161,77,0,2007,1,"N","Laurens County, South Carolina","Private","Management consulting services","County, NAICS 5-digit -- by ownership sector","All establishment sizes",6,0,0,0,0,0,0,0
"45059",5,"54161",77,0,2007,2,"","Laurens County, South Carolina","Private","Management consulting services","County, NAICS 5-digit -- by ownership sector","All establishment sizes",6,155,89,19,581592,215296,7209,510
"45059",5,"54161",77,0,2007,3,"","Laurens County, South Carolina","Private","Management consulting services","County, NAICS 5-digit -- by ownership sector","All establishment sizes",5,19,10,19,163389,4664,107,786
"45059",5,"54161",77,0,2007,4,"N","Laurens County, South Carolina","Private","Management consulting services","County, NAICS 5-digit -- by ownership sector","All establishment sizes",5,0,0,0,0,0,0,0
"45059",5,541611,78,0,2007,1,"N","Laurens County, South Carolina","Private","Administrative management consulting services","County, NAICS 6-digit -- by ownership sector","All establishment sizes",2,0,0,0,0,0,0,0
"45059",5,"541611",78,0,2007,2,"N","Laurens County, South Carolina","Private","Administrative management consulting services","County, NAICS 6-digit -- by ownership sector","All establishment sizes",2,0,0,0,0,0,0,0
"45059",5,"541611",78,0,2007,3,"N","Laurens County, South Carolina","Private","Administrative management consulting services","County, NAICS 6-digit -- by ownership sector","All establishment sizes",2,0,0,0,0,0,0,0
"45059",5,"541611",78,0,2007,4,"N","Laurens County, South Carolina","Private","Administrative management consulting services","County, NAICS 6-digit -- by ownership sector","All establishment sizes",2,0,0,0,0,0,0,0
"45059",5,541613,78,0,2007,1,"N","Laurens County, South Carolina","Private","Marketing consulting services","County, NAICS 6-digit -- by ownership sector","All establishment sizes",2,0,0,0,0,0,0,0
"45059",5,"541613",78,0,2007,2,"N","Laurens County, South Carolina","Private","Marketing consulting services","County, NAICS 6-digit -- by ownership sector","All establishment sizes",2,0,0,0,0,0,0,0
"45059",5,"541613",78,0,2007,3,"N","Laurens County, South Carolina","Private","Marketing consulting services","County, NAICS 6-digit -- by ownership sector","All establishment sizes",2,0,0,0,0,0,0,0
"45059",5,"541613",78,0,2007,4,"N","Laurens County, South Carolina","Private","Marketing consulting services","County, NAICS 6-digit -- by ownership sector","All establishment sizes",2,0,0,0,0,0,0,0
"45059",5,541614,78,0,2007,1,"N","Laurens County, South Carolina","Private","Process and logistics consulting services","County, NAICS 6-digit -- by ownership sector","All establishment sizes",2,0,0,0,0,0,0,0
"45059",5,"541614",78,0,2007,2,"N","Laurens County, South Carolina","Private","Process and logistics consulting services","County, NAICS 6-digit -- by ownership sector","All establishment sizes",2,0,0,0,0,0,0,0
"45059",5,"541614",78,0,2007,3,"N","Laurens County, South Carolina","Private","Process and logistics consulting services","County, NAICS 6-digit -- by ownership sector","All establishment sizes",1,0,0,0,0,0,0,0
"45059",5,"541614",78,0,2007,4,"N","Laurens County, South Carolina","Private","Process and logistics consulting services","County, NAICS 6-digit -- by ownership sector","All establishment sizes",1,0,0,0,0,0,0,0
"45059",5,5417,76,0,2007,1,"N","Laurens County, South Carolina","Private","Scientific research and development services","County, NAICS 4-digit -- by ownership sector","All establishment sizes",1,0,0,0,0,0,0,0
"45059",5,"5417",76,0,2007,2,"N","Laurens County, South Carolina","Private","Scientific research and development services","County, NAICS 4-digit -- by ownership sector","All establishment sizes",1,0,0,0,0,0,0,0
"45059",5,"5417",76,0,2007,3,"N","Laurens County, South Carolina","Private","Scientific research and development services","County, NAICS 4-digit -- by ownership sector","All establishment sizes",1,0,0,0,0,0,0,0
"45059",5,"5417",76,0,2007,4,"N","Laurens County, South Carolina","Private","Scientific research and development services","County, NAICS 4-digit -- by ownership sector","All establishment sizes",1,0,0,0,0,0,0,0
"45059",5,54171,77,0,2007,1,"N","Laurens County, South Carolina","Private","Physical, engineering and biological research","County, NAICS 5-digit -- by ownership sector","All establishment sizes",1,0,0,0,0,0,0,0
"45059",5,"54171",77,0,2007,2,"N","Laurens County, South Carolina","Private","Physical, engineering and biological research","County, NAICS 5-digit -- by ownership sector","All establishment sizes",1,0,0,0,0,0,0,0
"45059",5,"54171",77,0,2007,3,"N","Laurens County, South Carolina","Private","Physical, engineering and biological research","County, NAICS 5-digit -- by ownership sector","All establishment sizes",1,0,0,0,0,0,0,0
"45059",5,"54171",77,0,2007,4,"N","Laurens County, South Carolina","Private","Physical, engineering and biological research","County, NAICS 5-digit -- by ownership sector","All establishment sizes",1,0,0,0,0,0,0,0
"45059",5,541711,78,0,2007,1,"N","Laurens County, South Carolina","Private","Research and development in biotechnology","County, NAICS 6-digit -- by ownership sector","All establishment sizes",1,0,0,0,0,0,0,0
"45059",5,"541711",78,0,2007,2,"N","Laurens County, South Carolina","Private","Research and development in biotechnology","County, NAICS 6-digit -- by ownership sector","All establishment sizes",1,0,0,0,0,0,0,0
"45059",5,"541711",78,0,2007,3,"N","Laurens County, South Carolina","Private","Research and development in biotechnology","County, NAICS 6-digit -- by ownership sector","All establishment sizes",1,0,0,0,0,0,0,0
"45059",5,"541711",78,0,2007,4,"N","Laurens County, South Carolina","Private","Research and development in biotechnology","County, NAICS 6-digit -- by ownership sector","All establishment sizes",1,0,0,0,0,0,0,0
"45059",5,5419,76,0,2007,1,"","Laurens County, South Carolina","Private","Other professional and technical services","County, NAICS 4-digit -- by ownership sector","All establishment sizes",5,32,33,33,190147,119246,1480,448
"45059",5,"5419",76,0,2007,2,"","Laurens County, South Carolina","Private","Other professional and technical services","County, NAICS 4-digit -- by ownership sector","All establishment sizes",5,30,33,35,178151,61218,760,420
"45059",5,"5419",76,0,2007,3,"","Laurens County, South Carolina","Private","Other professional and technical services","County, NAICS 4-digit -- by ownership sector","All establishment sizes",5,36,40,38,192424,43304,538,390
"45059",5,"5419",76,0,2007,4,"","Laurens County, South Carolina","Private","Other professional and technical services","County, NAICS 4-digit -- by ownership sector","All establishment sizes",6,40,39,40,175369,31521,421,340
"45059",5,54194,77,0,2007,1,"","Laurens County, South Carolina","Private","Veterinary services","County, NAICS 5-digit -- by ownership sector","All establishment sizes",5,32,33,33,190147,119246,1480,448
"45059",5,"54194",77,0,2007,2,"","Laurens County, South Carolina","Private","Veterinary services","County, NAICS 5-digit -- by ownership sector","All establishment sizes",5,30,33,35,178151,61218,760,420
"45059",5,"54194",77,0,2007,3,"","Laurens County, South Carolina","Private","Veterinary services","County, NAICS 5-digit -- by ownership sector","All establishment sizes",5,36,40,38,192424,43304,538,390
"45059",5,"54194",77,0,2007,4,"N","Laurens County, South Carolina","Private","Veterinary services","County, NAICS 5-digit -- by ownership sector","All establishment sizes",5,0,0,0,0,0,0,0
"45059",5,541940,78,0,2007,1,"","Laurens County, South Carolina","Private","Veterinary services","County, NAICS 6-digit -- by ownership sector","All establishment sizes",5,32,33,33,190147,119246,1480,448
"45059",5,"541940",78,0,2007,2,"","Laurens County, South Carolina","Private","Veterinary services","County, NAICS 6-digit -- by ownership sector","All establishment sizes",5,30,33,35,178151,61218,760,420
"45059",5,"541940",78,0,2007,3,"","Laurens County, South Carolina","Private","Veterinary services","County, NAICS 6-digit -- by ownership sector","All establishment sizes",5,36,40,38,192424,43304,538,390
"45059",5,"541940",78,0,2007,4,"N","Laurens County, South Carolina","Private","Veterinary services","County, NAICS 6-digit -- by ownership sector","All establishment sizes",5,0,0,0,0,0,0,0
"45059",5,54199,77,0,2007,1,"-","Laurens County, South Carolina","Private","All other professional and technical services","County, NAICS 5-digit -- by ownership sector","All establishment sizes",0,0,0,0,0,0,0,0
"45059",5,"54199",77,0,2007,2,"-","Laurens County, South Carolina","Private","All other professional and technical services","County, NAICS 5-digit -- by ownership sector","All establishment sizes",0,0,0,0,0,0,0,0
"45059",5,"54199",77,0,2007,3,"-","Laurens County, South Carolina","Private","All other professional and technical services","County, NAICS 5-digit -- by ownership sector","All establishment sizes",0,0,0,0,0,0,0,0
"45059",5,"54199",77,0,2007,4,"N","Laurens County, South Carolina","Private","All other professional and technical services","County, NAICS 5-digit -- by ownership sector","All establishment sizes",1,0,0,0,0,0,0,0
"45059",5,541990,78,0,2007,1,"-","Laurens County, South Carolina","Private","All other professional and technical services","County, NAICS 6-digit -- by ownership sector","All establishment sizes",0,0,0,0,0,0,0,0
"45059",5,"541990",78,0,2007,2,"-","Laurens County, South Carolina","Private","All other professional and technical services","County, NAICS 6-digit -- by ownership sector","All establishment sizes",0,0,0,0,0,0,0,0
"45059",5,"541990",78,0,2007,3,"-","Laurens County, South Carolina","Private","All other professional and technical services","County, NAICS 6-digit -- by ownership sector","All establishment sizes",0,0,0,0,0,0,0,0
"45059",5,"541990",78,0,2007,4,"N","Laurens County, South Carolina","Private","All other professional and technical services","County, NAICS 6-digit -- by ownership sector","All establishment sizes",1,0,0,0,0,0,0,0
"45059",5,55,74,0,2007,1,"N","Laurens County, South Carolina","Private","Management of companies and enterprises","County, NAICS Sector -- by ownership sector","All establishment sizes",1,0,0,0,0,0,0,0
"45059",5,"55",74,0,2007,2,"N","Laurens County, South Carolina","Private","Management of companies and enterprises","County, NAICS Sector -- by ownership sector","All establishment sizes",1,0,0,0,0,0,0,0
"45059",5,"55",74,0,2007,3,"N","Laurens County, South Carolina","Private","Management of companies and enterprises","County, NAICS Sector -- by ownership sector","All establishment sizes",1,0,0,0,0,0,0,0
"45059",5,"55",74,0,2007,4,"N","Laurens County, South Carolina","Private","Management of companies and enterprises","County, NAICS Sector -- by ownership sector","All establishment sizes",1,0,0,0,0,0,0,0
"45059",5,551,75,0,2007,1,"N","Laurens County, South Carolina","Private","Management of companies and enterprises","County, NAICS 3-digit -- by ownership sector","All establishment sizes",1,0,0,0,0,0,0,0
"45059",5,"551",75,0,2007,2,"N","Laurens County, South Carolina","Private","Management of companies and enterprises","County, NAICS 3-digit -- by ownership sector","All establishment sizes",1,0,0,0,0,0,0,0
"45059",5,"551",75,0,2007,3,"N","Laurens County, South Carolina","Private","Management of companies and enterprises","County, NAICS 3-digit -- by ownership sector","All establishment sizes",1,0,0,0,0,0,0,0
"45059",5,"551",75,0,2007,4,"N","Laurens County, South Carolina","Private","Management of companies and enterprises","County, NAICS 3-digit -- by ownership sector","All establishment sizes",1,0,0,0,0,0,0,0
"45059",5,5511,76,0,2007,1,"N","Laurens County, South Carolina","Private","Management of companies and enterprises","County, NAICS 4-digit -- by ownership sector","All establishment sizes",1,0,0,0,0,0,0,0
"45059",5,"5511",76,0,2007,2,"N","Laurens County, South Carolina","Private","Management of companies and enterprises","County, NAICS 4-digit -- by ownership sector","All establishment sizes",1,0,0,0,0,0,0,0
"45059",5,"5511",76,0,2007,3,"N","Laurens County, South Carolina","Private","Management of companies and enterprises","County, NAICS 4-digit -- by ownership sector","All establishment sizes",1,0,0,0,0,0,0,0
"45059",5,"5511",76,0,2007,4,"N","Laurens County, South Carolina","Private","Management of companies and enterprises","County, NAICS 4-digit -- by ownership sector","All establishment sizes",1,0,0,0,0,0,0,0
"45059",5,55111,77,0,2007,1,"N","Laurens County, South Carolina","Private","Management of companies and enterprises","County, NAICS 5-digit -- by ownership sector","All establishment sizes",1,0,0,0,0,0,0,0
"45059",5,"55111",77,0,2007,2,"N","Laurens County, South Carolina","Private","Management of companies and enterprises","County, NAICS 5-digit -- by ownership sector","All establishment sizes",1,0,0,0,0,0,0,0
"45059",5,"55111",77,0,2007,3,"N","Laurens County, South Carolina","Private","Management of companies and enterprises","County, NAICS 5-digit -- by ownership sector","All establishment sizes",1,0,0,0,0,0,0,0
"45059",5,"55111",77,0,2007,4,"N","Laurens County, South Carolina","Private","Management of companies and enterprises","County, NAICS 5-digit -- by ownership sector","All establishment sizes",1,0,0,0,0,0,0,0
"45059",5,551114,78,0,2007,1,"N","Laurens County, South Carolina","Private","Managing offices","County, NAICS 6-digit -- by ownership sector","All establishment sizes",1,0,0,0,0,0,0,0
"45059",5,"551114",78,0,2007,2,"N","Laurens County, South Carolina","Private","Managing offices","County, NAICS 6-digit -- by ownership sector","All establishment sizes",1,0,0,0,0,0,0,0
"45059",5,"551114",78,0,2007,3,"N","Laurens County, South Carolina","Private","Managing offices","County, NAICS 6-digit -- by ownership sector","All establishment sizes",1,0,0,0,0,0,0,0
"45059",5,"551114",78,0,2007,4,"N","Laurens County, South Carolina","Private","Managing offices","County, NAICS 6-digit -- by ownership sector","All establishment sizes",1,0,0,0,0,0,0,0
"45059",5,56,74,0,2007,1,"","Laurens County, South Carolina","Private","Administrative and waste services","County, NAICS Sector -- by ownership sector","All establishment sizes",33,975,1043,1138,4484001,4174707,179430,328
"45059",5,"56",74,0,2007,2,"","Laurens County, South Carolina","Private","Administrative and waste services","County, NAICS Sector -- by ownership sector","All establishment sizes",32,1312,1331,1353,5393538,3347282,131240,311
"45059",5,"56",74,0,2007,3,"","Laurens County, South Carolina","Private","Administrative and waste services","County, NAICS Sector -- by ownership sector","All establishment sizes",32,1158,1212,1057,5034162,2532484,93225,339
"45059",5,"56",74,0,2007,4,"","Laurens County, South Carolina","Private","Administrative and waste services","County, NAICS Sector -- by ownership sector","All establishment sizes",33,981,1033,1158,4873744,2081416,78685,355
"45059",5,561,75,0,2007,1,"N","Laurens County, South Carolina","Private","Administrative and support services","County, NAICS 3-digit -- by ownership sector","All establishment sizes",31,0,0,0,0,0,0,0
"45059",5,"561",75,0,2007,2,"N","Laurens County, South Carolina","Private","Administrative and support services","County, NAICS 3-digit -- by ownership sector","All establishment sizes",30,0,0,0,0,0,0,0
"45059",5,"561",75,0,2007,3,"N","Laurens County, South Carolina","Private","Administrative and support services","County, NAICS 3-digit -- by ownership sector","All establishment sizes",30,0,0,0,0,0,0,0
"45059",5,"561",75,0,2007,4,"N","Laurens County, South Carolina","Private","Administrative and support services","County, NAICS 3-digit -- by ownership sector","All establishment sizes",31,0,0,0,0,0,0,0
"45059",5,5613,76,0,2007,1,"","Laurens County, South Carolina","Private","Employment services","County, NAICS 4-digit -- by ownership sector","All establishment sizes",8,894,964,1054,4039976,3840610,174092,320
"45059",5,"5613",76,0,2007,2,"","Laurens County, South Carolina","Private","Employment services","County, NAICS 4-digit -- by ownership sector","All establishment sizes",8,1218,1244,1259,4894659,3180393,128020,304
"45059",5,"5613",76,0,2007,3,"","Laurens County, South Carolina","Private","Employment services","County, NAICS 4-digit -- by ownership sector","All establishment sizes",8,1074,1129,970,4600828,2455296,91699,335
"45059",5,"5613",76,0,2007,4,"","Laurens County, South Carolina","Private","Employment services","County, NAICS 4-digit -- by ownership sector","All establishment sizes",8,899,953,1080,4423341,2031347,77682,348
"45059",5,56132,77,0,2007,1,"N","Laurens County, South Carolina","Private","Temporary help services","County, NAICS 5-digit -- by ownership sector","All establishment sizes",7,0,0,0,0,0,0,0
"45059",5,"56132",77,0,2007,2,"N","Laurens County, South Carolina","Private","Temporary help services","County, NAICS 5-digit -- by ownership sector","All establishment sizes",7,0,0,0,0,0,0,0
"45059",5,"56132",77,0,2007,3,"N","Laurens County, South Carolina","Private","Temporary help services","County, NAICS 5-digit -- by ownership sector","All establishment sizes",7,0,0,0,0,0,0,0
"45059",5,"56132",77,0,2007,4,"N","Laurens County, South Carolina","Private","Temporary help services","County, NAICS 5-digit -- by ownership sector","All establishment sizes",7,0,0,0,0,0,0,0
"45059",5,561320,78,0,2007,1,"N","Laurens County, South Carolina","Private","Temporary help services","County, NAICS 6-digit -- by ownership sector","All establishment sizes",7,0,0,0,0,0,0,0
"45059",5,"561320",78,0,2007,2,"N","Laurens County, South Carolina","Private","Temporary help services","County, NAICS 6-digit -- by ownership sector","All establishment sizes",7,0,0,0,0,0,0,0
"45059",5,"561320",78,0,2007,3,"N","Laurens County, South Carolina","Private","Temporary help services","County, NAICS 6-digit -- by ownership sector","All establishment sizes",7,0,0,0,0,0,0,0
"45059",5,"561320",78,0,2007,4,"N","Laurens County, South Carolina","Private","Temporary help services","County, NAICS 6-digit -- by ownership sector","All establishment sizes",7,0,0,0,0,0,0,0
"45059",5,56133,77,0,2007,1,"N","Laurens County, South Carolina","Private","Professional employer organizations","County, NAICS 5-digit -- by ownership sector","All establishment sizes",1,0,0,0,0,0,0,0
"45059",5,"56133",77,0,2007,2,"N","Laurens County, South Carolina","Private","Professional employer organizations","County, NAICS 5-digit -- by ownership sector","All establishment sizes",1,0,0,0,0,0,0,0
"45059",5,"56133",77,0,2007,3,"N","Laurens County, South Carolina","Private","Professional employer organizations","County, NAICS 5-digit -- by ownership sector","All establishment sizes",1,0,0,0,0,0,0,0
"45059",5,"56133",77,0,2007,4,"N","Laurens County, South Carolina","Private","Professional employer organizations","County, NAICS 5-digit -- by ownership sector","All establishment sizes",1,0,0,0,0,0,0,0
"45059",5,561330,78,0,2007,1,"N","Laurens County, South Carolina","Private","Professional employer organizations","County, NAICS 6-digit -- by ownership sector","All establishment sizes",1,0,0,0,0,0,0,0
"45059",5,"561330",78,0,2007,2,"N","Laurens County, South Carolina","Private","Professional employer organizations","County, NAICS 6-digit -- by ownership sector","All establishment sizes",1,0,0,0,0,0,0,0
"45059",5,"561330",78,0,2007,3,"N","Laurens County, South Carolina","Private","Professional employer organizations","County, NAICS 6-digit -- by ownership sector","All establishment sizes",1,0,0,0,0,0,0,0
"45059",5,"561330",78,0,2007,4,"N","Laurens County, South Carolina","Private","Professional employer organizations","County, NAICS 6-digit -- by ownership sector","All establishment sizes",1,0,0,0,0,0,0,0
"45059",5,5614,76,0,2007,1,"N","Laurens County, South Carolina","Private","Business support services","County, NAICS 4-digit -- by ownership sector","All establishment sizes",2,0,0,0,0,0,0,0
"45059",5,"5614",76,0,2007,2,"N","Laurens County, South Carolina","Private","Business support services","County, NAICS 4-digit -- by ownership sector","All establishment sizes",1,0,0,0,0,0,0,0
"45059",5,"5614",76,0,2007,3,"N","Laurens County, South Carolina","Private","Business support services","County, NAICS 4-digit -- by ownership sector","All establishment sizes",1,0,0,0,0,0,0,0
"45059",5,"5614",76,0,2007,4,"N","Laurens County, South Carolina","Private","Business support services","County, NAICS 4-digit -- by ownership sector","All establishment sizes",1,0,0,0,0,0,0,0
"45059",5,56144,77,0,2007,1,"N","Laurens County, South Carolina","Private","Collection agencies","County, NAICS 5-digit -- by ownership sector","All establishment sizes",1,0,0,0,0,0,0,0
"45059",5,"56144",77,0,2007,2,"N","Laurens County, South Carolina","Private","Collection agencies","County, NAICS 5-digit -- by ownership sector","All establishment sizes",1,0,0,0,0,0,0,0
"45059",5,"56144",77,0,2007,3,"N","Laurens County, South Carolina","Private","Collection agencies","County, NAICS 5-digit -- by ownership sector","All establishment sizes",1,0,0,0,0,0,0,0
"45059",5,"56144",77,0,2007,4,"N","Laurens County, South Carolina","Private","Collection agencies","County, NAICS 5-digit -- by ownership sector","All establishment sizes",1,0,0,0,0,0,0,0
"45059",5,561440,78,0,2007,1,"N","Laurens County, South Carolina","Private","Collection agencies","County, NAICS 6-digit -- by ownership sector","All establishment sizes",1,0,0,0,0,0,0,0
"45059",5,"561440",78,0,2007,2,"N","Laurens County, South Carolina","Private","Collection agencies","County, NAICS 6-digit -- by ownership sector","All establishment sizes",1,0,0,0,0,0,0,0
"45059",5,"561440",78,0,2007,3,"N","Laurens County, South Carolina","Private","Collection agencies","County, NAICS 6-digit -- by ownership sector","All establishment sizes",1,0,0,0,0,0,0,0
"45059",5,"561440",78,0,2007,4,"N","Laurens County, South Carolina","Private","Collection agencies","County, NAICS 6-digit -- by ownership sector","All establishment sizes",1,0,0,0,0,0,0,0
"45059",5,56149,77,0,2007,1,"N","Laurens County, South Carolina","Private","Other business support services","County, NAICS 5-digit -- by ownership sector","All establishment sizes",1,0,0,0,0,0,0,0
"45059",5,"56149",77,0,2007,2,"-","Laurens County, South Carolina","Private","Other business support services","County, NAICS 5-digit -- by ownership sector","All establishment sizes",0,0,0,0,0,0,0,0
"45059",5,"56149",77,0,2007,3,"-","Laurens County, South Carolina","Private","Other business support services","County, NAICS 5-digit -- by ownership sector","All establishment sizes",0,0,0,0,0,0,0,0
"45059",5,"56149",77,0,2007,4,"-","Laurens County, South Carolina","Private","Other business support services","County, NAICS 5-digit -- by ownership sector","All establishment sizes",0,0,0,0,0,0,0,0
"45059",5,561499,78,0,2007,1,"N","Laurens County, South Carolina","Private","All other business support services","County, NAICS 6-digit -- by ownership sector","All establishment sizes",1,0,0,0,0,0,0,0
"45059",5,"561499",78,0,2007,2,"-","Laurens County, South Carolina","Private","All other business support services","County, NAICS 6-digit -- by ownership sector","All establishment sizes",0,0,0,0,0,0,0,0
"45059",5,"561499",78,0,2007,3,"-","Laurens County, South Carolina","Private","All other business support services","County, NAICS 6-digit -- by ownership sector","All establishment sizes",0,0,0,0,0,0,0,0
"45059",5,"561499",78,0,2007,4,"-","Laurens County, South Carolina","Private","All other business support services","County, NAICS 6-digit -- by ownership sector","All establishment sizes",0,0,0,0,0,0,0,0
"45059",5,5616,76,0,2007,1,"N","Laurens County, South Carolina","Private","Investigation and security services","County, NAICS 4-digit -- by ownership sector","All establishment sizes",2,0,0,0,0,0,0,0
"45059",5,"5616",76,0,2007,2,"N","Laurens County, South Carolina","Private","Investigation and security services","County, NAICS 4-digit -- by ownership sector","All establishment sizes",2,0,0,0,0,0,0,0
"45059",5,"5616",76,0,2007,3,"N","Laurens County, South Carolina","Private","Investigation and security services","County, NAICS 4-digit -- by ownership sector","All establishment sizes",2,0,0,0,0,0,0,0
"45059",5,"5616",76,0,2007,4,"N","Laurens County, South Carolina","Private","Investigation and security services","County, NAICS 4-digit -- by ownership sector","All establishment sizes",2,0,0,0,0,0,0,0
"45059",5,56161,77,0,2007,1,"N","Laurens County, South Carolina","Private","Security and armored car services","County, NAICS 5-digit -- by ownership sector","All establishment sizes",1,0,0,0,0,0,0,0
"45059",5,"56161",77,0,2007,2,"N","Laurens County, South Carolina","Private","Security and armored car services","County, NAICS 5-digit -- by ownership sector","All establishment sizes",1,0,0,0,0,0,0,0
"45059",5,"56161",77,0,2007,3,"N","Laurens County, South Carolina","Private","Security and armored car services","County, NAICS 5-digit -- by ownership sector","All establishment sizes",1,0,0,0,0,0,0,0
"45059",5,"56161",77,0,2007,4,"N","Laurens County, South Carolina","Private","Security and armored car services","County, NAICS 5-digit -- by ownership sector","All establishment sizes",1,0,0,0,0,0,0,0
"45059",5,561612,78,0,2007,1,"N","Laurens County, South Carolina","Private","Security guards and patrol services","County, NAICS 6-digit -- by ownership sector","All establishment sizes",1,0,0,0,0,0,0,0
"45059",5,"561612",78,0,2007,2,"N","Laurens County, South Carolina","Private","Security guards and patrol services","County, NAICS 6-digit -- by ownership sector","All establishment sizes",1,0,0,0,0,0,0,0
"45059",5,"561612",78,0,2007,3,"N","Laurens County, South Carolina","Private","Security guards and patrol services","County, NAICS 6-digit -- by ownership sector","All establishment sizes",1,0,0,0,0,0,0,0
"45059",5,"561612",78,0,2007,4,"N","Laurens County, South Carolina","Private","Security guards and patrol services","County, NAICS 6-digit -- by ownership sector","All establishment sizes",1,0,0,0,0,0,0,0
"45059",5,56162,77,0,2007,1,"N","Laurens County, South Carolina","Private","Security systems services","County, NAICS 5-digit -- by ownership sector","All establishment sizes",1,0,0,0,0,0,0,0
"45059",5,"56162",77,0,2007,2,"N","Laurens County, South Carolina","Private","Security systems services","County, NAICS 5-digit -- by ownership sector","All establishment sizes",1,0,0,0,0,0,0,0
"45059",5,"56162",77,0,2007,3,"N","Laurens County, South Carolina","Private","Security systems services","County, NAICS 5-digit -- by ownership sector","All establishment sizes",1,0,0,0,0,0,0,0
"45059",5,"56162",77,0,2007,4,"N","Laurens County, South Carolina","Private","Security systems services","County, NAICS 5-digit -- by ownership sector","All establishment sizes",1,0,0,0,0,0,0,0
"45059",5,561621,78,0,2007,1,"N","Laurens County, South Carolina","Private","Security systems services, except locksmiths","County, NAICS 6-digit -- by ownership sector","All establishment sizes",1,0,0,0,0,0,0,0
"45059",5,"561621",78,0,2007,2,"N","Laurens County, South Carolina","Private","Security systems services, except locksmiths","County, NAICS 6-digit -- by ownership sector","All establishment sizes",1,0,0,0,0,0,0,0
"45059",5,"561621",78,0,2007,3,"N","Laurens County, South Carolina","Private","Security systems services, except locksmiths","County, NAICS 6-digit -- by ownership sector","All establishment sizes",1,0,0,0,0,0,0,0
"45059",5,"561621",78,0,2007,4,"N","Laurens County, South Carolina","Private","Security systems services, except locksmiths","County, NAICS 6-digit -- by ownership sector","All establishment sizes",1,0,0,0,0,0,0,0
"45059",5,5617,76,0,2007,1,"","Laurens County, South Carolina","Private","Services to buildings and dwellings","County, NAICS 4-digit -- by ownership sector","All establishment sizes",19,64,64,66,292977,238626,3669,349
"45059",5,"5617",76,0,2007,2,"","Laurens County, South Carolina","Private","Services to buildings and dwellings","County, NAICS 4-digit -- by ownership sector","All establishment sizes",19,73,69,76,333855,126232,2469,353
"45059",5,"5617",76,0,2007,3,"","Laurens County, South Carolina","Private","Services to buildings and dwellings","County, NAICS 4-digit -- by ownership sector","All establishment sizes",19,68,64,68,312453,55393,1127,361
"45059",5,"5617",76,0,2007,4,"","Laurens County, South Carolina","Private","Services to buildings and dwellings","County, NAICS 4-digit -- by ownership sector","All establishment sizes",20,64,63,63,315058,40793,809,383
"45059",5,56171,77,0,2007,1,"N","Laurens County, South Carolina","Private","Exterminating and pest control services","County, NAICS 5-digit -- by ownership sector","All establishment sizes",2,0,0,0,0,0,0,0
"45059",5,"56171",77,0,2007,2,"N","Laurens County, South Carolina","Private","Exterminating and pest control services","County, NAICS 5-digit -- by ownership sector","All establishment sizes",2,0,0,0,0,0,0,0
"45059",5,"56171",77,0,2007,3,"N","Laurens County, South Carolina","Private","Exterminating and pest control services","County, NAICS 5-digit -- by ownership sector","All establishment sizes",2,0,0,0,0,0,0,0
"45059",5,"56171",77,0,2007,4,"N","Laurens County, South Carolina","Private","Exterminating and pest control services","County, NAICS 5-digit -- by ownership sector","All establishment sizes",2,0,0,0,0,0,0,0
"45059",5,561710,78,0,2007,1,"N","Laurens County, South Carolina","Private","Exterminating and pest control services","County, NAICS 6-digit -- by ownership sector","All establishment sizes",2,0,0,0,0,0,0,0
"45059",5,"561710",78,0,2007,2,"N","Laurens County, South Carolina","Private","Exterminating and pest control services","County, NAICS 6-digit -- by ownership sector","All establishment sizes",2,0,0,0,0,0,0,0
"45059",5,"561710",78,0,2007,3,"N","Laurens County, South Carolina","Private","Exterminating and pest control services","County, NAICS 6-digit -- by ownership sector","All establishment sizes",2,0,0,0,0,0,0,0
"45059",5,"561710",78,0,2007,4,"N","Laurens County, South Carolina","Private","Exterminating and pest control services","County, NAICS 6-digit -- by ownership sector","All establishment sizes",2,0,0,0,0,0,0,0
"45059",5,56172,77,0,2007,1,"","Laurens County, South Carolina","Private","Janitorial services","County, NAICS 5-digit -- by ownership sector","All establishment sizes",5,10,10,8,20537,20085,491,169
"45059",5,"56172",77,0,2007,2,"","Laurens County, South Carolina","Private","Janitorial services","County, NAICS 5-digit -- by ownership sector","All establishment sizes",5,21,20,21,34410,25850,656,128
"45059",5,"56172",77,0,2007,3,"","Laurens County, South Carolina","Private","Janitorial services","County, NAICS 5-digit -- by ownership sector","All establishment sizes",5,14,16,15,30595,17125,397,157
"45059",5,"56172",77,0,2007,4,"","Laurens County, South Carolina","Private","Janitorial services","County, NAICS 5-digit -- by ownership sector","All establishment sizes",6,15,15,14,33909,14471,337,178
"45059",5,561720,78,0,2007,1,"","Laurens County, South Carolina","Private","Janitorial services","County, NAICS 6-digit -- by ownership sector","All establishment sizes",5,10,10,8,20537,20085,491,169
"45059",5,"561720",78,0,2007,2,"","Laurens County, South Carolina","Private","Janitorial services","County, NAICS 6-digit -- by ownership sector","All establishment sizes",5,21,20,21,34410,25850,656,128
"45059",5,"561720",78,0,2007,3,"","Laurens County, South Carolina","Private","Janitorial services","County, NAICS 6-digit -- by ownership sector","All establishment sizes",5,14,16,15,30595,17125,397,157
"45059",5,"561720",78,0,2007,4,"","Laurens County, South Carolina","Private","Janitorial services","County, NAICS 6-digit -- by ownership sector","All establishment sizes",6,15,15,14,33909,14471,337,178
"45059",5,56173,77,0,2007,1,"","Laurens County, South Carolina","Private","Landscaping services","County, NAICS 5-digit -- by ownership sector","All establishment sizes",10,30,29,32,178057,130399,1995,452
"45059",5,"56173",77,0,2007,2,"","Laurens County, South Carolina","Private","Landscaping services","County, NAICS 5-digit -- by ownership sector","All establishment sizes",10,28,25,31,183374,61221,1222,504
"45059",5,"56173",77,0,2007,3,"","Laurens County, South Carolina","Private","Landscaping services","County, NAICS 5-digit -- by ownership sector","All establishment sizes",10,33,27,32,166331,24793,495,417
"45059",5,"56173",77,0,2007,4,"","Laurens County, South Carolina","Private","Landscaping services","County, NAICS 5-digit -- by ownership sector","All establishment sizes",10,25,23,24,149577,11428,210,479
"45059",5,561730,78,0,2007,1,"","Laurens County, South Carolina","Private","Landscaping services","County, NAICS 6-digit -- by ownership sector","All establishment sizes",10,30,29,32,178057,130399,1995,452
"45059",5,"561730",78,0,2007,2,"","Laurens County, South Carolina","Private","Landscaping services","County, NAICS 6-digit -- by ownership sector","All establishment sizes",10,28,25,31,183374,61221,1222,504
"45059",5,"561730",78,0,2007,3,"","Laurens County, South Carolina","Private","Landscaping services","County, NAICS 6-digit -- by ownership sector","All establishment sizes",10,33,27,32,166331,24793,495,417
"45059",5,"561730",78,0,2007,4,"","Laurens County, South Carolina","Private","Landscaping services","County, NAICS 6-digit -- by ownership sector","All establishment sizes",10,25,23,24,149577,11428,210,479
"45059",5,56179,77,0,2007,1,"N","Laurens County, South Carolina","Private","Other services to buildings and dwellings","County, NAICS 5-digit -- by ownership sector","All establishment sizes",2,0,0,0,0,0,0,0
"45059",5,"56179",77,0,2007,2,"N","Laurens County, South Carolina","Private","Other services to buildings and dwellings","County, NAICS 5-digit -- by ownership sector","All establishment sizes",2,0,0,0,0,0,0,0
"45059",5,"56179",77,0,2007,3,"N","Laurens County, South Carolina","Private","Other services to buildings and dwellings","County, NAICS 5-digit -- by ownership sector","All establishment sizes",2,0,0,0,0,0,0,0
"45059",5,"56179",77,0,2007,4,"N","Laurens County, South Carolina","Private","Other services to buildings and dwellings","County, NAICS 5-digit -- by ownership sector","All establishment sizes",2,0,0,0,0,0,0,0
"45059",5,561790,78,0,2007,1,"N","Laurens County, South Carolina","Private","Other services to buildings and dwellings","County, NAICS 6-digit -- by ownership sector","All establishment sizes",2,0,0,0,0,0,0,0
"45059",5,"561790",78,0,2007,2,"N","Laurens County, South Carolina","Private","Other services to buildings and dwellings","County, NAICS 6-digit -- by ownership sector","All establishment sizes",2,0,0,0,0,0,0,0
"45059",5,"561790",78,0,2007,3,"N","Laurens County, South Carolina","Private","Other services to buildings and dwellings","County, NAICS 6-digit -- by ownership sector","All establishment sizes",2,0,0,0,0,0,0,0
"45059",5,"561790",78,0,2007,4,"N","Laurens County, South Carolina","Private","Other services to buildings and dwellings","County, NAICS 6-digit -- by ownership sector","All establishment sizes",2,0,0,0,0,0,0,0
"45059",5,562,75,0,2007,1,"N","Laurens County, South Carolina","Private","Waste management and remediation services","County, NAICS 3-digit -- by ownership sector","All establishment sizes",2,0,0,0,0,0,0,0
"45059",5,"562",75,0,2007,2,"N","Laurens County, South Carolina","Private","Waste management and remediation services","County, NAICS 3-digit -- by ownership sector","All establishment sizes",2,0,0,0,0,0,0,0
"45059",5,"562",75,0,2007,3,"N","Laurens County, South Carolina","Private","Waste management and remediation services","County, NAICS 3-digit -- by ownership sector","All establishment sizes",2,0,0,0,0,0,0,0
"45059",5,"562",75,0,2007,4,"N","Laurens County, South Carolina","Private","Waste management and remediation services","County, NAICS 3-digit -- by ownership sector","All establishment sizes",2,0,0,0,0,0,0,0
"45059",5,5621,76,0,2007,1,"N","Laurens County, South Carolina","Private","Waste collection","County, NAICS 4-digit -- by ownership sector","All establishment sizes",1,0,0,0,0,0,0,0
"45059",5,"5621",76,0,2007,2,"N","Laurens County, South Carolina","Private","Waste collection","County, NAICS 4-digit -- by ownership sector","All establishment sizes",1,0,0,0,0,0,0,0
"45059",5,"5621",76,0,2007,3,"N","Laurens County, South Carolina","Private","Waste collection","County, NAICS 4-digit -- by ownership sector","All establishment sizes",1,0,0,0,0,0,0,0
"45059",5,"5621",76,0,2007,4,"N","Laurens County, South Carolina","Private","Waste collection","County, NAICS 4-digit -- by ownership sector","All establishment sizes",1,0,0,0,0,0,0,0
"45059",5,56211,77,0,2007,1,"N","Laurens County, South Carolina","Private","Waste collection","County, NAICS 5-digit -- by ownership sector","All establishment sizes",1,0,0,0,0,0,0,0
"45059",5,"56211",77,0,2007,2,"N","Laurens County, South Carolina","Private","Waste collection","County, NAICS 5-digit -- by ownership sector","All establishment sizes",1,0,0,0,0,0,0,0
"45059",5,"56211",77,0,2007,3,"N","Laurens County, South Carolina","Private","Waste collection","County, NAICS 5-digit -- by ownership sector","All establishment sizes",1,0,0,0,0,0,0,0
"45059",5,"56211",77,0,2007,4,"N","Laurens County, South Carolina","Private","Waste collection","County, NAICS 5-digit -- by ownership sector","All establishment sizes",1,0,0,0,0,0,0,0
"45059",5,562119,78,0,2007,1,"N","Laurens County, South Carolina","Private","Other waste collection","County, NAICS 6-digit -- by ownership sector","All establishment sizes",1,0,0,0,0,0,0,0
"45059",5,"562119",78,0,2007,2,"N","Laurens County, South Carolina","Private","Other waste collection","County, NAICS 6-digit -- by ownership sector","All establishment sizes",1,0,0,0,0,0,0,0
"45059",5,"562119",78,0,2007,3,"N","Laurens County, South Carolina","Private","Other waste collection","County, NAICS 6-digit -- by ownership sector","All establishment sizes",1,0,0,0,0,0,0,0
"45059",5,"562119",78,0,2007,4,"N","Laurens County, South Carolina","Private","Other waste collection","County, NAICS 6-digit -- by ownership sector","All establishment sizes",1,0,0,0,0,0,0,0
"45059",5,5622,76,0,2007,1,"N","Laurens County, South Carolina","Private","Waste treatment and disposal","County, NAICS 4-digit -- by ownership sector","All establishment sizes",1,0,0,0,0,0,0,0
"45059",5,"5622",76,0,2007,2,"N","Laurens County, South Carolina","Private","Waste treatment and disposal","County, NAICS 4-digit -- by ownership sector","All establishment sizes",1,0,0,0,0,0,0,0
"45059",5,"5622",76,0,2007,3,"N","Laurens County, South Carolina","Private","Waste treatment and disposal","County, NAICS 4-digit -- by ownership sector","All establishment sizes",1,0,0,0,0,0,0,0
"45059",5,"5622",76,0,2007,4,"N","Laurens County, South Carolina","Private","Waste treatment and disposal","County, NAICS 4-digit -- by ownership sector","All establishment sizes",1,0,0,0,0,0,0,0
"45059",5,56221,77,0,2007,1,"N","Laurens County, South Carolina","Private","Waste treatment and disposal","County, NAICS 5-digit -- by ownership sector","All establishment sizes",1,0,0,0,0,0,0,0
"45059",5,"56221",77,0,2007,2,"N","Laurens County, South Carolina","Private","Waste treatment and disposal","County, NAICS 5-digit -- by ownership sector","All establishment sizes",1,0,0,0,0,0,0,0
"45059",5,"56221",77,0,2007,3,"N","Laurens County, South Carolina","Private","Waste treatment and disposal","County, NAICS 5-digit -- by ownership sector","All establishment sizes",1,0,0,0,0,0,0,0
"45059",5,"56221",77,0,2007,4,"N","Laurens County, South Carolina","Private","Waste treatment and disposal","County, NAICS 5-digit -- by ownership sector","All establishment sizes",1,0,0,0,0,0,0,0
"45059",5,562212,78,0,2007,1,"N","Laurens County, South Carolina","Private","Solid waste landfill","County, NAICS 6-digit -- by ownership sector","All establishment sizes",1,0,0,0,0,0,0,0
"45059",5,"562212",78,0,2007,2,"N","Laurens County, South Carolina","Private","Solid waste landfill","County, NAICS 6-digit -- by ownership sector","All establishment sizes",1,0,0,0,0,0,0,0
"45059",5,"562212",78,0,2007,3,"N","Laurens County, South Carolina","Private","Solid waste landfill","County, NAICS 6-digit -- by ownership sector","All establishment sizes",1,0,0,0,0,0,0,0
"45059",5,"562212",78,0,2007,4,"N","Laurens County, South Carolina","Private","Solid waste landfill","County, NAICS 6-digit -- by ownership sector","All establishment sizes",1,0,0,0,0,0,0,0
"45059",5,61,74,0,2007,1,"N","Laurens County, South Carolina","Private","Educational services","County, NAICS Sector -- by ownership sector","All establishment sizes",5,0,0,0,0,0,0,0
"45059",5,"61",74,0,2007,2,"N","Laurens County, South Carolina","Private","Educational services","County, NAICS Sector -- by ownership sector","All establishment sizes",5,0,0,0,0,0,0,0
"45059",5,"61",74,0,2007,3,"N","Laurens County, South Carolina","Private","Educational services","County, NAICS Sector -- by ownership sector","All establishment sizes",5,0,0,0,0,0,0,0
"45059",5,"61",74,0,2007,4,"N","Laurens County, South Carolina","Private","Educational services","County, NAICS Sector -- by ownership sector","All establishment sizes",5,0,0,0,0,0,0,0
"45059",5,611,75,0,2007,1,"N","Laurens County, South Carolina","Private","Educational services","County, NAICS 3-digit -- by ownership sector","All establishment sizes",5,0,0,0,0,0,0,0
"45059",5,"611",75,0,2007,2,"N","Laurens County, South Carolina","Private","Educational services","County, NAICS 3-digit -- by ownership sector","All establishment sizes",5,0,0,0,0,0,0,0
"45059",5,"611",75,0,2007,3,"N","Laurens County, South Carolina","Private","Educational services","County, NAICS 3-digit -- by ownership sector","All establishment sizes",5,0,0,0,0,0,0,0
"45059",5,"611",75,0,2007,4,"N","Laurens County, South Carolina","Private","Educational services","County, NAICS 3-digit -- by ownership sector","All establishment sizes",5,0,0,0,0,0,0,0
"45059",5,6111,76,0,2007,1,"N","Laurens County, South Carolina","Private","Elementary and secondary schools","County, NAICS 4-digit -- by ownership sector","All establishment sizes",1,0,0,0,0,0,0,0
"45059",5,"6111",76,0,2007,2,"N","Laurens County, South Carolina","Private","Elementary and secondary schools","County, NAICS 4-digit -- by ownership sector","All establishment sizes",1,0,0,0,0,0,0,0
"45059",5,"6111",76,0,2007,3,"N","Laurens County, South Carolina","Private","Elementary and secondary schools","County, NAICS 4-digit -- by ownership sector","All establishment sizes",1,0,0,0,0,0,0,0
"45059",5,"6111",76,0,2007,4,"N","Laurens County, South Carolina","Private","Elementary and secondary schools","County, NAICS 4-digit -- by ownership sector","All establishment sizes",1,0,0,0,0,0,0,0
"45059",5,61111,77,0,2007,1,"N","Laurens County, South Carolina","Private","Elementary and secondary schools","County, NAICS 5-digit -- by ownership sector","All establishment sizes",1,0,0,0,0,0,0,0
"45059",5,"61111",77,0,2007,2,"N","Laurens County, South Carolina","Private","Elementary and secondary schools","County, NAICS 5-digit -- by ownership sector","All establishment sizes",1,0,0,0,0,0,0,0
"45059",5,"61111",77,0,2007,3,"N","Laurens County, South Carolina","Private","Elementary and secondary schools","County, NAICS 5-digit -- by ownership sector","All establishment sizes",1,0,0,0,0,0,0,0
"45059",5,"61111",77,0,2007,4,"N","Laurens County, South Carolina","Private","Elementary and secondary schools","County, NAICS 5-digit -- by ownership sector","All establishment sizes",1,0,0,0,0,0,0,0
"45059",5,611110,78,0,2007,1,"N","Laurens County, South Carolina","Private","Elementary and secondary schools","County, NAICS 6-digit -- by ownership sector","All establishment sizes",1,0,0,0,0,0,0,0
"45059",5,"611110",78,0,2007,2,"N","Laurens County, South Carolina","Private","Elementary and secondary schools","County, NAICS 6-digit -- by ownership sector","All establishment sizes",1,0,0,0,0,0,0,0
"45059",5,"611110",78,0,2007,3,"N","Laurens County, South Carolina","Private","Elementary and secondary schools","County, NAICS 6-digit -- by ownership sector","All establishment sizes",1,0,0,0,0,0,0,0
"45059",5,"611110",78,0,2007,4,"N","Laurens County, South Carolina","Private","Elementary and secondary schools","County, NAICS 6-digit -- by ownership sector","All establishment sizes",1,0,0,0,0,0,0,0
"45059",5,6113,76,0,2007,1,"N","Laurens County, South Carolina","Private","Colleges and universities","County, NAICS 4-digit -- by ownership sector","All establishment sizes",1,0,0,0,0,0,0,0
"45059",5,"6113",76,0,2007,2,"N","Laurens County, South Carolina","Private","Colleges and universities","County, NAICS 4-digit -- by ownership sector","All establishment sizes",1,0,0,0,0,0,0,0
"45059",5,"6113",76,0,2007,3,"N","Laurens County, South Carolina","Private","Colleges and universities","County, NAICS 4-digit -- by ownership sector","All establishment sizes",1,0,0,0,0,0,0,0
"45059",5,"6113",76,0,2007,4,"N","Laurens County, South Carolina","Private","Colleges and universities","County, NAICS 4-digit -- by ownership sector","All establishment sizes",1,0,0,0,0,0,0,0
"45059",5,61131,77,0,2007,1,"N","Laurens County, South Carolina","Private","Colleges and universities","County, NAICS 5-digit -- by ownership sector","All establishment sizes",1,0,0,0,0,0,0,0
"45059",5,"61131",77,0,2007,2,"N","Laurens County, South Carolina","Private","Colleges and universities","County, NAICS 5-digit -- by ownership sector","All establishment sizes",1,0,0,0,0,0,0,0
"45059",5,"61131",77,0,2007,3,"N","Laurens County, South Carolina","Private","Colleges and universities","County, NAICS 5-digit -- by ownership sector","All establishment sizes",1,0,0,0,0,0,0,0
"45059",5,"61131",77,0,2007,4,"N","Laurens County, South Carolina","Private","Colleges and universities","County, NAICS 5-digit -- by ownership sector","All establishment sizes",1,0,0,0,0,0,0,0
"45059",5,611310,78,0,2007,1,"N","Laurens County, South Carolina","Private","Colleges and universities","County, NAICS 6-digit -- by ownership sector","All establishment sizes",1,0,0,0,0,0,0,0
"45059",5,"611310",78,0,2007,2,"N","Laurens County, South Carolina","Private","Colleges and universities","County, NAICS 6-digit -- by ownership sector","All establishment sizes",1,0,0,0,0,0,0,0
"45059",5,"611310",78,0,2007,3,"N","Laurens County, South Carolina","Private","Colleges and universities","County, NAICS 6-digit -- by ownership sector","All establishment sizes",1,0,0,0,0,0,0,0
"45059",5,"611310",78,0,2007,4,"N","Laurens County, South Carolina","Private","Colleges and universities","County, NAICS 6-digit -- by ownership sector","All establishment sizes",1,0,0,0,0,0,0,0
"45059",5,6115,76,0,2007,1,"N","Laurens County, South Carolina","Private","Technical and trade schools","County, NAICS 4-digit -- by ownership sector","All establishment sizes",1,0,0,0,0,0,0,0
"45059",5,"6115",76,0,2007,2,"N","Laurens County, South Carolina","Private","Technical and trade schools","County, NAICS 4-digit -- by ownership sector","All establishment sizes",1,0,0,0,0,0,0,0
"45059",5,"6115",76,0,2007,3,"N","Laurens County, South Carolina","Private","Technical and trade schools","County, NAICS 4-digit -- by ownership sector","All establishment sizes",1,0,0,0,0,0,0,0
"45059",5,"6115",76,0,2007,4,"N","Laurens County, South Carolina","Private","Technical and trade schools","County, NAICS 4-digit -- by ownership sector","All establishment sizes",1,0,0,0,0,0,0,0
"45059",5,61151,77,0,2007,1,"N","Laurens County, South Carolina","Private","Technical and trade schools","County, NAICS 5-digit -- by ownership sector","All establishment sizes",1,0,0,0,0,0,0,0
"45059",5,"61151",77,0,2007,2,"N","Laurens County, South Carolina","Private","Technical and trade schools","County, NAICS 5-digit -- by ownership sector","All establishment sizes",1,0,0,0,0,0,0,0
"45059",5,"61151",77,0,2007,3,"N","Laurens County, South Carolina","Private","Technical and trade schools","County, NAICS 5-digit -- by ownership sector","All establishment sizes",1,0,0,0,0,0,0,0
"45059",5,"61151",77,0,2007,4,"N","Laurens County, South Carolina","Private","Technical and trade schools","County, NAICS 5-digit -- by ownership sector","All establishment sizes",1,0,0,0,0,0,0,0
"45059",5,611519,78,0,2007,1,"N","Laurens County, South Carolina","Private","Other technical and trade schools","County, NAICS 6-digit -- by ownership sector","All establishment sizes",1,0,0,0,0,0,0,0
"45059",5,"611519",78,0,2007,2,"N","Laurens County, South Carolina","Private","Other technical and trade schools","County, NAICS 6-digit -- by ownership sector","All establishment sizes",1,0,0,0,0,0,0,0
"45059",5,"611519",78,0,2007,3,"N","Laurens County, South Carolina","Private","Other technical and trade schools","County, NAICS 6-digit -- by ownership sector","All establishment sizes",1,0,0,0,0,0,0,0
"45059",5,"611519",78,0,2007,4,"N","Laurens County, South Carolina","Private","Other technical and trade schools","County, NAICS 6-digit -- by ownership sector","All establishment sizes",1,0,0,0,0,0,0,0
"45059",5,6116,76,0,2007,1,"N","Laurens County, South Carolina","Private","Other schools and instruction","County, NAICS 4-digit -- by ownership sector","All establishment sizes",2,0,0,0,0,0,0,0
"45059",5,"6116",76,0,2007,2,"N","Laurens County, South Carolina","Private","Other schools and instruction","County, NAICS 4-digit -- by ownership sector","All establishment sizes",2,0,0,0,0,0,0,0
"45059",5,"6116",76,0,2007,3,"N","Laurens County, South Carolina","Private","Other schools and instruction","County, NAICS 4-digit -- by ownership sector","All establishment sizes",2,0,0,0,0,0,0,0
"45059",5,"6116",76,0,2007,4,"N","Laurens County, South Carolina","Private","Other schools and instruction","County, NAICS 4-digit -- by ownership sector","All establishment sizes",2,0,0,0,0,0,0,0
"45059",5,61161,77,0,2007,1,"N","Laurens County, South Carolina","Private","Fine arts schools","County, NAICS 5-digit -- by ownership sector","All establishment sizes",2,0,0,0,0,0,0,0
"45059",5,"61161",77,0,2007,2,"N","Laurens County, South Carolina","Private","Fine arts schools","County, NAICS 5-digit -- by ownership sector","All establishment sizes",2,0,0,0,0,0,0,0
"45059",5,"61161",77,0,2007,3,"N","Laurens County, South Carolina","Private","Fine arts schools","County, NAICS 5-digit -- by ownership sector","All establishment sizes",2,0,0,0,0,0,0,0
"45059",5,"61161",77,0,2007,4,"N","Laurens County, South Carolina","Private","Fine arts schools","County, NAICS 5-digit -- by ownership sector","All establishment sizes",2,0,0,0,0,0,0,0
"45059",5,611610,78,0,2007,1,"N","Laurens County, South Carolina","Private","Fine arts schools","County, NAICS 6-digit -- by ownership sector","All establishment sizes",2,0,0,0,0,0,0,0
"45059",5,"611610",78,0,2007,2,"N","Laurens County, South Carolina","Private","Fine arts schools","County, NAICS 6-digit -- by ownership sector","All establishment sizes",2,0,0,0,0,0,0,0
"45059",5,"611610",78,0,2007,3,"N","Laurens County, South Carolina","Private","Fine arts schools","County, NAICS 6-digit -- by ownership sector","All establishment sizes",2,0,0,0,0,0,0,0
"45059",5,"611610",78,0,2007,4,"N","Laurens County, South Carolina","Private","Fine arts schools","County, NAICS 6-digit -- by ownership sector","All establishment sizes",2,0,0,0,0,0,0,0
"45059",5,62,74,0,2007,1,"N","Laurens County, South Carolina","Private","Health care and social assistance","County, NAICS Sector -- by ownership sector","All establishment sizes",70,0,0,0,0,0,0,0
"45059",5,"62",74,0,2007,2,"N","Laurens County, South Carolina","Private","Health care and social assistance","County, NAICS Sector -- by ownership sector","All establishment sizes",69,0,0,0,0,0,0,0
"45059",5,"62",74,0,2007,3,"N","Laurens County, South Carolina","Private","Health care and social assistance","County, NAICS Sector -- by ownership sector","All establishment sizes",70,0,0,0,0,0,0,0
"45059",5,"62",74,0,2007,4,"N","Laurens County, South Carolina","Private","Health care and social assistance","County, NAICS Sector -- by ownership sector","All establishment sizes",70,0,0,0,0,0,0,0
"45059",5,621,75,0,2007,1,"","Laurens County, South Carolina","Private","Ambulatory health care services","County, NAICS 3-digit -- by ownership sector","All establishment sizes",48,320,315,322,3301990,1807356,28906,796
"45059",5,"621",75,0,2007,2,"","Laurens County, South Carolina","Private","Ambulatory health care services","County, NAICS 3-digit -- by ownership sector","All establishment sizes",48,316,320,316,3626568,402583,6568,879
"45059",5,"621",75,0,2007,3,"","Laurens County, South Carolina","Private","Ambulatory health care services","County, NAICS 3-digit -- by ownership sector","All establishment sizes",49,330,328,328,3905912,191364,3600,914
"45059",5,"621",75,0,2007,4,"","Laurens County, South Carolina","Private","Ambulatory health care services","County, NAICS 3-digit -- by ownership sector","All establishment sizes",49,321,326,321,4258938,177777,3166,1015
"45059",5,6211,76,0,2007,1,"","Laurens County, South Carolina","Private","Offices of physicians","County, NAICS 4-digit -- by ownership sector","All establishment sizes",26,168,163,172,2016828,964384,14873,925
"45059",5,"6211",76,0,2007,2,"","Laurens County, South Carolina","Private","Offices of physicians","County, NAICS 4-digit -- by ownership sector","All establishment sizes",26,165,174,176,2310426,188559,2849,1035
"45059",5,"6211",76,0,2007,3,"","Laurens County, South Carolina","Private","Offices of physicians","County, NAICS 4-digit -- by ownership sector","All establishment sizes",26,168,174,175,2546008,83346,1657,1136
"45059",5,"6211",76,0,2007,4,"","Laurens County, South Carolina","Private","Offices of physicians","County, NAICS 4-digit -- by ownership sector","All establishment sizes",26,175,175,179,2835295,103940,1783,1237
"45059",5,62111,77,0,2007,1,"","Laurens County, South Carolina","Private","Offices of physicians","County, NAICS 5-digit -- by ownership sector","All establishment sizes",26,168,163,172,2016828,964384,14873,925
"45059",5,"62111",77,0,2007,2,"","Laurens County, South Carolina","Private","Offices of physicians","County, NAICS 5-digit -- by ownership sector","All establishment sizes",26,165,174,176,2310426,188559,2849,1035
"45059",5,"62111",77,0,2007,3,"","Laurens County, South Carolina","Private","Offices of physicians","County, NAICS 5-digit -- by ownership sector","All establishment sizes",26,168,174,175,2546008,83346,1657,1136
"45059",5,"62111",77,0,2007,4,"","Laurens County, South Carolina","Private","Offices of physicians","County, NAICS 5-digit -- by ownership sector","All establishment sizes",26,175,175,179,2835295,103940,1783,1237
"45059",5,621111,78,0,2007,1,"","Laurens County, South Carolina","Private","Offices of physicians, except mental health","County, NAICS 6-digit -- by ownership sector","All establishment sizes",26,168,163,172,2016828,964384,14873,925
"45059",5,"621111",78,0,2007,2,"","Laurens County, South Carolina","Private","Offices of physicians, except mental health","County, NAICS 6-digit -- by ownership sector","All establishment sizes",26,165,174,176,2310426,188559,2849,1035
"45059",5,"621111",78,0,2007,3,"","Laurens County, South Carolina","Private","Offices of physicians, except mental health","County, NAICS 6-digit -- by ownership sector","All establishment sizes",26,168,174,175,2546008,83346,1657,1136
"45059",5,"621111",78,0,2007,4,"","Laurens County, South Carolina","Private","Offices of physicians, except mental health","County, NAICS 6-digit -- by ownership sector","All establishment sizes",26,175,175,179,2835295,103940,1783,1237
"45059",5,6212,76,0,2007,1,"","Laurens County, South Carolina","Private","Offices of dentists","County, NAICS 4-digit -- by ownership sector","All establishment sizes",10,61,61,60,523341,331041,5549,664
"45059",5,"6212",76,0,2007,2,"","Laurens County, South Carolina","Private","Offices of dentists","County, NAICS 4-digit -- by ownership sector","All establishment sizes",10,62,57,55,579137,65125,1212,768
"45059",5,"6212",76,0,2007,3,"","Laurens County, South Carolina","Private","Offices of dentists","County, NAICS 4-digit -- by ownership sector","All establishment sizes",11,72,65,63,555242,31323,573,641
"45059",5,"6212",76,0,2007,4,"","Laurens County, South Carolina","Private","Offices of dentists","County, NAICS 4-digit -- by ownership sector","All establishment sizes",11,56,56,57,616598,20863,353,842
"45059",5,62121,77,0,2007,1,"","Laurens County, South Carolina","Private","Offices of dentists","County, NAICS 5-digit -- by ownership sector","All establishment sizes",10,61,61,60,523341,331041,5549,664
"45059",5,"62121",77,0,2007,2,"","Laurens County, South Carolina","Private","Offices of dentists","County, NAICS 5-digit -- by ownership sector","All establishment sizes",10,62,57,55,579137,65125,1212,768
"45059",5,"62121",77,0,2007,3,"","Laurens County, South Carolina","Private","Offices of dentists","County, NAICS 5-digit -- by ownership sector","All establishment sizes",11,72,65,63,555242,31323,573,641
"45059",5,"62121",77,0,2007,4,"","Laurens County, South Carolina","Private","Offices of dentists","County, NAICS 5-digit -- by ownership sector","All establishment sizes",11,56,56,57,616598,20863,353,842
"45059",5,621210,78,0,2007,1,"","Laurens County, South Carolina","Private","Offices of dentists","County, NAICS 6-digit -- by ownership sector","All establishment sizes",10,61,61,60,523341,331041,5549,664
"45059",5,"621210",78,0,2007,2,"","Laurens County, South Carolina","Private","Offices of dentists","County, NAICS 6-digit -- by ownership sector","All establishment sizes",10,62,57,55,579137,65125,1212,768
"45059",5,"621210",78,0,2007,3,"","Laurens County, South Carolina","Private","Offices of dentists","County, NAICS 6-digit -- by ownership sector","All establishment sizes",11,72,65,63,555242,31323,573,641
"45059",5,"621210",78,0,2007,4,"","Laurens County, South Carolina","Private","Offices of dentists","County, NAICS 6-digit -- by ownership sector","All establishment sizes",11,56,56,57,616598,20863,353,842
"45059",5,6213,76,0,2007,1,"","Laurens County, South Carolina","Private","Offices of other health practitioners","County, NAICS 4-digit -- by ownership sector","All establishment sizes",9,42,41,41,259731,178983,3101,483
"45059",5,"6213",76,0,2007,2,"","Laurens County, South Carolina","Private","Offices of other health practitioners","County, NAICS 4-digit -- by ownership sector","All establishment sizes",9,42,41,34,285278,75468,1301,563
"45059",5,"6213",76,0,2007,3,"","Laurens County, South Carolina","Private","Offices of other health practitioners","County, NAICS 4-digit -- by ownership sector","All establishment sizes",9,39,36,37,293136,32986,663,604
"45059",5,"6213",76,0,2007,4,"","Laurens County, South Carolina","Private","Offices of other health practitioners","County, NAICS 4-digit -- by ownership sector","All establishment sizes",9,35,36,29,278977,16992,371,644
"45059",5,62131,77,0,2007,1,"","Laurens County, South Carolina","Private","Offices of chiropractors","County, NAICS 5-digit -- by ownership sector","All establishment sizes",3,9,8,8,36633,34133,1075,338
"45059",5,"62131",77,0,2007,2,"","Laurens County, South Carolina","Private","Offices of chiropractors","County, NAICS 5-digit -- by ownership sector","All establishment sizes",3,8,7,7,35497,15616,474,372
"45059",5,"62131",77,0,2007,3,"N","Laurens County, South Carolina","Private","Offices of chiropractors","County, NAICS 5-digit -- by ownership sector","All establishment sizes",3,0,0,0,0,0,0,0
"45059",5,"62131",77,0,2007,4,"N","Laurens County, South Carolina","Private","Offices of chiropractors","County, NAICS 5-digit -- by ownership sector","All establishment sizes",3,0,0,0,0,0,0,0
"45059",5,621310,78,0,2007,1,"","Laurens County, South Carolina","Private","Offices of chiropractors","County, NAICS 6-digit -- by ownership sector","All establishment sizes",3,9,8,8,36633,34133,1075,338
"45059",5,"621310",78,0,2007,2,"","Laurens County, South Carolina","Private","Offices of chiropractors","County, NAICS 6-digit -- by ownership sector","All establishment sizes",3,8,7,7,35497,15616,474,372
"45059",5,"621310",78,0,2007,3,"N","Laurens County, South Carolina","Private","Offices of chiropractors","County, NAICS 6-digit -- by ownership sector","All establishment sizes",3,0,0,0,0,0,0,0
"45059",5,"621310",78,0,2007,4,"N","Laurens County, South Carolina","Private","Offices of chiropractors","County, NAICS 6-digit -- by ownership sector","All establishment sizes",3,0,0,0,0,0,0,0
"45059",5,62132,77,0,2007,1,"","Laurens County, South Carolina","Private","Offices of optometrists","County, NAICS 5-digit -- by ownership sector","All establishment sizes",3,23,23,23,125604,102820,1274,420
"45059",5,"62132",77,0,2007,2,"","Laurens County, South Carolina","Private","Offices of optometrists","County, NAICS 5-digit -- by ownership sector","All establishment sizes",3,24,24,16,138330,53254,661,499
"45059",5,"62132",77,0,2007,3,"","Laurens County, South Carolina","Private","Offices of optometrists","County, NAICS 5-digit -- by ownership sector","All establishment sizes",3,22,21,22,146676,20315,252,521
"45059",5,"62132",77,0,2007,4,"","Laurens County, South Carolina","Private","Offices of optometrists","County, NAICS 5-digit -- by ownership sector","All establishment sizes",3,23,23,17,181640,6172,77,665
"45059",5,621320,78,0,2007,1,"","Laurens County, South Carolina","Private","Offices of optometrists","County, NAICS 6-digit -- by ownership sector","All establishment sizes",3,23,23,23,125604,102820,1274,420
"45059",5,"621320",78,0,2007,2,"","Laurens County, South Carolina","Private","Offices of optometrists","County, NAICS 6-digit -- by ownership sector","All establishment sizes",3,24,24,16,138330,53254,661,499
"45059",5,"621320",78,0,2007,3,"","Laurens County, South Carolina","Private","Offices of optometrists","County, NAICS 6-digit -- by ownership sector","All establishment sizes",3,22,21,22,146676,20315,252,521
"45059",5,"621320",78,0,2007,4,"","Laurens County, South Carolina","Private","Offices of optometrists","County, NAICS 6-digit -- by ownership sector","All establishment sizes",3,23,23,17,181640,6172,77,665
"45059",5,62134,77,0,2007,1,"N","Laurens County, South Carolina","Private","Offices of specialty therapists","County, NAICS 5-digit -- by ownership sector","All establishment sizes",2,0,0,0,0,0,0,0
"45059",5,"62134",77,0,2007,2,"N","Laurens County, South Carolina","Private","Offices of specialty therapists","County, NAICS 5-digit -- by ownership sector","All establishment sizes",2,0,0,0,0,0,0,0
"45059",5,"62134",77,0,2007,3,"N","Laurens County, South Carolina","Private","Offices of specialty therapists","County, NAICS 5-digit -- by ownership sector","All establishment sizes",2,0,0,0,0,0,0,0
"45059",5,"62134",77,0,2007,4,"N","Laurens County, South Carolina","Private","Offices of specialty therapists","County, NAICS 5-digit -- by ownership sector","All establishment sizes",2,0,0,0,0,0,0,0
"45059",5,621340,78,0,2007,1,"N","Laurens County, South Carolina","Private","Offices of specialty therapists","County, NAICS 6-digit -- by ownership sector","All establishment sizes",2,0,0,0,0,0,0,0
"45059",5,"621340",78,0,2007,2,"N","Laurens County, South Carolina","Private","Offices of specialty therapists","County, NAICS 6-digit -- by ownership sector","All establishment sizes",2,0,0,0,0,0,0,0
"45059",5,"621340",78,0,2007,3,"N","Laurens County, South Carolina","Private","Offices of specialty therapists","County, NAICS 6-digit -- by ownership sector","All establishment sizes",2,0,0,0,0,0,0,0
"45059",5,"621340",78,0,2007,4,"N","Laurens County, South Carolina","Private","Offices of specialty therapists","County, NAICS 6-digit -- by ownership sector","All establishment sizes",2,0,0,0,0,0,0,0
"45059",5,62139,77,0,2007,1,"N","Laurens County, South Carolina","Private","Offices of all other health practitioners","County, NAICS 5-digit -- by ownership sector","All establishment sizes",1,0,0,0,0,0,0,0
"45059",5,"62139",77,0,2007,2,"N","Laurens County, South Carolina","Private","Offices of all other health practitioners","County, NAICS 5-digit -- by ownership sector","All establishment sizes",1,0,0,0,0,0,0,0
"45059",5,"62139",77,0,2007,3,"N","Laurens County, South Carolina","Private","Offices of all other health practitioners","County, NAICS 5-digit -- by ownership sector","All establishment sizes",1,0,0,0,0,0,0,0
"45059",5,"62139",77,0,2007,4,"N","Laurens County, South Carolina","Private","Offices of all other health practitioners","County, NAICS 5-digit -- by ownership sector","All establishment sizes",1,0,0,0,0,0,0,0
"45059",5,621399,78,0,2007,1,"N","Laurens County, South Carolina","Private","Offices of miscellaneous health practitioners","County, NAICS 6-digit -- by ownership sector","All establishment sizes",1,0,0,0,0,0,0,0
"45059",5,"621399",78,0,2007,2,"N","Laurens County, South Carolina","Private","Offices of miscellaneous health practitioners","County, NAICS 6-digit -- by ownership sector","All establishment sizes",1,0,0,0,0,0,0,0
"45059",5,"621399",78,0,2007,3,"N","Laurens County, South Carolina","Private","Offices of miscellaneous health practitioners","County, NAICS 6-digit -- by ownership sector","All establishment sizes",1,0,0,0,0,0,0,0
"45059",5,"621399",78,0,2007,4,"N","Laurens County, South Carolina","Private","Offices of miscellaneous health practitioners","County, NAICS 6-digit -- by ownership sector","All establishment sizes",1,0,0,0,0,0,0,0
"45059",5,6214,76,0,2007,1,"N","Laurens County, South Carolina","Private","Outpatient care centers","County, NAICS 4-digit -- by ownership sector","All establishment sizes",1,0,0,0,0,0,0,0
"45059",5,"6214",76,0,2007,2,"N","Laurens County, South Carolina","Private","Outpatient care centers","County, NAICS 4-digit -- by ownership sector","All establishment sizes",1,0,0,0,0,0,0,0
"45059",5,"6214",76,0,2007,3,"N","Laurens County, South Carolina","Private","Outpatient care centers","County, NAICS 4-digit -- by ownership sector","All establishment sizes",1,0,0,0,0,0,0,0
"45059",5,"6214",76,0,2007,4,"N","Laurens County, South Carolina","Private","Outpatient care centers","County, NAICS 4-digit -- by ownership sector","All establishment sizes",1,0,0,0,0,0,0,0
"45059",5,62149,77,0,2007,1,"N","Laurens County, South Carolina","Private","Other outpatient care centers","County, NAICS 5-digit -- by ownership sector","All establishment sizes",1,0,0,0,0,0,0,0
"45059",5,"62149",77,0,2007,2,"N","Laurens County, South Carolina","Private","Other outpatient care centers","County, NAICS 5-digit -- by ownership sector","All establishment sizes",1,0,0,0,0,0,0,0
"45059",5,"62149",77,0,2007,3,"N","Laurens County, South Carolina","Private","Other outpatient care centers","County, NAICS 5-digit -- by ownership sector","All establishment sizes",1,0,0,0,0,0,0,0
"45059",5,"62149",77,0,2007,4,"N","Laurens County, South Carolina","Private","Other outpatient care centers","County, NAICS 5-digit -- by ownership sector","All establishment sizes",1,0,0,0,0,0,0,0
"45059",5,621492,78,0,2007,1,"N","Laurens County, South Carolina","Private","Kidney dialysis centers","County, NAICS 6-digit -- by ownership sector","All establishment sizes",1,0,0,0,0,0,0,0
"45059",5,"621492",78,0,2007,2,"N","Laurens County, South Carolina","Private","Kidney dialysis centers","County, NAICS 6-digit -- by ownership sector","All establishment sizes",1,0,0,0,0,0,0,0
"45059",5,"621492",78,0,2007,3,"N","Laurens County, South Carolina","Private","Kidney dialysis centers","County, NAICS 6-digit -- by ownership sector","All establishment sizes",1,0,0,0,0,0,0,0
"45059",5,"621492",78,0,2007,4,"N","Laurens County, South Carolina","Private","Kidney dialysis centers","County, NAICS 6-digit -- by ownership sector","All establishment sizes",1,0,0,0,0,0,0,0
"45059",5,6216,76,0,2007,1,"N","Laurens County, South Carolina","Private","Home health care services","County, NAICS 4-digit -- by ownership sector","All establishment sizes",2,0,0,0,0,0,0,0
"45059",5,"6216",76,0,2007,2,"N","Laurens County, South Carolina","Private","Home health care services","County, NAICS 4-digit -- by ownership sector","All establishment sizes",2,0,0,0,0,0,0,0
"45059",5,"6216",76,0,2007,3,"N","Laurens County, South Carolina","Private","Home health care services","County, NAICS 4-digit -- by ownership sector","All establishment sizes",2,0,0,0,0,0,0,0
"45059",5,"6216",76,0,2007,4,"N","Laurens County, South Carolina","Private","Home health care services","County, NAICS 4-digit -- by ownership sector","All establishment sizes",2,0,0,0,0,0,0,0
"45059",5,62161,77,0,2007,1,"N","Laurens County, South Carolina","Private","Home health care services","County, NAICS 5-digit -- by ownership sector","All establishment sizes",2,0,0,0,0,0,0,0
"45059",5,"62161",77,0,2007,2,"N","Laurens County, South Carolina","Private","Home health care services","County, NAICS 5-digit -- by ownership sector","All establishment sizes",2,0,0,0,0,0,0,0
"45059",5,"62161",77,0,2007,3,"N","Laurens County, South Carolina","Private","Home health care services","County, NAICS 5-digit -- by ownership sector","All establishment sizes",2,0,0,0,0,0,0,0
"45059",5,"62161",77,0,2007,4,"N","Laurens County, South Carolina","Private","Home health care services","County, NAICS 5-digit -- by ownership sector","All establishment sizes",2,0,0,0,0,0,0,0
"45059",5,621610,78,0,2007,1,"N","Laurens County, South Carolina","Private","Home health care services","County, NAICS 6-digit -- by ownership sector","All establishment sizes",2,0,0,0,0,0,0,0
"45059",5,"621610",78,0,2007,2,"N","Laurens County, South Carolina","Private","Home health care services","County, NAICS 6-digit -- by ownership sector","All establishment sizes",2,0,0,0,0,0,0,0
"45059",5,"621610",78,0,2007,3,"N","Laurens County, South Carolina","Private","Home health care services","County, NAICS 6-digit -- by ownership sector","All establishment sizes",2,0,0,0,0,0,0,0
"45059",5,"621610",78,0,2007,4,"N","Laurens County, South Carolina","Private","Home health care services","County, NAICS 6-digit -- by ownership sector","All establishment sizes",2,0,0,0,0,0,0,0
"45059",5,622,75,0,2007,1,"N","Laurens County, South Carolina","Private","Hospitals","County, NAICS 3-digit -- by ownership sector","All establishment sizes",1,0,0,0,0,0,0,0
"45059",5,"622",75,0,2007,2,"N","Laurens County, South Carolina","Private","Hospitals","County, NAICS 3-digit -- by ownership sector","All establishment sizes",1,0,0,0,0,0,0,0
"45059",5,"622",75,0,2007,3,"N","Laurens County, South Carolina","Private","Hospitals","County, NAICS 3-digit -- by ownership sector","All establishment sizes",1,0,0,0,0,0,0,0
"45059",5,"622",75,0,2007,4,"N","Laurens County, South Carolina","Private","Hospitals","County, NAICS 3-digit -- by ownership sector","All establishment sizes",1,0,0,0,0,0,0,0
"45059",5,6221,76,0,2007,1,"N","Laurens County, South Carolina","Private","General medical and surgical hospitals","County, NAICS 4-digit -- by ownership sector","All establishment sizes",1,0,0,0,0,0,0,0
"45059",5,"6221",76,0,2007,2,"N","Laurens County, South Carolina","Private","General medical and surgical hospitals","County, NAICS 4-digit -- by ownership sector","All establishment sizes",1,0,0,0,0,0,0,0
"45059",5,"6221",76,0,2007,3,"N","Laurens County, South Carolina","Private","General medical and surgical hospitals","County, NAICS 4-digit -- by ownership sector","All establishment sizes",1,0,0,0,0,0,0,0
"45059",5,"6221",76,0,2007,4,"N","Laurens County, South Carolina","Private","General medical and surgical hospitals","County, NAICS 4-digit -- by ownership sector","All establishment sizes",1,0,0,0,0,0,0,0
"45059",5,62211,77,0,2007,1,"N","Laurens County, South Carolina","Private","General medical and surgical hospitals","County, NAICS 5-digit -- by ownership sector","All establishment sizes",1,0,0,0,0,0,0,0
"45059",5,"62211",77,0,2007,2,"N","Laurens County, South Carolina","Private","General medical and surgical hospitals","County, NAICS 5-digit -- by ownership sector","All establishment sizes",1,0,0,0,0,0,0,0
"45059",5,"62211",77,0,2007,3,"N","Laurens County, South Carolina","Private","General medical and surgical hospitals","County, NAICS 5-digit -- by ownership sector","All establishment sizes",1,0,0,0,0,0,0,0
"45059",5,"62211",77,0,2007,4,"N","Laurens County, South Carolina","Private","General medical and surgical hospitals","County, NAICS 5-digit -- by ownership sector","All establishment sizes",1,0,0,0,0,0,0,0
"45059",5,622110,78,0,2007,1,"N","Laurens County, South Carolina","Private","General medical and surgical hospitals","County, NAICS 6-digit -- by ownership sector","All establishment sizes",1,0,0,0,0,0,0,0
"45059",5,"622110",78,0,2007,2,"N","Laurens County, South Carolina","Private","General medical and surgical hospitals","County, NAICS 6-digit -- by ownership sector","All establishment sizes",1,0,0,0,0,0,0,0
"45059",5,"622110",78,0,2007,3,"N","Laurens County, South Carolina","Private","General medical and surgical hospitals","County, NAICS 6-digit -- by ownership sector","All establishment sizes",1,0,0,0,0,0,0,0
"45059",5,"622110",78,0,2007,4,"N","Laurens County, South Carolina","Private","General medical and surgical hospitals","County, NAICS 6-digit -- by ownership sector","All establishment sizes",1,0,0,0,0,0,0,0
"45059",5,623,75,0,2007,1,"","Laurens County, South Carolina","Private","Nursing and residential care facilities","County, NAICS 3-digit -- by ownership sector","All establishment sizes",12,1157,1146,1156,6237870,2374518,30689,416
"45059",5,"623",75,0,2007,2,"","Laurens County, South Carolina","Private","Nursing and residential care facilities","County, NAICS 3-digit -- by ownership sector","All establishment sizes",11,1112,1110,1111,6243469,997799,12373,432
"45059",5,"623",75,0,2007,3,"","Laurens County, South Carolina","Private","Nursing and residential care facilities","County, NAICS 3-digit -- by ownership sector","All establishment sizes",11,1092,1069,1095,6168322,531521,6591,437
"45059",5,"623",75,0,2007,4,"","Laurens County, South Carolina","Private","Nursing and residential care facilities","County, NAICS 3-digit -- by ownership sector","All establishment sizes",11,1074,1051,1063,6136511,516841,6409,444
"45059",5,6231,76,0,2007,1,"N","Laurens County, South Carolina","Private","Nursing care facilities","County, NAICS 4-digit -- by ownership sector","All establishment sizes",3,0,0,0,0,0,0,0
"45059",5,"6231",76,0,2007,2,"N","Laurens County, South Carolina","Private","Nursing care facilities","County, NAICS 4-digit -- by ownership sector","All establishment sizes",3,0,0,0,0,0,0,0
"45059",5,"6231",76,0,2007,3,"N","Laurens County, South Carolina","Private","Nursing care facilities","County, NAICS 4-digit -- by ownership sector","All establishment sizes",3,0,0,0,0,0,0,0
"45059",5,"6231",76,0,2007,4,"N","Laurens County, South Carolina","Private","Nursing care facilities","County, NAICS 4-digit -- by ownership sector","All establishment sizes",3,0,0,0,0,0,0,0
"45059",5,62311,77,0,2007,1,"N","Laurens County, South Carolina","Private","Nursing care facilities","County, NAICS 5-digit -- by ownership sector","All establishment sizes",3,0,0,0,0,0,0,0
"45059",5,"62311",77,0,2007,2,"N","Laurens County, South Carolina","Private","Nursing care facilities","County, NAICS 5-digit -- by ownership sector","All establishment sizes",3,0,0,0,0,0,0,0
"45059",5,"62311",77,0,2007,3,"N","Laurens County, South Carolina","Private","Nursing care facilities","County, NAICS 5-digit -- by ownership sector","All establishment sizes",3,0,0,0,0,0,0,0
"45059",5,"62311",77,0,2007,4,"N","Laurens County, South Carolina","Private","Nursing care facilities","County, NAICS 5-digit -- by ownership sector","All establishment sizes",3,0,0,0,0,0,0,0
"45059",5,623110,78,0,2007,1,"N","Laurens County, South Carolina","Private","Nursing care facilities","County, NAICS 6-digit -- by ownership sector","All establishment sizes",3,0,0,0,0,0,0,0
"45059",5,"623110",78,0,2007,2,"N","Laurens County, South Carolina","Private","Nursing care facilities","County, NAICS 6-digit -- by ownership sector","All establishment sizes",3,0,0,0,0,0,0,0
"45059",5,"623110",78,0,2007,3,"N","Laurens County, South Carolina","Private","Nursing care facilities","County, NAICS 6-digit -- by ownership sector","All establishment sizes",3,0,0,0,0,0,0,0
"45059",5,"623110",78,0,2007,4,"N","Laurens County, South Carolina","Private","Nursing care facilities","County, NAICS 6-digit -- by ownership sector","All establishment sizes",3,0,0,0,0,0,0,0
"45059",5,6233,76,0,2007,1,"","Laurens County, South Carolina","Private","Community care facilities for the elderly","County, NAICS 4-digit -- by ownership sector","All establishment sizes",6,590,589,599,2749617,810421,11294,357
"45059",5,"6233",76,0,2007,2,"","Laurens County, South Carolina","Private","Community care facilities for the elderly","County, NAICS 4-digit -- by ownership sector","All establishment sizes",5,569,560,555,2659403,467278,5794,364
"45059",5,"6233",76,0,2007,3,"","Laurens County, South Carolina","Private","Community care facilities for the elderly","County, NAICS 4-digit -- by ownership sector","All establishment sizes",5,576,568,572,2842460,288098,3572,382
"45059",5,"6233",76,0,2007,4,"","Laurens County, South Carolina","Private","Community care facilities for the elderly","County, NAICS 4-digit -- by ownership sector","All establishment sizes",5,580,575,578,2955810,274027,3397,394
"45059",5,62331,77,0,2007,1,"","Laurens County, South Carolina","Private","Community care facilities for the elderly","County, NAICS 5-digit -- by ownership sector","All establishment sizes",6,590,589,599,2749617,810421,11294,357
"45059",5,"62331",77,0,2007,2,"","Laurens County, South Carolina","Private","Community care facilities for the elderly","County, NAICS 5-digit -- by ownership sector","All establishment sizes",5,569,560,555,2659403,467278,5794,364
"45059",5,"62331",77,0,2007,3,"","Laurens County, South Carolina","Private","Community care facilities for the elderly","County, NAICS 5-digit -- by ownership sector","All establishment sizes",5,576,568,572,2842460,288098,3572,382
"45059",5,"62331",77,0,2007,4,"","Laurens County, South Carolina","Private","Community care facilities for the elderly","County, NAICS 5-digit -- by ownership sector","All establishment sizes",5,580,575,578,2955810,274027,3397,394
"45059",5,623311,78,0,2007,1,"N","Laurens County, South Carolina","Private","Continuing care retirement communities","County, NAICS 6-digit -- by ownership sector","All establishment sizes",2,0,0,0,0,0,0,0
"45059",5,"623311",78,0,2007,2,"N","Laurens County, South Carolina","Private","Continuing care retirement communities","County, NAICS 6-digit -- by ownership sector","All establishment sizes",2,0,0,0,0,0,0,0
"45059",5,"623311",78,0,2007,3,"N","Laurens County, South Carolina","Private","Continuing care retirement communities","County, NAICS 6-digit -- by ownership sector","All establishment sizes",2,0,0,0,0,0,0,0
"45059",5,"623311",78,0,2007,4,"N","Laurens County, South Carolina","Private","Continuing care retirement communities","County, NAICS 6-digit -- by ownership sector","All establishment sizes",2,0,0,0,0,0,0,0
"45059",5,623312,78,0,2007,1,"N","Laurens County, South Carolina","Private","Homes for the elderly","County, NAICS 6-digit -- by ownership sector","All establishment sizes",4,0,0,0,0,0,0,0
"45059",5,"623312",78,0,2007,2,"N","Laurens County, South Carolina","Private","Homes for the elderly","County, NAICS 6-digit -- by ownership sector","All establishment sizes",3,0,0,0,0,0,0,0
"45059",5,"623312",78,0,2007,3,"N","Laurens County, South Carolina","Private","Homes for the elderly","County, NAICS 6-digit -- by ownership sector","All establishment sizes",3,0,0,0,0,0,0,0
"45059",5,"623312",78,0,2007,4,"N","Laurens County, South Carolina","Private","Homes for the elderly","County, NAICS 6-digit -- by ownership sector","All establishment sizes",3,0,0,0,0,0,0,0
"45059",5,6239,76,0,2007,1,"N","Laurens County, South Carolina","Private","Other residential care facilities","County, NAICS 4-digit -- by ownership sector","All establishment sizes",3,0,0,0,0,0,0,0
"45059",5,"6239",76,0,2007,2,"N","Laurens County, South Carolina","Private","Other residential care facilities","County, NAICS 4-digit -- by ownership sector","All establishment sizes",3,0,0,0,0,0,0,0
"45059",5,"6239",76,0,2007,3,"N","Laurens County, South Carolina","Private","Other residential care facilities","County, NAICS 4-digit -- by ownership sector","All establishment sizes",3,0,0,0,0,0,0,0
"45059",5,"6239",76,0,2007,4,"N","Laurens County, South Carolina","Private","Other residential care facilities","County, NAICS 4-digit -- by ownership sector","All establishment sizes",3,0,0,0,0,0,0,0
"45059",5,62399,77,0,2007,1,"N","Laurens County, South Carolina","Private","Other residential care facilities","County, NAICS 5-digit -- by ownership sector","All establishment sizes",3,0,0,0,0,0,0,0
"45059",5,"62399",77,0,2007,2,"N","Laurens County, South Carolina","Private","Other residential care facilities","County, NAICS 5-digit -- by ownership sector","All establishment sizes",3,0,0,0,0,0,0,0
"45059",5,"62399",77,0,2007,3,"N","Laurens County, South Carolina","Private","Other residential care facilities","County, NAICS 5-digit -- by ownership sector","All establishment sizes",3,0,0,0,0,0,0,0
"45059",5,"62399",77,0,2007,4,"N","Laurens County, South Carolina","Private","Other residential care facilities","County, NAICS 5-digit -- by ownership sector","All establishment sizes",3,0,0,0,0,0,0,0
"45059",5,623990,78,0,2007,1,"N","Laurens County, South Carolina","Private","Other residential care facilities","County, NAICS 6-digit -- by ownership sector","All establishment sizes",3,0,0,0,0,0,0,0
"45059",5,"623990",78,0,2007,2,"N","Laurens County, South Carolina","Private","Other residential care facilities","County, NAICS 6-digit -- by ownership sector","All establishment sizes",3,0,0,0,0,0,0,0
"45059",5,"623990",78,0,2007,3,"N","Laurens County, South Carolina","Private","Other residential care facilities","County, NAICS 6-digit -- by ownership sector","All establishment sizes",3,0,0,0,0,0,0,0
"45059",5,"623990",78,0,2007,4,"N","Laurens County, South Carolina","Private","Other residential care facilities","County, NAICS 6-digit -- by ownership sector","All establishment sizes",3,0,0,0,0,0,0,0
"45059",5,624,75,0,2007,1,"","Laurens County, South Carolina","Private","Social assistance","County, NAICS 3-digit -- by ownership sector","All establishment sizes",9,96,95,90,337970,307355,6423,278
"45059",5,"624",75,0,2007,2,"","Laurens County, South Carolina","Private","Social assistance","County, NAICS 3-digit -- by ownership sector","All establishment sizes",9,99,102,96,353649,210186,3415,275
"45059",5,"624",75,0,2007,3,"","Laurens County, South Carolina","Private","Social assistance","County, NAICS 3-digit -- by ownership sector","All establishment sizes",9,111,112,113,403434,129069,1919,277
"45059",5,"624",75,0,2007,4,"","Laurens County, South Carolina","Private","Social assistance","County, NAICS 3-digit -- by ownership sector","All establishment sizes",9,118,115,108,405055,85853,1676,274
"45059",5,6241,76,0,2007,1,"N","Laurens County, South Carolina","Private","Individual and family services","County, NAICS 4-digit -- by ownership sector","All establishment sizes",2,0,0,0,0,0,0,0
"45059",5,"6241",76,0,2007,2,"N","Laurens County, South Carolina","Private","Individual and family services","County, NAICS 4-digit -- by ownership sector","All establishment sizes",2,0,0,0,0,0,0,0
"45059",5,"6241",76,0,2007,3,"N","Laurens County, South Carolina","Private","Individual and family services","County, NAICS 4-digit -- by ownership sector","All establishment sizes",2,0,0,0,0,0,0,0
"45059",5,"6241",76,0,2007,4,"N","Laurens County, South Carolina","Private","Individual and family services","County, NAICS 4-digit -- by ownership sector","All establishment sizes",2,0,0,0,0,0,0,0
"45059",5,62412,77,0,2007,1,"N","Laurens County, South Carolina","Private","Services for the elderly and disabled","County, NAICS 5-digit -- by ownership sector","All establishment sizes",1,0,0,0,0,0,0,0
"45059",5,"62412",77,0,2007,2,"N","Laurens County, South Carolina","Private","Services for the elderly and disabled","County, NAICS 5-digit -- by ownership sector","All establishment sizes",1,0,0,0,0,0,0,0
"45059",5,"62412",77,0,2007,3,"N","Laurens County, South Carolina","Private","Services for the elderly and disabled","County, NAICS 5-digit -- by ownership sector","All establishment sizes",1,0,0,0,0,0,0,0
"45059",5,"62412",77,0,2007,4,"N","Laurens County, South Carolina","Private","Services for the elderly and disabled","County, NAICS 5-digit -- by ownership sector","All establishment sizes",1,0,0,0,0,0,0,0
"45059",5,624120,78,0,2007,1,"N","Laurens County, South Carolina","Private","Services for the elderly and disabled","County, NAICS 6-digit -- by ownership sector","All establishment sizes",1,0,0,0,0,0,0,0
"45059",5,"624120",78,0,2007,2,"N","Laurens County, South Carolina","Private","Services for the elderly and disabled","County, NAICS 6-digit -- by ownership sector","All establishment sizes",1,0,0,0,0,0,0,0
"45059",5,"624120",78,0,2007,3,"N","Laurens County, South Carolina","Private","Services for the elderly and disabled","County, NAICS 6-digit -- by ownership sector","All establishment sizes",1,0,0,0,0,0,0,0
"45059",5,"624120",78,0,2007,4,"N","Laurens County, South Carolina","Private","Services for the elderly and disabled","County, NAICS 6-digit -- by ownership sector","All establishment sizes",1,0,0,0,0,0,0,0
"45059",5,62419,77,0,2007,1,"N","Laurens County, South Carolina","Private","Other individual and family services","County, NAICS 5-digit -- by ownership sector","All establishment sizes",1,0,0,0,0,0,0,0
"45059",5,"62419",77,0,2007,2,"N","Laurens County, South Carolina","Private","Other individual and family services","County, NAICS 5-digit -- by ownership sector","All establishment sizes",1,0,0,0,0,0,0,0
"45059",5,"62419",77,0,2007,3,"N","Laurens County, South Carolina","Private","Other individual and family services","County, NAICS 5-digit -- by ownership sector","All establishment sizes",1,0,0,0,0,0,0,0
"45059",5,"62419",77,0,2007,4,"N","Laurens County, South Carolina","Private","Other individual and family services","County, NAICS 5-digit -- by ownership sector","All establishment sizes",1,0,0,0,0,0,0,0
"45059",5,624190,78,0,2007,1,"N","Laurens County, South Carolina","Private","Other individual and family services","County, NAICS 6-digit -- by ownership sector","All establishment sizes",1,0,0,0,0,0,0,0
"45059",5,"624190",78,0,2007,2,"N","Laurens County, South Carolina","Private","Other individual and family services","County, NAICS 6-digit -- by ownership sector","All establishment sizes",1,0,0,0,0,0,0,0
"45059",5,"624190",78,0,2007,3,"N","Laurens County, South Carolina","Private","Other individual and family services","County, NAICS 6-digit -- by ownership sector","All establishment sizes",1,0,0,0,0,0,0,0
"45059",5,"624190",78,0,2007,4,"N","Laurens County, South Carolina","Private","Other individual and family services","County, NAICS 6-digit -- by ownership sector","All establishment sizes",1,0,0,0,0,0,0,0
"45059",5,6242,76,0,2007,1,"N","Laurens County, South Carolina","Private","Emergency and other relief services","County, NAICS 4-digit -- by ownership sector","All establishment sizes",1,0,0,0,0,0,0,0
"45059",5,"6242",76,0,2007,2,"N","Laurens County, South Carolina","Private","Emergency and other relief services","County, NAICS 4-digit -- by ownership sector","All establishment sizes",1,0,0,0,0,0,0,0
"45059",5,"6242",76,0,2007,3,"N","Laurens County, South Carolina","Private","Emergency and other relief services","County, NAICS 4-digit -- by ownership sector","All establishment sizes",1,0,0,0,0,0,0,0
"45059",5,"6242",76,0,2007,4,"N","Laurens County, South Carolina","Private","Emergency and other relief services","County, NAICS 4-digit -- by ownership sector","All establishment sizes",1,0,0,0,0,0,0,0
"45059",5,62422,77,0,2007,1,"N","Laurens County, South Carolina","Private","Community housing services","County, NAICS 5-digit -- by ownership sector","All establishment sizes",1,0,0,0,0,0,0,0
"45059",5,"62422",77,0,2007,2,"N","Laurens County, South Carolina","Private","Community housing services","County, NAICS 5-digit -- by ownership sector","All establishment sizes",1,0,0,0,0,0,0,0
"45059",5,"62422",77,0,2007,3,"N","Laurens County, South Carolina","Private","Community housing services","County, NAICS 5-digit -- by ownership sector","All establishment sizes",1,0,0,0,0,0,0,0
"45059",5,"62422",77,0,2007,4,"N","Laurens County, South Carolina","Private","Community housing services","County, NAICS 5-digit -- by ownership sector","All establishment sizes",1,0,0,0,0,0,0,0
"45059",5,624221,78,0,2007,1,"N","Laurens County, South Carolina","Private","Temporary shelters","County, NAICS 6-digit -- by ownership sector","All establishment sizes",1,0,0,0,0,0,0,0
"45059",5,"624221",78,0,2007,2,"N","Laurens County, South Carolina","Private","Temporary shelters","County, NAICS 6-digit -- by ownership sector","All establishment sizes",1,0,0,0,0,0,0,0
"45059",5,"624221",78,0,2007,3,"N","Laurens County, South Carolina","Private","Temporary shelters","County, NAICS 6-digit -- by ownership sector","All establishment sizes",1,0,0,0,0,0,0,0
"45059",5,"624221",78,0,2007,4,"N","Laurens County, South Carolina","Private","Temporary shelters","County, NAICS 6-digit -- by ownership sector","All establishment sizes",1,0,0,0,0,0,0,0
"45059",5,6244,76,0,2007,1,"","Laurens County, South Carolina","Private","Child day care services","County, NAICS 4-digit -- by ownership sector","All establishment sizes",6,44,44,39,98171,94234,1228,178
"45059",5,"6244",76,0,2007,2,"","Laurens County, South Carolina","Private","Child day care services","County, NAICS 4-digit -- by ownership sector","All establishment sizes",6,42,44,41,122632,97865,1323,223
"45059",5,"6244",76,0,2007,3,"","Laurens County, South Carolina","Private","Child day care services","County, NAICS 4-digit -- by ownership sector","All establishment sizes",6,53,56,57,134704,64924,892,187
"45059",5,"6244",76,0,2007,4,"","Laurens County, South Carolina","Private","Child day care services","County, NAICS 4-digit -- by ownership sector","All establishment sizes",6,58,54,50,151259,50691,736,215
"45059",5,62441,77,0,2007,1,"","Laurens County, South Carolina","Private","Child day care services","County, NAICS 5-digit -- by ownership sector","All establishment sizes",6,44,44,39,98171,94234,1228,178
"45059",5,"62441",77,0,2007,2,"","Laurens County, South Carolina","Private","Child day care services","County, NAICS 5-digit -- by ownership sector","All establishment sizes",6,42,44,41,122632,97865,1323,223
"45059",5,"62441",77,0,2007,3,"","Laurens County, South Carolina","Private","Child day care services","County, NAICS 5-digit -- by ownership sector","All establishment sizes",6,53,56,57,134704,64924,892,187
"45059",5,"62441",77,0,2007,4,"","Laurens County, South Carolina","Private","Child day care services","County, NAICS 5-digit -- by ownership sector","All establishment sizes",6,58,54,50,151259,50691,736,215
"45059",5,624410,78,0,2007,1,"","Laurens County, South Carolina","Private","Child day care services","County, NAICS 6-digit -- by ownership sector","All establishment sizes",6,44,44,39,98171,94234,1228,178
"45059",5,"624410",78,0,2007,2,"","Laurens County, South Carolina","Private","Child day care services","County, NAICS 6-digit -- by ownership sector","All establishment sizes",6,42,44,41,122632,97865,1323,223
"45059",5,"624410",78,0,2007,3,"","Laurens County, South Carolina","Private","Child day care services","County, NAICS 6-digit -- by ownership sector","All establishment sizes",6,53,56,57,134704,64924,892,187
"45059",5,"624410",78,0,2007,4,"","Laurens County, South Carolina","Private","Child day care services","County, NAICS 6-digit -- by ownership sector","All establishment sizes",6,58,54,50,151259,50691,736,215
"45059",5,71,74,0,2007,1,"","Laurens County, South Carolina","Private","Arts, entertainment, and recreation","County, NAICS Sector -- by ownership sector","All establishment sizes",11,93,85,82,330121,273392,4495,293
"45059",5,"71",74,0,2007,2,"","Laurens County, South Carolina","Private","Arts, entertainment, and recreation","County, NAICS Sector -- by ownership sector","All establishment sizes",11,124,137,153,372312,177137,2755,208
"45059",5,"71",74,0,2007,3,"","Laurens County, South Carolina","Private","Arts, entertainment, and recreation","County, NAICS Sector -- by ownership sector","All establishment sizes",12,146,147,111,404410,118464,1687,231
"45059",5,"71",74,0,2007,4,"","Laurens County, South Carolina","Private","Arts, entertainment, and recreation","County, NAICS Sector -- by ownership sector","All establishment sizes",11,96,79,101,339693,116713,1522,284
"45059",5,711,75,0,2007,1,"N","Laurens County, South Carolina","Private","Performing arts and spectator sports","County, NAICS 3-digit -- by ownership sector","All establishment sizes",2,0,0,0,0,0,0,0
"45059",5,"711",75,0,2007,2,"N","Laurens County, South Carolina","Private","Performing arts and spectator sports","County, NAICS 3-digit -- by ownership sector","All establishment sizes",2,0,0,0,0,0,0,0
"45059",5,"711",75,0,2007,3,"N","Laurens County, South Carolina","Private","Performing arts and spectator sports","County, NAICS 3-digit -- by ownership sector","All establishment sizes",2,0,0,0,0,0,0,0
"45059",5,"711",75,0,2007,4,"N","Laurens County, South Carolina","Private","Performing arts and spectator sports","County, NAICS 3-digit -- by ownership sector","All establishment sizes",2,0,0,0,0,0,0,0
"45059",5,7112,76,0,2007,1,"N","Laurens County, South Carolina","Private","Spectator sports","County, NAICS 4-digit -- by ownership sector","All establishment sizes",2,0,0,0,0,0,0,0
"45059",5,"7112",76,0,2007,2,"N","Laurens County, South Carolina","Private","Spectator sports","County, NAICS 4-digit -- by ownership sector","All establishment sizes",2,0,0,0,0,0,0,0
"45059",5,"7112",76,0,2007,3,"N","Laurens County, South Carolina","Private","Spectator sports","County, NAICS 4-digit -- by ownership sector","All establishment sizes",2,0,0,0,0,0,0,0
"45059",5,"7112",76,0,2007,4,"N","Laurens County, South Carolina","Private","Spectator sports","County, NAICS 4-digit -- by ownership sector","All establishment sizes",2,0,0,0,0,0,0,0
"45059",5,71121,77,0,2007,1,"N","Laurens County, South Carolina","Private","Spectator sports","County, NAICS 5-digit -- by ownership sector","All establishment sizes",2,0,0,0,0,0,0,0
"45059",5,"71121",77,0,2007,2,"N","Laurens County, South Carolina","Private","Spectator sports","County, NAICS 5-digit -- by ownership sector","All establishment sizes",2,0,0,0,0,0,0,0
"45059",5,"71121",77,0,2007,3,"N","Laurens County, South Carolina","Private","Spectator sports","County, NAICS 5-digit -- by ownership sector","All establishment sizes",2,0,0,0,0,0,0,0
"45059",5,"71121",77,0,2007,4,"N","Laurens County, South Carolina","Private","Spectator sports","County, NAICS 5-digit -- by ownership sector","All establishment sizes",2,0,0,0,0,0,0,0
"45059",5,711212,78,0,2007,1,"N","Laurens County, South Carolina","Private","Racetracks","County, NAICS 6-digit -- by ownership sector","All establishment sizes",2,0,0,0,0,0,0,0
"45059",5,"711212",78,0,2007,2,"N","Laurens County, South Carolina","Private","Racetracks","County, NAICS 6-digit -- by ownership sector","All establishment sizes",2,0,0,0,0,0,0,0
"45059",5,"711212",78,0,2007,3,"N","Laurens County, South Carolina","Private","Racetracks","County, NAICS 6-digit -- by ownership sector","All establishment sizes",2,0,0,0,0,0,0,0
"45059",5,"711212",78,0,2007,4,"N","Laurens County, South Carolina","Private","Racetracks","County, NAICS 6-digit -- by ownership sector","All establishment sizes",2,0,0,0,0,0,0,0
"45059",5,713,75,0,2007,1,"N","Laurens County, South Carolina","Private","Amusements, gambling, and recreation","County, NAICS 3-digit -- by ownership sector","All establishment sizes",9,0,0,0,0,0,0,0
"45059",5,"713",75,0,2007,2,"N","Laurens County, South Carolina","Private","Amusements, gambling, and recreation","County, NAICS 3-digit -- by ownership sector","All establishment sizes",9,0,0,0,0,0,0,0
"45059",5,"713",75,0,2007,3,"N","Laurens County, South Carolina","Private","Amusements, gambling, and recreation","County, NAICS 3-digit -- by ownership sector","All establishment sizes",10,0,0,0,0,0,0,0
"45059",5,"713",75,0,2007,4,"N","Laurens County, South Carolina","Private","Amusements, gambling, and recreation","County, NAICS 3-digit -- by ownership sector","All establishment sizes",9,0,0,0,0,0,0,0
"45059",5,7139,76,0,2007,1,"N","Laurens County, South Carolina","Private","Other amusement and recreation industries","County, NAICS 4-digit -- by ownership sector","All establishment sizes",9,0,0,0,0,0,0,0
"45059",5,"7139",76,0,2007,2,"N","Laurens County, South Carolina","Private","Other amusement and recreation industries","County, NAICS 4-digit -- by ownership sector","All establishment sizes",9,0,0,0,0,0,0,0
"45059",5,"7139",76,0,2007,3,"N","Laurens County, South Carolina","Private","Other amusement and recreation industries","County, NAICS 4-digit -- by ownership sector","All establishment sizes",10,0,0,0,0,0,0,0
"45059",5,"7139",76,0,2007,4,"N","Laurens County, South Carolina","Private","Other amusement and recreation industries","County, NAICS 4-digit -- by ownership sector","All establishment sizes",9,0,0,0,0,0,0,0
"45059",5,71391,77,0,2007,1,"","Laurens County, South Carolina","Private","Golf courses and country clubs","County, NAICS 5-digit -- by ownership sector","All establishment sizes",3,48,40,49,195791,156830,2011,330
"45059",5,"71391",77,0,2007,2,"N","Laurens County, South Carolina","Private","Golf courses and country clubs","County, NAICS 5-digit -- by ownership sector","All establishment sizes",3,0,0,0,0,0,0,0
"45059",5,"71391",77,0,2007,3,"N","Laurens County, South Carolina","Private","Golf courses and country clubs","County, NAICS 5-digit -- by ownership sector","All establishment sizes",3,0,0,0,0,0,0,0
"45059",5,"71391",77,0,2007,4,"N","Laurens County, South Carolina","Private","Golf courses and country clubs","County, NAICS 5-digit -- by ownership sector","All establishment sizes",4,0,0,0,0,0,0,0
"45059",5,713910,78,0,2007,1,"","Laurens County, South Carolina","Private","Golf courses and country clubs","County, NAICS 6-digit -- by ownership sector","All establishment sizes",3,48,40,49,195791,156830,2011,330
"45059",5,"713910",78,0,2007,2,"N","Laurens County, South Carolina","Private","Golf courses and country clubs","County, NAICS 6-digit -- by ownership sector","All establishment sizes",3,0,0,0,0,0,0,0
"45059",5,"713910",78,0,2007,3,"N","Laurens County, South Carolina","Private","Golf courses and country clubs","County, NAICS 6-digit -- by ownership sector","All establishment sizes",3,0,0,0,0,0,0,0
"45059",5,"713910",78,0,2007,4,"N","Laurens County, South Carolina","Private","Golf courses and country clubs","County, NAICS 6-digit -- by ownership sector","All establishment sizes",4,0,0,0,0,0,0,0
"45059",5,71393,77,0,2007,1,"N","Laurens County, South Carolina","Private","Marinas","County, NAICS 5-digit -- by ownership sector","All establishment sizes",1,0,0,0,0,0,0,0
"45059",5,"71393",77,0,2007,2,"N","Laurens County, South Carolina","Private","Marinas","County, NAICS 5-digit -- by ownership sector","All establishment sizes",1,0,0,0,0,0,0,0
"45059",5,"71393",77,0,2007,3,"N","Laurens County, South Carolina","Private","Marinas","County, NAICS 5-digit -- by ownership sector","All establishment sizes",1,0,0,0,0,0,0,0
"45059",5,"71393",77,0,2007,4,"N","Laurens County, South Carolina","Private","Marinas","County, NAICS 5-digit -- by ownership sector","All establishment sizes",1,0,0,0,0,0,0,0
"45059",5,713930,78,0,2007,1,"N","Laurens County, South Carolina","Private","Marinas","County, NAICS 6-digit -- by ownership sector","All establishment sizes",1,0,0,0,0,0,0,0
"45059",5,"713930",78,0,2007,2,"N","Laurens County, South Carolina","Private","Marinas","County, NAICS 6-digit -- by ownership sector","All establishment sizes",1,0,0,0,0,0,0,0
"45059",5,"713930",78,0,2007,3,"N","Laurens County, South Carolina","Private","Marinas","County, NAICS 6-digit -- by ownership sector","All establishment sizes",1,0,0,0,0,0,0,0
"45059",5,"713930",78,0,2007,4,"N","Laurens County, South Carolina","Private","Marinas","County, NAICS 6-digit -- by ownership sector","All establishment sizes",1,0,0,0,0,0,0,0
"45059",5,71394,77,0,2007,1,"N","Laurens County, South Carolina","Private","Fitness and recreational sports centers","County, NAICS 5-digit -- by ownership sector","All establishment sizes",3,0,0,0,0,0,0,0
"45059",5,"71394",77,0,2007,2,"N","Laurens County, South Carolina","Private","Fitness and recreational sports centers","County, NAICS 5-digit -- by ownership sector","All establishment sizes",3,0,0,0,0,0,0,0
"45059",5,"71394",77,0,2007,3,"N","Laurens County, South Carolina","Private","Fitness and recreational sports centers","County, NAICS 5-digit -- by ownership sector","All establishment sizes",3,0,0,0,0,0,0,0
"45059",5,"71394",77,0,2007,4,"N","Laurens County, South Carolina","Private","Fitness and recreational sports centers","County, NAICS 5-digit -- by ownership sector","All establishment sizes",2,0,0,0,0,0,0,0
"45059",5,713940,78,0,2007,1,"N","Laurens County, South Carolina","Private","Fitness and recreational sports centers","County, NAICS 6-digit -- by ownership sector","All establishment sizes",3,0,0,0,0,0,0,0
"45059",5,"713940",78,0,2007,2,"N","Laurens County, South Carolina","Private","Fitness and recreational sports centers","County, NAICS 6-digit -- by ownership sector","All establishment sizes",3,0,0,0,0,0,0,0
"45059",5,"713940",78,0,2007,3,"N","Laurens County, South Carolina","Private","Fitness and recreational sports centers","County, NAICS 6-digit -- by ownership sector","All establishment sizes",3,0,0,0,0,0,0,0
"45059",5,"713940",78,0,2007,4,"N","Laurens County, South Carolina","Private","Fitness and recreational sports centers","County, NAICS 6-digit -- by ownership sector","All establishment sizes",2,0,0,0,0,0,0,0
"45059",5,71395,77,0,2007,1,"N","Laurens County, South Carolina","Private","Bowling centers","County, NAICS 5-digit -- by ownership sector","All establishment sizes",1,0,0,0,0,0,0,0
"45059",5,"71395",77,0,2007,2,"N","Laurens County, South Carolina","Private","Bowling centers","County, NAICS 5-digit -- by ownership sector","All establishment sizes",1,0,0,0,0,0,0,0
"45059",5,"71395",77,0,2007,3,"N","Laurens County, South Carolina","Private","Bowling centers","County, NAICS 5-digit -- by ownership sector","All establishment sizes",1,0,0,0,0,0,0,0
"45059",5,"71395",77,0,2007,4,"N","Laurens County, South Carolina","Private","Bowling centers","County, NAICS 5-digit -- by ownership sector","All establishment sizes",1,0,0,0,0,0,0,0
"45059",5,713950,78,0,2007,1,"N","Laurens County, South Carolina","Private","Bowling centers","County, NAICS 6-digit -- by ownership sector","All establishment sizes",1,0,0,0,0,0,0,0
"45059",5,"713950",78,0,2007,2,"N","Laurens County, South Carolina","Private","Bowling centers","County, NAICS 6-digit -- by ownership sector","All establishment sizes",1,0,0,0,0,0,0,0
"45059",5,"713950",78,0,2007,3,"N","Laurens County, South Carolina","Private","Bowling centers","County, NAICS 6-digit -- by ownership sector","All establishment sizes",1,0,0,0,0,0,0,0
"45059",5,"713950",78,0,2007,4,"N","Laurens County, South Carolina","Private","Bowling centers","County, NAICS 6-digit -- by ownership sector","All establishment sizes",1,0,0,0,0,0,0,0
"45059",5,71399,77,0,2007,1,"N","Laurens County, South Carolina","Private","All other amusement and recreation industries","County, NAICS 5-digit -- by ownership sector","All establishment sizes",1,0,0,0,0,0,0,0
"45059",5,"71399",77,0,2007,2,"N","Laurens County, South Carolina","Private","All other amusement and recreation industries","County, NAICS 5-digit -- by ownership sector","All establishment sizes",1,0,0,0,0,0,0,0
"45059",5,"71399",77,0,2007,3,"N","Laurens County, South Carolina","Private","All other amusement and recreation industries","County, NAICS 5-digit -- by ownership sector","All establishment sizes",2,0,0,0,0,0,0,0
"45059",5,"71399",77,0,2007,4,"N","Laurens County, South Carolina","Private","All other amusement and recreation industries","County, NAICS 5-digit -- by ownership sector","All establishment sizes",1,0,0,0,0,0,0,0
"45059",5,713990,78,0,2007,1,"N","Laurens County, South Carolina","Private","All other amusement and recreation industries","County, NAICS 6-digit -- by ownership sector","All establishment sizes",1,0,0,0,0,0,0,0
"45059",5,"713990",78,0,2007,2,"N","Laurens County, South Carolina","Private","All other amusement and recreation industries","County, NAICS 6-digit -- by ownership sector","All establishment sizes",1,0,0,0,0,0,0,0
"45059",5,"713990",78,0,2007,3,"N","Laurens County, South Carolina","Private","All other amusement and recreation industries","County, NAICS 6-digit -- by ownership sector","All establishment sizes",2,0,0,0,0,0,0,0
"45059",5,"713990",78,0,2007,4,"N","Laurens County, South Carolina","Private","All other amusement and recreation industries","County, NAICS 6-digit -- by ownership sector","All establishment sizes",1,0,0,0,0,0,0,0
"45059",5,72,74,0,2007,1,"","Laurens County, South Carolina","Private","Accommodation and food services","County, NAICS Sector -- by ownership sector","All establishment sizes",73,1224,1250,1262,3058040,2846822,53499,189
"45059",5,"72",74,0,2007,2,"","Laurens County, South Carolina","Private","Accommodation and food services","County, NAICS Sector -- by ownership sector","All establishment sizes",73,1289,1250,1231,3169756,2300720,41278,194
"45059",5,"72",74,0,2007,3,"","Laurens County, South Carolina","Private","Accommodation and food services","County, NAICS Sector -- by ownership sector","All establishment sizes",72,1212,1198,1187,3040972,1605466,28199,195
"45059",5,"72",74,0,2007,4,"","Laurens County, South Carolina","Private","Accommodation and food services","County, NAICS Sector -- by ownership sector","All establishment sizes",69,1181,1109,1084,3048529,1208342,22294,209
"45059",5,721,75,0,2007,1,"","Laurens County, South Carolina","Private","Accommodation","County, NAICS 3-digit -- by ownership sector","All establishment sizes",11,109,111,120,314382,296221,5756,213
"45059",5,"721",75,0,2007,2,"","Laurens County, South Carolina","Private","Accommodation","County, NAICS 3-digit -- by ownership sector","All establishment sizes",11,120,118,116,336021,232498,4713,219
"45059",5,"721",75,0,2007,3,"","Laurens County, South Carolina","Private","Accommodation","County, NAICS 3-digit -- by ownership sector","All establishment sizes",11,112,110,109,327700,151334,2950,228
"45059",5,"721",75,0,2007,4,"","Laurens County, South Carolina","Private","Accommodation","County, NAICS 3-digit -- by ownership sector","All establishment sizes",11,109,108,105,303837,87966,1871,218
"45059",5,7211,76,0,2007,1,"","Laurens County, South Carolina","Private","Traveler accommodation","County, NAICS 4-digit -- by ownership sector","All establishment sizes",11,109,111,120,314382,296221,5756,213
"45059",5,"7211",76,0,2007,2,"N","Laurens County, South Carolina","Private","Traveler accommodation","County, NAICS 4-digit -- by ownership sector","All establishment sizes",10,0,0,0,0,0,0,0
"45059",5,"7211",76,0,2007,3,"N","Laurens County, South Carolina","Private","Traveler accommodation","County, NAICS 4-digit -- by ownership sector","All establishment sizes",10,0,0,0,0,0,0,0
"45059",5,"7211",76,0,2007,4,"N","Laurens County, South Carolina","Private","Traveler accommodation","County, NAICS 4-digit -- by ownership sector","All establishment sizes",10,0,0,0,0,0,0,0
"45059",5,72111,77,0,2007,1,"N","Laurens County, South Carolina","Private","Hotels and motels, except casino hotels","County, NAICS 5-digit -- by ownership sector","All establishment sizes",10,0,0,0,0,0,0,0
"45059",5,"72111",77,0,2007,2,"","Laurens County, South Carolina","Private","Hotels and motels, except casino hotels","County, NAICS 5-digit -- by ownership sector","All establishment sizes",9,84,84,84,223137,156150,2163,204
"45059",5,"72111",77,0,2007,3,"","Laurens County, South Carolina","Private","Hotels and motels, except casino hotels","County, NAICS 5-digit -- by ownership sector","All establishment sizes",9,79,81,80,236692,103092,1339,228
"45059",5,"72111",77,0,2007,4,"N","Laurens County, South Carolina","Private","Hotels and motels, except casino hotels","County, NAICS 5-digit -- by ownership sector","All establishment sizes",9,0,0,0,0,0,0,0
"45059",5,721110,78,0,2007,1,"N","Laurens County, South Carolina","Private","Hotels and motels, except casino hotels","County, NAICS 6-digit -- by ownership sector","All establishment sizes",10,0,0,0,0,0,0,0
"45059",5,"721110",78,0,2007,2,"","Laurens County, South Carolina","Private","Hotels and motels, except casino hotels","County, NAICS 6-digit -- by ownership sector","All establishment sizes",9,84,84,84,223137,156150,2163,204
"45059",5,"721110",78,0,2007,3,"","Laurens County, South Carolina","Private","Hotels and motels, except casino hotels","County, NAICS 6-digit -- by ownership sector","All establishment sizes",9,79,81,80,236692,103092,1339,228
"45059",5,"721110",78,0,2007,4,"N","Laurens County, South Carolina","Private","Hotels and motels, except casino hotels","County, NAICS 6-digit -- by ownership sector","All establishment sizes",9,0,0,0,0,0,0,0
"45059",5,72119,77,0,2007,1,"N","Laurens County, South Carolina","Private","Other traveler accommodation","County, NAICS 5-digit -- by ownership sector","All establishment sizes",1,0,0,0,0,0,0,0
"45059",5,"72119",77,0,2007,2,"N","Laurens County, South Carolina","Private","Other traveler accommodation","County, NAICS 5-digit -- by ownership sector","All establishment sizes",1,0,0,0,0,0,0,0
"45059",5,"72119",77,0,2007,3,"N","Laurens County, South Carolina","Private","Other traveler accommodation","County, NAICS 5-digit -- by ownership sector","All establishment sizes",1,0,0,0,0,0,0,0
"45059",5,"72119",77,0,2007,4,"N","Laurens County, South Carolina","Private","Other traveler accommodation","County, NAICS 5-digit -- by ownership sector","All establishment sizes",1,0,0,0,0,0,0,0
"45059",5,721191,78,0,2007,1,"N","Laurens County, South Carolina","Private","Bed-and-breakfast inns","County, NAICS 6-digit -- by ownership sector","All establishment sizes",1,0,0,0,0,0,0,0
"45059",5,"721191",78,0,2007,2,"N","Laurens County, South Carolina","Private","Bed-and-breakfast inns","County, NAICS 6-digit -- by ownership sector","All establishment sizes",1,0,0,0,0,0,0,0
"45059",5,"721191",78,0,2007,3,"N","Laurens County, South Carolina","Private","Bed-and-breakfast inns","County, NAICS 6-digit -- by ownership sector","All establishment sizes",1,0,0,0,0,0,0,0
"45059",5,"721191",78,0,2007,4,"N","Laurens County, South Carolina","Private","Bed-and-breakfast inns","County, NAICS 6-digit -- by ownership sector","All establishment sizes",1,0,0,0,0,0,0,0
"45059",5,7212,76,0,2007,1,"-","Laurens County, South Carolina","Private","RV parks and recreational camps","County, NAICS 4-digit -- by ownership sector","All establishment sizes",0,0,0,0,0,0,0,0
"45059",5,"7212",76,0,2007,2,"N","Laurens County, South Carolina","Private","RV parks and recreational camps","County, NAICS 4-digit -- by ownership sector","All establishment sizes",1,0,0,0,0,0,0,0
"45059",5,"7212",76,0,2007,3,"N","Laurens County, South Carolina","Private","RV parks and recreational camps","County, NAICS 4-digit -- by ownership sector","All establishment sizes",1,0,0,0,0,0,0,0
"45059",5,"7212",76,0,2007,4,"N","Laurens County, South Carolina","Private","RV parks and recreational camps","County, NAICS 4-digit -- by ownership sector","All establishment sizes",1,0,0,0,0,0,0,0
"45059",5,72121,77,0,2007,1,"-","Laurens County, South Carolina","Private","RV parks and recreational camps","County, NAICS 5-digit -- by ownership sector","All establishment sizes",0,0,0,0,0,0,0,0
"45059",5,"72121",77,0,2007,2,"N","Laurens County, South Carolina","Private","RV parks and recreational camps","County, NAICS 5-digit -- by ownership sector","All establishment sizes",1,0,0,0,0,0,0,0
"45059",5,"72121",77,0,2007,3,"N","Laurens County, South Carolina","Private","RV parks and recreational camps","County, NAICS 5-digit -- by ownership sector","All establishment sizes",1,0,0,0,0,0,0,0
"45059",5,"72121",77,0,2007,4,"N","Laurens County, South Carolina","Private","RV parks and recreational camps","County, NAICS 5-digit -- by ownership sector","All establishment sizes",1,0,0,0,0,0,0,0
"45059",5,721211,78,0,2007,1,"-","Laurens County, South Carolina","Private","RV parks and campgrounds","County, NAICS 6-digit -- by ownership sector","All establishment sizes",0,0,0,0,0,0,0,0
"45059",5,"721211",78,0,2007,2,"N","Laurens County, South Carolina","Private","RV parks and campgrounds","County, NAICS 6-digit -- by ownership sector","All establishment sizes",1,0,0,0,0,0,0,0
"45059",5,"721211",78,0,2007,3,"N","Laurens County, South Carolina","Private","RV parks and campgrounds","County, NAICS 6-digit -- by ownership sector","All establishment sizes",1,0,0,0,0,0,0,0
"45059",5,"721211",78,0,2007,4,"N","Laurens County, South Carolina","Private","RV parks and campgrounds","County, NAICS 6-digit -- by ownership sector","All establishment sizes",1,0,0,0,0,0,0,0
"45059",5,722,75,0,2007,1,"","Laurens County, South Carolina","Private","Food services and drinking places","County, NAICS 3-digit -- by ownership sector","All establishment sizes",62,1115,1139,1142,2743658,2550601,47743,186
"45059",5,"722",75,0,2007,2,"","Laurens County, South Carolina","Private","Food services and drinking places","County, NAICS 3-digit -- by ownership sector","All establishment sizes",62,1169,1132,1115,2833735,2068222,36565,191
"45059",5,"722",75,0,2007,3,"","Laurens County, South Carolina","Private","Food services and drinking places","County, NAICS 3-digit -- by ownership sector","All establishment sizes",61,1100,1088,1078,2713272,1454132,25249,192
"45059",5,"722",75,0,2007,4,"","Laurens County, South Carolina","Private","Food services and drinking places","County, NAICS 3-digit -- by ownership sector","All establishment sizes",58,1072,1001,979,2744692,1120376,20423,208
"45059",5,7221,76,0,2007,1,"","Laurens County, South Carolina","Private","Full-service restaurants","County, NAICS 4-digit -- by ownership sector","All establishment sizes",25,343,336,331,744441,685969,12826,170
"45059",5,"7221",76,0,2007,2,"","Laurens County, South Carolina","Private","Full-service restaurants","County, NAICS 4-digit -- by ownership sector","All establishment sizes",25,349,330,316,746200,529031,10644,173
"45059",5,"7221",76,0,2007,3,"","Laurens County, South Carolina","Private","Full-service restaurants","County, NAICS 4-digit -- by ownership sector","All establishment sizes",25,310,298,291,641445,344637,6520,165
"45059",5,"7221",76,0,2007,4,"","Laurens County, South Carolina","Private","Full-service restaurants","County, NAICS 4-digit -- by ownership sector","All establishment sizes",25,298,289,272,661913,249468,4686,178
"45059",5,72211,77,0,2007,1,"","Laurens County, South Carolina","Private","Full-service restaurants","County, NAICS 5-digit -- by ownership sector","All establishment sizes",25,343,336,331,744441,685969,12826,170
"45059",5,"72211",77,0,2007,2,"","Laurens County, South Carolina","Private","Full-service restaurants","County, NAICS 5-digit -- by ownership sector","All establishment sizes",25,349,330,316,746200,529031,10644,173
"45059",5,"72211",77,0,2007,3,"","Laurens County, South Carolina","Private","Full-service restaurants","County, NAICS 5-digit -- by ownership sector","All establishment sizes",25,310,298,291,641445,344637,6520,165
"45059",5,"72211",77,0,2007,4,"","Laurens County, South Carolina","Private","Full-service restaurants","County, NAICS 5-digit -- by ownership sector","All establishment sizes",25,298,289,272,661913,249468,4686,178
"45059",5,722110,78,0,2007,1,"","Laurens County, South Carolina","Private","Full-service restaurants","County, NAICS 6-digit -- by ownership sector","All establishment sizes",25,343,336,331,744441,685969,12826,170
"45059",5,"722110",78,0,2007,2,"","Laurens County, South Carolina","Private","Full-service restaurants","County, NAICS 6-digit -- by ownership sector","All establishment sizes",25,349,330,316,746200,529031,10644,173
"45059",5,"722110",78,0,2007,3,"","Laurens County, South Carolina","Private","Full-service restaurants","County, NAICS 6-digit -- by ownership sector","All establishment sizes",25,310,298,291,641445,344637,6520,165
"45059",5,"722110",78,0,2007,4,"","Laurens County, South Carolina","Private","Full-service restaurants","County, NAICS 6-digit -- by ownership sector","All establishment sizes",25,298,289,272,661913,249468,4686,178
"45059",5,7222,76,0,2007,1,"","Laurens County, South Carolina","Private","Limited-service eating places","County, NAICS 4-digit -- by ownership sector","All establishment sizes",29,680,707,710,1646646,1562257,20616,181
"45059",5,"7222",76,0,2007,2,"","Laurens County, South Carolina","Private","Limited-service eating places","County, NAICS 4-digit -- by ownership sector","All establishment sizes",29,728,716,712,1795440,1397589,18714,192
"45059",5,"7222",76,0,2007,3,"","Laurens County, South Carolina","Private","Limited-service eating places","County, NAICS 4-digit -- by ownership sector","All establishment sizes",28,709,695,683,1755524,1017037,13810,194
"45059",5,"7222",76,0,2007,4,"","Laurens County, South Carolina","Private","Limited-service eating places","County, NAICS 4-digit -- by ownership sector","All establishment sizes",25,672,612,610,1687816,768071,9946,206
"45059",5,72221,77,0,2007,1,"","Laurens County, South Carolina","Private","Limited-service eating places","County, NAICS 5-digit -- by ownership sector","All establishment sizes",29,680,707,710,1646646,1562257,20616,181
"45059",5,"72221",77,0,2007,2,"","Laurens County, South Carolina","Private","Limited-service eating places","County, NAICS 5-digit -- by ownership sector","All establishment sizes",29,728,716,712,1795440,1397589,18714,192
"45059",5,"72221",77,0,2007,3,"","Laurens County, South Carolina","Private","Limited-service eating places","County, NAICS 5-digit -- by ownership sector","All establishment sizes",28,709,695,683,1755524,1017037,13810,194
"45059",5,"72221",77,0,2007,4,"","Laurens County, South Carolina","Private","Limited-service eating places","County, NAICS 5-digit -- by ownership sector","All establishment sizes",25,672,612,610,1687816,768071,9946,206
"45059",5,722211,78,0,2007,1,"","Laurens County, South Carolina","Private","Limited-service restaurants","County, NAICS 6-digit -- by ownership sector","All establishment sizes",26,657,683,683,1609611,1525222,19605,184
"45059",5,"722211",78,0,2007,2,"N","Laurens County, South Carolina","Private","Limited-service restaurants","County, NAICS 6-digit -- by ownership sector","All establishment sizes",26,0,0,0,0,0,0,0
"45059",5,"722211",78,0,2007,3,"N","Laurens County, South Carolina","Private","Limited-service restaurants","County, NAICS 6-digit -- by ownership sector","All establishment sizes",26,0,0,0,0,0,0,0
"45059",5,"722211",78,0,2007,4,"N","Laurens County, South Carolina","Private","Limited-service restaurants","County, NAICS 6-digit -- by ownership sector","All establishment sizes",23,0,0,0,0,0,0,0
"45059",5,722213,78,0,2007,1,"","Laurens County, South Carolina","Private","Snack and nonalcoholic beverage bars","County, NAICS 6-digit -- by ownership sector","All establishment sizes",3,23,24,27,37035,37035,1011,115
"45059",5,"722213",78,0,2007,2,"N","Laurens County, South Carolina","Private","Snack and nonalcoholic beverage bars","County, NAICS 6-digit -- by ownership sector","All establishment sizes",3,0,0,0,0,0,0,0
"45059",5,"722213",78,0,2007,3,"N","Laurens County, South Carolina","Private","Snack and nonalcoholic beverage bars","County, NAICS 6-digit -- by ownership sector","All establishment sizes",2,0,0,0,0,0,0,0
"45059",5,"722213",78,0,2007,4,"N","Laurens County, South Carolina","Private","Snack and nonalcoholic beverage bars","County, NAICS 6-digit -- by ownership sector","All establishment sizes",2,0,0,0,0,0,0,0
"45059",5,7223,76,0,2007,1,"N","Laurens County, South Carolina","Private","Special food services","County, NAICS 4-digit -- by ownership sector","All establishment sizes",6,0,0,0,0,0,0,0
"45059",5,"7223",76,0,2007,2,"N","Laurens County, South Carolina","Private","Special food services","County, NAICS 4-digit -- by ownership sector","All establishment sizes",6,0,0,0,0,0,0,0
"45059",5,"7223",76,0,2007,3,"N","Laurens County, South Carolina","Private","Special food services","County, NAICS 4-digit -- by ownership sector","All establishment sizes",6,0,0,0,0,0,0,0
"45059",5,"7223",76,0,2007,4,"N","Laurens County, South Carolina","Private","Special food services","County, NAICS 4-digit -- by ownership sector","All establishment sizes",6,0,0,0,0,0,0,0
"45059",5,72231,77,0,2007,1,"N","Laurens County, South Carolina","Private","Food service contractors","County, NAICS 5-digit -- by ownership sector","All establishment sizes",5,0,0,0,0,0,0,0
"45059",5,"72231",77,0,2007,2,"N","Laurens County, South Carolina","Private","Food service contractors","County, NAICS 5-digit -- by ownership sector","All establishment sizes",5,0,0,0,0,0,0,0
"45059",5,"72231",77,0,2007,3,"N","Laurens County, South Carolina","Private","Food service contractors","County, NAICS 5-digit -- by ownership sector","All establishment sizes",5,0,0,0,0,0,0,0
"45059",5,"72231",77,0,2007,4,"N","Laurens County, South Carolina","Private","Food service contractors","County, NAICS 5-digit -- by ownership sector","All establishment sizes",5,0,0,0,0,0,0,0
"45059",5,722310,78,0,2007,1,"N","Laurens County, South Carolina","Private","Food service contractors","County, NAICS 6-digit -- by ownership sector","All establishment sizes",5,0,0,0,0,0,0,0
"45059",5,"722310",78,0,2007,2,"N","Laurens County, South Carolina","Private","Food service contractors","County, NAICS 6-digit -- by ownership sector","All establishment sizes",5,0,0,0,0,0,0,0
"45059",5,"722310",78,0,2007,3,"N","Laurens County, South Carolina","Private","Food service contractors","County, NAICS 6-digit -- by ownership sector","All establishment sizes",5,0,0,0,0,0,0,0
"45059",5,"722310",78,0,2007,4,"N","Laurens County, South Carolina","Private","Food service contractors","County, NAICS 6-digit -- by ownership sector","All establishment sizes",5,0,0,0,0,0,0,0
"45059",5,72233,77,0,2007,1,"N","Laurens County, South Carolina","Private","Mobile food services","County, NAICS 5-digit -- by ownership sector","All establishment sizes",1,0,0,0,0,0,0,0
"45059",5,"72233",77,0,2007,2,"N","Laurens County, South Carolina","Private","Mobile food services","County, NAICS 5-digit -- by ownership sector","All establishment sizes",1,0,0,0,0,0,0,0
"45059",5,"72233",77,0,2007,3,"N","Laurens County, South Carolina","Private","Mobile food services","County, NAICS 5-digit -- by ownership sector","All establishment sizes",1,0,0,0,0,0,0,0
"45059",5,"72233",77,0,2007,4,"N","Laurens County, South Carolina","Private","Mobile food services","County, NAICS 5-digit -- by ownership sector","All establishment sizes",1,0,0,0,0,0,0,0
"45059",5,722330,78,0,2007,1,"N","Laurens County, South Carolina","Private","Mobile food services","County, NAICS 6-digit -- by ownership sector","All establishment sizes",1,0,0,0,0,0,0,0
"45059",5,"722330",78,0,2007,2,"N","Laurens County, South Carolina","Private","Mobile food services","County, NAICS 6-digit -- by ownership sector","All establishment sizes",1,0,0,0,0,0,0,0
"45059",5,"722330",78,0,2007,3,"N","Laurens County, South Carolina","Private","Mobile food services","County, NAICS 6-digit -- by ownership sector","All establishment sizes",1,0,0,0,0,0,0,0
"45059",5,"722330",78,0,2007,4,"N","Laurens County, South Carolina","Private","Mobile food services","County, NAICS 6-digit -- by ownership sector","All establishment sizes",1,0,0,0,0,0,0,0
"45059",5,7224,76,0,2007,1,"N","Laurens County, South Carolina","Private","Drinking places, alcoholic beverages","County, NAICS 4-digit -- by ownership sector","All establishment sizes",2,0,0,0,0,0,0,0
"45059",5,"7224",76,0,2007,2,"N","Laurens County, South Carolina","Private","Drinking places, alcoholic beverages","County, NAICS 4-digit -- by ownership sector","All establishment sizes",2,0,0,0,0,0,0,0
"45059",5,"7224",76,0,2007,3,"N","Laurens County, South Carolina","Private","Drinking places, alcoholic beverages","County, NAICS 4-digit -- by ownership sector","All establishment sizes",2,0,0,0,0,0,0,0
"45059",5,"7224",76,0,2007,4,"N","Laurens County, South Carolina","Private","Drinking places, alcoholic beverages","County, NAICS 4-digit -- by ownership sector","All establishment sizes",2,0,0,0,0,0,0,0
"45059",5,72241,77,0,2007,1,"N","Laurens County, South Carolina","Private","Drinking places, alcoholic beverages","County, NAICS 5-digit -- by ownership sector","All establishment sizes",2,0,0,0,0,0,0,0
"45059",5,"72241",77,0,2007,2,"N","Laurens County, South Carolina","Private","Drinking places, alcoholic beverages","County, NAICS 5-digit -- by ownership sector","All establishment sizes",2,0,0,0,0,0,0,0
"45059",5,"72241",77,0,2007,3,"N","Laurens County, South Carolina","Private","Drinking places, alcoholic beverages","County, NAICS 5-digit -- by ownership sector","All establishment sizes",2,0,0,0,0,0,0,0
"45059",5,"72241",77,0,2007,4,"N","Laurens County, South Carolina","Private","Drinking places, alcoholic beverages","County, NAICS 5-digit -- by ownership sector","All establishment sizes",2,0,0,0,0,0,0,0
"45059",5,722410,78,0,2007,1,"N","Laurens County, South Carolina","Private","Drinking places, alcoholic beverages","County, NAICS 6-digit -- by ownership sector","All establishment sizes",2,0,0,0,0,0,0,0
"45059",5,"722410",78,0,2007,2,"N","Laurens County, South Carolina","Private","Drinking places, alcoholic beverages","County, NAICS 6-digit -- by ownership sector","All establishment sizes",2,0,0,0,0,0,0,0
"45059",5,"722410",78,0,2007,3,"N","Laurens County, South Carolina","Private","Drinking places, alcoholic beverages","County, NAICS 6-digit -- by ownership sector","All establishment sizes",2,0,0,0,0,0,0,0
"45059",5,"722410",78,0,2007,4,"N","Laurens County, South Carolina","Private","Drinking places, alcoholic beverages","County, NAICS 6-digit -- by ownership sector","All establishment sizes",2,0,0,0,0,0,0,0
"45059",5,81,74,0,2007,1,"","Laurens County, South Carolina","Private","Other services, except public administration","County, NAICS Sector -- by ownership sector","All establishment sizes",87,376,381,378,1819238,1503033,27264,370
"45059",5,"81",74,0,2007,2,"","Laurens County, South Carolina","Private","Other services, except public administration","County, NAICS Sector -- by ownership sector","All establishment sizes",88,376,404,402,1880618,604559,10825,367
"45059",5,"81",74,0,2007,3,"","Laurens County, South Carolina","Private","Other services, except public administration","County, NAICS Sector -- by ownership sector","All establishment sizes",91,410,401,390,2002609,382972,8774,385
"45059",5,"81",74,0,2007,4,"","Laurens County, South Carolina","Private","Other services, except public administration","County, NAICS Sector -- by ownership sector","All establishment sizes",91,393,391,395,2044410,257775,5337,400
"45059",5,811,75,0,2007,1,"","Laurens County, South Carolina","Private","Repair and maintenance","County, NAICS 3-digit -- by ownership sector","All establishment sizes",33,175,175,178,1104981,906121,16672,483
"45059",5,"811",75,0,2007,2,"","Laurens County, South Carolina","Private","Repair and maintenance","County, NAICS 3-digit -- by ownership sector","All establishment sizes",35,175,181,181,1143988,281619,5064,492
"45059",5,"811",75,0,2007,3,"","Laurens County, South Carolina","Private","Repair and maintenance","County, NAICS 3-digit -- by ownership sector","All establishment sizes",35,181,189,188,1216045,160764,4795,503
"45059",5,"811",75,0,2007,4,"","Laurens County, South Carolina","Private","Repair and maintenance","County, NAICS 3-digit -- by ownership sector","All establishment sizes",36,195,193,195,1276359,116164,2431,505
"45059",5,8111,76,0,2007,1,"","Laurens County, South Carolina","Private","Automotive repair and maintenance","County, NAICS 4-digit -- by ownership sector","All establishment sizes",24,146,146,148,896800,741910,14286,470
"45059",5,"8111",76,0,2007,2,"","Laurens County, South Carolina","Private","Automotive repair and maintenance","County, NAICS 4-digit -- by ownership sector","All establishment sizes",26,144,150,151,931952,231017,4346,483
"45059",5,"8111",76,0,2007,3,"","Laurens County, South Carolina","Private","Automotive repair and maintenance","County, NAICS 4-digit -- by ownership sector","All establishment sizes",26,151,158,156,1002378,138696,4522,497
"45059",5,"8111",76,0,2007,4,"","Laurens County, South Carolina","Private","Automotive repair and maintenance","County, NAICS 4-digit -- by ownership sector","All establishment sizes",26,161,159,160,1042310,85362,2048,501
"45059",5,81111,77,0,2007,1,"","Laurens County, South Carolina","Private","Automotive mechanical and electrical repair","County, NAICS 5-digit -- by ownership sector","All establishment sizes",14,105,106,108,626957,547165,9390,454
"45059",5,"81111",77,0,2007,2,"","Laurens County, South Carolina","Private","Automotive mechanical and electrical repair","County, NAICS 5-digit -- by ownership sector","All establishment sizes",16,109,109,112,670355,173617,2876,469
"45059",5,"81111",77,0,2007,3,"","Laurens County, South Carolina","Private","Automotive mechanical and electrical repair","County, NAICS 5-digit -- by ownership sector","All establishment sizes",16,113,121,123,742536,114297,4081,480
"45059",5,"81111",77,0,2007,4,"","Laurens County, South Carolina","Private","Automotive mechanical and electrical repair","County, NAICS 5-digit -- by ownership sector","All establishment sizes",16,125,125,125,783954,73274,1814,482
"45059",5,811111,78,0,2007,1,"N","Laurens County, South Carolina","Private","General automotive repair","County, NAICS 6-digit -- by ownership sector","All establishment sizes",12,0,0,0,0,0,0,0
"45059",5,"811111",78,0,2007,2,"N","Laurens County, South Carolina","Private","General automotive repair","County, NAICS 6-digit -- by ownership sector","All establishment sizes",14,0,0,0,0,0,0,0
"45059",5,"811111",78,0,2007,3,"N","Laurens County, South Carolina","Private","General automotive repair","County, NAICS 6-digit -- by ownership sector","All establishment sizes",14,0,0,0,0,0,0,0
"45059",5,"811111",78,0,2007,4,"N","Laurens County, South Carolina","Private","General automotive repair","County, NAICS 6-digit -- by ownership sector","All establishment sizes",14,0,0,0,0,0,0,0
"45059",5,811118,78,0,2007,1,"N","Laurens County, South Carolina","Private","Other automotive mechanical and elec. repair","County, NAICS 6-digit -- by ownership sector","All establishment sizes",2,0,0,0,0,0,0,0
"45059",5,"811118",78,0,2007,2,"N","Laurens County, South Carolina","Private","Other automotive mechanical and elec. repair","County, NAICS 6-digit -- by ownership sector","All establishment sizes",2,0,0,0,0,0,0,0
"45059",5,"811118",78,0,2007,3,"N","Laurens County, South Carolina","Private","Other automotive mechanical and elec. repair","County, NAICS 6-digit -- by ownership sector","All establishment sizes",2,0,0,0,0,0,0,0
"45059",5,"811118",78,0,2007,4,"N","Laurens County, South Carolina","Private","Other automotive mechanical and elec. repair","County, NAICS 6-digit -- by ownership sector","All establishment sizes",2,0,0,0,0,0,0,0
"45059",5,81112,77,0,2007,1,"","Laurens County, South Carolina","Private","Automotive body, interior, and glass repair","County, NAICS 5-digit -- by ownership sector","All establishment sizes",6,31,31,31,205078,150302,3960,509
"45059",5,"81112",77,0,2007,2,"","Laurens County, South Carolina","Private","Automotive body, interior, and glass repair","County, NAICS 5-digit -- by ownership sector","All establishment sizes",6,26,31,29,201705,37620,1101,541
"45059",5,"81112",77,0,2007,3,"","Laurens County, South Carolina","Private","Automotive body, interior, and glass repair","County, NAICS 5-digit -- by ownership sector","All establishment sizes",6,29,28,24,190916,18788,347,544
"45059",5,"81112",77,0,2007,4,"N","Laurens County, South Carolina","Private","Automotive body, interior, and glass repair","County, NAICS 5-digit -- by ownership sector","All establishment sizes",6,0,0,0,0,0,0,0
"45059",5,811121,78,0,2007,1,"","Laurens County, South Carolina","Private","Automotive body and interior repair","County, NAICS 6-digit -- by ownership sector","All establishment sizes",6,31,31,31,205078,150302,3960,509
"45059",5,"811121",78,0,2007,2,"","Laurens County, South Carolina","Private","Automotive body and interior repair","County, NAICS 6-digit -- by ownership sector","All establishment sizes",6,26,31,29,201705,37620,1101,541
"45059",5,"811121",78,0,2007,3,"","Laurens County, South Carolina","Private","Automotive body and interior repair","County, NAICS 6-digit -- by ownership sector","All establishment sizes",6,29,28,24,190916,18788,347,544
"45059",5,"811121",78,0,2007,4,"N","Laurens County, South Carolina","Private","Automotive body and interior repair","County, NAICS 6-digit -- by ownership sector","All establishment sizes",6,0,0,0,0,0,0,0
"45059",5,81119,77,0,2007,1,"","Laurens County, South Carolina","Private","Other automotive repair and maintenance","County, NAICS 5-digit -- by ownership sector","All establishment sizes",4,10,9,9,64765,44443,936,534
"45059",5,"81119",77,0,2007,2,"","Laurens County, South Carolina","Private","Other automotive repair and maintenance","County, NAICS 5-digit -- by ownership sector","All establishment sizes",4,9,10,10,59892,19780,369,477
"45059",5,"81119",77,0,2007,3,"","Laurens County, South Carolina","Private","Other automotive repair and maintenance","County, NAICS 5-digit -- by ownership sector","All establishment sizes",4,9,9,9,68926,5611,94,589
"45059",5,"81119",77,0,2007,4,"N","Laurens County, South Carolina","Private","Other automotive repair and maintenance","County, NAICS 5-digit -- by ownership sector","All establishment sizes",4,0,0,0,0,0,0,0
"45059",5,811191,78,0,2007,1,"N","Laurens County, South Carolina","Private","Automotive oil change and lubrication shops","County, NAICS 6-digit -- by ownership sector","All establishment sizes",2,0,0,0,0,0,0,0
"45059",5,"811191",78,0,2007,2,"N","Laurens County, South Carolina","Private","Automotive oil change and lubrication shops","County, NAICS 6-digit -- by ownership sector","All establishment sizes",2,0,0,0,0,0,0,0
"45059",5,"811191",78,0,2007,3,"N","Laurens County, South Carolina","Private","Automotive oil change and lubrication shops","County, NAICS 6-digit -- by ownership sector","All establishment sizes",2,0,0,0,0,0,0,0
"45059",5,"811191",78,0,2007,4,"N","Laurens County, South Carolina","Private","Automotive oil change and lubrication shops","County, NAICS 6-digit -- by ownership sector","All establishment sizes",2,0,0,0,0,0,0,0
"45059",5,811192,78,0,2007,1,"N","Laurens County, South Carolina","Private","Car washes","County, NAICS 6-digit -- by ownership sector","All establishment sizes",1,0,0,0,0,0,0,0
"45059",5,"811192",78,0,2007,2,"N","Laurens County, South Carolina","Private","Car washes","County, NAICS 6-digit -- by ownership sector","All establishment sizes",1,0,0,0,0,0,0,0
"45059",5,"811192",78,0,2007,3,"N","Laurens County, South Carolina","Private","Car washes","County, NAICS 6-digit -- by ownership sector","All establishment sizes",1,0,0,0,0,0,0,0
"45059",5,"811192",78,0,2007,4,"N","Laurens County, South Carolina","Private","Car washes","County, NAICS 6-digit -- by ownership sector","All establishment sizes",1,0,0,0,0,0,0,0
"45059",5,811198,78,0,2007,1,"N","Laurens County, South Carolina","Private","All other automotive repair and maintenance","County, NAICS 6-digit -- by ownership sector","All establishment sizes",1,0,0,0,0,0,0,0
"45059",5,"811198",78,0,2007,2,"N","Laurens County, South Carolina","Private","All other automotive repair and maintenance","County, NAICS 6-digit -- by ownership sector","All establishment sizes",1,0,0,0,0,0,0,0
"45059",5,"811198",78,0,2007,3,"N","Laurens County, South Carolina","Private","All other automotive repair and maintenance","County, NAICS 6-digit -- by ownership sector","All establishment sizes",1,0,0,0,0,0,0,0
"45059",5,"811198",78,0,2007,4,"N","Laurens County, South Carolina","Private","All other automotive repair and maintenance","County, NAICS 6-digit -- by ownership sector","All establishment sizes",1,0,0,0,0,0,0,0
"45059",5,8113,76,0,2007,1,"N","Laurens County, South Carolina","Private","Commercial machinery repair and maintenance","County, NAICS 4-digit -- by ownership sector","All establishment sizes",8,0,0,0,0,0,0,0
"45059",5,"8113",76,0,2007,2,"N","Laurens County, South Carolina","Private","Commercial machinery repair and maintenance","County, NAICS 4-digit -- by ownership sector","All establishment sizes",8,0,0,0,0,0,0,0
"45059",5,"8113",76,0,2007,3,"N","Laurens County, South Carolina","Private","Commercial machinery repair and maintenance","County, NAICS 4-digit -- by ownership sector","All establishment sizes",8,0,0,0,0,0,0,0
"45059",5,"8113",76,0,2007,4,"N","Laurens County, South Carolina","Private","Commercial machinery repair and maintenance","County, NAICS 4-digit -- by ownership sector","All establishment sizes",9,0,0,0,0,0,0,0
"45059",5,81131,77,0,2007,1,"N","Laurens County, South Carolina","Private","Commercial machinery repair and maintenance","County, NAICS 5-digit -- by ownership sector","All establishment sizes",8,0,0,0,0,0,0,0
"45059",5,"81131",77,0,2007,2,"N","Laurens County, South Carolina","Private","Commercial machinery repair and maintenance","County, NAICS 5-digit -- by ownership sector","All establishment sizes",8,0,0,0,0,0,0,0
"45059",5,"81131",77,0,2007,3,"N","Laurens County, South Carolina","Private","Commercial machinery repair and maintenance","County, NAICS 5-digit -- by ownership sector","All establishment sizes",8,0,0,0,0,0,0,0
"45059",5,"81131",77,0,2007,4,"N","Laurens County, South Carolina","Private","Commercial machinery repair and maintenance","County, NAICS 5-digit -- by ownership sector","All establishment sizes",9,0,0,0,0,0,0,0
"45059",5,811310,78,0,2007,1,"N","Laurens County, South Carolina","Private","Commercial machinery repair and maintenance","County, NAICS 6-digit -- by ownership sector","All establishment sizes",8,0,0,0,0,0,0,0
"45059",5,"811310",78,0,2007,2,"N","Laurens County, South Carolina","Private","Commercial machinery repair and maintenance","County, NAICS 6-digit -- by ownership sector","All establishment sizes",8,0,0,0,0,0,0,0
"45059",5,"811310",78,0,2007,3,"N","Laurens County, South Carolina","Private","Commercial machinery repair and maintenance","County, NAICS 6-digit -- by ownership sector","All establishment sizes",8,0,0,0,0,0,0,0
"45059",5,"811310",78,0,2007,4,"N","Laurens County, South Carolina","Private","Commercial machinery repair and maintenance","County, NAICS 6-digit -- by ownership sector","All establishment sizes",9,0,0,0,0,0,0,0
"45059",5,8114,76,0,2007,1,"N","Laurens County, South Carolina","Private","Household goods repair and maintenance","County, NAICS 4-digit -- by ownership sector","All establishment sizes",1,0,0,0,0,0,0,0
"45059",5,"8114",76,0,2007,2,"N","Laurens County, South Carolina","Private","Household goods repair and maintenance","County, NAICS 4-digit -- by ownership sector","All establishment sizes",1,0,0,0,0,0,0,0
"45059",5,"8114",76,0,2007,3,"N","Laurens County, South Carolina","Private","Household goods repair and maintenance","County, NAICS 4-digit -- by ownership sector","All establishment sizes",1,0,0,0,0,0,0,0
"45059",5,"8114",76,0,2007,4,"N","Laurens County, South Carolina","Private","Household goods repair and maintenance","County, NAICS 4-digit -- by ownership sector","All establishment sizes",1,0,0,0,0,0,0,0
"45059",5,81141,77,0,2007,1,"N","Laurens County, South Carolina","Private","Home and garden equip. and appliance repair","County, NAICS 5-digit -- by ownership sector","All establishment sizes",1,0,0,0,0,0,0,0
"45059",5,"81141",77,0,2007,2,"N","Laurens County, South Carolina","Private","Home and garden equip. and appliance repair","County, NAICS 5-digit -- by ownership sector","All establishment sizes",1,0,0,0,0,0,0,0
"45059",5,"81141",77,0,2007,3,"N","Laurens County, South Carolina","Private","Home and garden equip. and appliance repair","County, NAICS 5-digit -- by ownership sector","All establishment sizes",1,0,0,0,0,0,0,0
"45059",5,"81141",77,0,2007,4,"N","Laurens County, South Carolina","Private","Home and garden equip. and appliance repair","County, NAICS 5-digit -- by ownership sector","All establishment sizes",1,0,0,0,0,0,0,0
"45059",5,811412,78,0,2007,1,"N","Laurens County, South Carolina","Private","Appliance repair and maintenance","County, NAICS 6-digit -- by ownership sector","All establishment sizes",1,0,0,0,0,0,0,0
"45059",5,"811412",78,0,2007,2,"N","Laurens County, South Carolina","Private","Appliance repair and maintenance","County, NAICS 6-digit -- by ownership sector","All establishment sizes",1,0,0,0,0,0,0,0
"45059",5,"811412",78,0,2007,3,"N","Laurens County, South Carolina","Private","Appliance repair and maintenance","County, NAICS 6-digit -- by ownership sector","All establishment sizes",1,0,0,0,0,0,0,0
"45059",5,"811412",78,0,2007,4,"N","Laurens County, South Carolina","Private","Appliance repair and maintenance","County, NAICS 6-digit -- by ownership sector","All establishment sizes",1,0,0,0,0,0,0,0
"45059",5,812,75,0,2007,1,"","Laurens County, South Carolina","Private","Personal and laundry services","County, NAICS 3-digit -- by ownership sector","All establishment sizes",15,90,90,89,356294,293105,3985,306
"45059",5,"812",75,0,2007,2,"","Laurens County, South Carolina","Private","Personal and laundry services","County, NAICS 3-digit -- by ownership sector","All establishment sizes",15,87,86,85,342738,126971,1805,307
"45059",5,"812",75,0,2007,3,"","Laurens County, South Carolina","Private","Personal and laundry services","County, NAICS 3-digit -- by ownership sector","All establishment sizes",16,89,86,87,364869,72103,1078,321
"45059",5,"812",75,0,2007,4,"","Laurens County, South Carolina","Private","Personal and laundry services","County, NAICS 3-digit -- by ownership sector","All establishment sizes",16,87,89,85,363627,53149,839,322
"45059",5,8121,76,0,2007,1,"N","Laurens County, South Carolina","Private","Personal care services","County, NAICS 4-digit -- by ownership sector","All establishment sizes",5,0,0,0,0,0,0,0
"45059",5,"8121",76,0,2007,2,"N","Laurens County, South Carolina","Private","Personal care services","County, NAICS 4-digit -- by ownership sector","All establishment sizes",5,0,0,0,0,0,0,0
"45059",5,"8121",76,0,2007,3,"N","Laurens County, South Carolina","Private","Personal care services","County, NAICS 4-digit -- by ownership sector","All establishment sizes",6,0,0,0,0,0,0,0
"45059",5,"8121",76,0,2007,4,"N","Laurens County, South Carolina","Private","Personal care services","County, NAICS 4-digit -- by ownership sector","All establishment sizes",6,0,0,0,0,0,0,0
"45059",5,81211,77,0,2007,1,"","Laurens County, South Carolina","Private","Hair, nail, and skin care services","County, NAICS 5-digit -- by ownership sector","All establishment sizes",3,5,5,6,11374,11374,147,164
"45059",5,"81211",77,0,2007,2,"","Laurens County, South Carolina","Private","Hair, nail, and skin care services","County, NAICS 5-digit -- by ownership sector","All establishment sizes",3,6,6,5,12184,12184,181,165
"45059",5,"81211",77,0,2007,3,"","Laurens County, South Carolina","Private","Hair, nail, and skin care services","County, NAICS 5-digit -- by ownership sector","All establishment sizes",4,8,8,7,18875,11275,238,189
"45059",5,"81211",77,0,2007,4,"","Laurens County, South Carolina","Private","Hair, nail, and skin care services","County, NAICS 5-digit -- by ownership sector","All establishment sizes",4,7,7,7,16530,7900,201,182
"45059",5,812112,78,0,2007,1,"N","Laurens County, South Carolina","Private","Beauty salons","County, NAICS 6-digit -- by ownership sector","All establishment sizes",1,0,0,0,0,0,0,0
"45059",5,"812112",78,0,2007,2,"N","Laurens County, South Carolina","Private","Beauty salons","County, NAICS 6-digit -- by ownership sector","All establishment sizes",1,0,0,0,0,0,0,0
"45059",5,"812112",78,0,2007,3,"N","Laurens County, South Carolina","Private","Beauty salons","County, NAICS 6-digit -- by ownership sector","All establishment sizes",1,0,0,0,0,0,0,0
"45059",5,"812112",78,0,2007,4,"N","Laurens County, South Carolina","Private","Beauty salons","County, NAICS 6-digit -- by ownership sector","All establishment sizes",1,0,0,0,0,0,0,0
"45059",5,812113,78,0,2007,1,"N","Laurens County, South Carolina","Private","Nail salons","County, NAICS 6-digit -- by ownership sector","All establishment sizes",2,0,0,0,0,0,0,0
"45059",5,"812113",78,0,2007,2,"N","Laurens County, South Carolina","Private","Nail salons","County, NAICS 6-digit -- by ownership sector","All establishment sizes",2,0,0,0,0,0,0,0
"45059",5,"812113",78,0,2007,3,"N","Laurens County, South Carolina","Private","Nail salons","County, NAICS 6-digit -- by ownership sector","All establishment sizes",3,0,0,0,0,0,0,0
"45059",5,"812113",78,0,2007,4,"N","Laurens County, South Carolina","Private","Nail salons","County, NAICS 6-digit -- by ownership sector","All establishment sizes",3,0,0,0,0,0,0,0
"45059",5,81219,77,0,2007,1,"N","Laurens County, South Carolina","Private","Other personal care services","County, NAICS 5-digit -- by ownership sector","All establishment sizes",2,0,0,0,0,0,0,0
"45059",5,"81219",77,0,2007,2,"N","Laurens County, South Carolina","Private","Other personal care services","County, NAICS 5-digit -- by ownership sector","All establishment sizes",2,0,0,0,0,0,0,0
"45059",5,"81219",77,0,2007,3,"N","Laurens County, South Carolina","Private","Other personal care services","County, NAICS 5-digit -- by ownership sector","All establishment sizes",2,0,0,0,0,0,0,0
"45059",5,"81219",77,0,2007,4,"N","Laurens County, South Carolina","Private","Other personal care services","County, NAICS 5-digit -- by ownership sector","All establishment sizes",2,0,0,0,0,0,0,0
"45059",5,812199,78,0,2007,1,"N","Laurens County, South Carolina","Private","Other personal care services","County, NAICS 6-digit -- by ownership sector","All establishment sizes",2,0,0,0,0,0,0,0
"45059",5,"812199",78,0,2007,2,"N","Laurens County, South Carolina","Private","Other personal care services","County, NAICS 6-digit -- by ownership sector","All establishment sizes",2,0,0,0,0,0,0,0
"45059",5,"812199",78,0,2007,3,"N","Laurens County, South Carolina","Private","Other personal care services","County, NAICS 6-digit -- by ownership sector","All establishment sizes",2,0,0,0,0,0,0,0
"45059",5,"812199",78,0,2007,4,"N","Laurens County, South Carolina","Private","Other personal care services","County, NAICS 6-digit -- by ownership sector","All establishment sizes",2,0,0,0,0,0,0,0
"45059",5,8122,76,0,2007,1,"","Laurens County, South Carolina","Private","Death care services","County, NAICS 4-digit -- by ownership sector","All establishment sizes",4,52,52,51,229701,173939,2157,342
"45059",5,"8122",76,0,2007,2,"","Laurens County, South Carolina","Private","Death care services","County, NAICS 4-digit -- by ownership sector","All establishment sizes",4,47,46,46,211526,53885,668,351
"45059",5,"8122",76,0,2007,3,"","Laurens County, South Carolina","Private","Death care services","County, NAICS 4-digit -- by ownership sector","All establishment sizes",4,46,44,46,233530,30185,374,396
"45059",5,"8122",76,0,2007,4,"","Laurens County, South Carolina","Private","Death care services","County, NAICS 4-digit -- by ownership sector","All establishment sizes",4,46,46,46,231962,17753,220,388
"45059",5,81221,77,0,2007,1,"N","Laurens County, South Carolina","Private","Funeral homes and funeral services","County, NAICS 5-digit -- by ownership sector","All establishment sizes",3,0,0,0,0,0,0,0
"45059",5,"81221",77,0,2007,2,"N","Laurens County, South Carolina","Private","Funeral homes and funeral services","County, NAICS 5-digit -- by ownership sector","All establishment sizes",3,0,0,0,0,0,0,0
"45059",5,"81221",77,0,2007,3,"N","Laurens County, South Carolina","Private","Funeral homes and funeral services","County, NAICS 5-digit -- by ownership sector","All establishment sizes",3,0,0,0,0,0,0,0
"45059",5,"81221",77,0,2007,4,"N","Laurens County, South Carolina","Private","Funeral homes and funeral services","County, NAICS 5-digit -- by ownership sector","All establishment sizes",3,0,0,0,0,0,0,0
"45059",5,812210,78,0,2007,1,"N","Laurens County, South Carolina","Private","Funeral homes and funeral services","County, NAICS 6-digit -- by ownership sector","All establishment sizes",3,0,0,0,0,0,0,0
"45059",5,"812210",78,0,2007,2,"N","Laurens County, South Carolina","Private","Funeral homes and funeral services","County, NAICS 6-digit -- by ownership sector","All establishment sizes",3,0,0,0,0,0,0,0
"45059",5,"812210",78,0,2007,3,"N","Laurens County, South Carolina","Private","Funeral homes and funeral services","County, NAICS 6-digit -- by ownership sector","All establishment sizes",3,0,0,0,0,0,0,0
"45059",5,"812210",78,0,2007,4,"N","Laurens County, South Carolina","Private","Funeral homes and funeral services","County, NAICS 6-digit -- by ownership sector","All establishment sizes",3,0,0,0,0,0,0,0
"45059",5,81222,77,0,2007,1,"N","Laurens County, South Carolina","Private","Cemeteries and crematories","County, NAICS 5-digit -- by ownership sector","All establishment sizes",1,0,0,0,0,0,0,0
"45059",5,"81222",77,0,2007,2,"N","Laurens County, South Carolina","Private","Cemeteries and crematories","County, NAICS 5-digit -- by ownership sector","All establishment sizes",1,0,0,0,0,0,0,0
"45059",5,"81222",77,0,2007,3,"N","Laurens County, South Carolina","Private","Cemeteries and crematories","County, NAICS 5-digit -- by ownership sector","All establishment sizes",1,0,0,0,0,0,0,0
"45059",5,"81222",77,0,2007,4,"N","Laurens County, South Carolina","Private","Cemeteries and crematories","County, NAICS 5-digit -- by ownership sector","All establishment sizes",1,0,0,0,0,0,0,0
"45059",5,812220,78,0,2007,1,"N","Laurens County, South Carolina","Private","Cemeteries and crematories","County, NAICS 6-digit -- by ownership sector","All establishment sizes",1,0,0,0,0,0,0,0
"45059",5,"812220",78,0,2007,2,"N","Laurens County, South Carolina","Private","Cemeteries and crematories","County, NAICS 6-digit -- by ownership sector","All establishment sizes",1,0,0,0,0,0,0,0
"45059",5,"812220",78,0,2007,3,"N","Laurens County, South Carolina","Private","Cemeteries and crematories","County, NAICS 6-digit -- by ownership sector","All establishment sizes",1,0,0,0,0,0,0,0
"45059",5,"812220",78,0,2007,4,"N","Laurens County, South Carolina","Private","Cemeteries and crematories","County, NAICS 6-digit -- by ownership sector","All establishment sizes",1,0,0,0,0,0,0,0
"45059",5,8123,76,0,2007,1,"","Laurens County, South Carolina","Private","Drycleaning and laundry services","County, NAICS 4-digit -- by ownership sector","All establishment sizes",4,24,25,24,97544,90117,1370,308
"45059",5,"8123",76,0,2007,2,"","Laurens County, South Carolina","Private","Drycleaning and laundry services","County, NAICS 4-digit -- by ownership sector","All establishment sizes",4,25,24,25,98639,41862,607,308
"45059",5,"8123",76,0,2007,3,"","Laurens County, South Carolina","Private","Drycleaning and laundry services","County, NAICS 4-digit -- by ownership sector","All establishment sizes",4,25,25,24,92089,19037,237,287
"45059",5,"8123",76,0,2007,4,"","Laurens County, South Carolina","Private","Drycleaning and laundry services","County, NAICS 4-digit -- by ownership sector","All establishment sizes",4,27,28,27,94723,20253,250,267
"45059",5,81232,77,0,2007,1,"","Laurens County, South Carolina","Private","Drycleaning and laundry services","County, NAICS 5-digit -- by ownership sector","All establishment sizes",4,24,25,24,97544,90117,1370,308
"45059",5,"81232",77,0,2007,2,"","Laurens County, South Carolina","Private","Drycleaning and laundry services","County, NAICS 5-digit -- by ownership sector","All establishment sizes",4,25,24,25,98639,41862,607,308
"45059",5,"81232",77,0,2007,3,"","Laurens County, South Carolina","Private","Drycleaning and laundry services","County, NAICS 5-digit -- by ownership sector","All establishment sizes",4,25,25,24,92089,19037,237,287
"45059",5,"81232",77,0,2007,4,"","Laurens County, South Carolina","Private","Drycleaning and laundry services","County, NAICS 5-digit -- by ownership sector","All establishment sizes",4,27,28,27,94723,20253,250,267
"45059",5,812320,78,0,2007,1,"","Laurens County, South Carolina","Private","Drycleaning and laundry services","County, NAICS 6-digit -- by ownership sector","All establishment sizes",4,24,25,24,97544,90117,1370,308
"45059",5,"812320",78,0,2007,2,"","Laurens County, South Carolina","Private","Drycleaning and laundry services","County, NAICS 6-digit -- by ownership sector","All establishment sizes",4,25,24,25,98639,41862,607,308
"45059",5,"812320",78,0,2007,3,"","Laurens County, South Carolina","Private","Drycleaning and laundry services","County, NAICS 6-digit -- by ownership sector","All establishment sizes",4,25,25,24,92089,19037,237,287
"45059",5,"812320",78,0,2007,4,"","Laurens County, South Carolina","Private","Drycleaning and laundry services","County, NAICS 6-digit -- by ownership sector","All establishment sizes",4,27,28,27,94723,20253,250,267
"45059",5,8129,76,0,2007,1,"N","Laurens County, South Carolina","Private","Other personal services","County, NAICS 4-digit -- by ownership sector","All establishment sizes",2,0,0,0,0,0,0,0
"45059",5,"8129",76,0,2007,2,"N","Laurens County, South Carolina","Private","Other personal services","County, NAICS 4-digit -- by ownership sector","All establishment sizes",2,0,0,0,0,0,0,0
"45059",5,"8129",76,0,2007,3,"N","Laurens County, South Carolina","Private","Other personal services","County, NAICS 4-digit -- by ownership sector","All establishment sizes",2,0,0,0,0,0,0,0
"45059",5,"8129",76,0,2007,4,"N","Laurens County, South Carolina","Private","Other personal services","County, NAICS 4-digit -- by ownership sector","All establishment sizes",2,0,0,0,0,0,0,0
"45059",5,81291,77,0,2007,1,"N","Laurens County, South Carolina","Private","Pet care, except veterinary, services","County, NAICS 5-digit -- by ownership sector","All establishment sizes",1,0,0,0,0,0,0,0
"45059",5,"81291",77,0,2007,2,"N","Laurens County, South Carolina","Private","Pet care, except veterinary, services","County, NAICS 5-digit -- by ownership sector","All establishment sizes",1,0,0,0,0,0,0,0
"45059",5,"81291",77,0,2007,3,"N","Laurens County, South Carolina","Private","Pet care, except veterinary, services","County, NAICS 5-digit -- by ownership sector","All establishment sizes",1,0,0,0,0,0,0,0
"45059",5,"81291",77,0,2007,4,"N","Laurens County, South Carolina","Private","Pet care, except veterinary, services","County, NAICS 5-digit -- by ownership sector","All establishment sizes",1,0,0,0,0,0,0,0
"45059",5,812910,78,0,2007,1,"N","Laurens County, South Carolina","Private","Pet care, except veterinary, services","County, NAICS 6-digit -- by ownership sector","All establishment sizes",1,0,0,0,0,0,0,0
"45059",5,"812910",78,0,2007,2,"N","Laurens County, South Carolina","Private","Pet care, except veterinary, services","County, NAICS 6-digit -- by ownership sector","All establishment sizes",1,0,0,0,0,0,0,0
"45059",5,"812910",78,0,2007,3,"N","Laurens County, South Carolina","Private","Pet care, except veterinary, services","County, NAICS 6-digit -- by ownership sector","All establishment sizes",1,0,0,0,0,0,0,0
"45059",5,"812910",78,0,2007,4,"N","Laurens County, South Carolina","Private","Pet care, except veterinary, services","County, NAICS 6-digit -- by ownership sector","All establishment sizes",1,0,0,0,0,0,0,0
"45059",5,81299,77,0,2007,1,"N","Laurens County, South Carolina","Private","All other personal services","County, NAICS 5-digit -- by ownership sector","All establishment sizes",1,0,0,0,0,0,0,0
"45059",5,"81299",77,0,2007,2,"N","Laurens County, South Carolina","Private","All other personal services","County, NAICS 5-digit -- by ownership sector","All establishment sizes",1,0,0,0,0,0,0,0
"45059",5,"81299",77,0,2007,3,"N","Laurens County, South Carolina","Private","All other personal services","County, NAICS 5-digit -- by ownership sector","All establishment sizes",1,0,0,0,0,0,0,0
"45059",5,"81299",77,0,2007,4,"N","Laurens County, South Carolina","Private","All other personal services","County, NAICS 5-digit -- by ownership sector","All establishment sizes",1,0,0,0,0,0,0,0
"45059",5,812990,78,0,2007,1,"N","Laurens County, South Carolina","Private","All other personal services","County, NAICS 6-digit -- by ownership sector","All establishment sizes",1,0,0,0,0,0,0,0
"45059",5,"812990",78,0,2007,2,"N","Laurens County, South Carolina","Private","All other personal services","County, NAICS 6-digit -- by ownership sector","All establishment sizes",1,0,0,0,0,0,0,0
"45059",5,"812990",78,0,2007,3,"N","Laurens County, South Carolina","Private","All other personal services","County, NAICS 6-digit -- by ownership sector","All establishment sizes",1,0,0,0,0,0,0,0
"45059",5,"812990",78,0,2007,4,"N","Laurens County, South Carolina","Private","All other personal services","County, NAICS 6-digit -- by ownership sector","All establishment sizes",1,0,0,0,0,0,0,0
"45059",5,813,75,0,2007,1,"","Laurens County, South Carolina","Private","Membership associations and organizations","County, NAICS 3-digit -- by ownership sector","All establishment sizes",9,73,78,72,211294,170812,3214,219
"45059",5,"813",75,0,2007,2,"","Laurens County, South Carolina","Private","Membership associations and organizations","County, NAICS 3-digit -- by ownership sector","All establishment sizes",9,75,99,99,240652,122922,2234,203
"45059",5,"813",75,0,2007,3,"","Laurens County, South Carolina","Private","Membership associations and organizations","County, NAICS 3-digit -- by ownership sector","All establishment sizes",9,100,86,76,266824,116408,2172,235
"45059",5,"813",75,0,2007,4,"","Laurens County, South Carolina","Private","Membership associations and organizations","County, NAICS 3-digit -- by ownership sector","All establishment sizes",9,78,76,78,247716,61246,1264,246
"45059",5,8131,76,0,2007,1,"N","Laurens County, South Carolina","Private","Religious organizations","County, NAICS 4-digit -- by ownership sector","All establishment sizes",1,0,0,0,0,0,0,0
"45059",5,"8131",76,0,2007,2,"N","Laurens County, South Carolina","Private","Religious organizations","County, NAICS 4-digit -- by ownership sector","All establishment sizes",1,0,0,0,0,0,0,0
"45059",5,"8131",76,0,2007,3,"N","Laurens County, South Carolina","Private","Religious organizations","County, NAICS 4-digit -- by ownership sector","All establishment sizes",1,0,0,0,0,0,0,0
"45059",5,"8131",76,0,2007,4,"N","Laurens County, South Carolina","Private","Religious organizations","County, NAICS 4-digit -- by ownership sector","All establishment sizes",1,0,0,0,0,0,0,0
"45059",5,81311,77,0,2007,1,"N","Laurens County, South Carolina","Private","Religious organizations","County, NAICS 5-digit -- by ownership sector","All establishment sizes",1,0,0,0,0,0,0,0
"45059",5,"81311",77,0,2007,2,"N","Laurens County, South Carolina","Private","Religious organizations","County, NAICS 5-digit -- by ownership sector","All establishment sizes",1,0,0,0,0,0,0,0
"45059",5,"81311",77,0,2007,3,"N","Laurens County, South Carolina","Private","Religious organizations","County, NAICS 5-digit -- by ownership sector","All establishment sizes",1,0,0,0,0,0,0,0
"45059",5,"81311",77,0,2007,4,"N","Laurens County, South Carolina","Private","Religious organizations","County, NAICS 5-digit -- by ownership sector","All establishment sizes",1,0,0,0,0,0,0,0
"45059",5,813110,78,0,2007,1,"N","Laurens County, South Carolina","Private","Religious organizations","County, NAICS 6-digit -- by ownership sector","All establishment sizes",1,0,0,0,0,0,0,0
"45059",5,"813110",78,0,2007,2,"N","Laurens County, South Carolina","Private","Religious organizations","County, NAICS 6-digit -- by ownership sector","All establishment sizes",1,0,0,0,0,0,0,0
"45059",5,"813110",78,0,2007,3,"N","Laurens County, South Carolina","Private","Religious organizations","County, NAICS 6-digit -- by ownership sector","All establishment sizes",1,0,0,0,0,0,0,0
"45059",5,"813110",78,0,2007,4,"N","Laurens County, South Carolina","Private","Religious organizations","County, NAICS 6-digit -- by ownership sector","All establishment sizes",1,0,0,0,0,0,0,0
"45059",5,8132,76,0,2007,1,"N","Laurens County, South Carolina","Private","Grantmaking and giving services","County, NAICS 4-digit -- by ownership sector","All establishment sizes",1,0,0,0,0,0,0,0
"45059",5,"8132",76,0,2007,2,"N","Laurens County, South Carolina","Private","Grantmaking and giving services","County, NAICS 4-digit -- by ownership sector","All establishment sizes",1,0,0,0,0,0,0,0
"45059",5,"8132",76,0,2007,3,"N","Laurens County, South Carolina","Private","Grantmaking and giving services","County, NAICS 4-digit -- by ownership sector","All establishment sizes",1,0,0,0,0,0,0,0
"45059",5,"8132",76,0,2007,4,"N","Laurens County, South Carolina","Private","Grantmaking and giving services","County, NAICS 4-digit -- by ownership sector","All establishment sizes",1,0,0,0,0,0,0,0
"45059",5,81321,77,0,2007,1,"N","Laurens County, South Carolina","Private","Grantmaking and giving services","County, NAICS 5-digit -- by ownership sector","All establishment sizes",1,0,0,0,0,0,0,0
"45059",5,"81321",77,0,2007,2,"N","Laurens County, South Carolina","Private","Grantmaking and giving services","County, NAICS 5-digit -- by ownership sector","All establishment sizes",1,0,0,0,0,0,0,0
"45059",5,"81321",77,0,2007,3,"N","Laurens County, South Carolina","Private","Grantmaking and giving services","County, NAICS 5-digit -- by ownership sector","All establishment sizes",1,0,0,0,0,0,0,0
"45059",5,"81321",77,0,2007,4,"N","Laurens County, South Carolina","Private","Grantmaking and giving services","County, NAICS 5-digit -- by ownership sector","All establishment sizes",1,0,0,0,0,0,0,0
"45059",5,813219,78,0,2007,1,"N","Laurens County, South Carolina","Private","Other grantmaking and giving services","County, NAICS 6-digit -- by ownership sector","All establishment sizes",1,0,0,0,0,0,0,0
"45059",5,"813219",78,0,2007,2,"N","Laurens County, South Carolina","Private","Other grantmaking and giving services","County, NAICS 6-digit -- by ownership sector","All establishment sizes",1,0,0,0,0,0,0,0
"45059",5,"813219",78,0,2007,3,"N","Laurens County, South Carolina","Private","Other grantmaking and giving services","County, NAICS 6-digit -- by ownership sector","All establishment sizes",1,0,0,0,0,0,0,0
"45059",5,"813219",78,0,2007,4,"N","Laurens County, South Carolina","Private","Other grantmaking and giving services","County, NAICS 6-digit -- by ownership sector","All establishment sizes",1,0,0,0,0,0,0,0
"45059",5,8133,76,0,2007,1,"N","Laurens County, South Carolina","Private","Social advocacy organizations","County, NAICS 4-digit -- by ownership sector","All establishment sizes",1,0,0,0,0,0,0,0
"45059",5,"8133",76,0,2007,2,"N","Laurens County, South Carolina","Private","Social advocacy organizations","County, NAICS 4-digit -- by ownership sector","All establishment sizes",1,0,0,0,0,0,0,0
"45059",5,"8133",76,0,2007,3,"N","Laurens County, South Carolina","Private","Social advocacy organizations","County, NAICS 4-digit -- by ownership sector","All establishment sizes",1,0,0,0,0,0,0,0
"45059",5,"8133",76,0,2007,4,"N","Laurens County, South Carolina","Private","Social advocacy organizations","County, NAICS 4-digit -- by ownership sector","All establishment sizes",1,0,0,0,0,0,0,0
"45059",5,81331,77,0,2007,1,"N","Laurens County, South Carolina","Private","Social advocacy organizations","County, NAICS 5-digit -- by ownership sector","All establishment sizes",1,0,0,0,0,0,0,0
"45059",5,"81331",77,0,2007,2,"N","Laurens County, South Carolina","Private","Social advocacy organizations","County, NAICS 5-digit -- by ownership sector","All establishment sizes",1,0,0,0,0,0,0,0
"45059",5,"81331",77,0,2007,3,"N","Laurens County, South Carolina","Private","Social advocacy organizations","County, NAICS 5-digit -- by ownership sector","All establishment sizes",1,0,0,0,0,0,0,0
"45059",5,"81331",77,0,2007,4,"N","Laurens County, South Carolina","Private","Social advocacy organizations","County, NAICS 5-digit -- by ownership sector","All establishment sizes",1,0,0,0,0,0,0,0
"45059",5,813319,78,0,2007,1,"N","Laurens County, South Carolina","Private","Other social advocacy organizations","County, NAICS 6-digit -- by ownership sector","All establishment sizes",1,0,0,0,0,0,0,0
"45059",5,"813319",78,0,2007,2,"N","Laurens County, South Carolina","Private","Other social advocacy organizations","County, NAICS 6-digit -- by ownership sector","All establishment sizes",1,0,0,0,0,0,0,0
"45059",5,"813319",78,0,2007,3,"N","Laurens County, South Carolina","Private","Other social advocacy organizations","County, NAICS 6-digit -- by ownership sector","All establishment sizes",1,0,0,0,0,0,0,0
"45059",5,"813319",78,0,2007,4,"N","Laurens County, South Carolina","Private","Other social advocacy organizations","County, NAICS 6-digit -- by ownership sector","All establishment sizes",1,0,0,0,0,0,0,0
"45059",5,8134,76,0,2007,1,"N","Laurens County, South Carolina","Private","Civic and social organizations","County, NAICS 4-digit -- by ownership sector","All establishment sizes",2,0,0,0,0,0,0,0
"45059",5,"8134",76,0,2007,2,"N","Laurens County, South Carolina","Private","Civic and social organizations","County, NAICS 4-digit -- by ownership sector","All establishment sizes",2,0,0,0,0,0,0,0
"45059",5,"8134",76,0,2007,3,"N","Laurens County, South Carolina","Private","Civic and social organizations","County, NAICS 4-digit -- by ownership sector","All establishment sizes",2,0,0,0,0,0,0,0
"45059",5,"8134",76,0,2007,4,"N","Laurens County, South Carolina","Private","Civic and social organizations","County, NAICS 4-digit -- by ownership sector","All establishment sizes",2,0,0,0,0,0,0,0
"45059",5,81341,77,0,2007,1,"N","Laurens County, South Carolina","Private","Civic and social organizations","County, NAICS 5-digit -- by ownership sector","All establishment sizes",2,0,0,0,0,0,0,0
"45059",5,"81341",77,0,2007,2,"N","Laurens County, South Carolina","Private","Civic and social organizations","County, NAICS 5-digit -- by ownership sector","All establishment sizes",2,0,0,0,0,0,0,0
"45059",5,"81341",77,0,2007,3,"N","Laurens County, South Carolina","Private","Civic and social organizations","County, NAICS 5-digit -- by ownership sector","All establishment sizes",2,0,0,0,0,0,0,0
"45059",5,"81341",77,0,2007,4,"N","Laurens County, South Carolina","Private","Civic and social organizations","County, NAICS 5-digit -- by ownership sector","All establishment sizes",2,0,0,0,0,0,0,0
"45059",5,813410,78,0,2007,1,"N","Laurens County, South Carolina","Private","Civic and social organizations","County, NAICS 6-digit -- by ownership sector","All establishment sizes",2,0,0,0,0,0,0,0
"45059",5,"813410",78,0,2007,2,"N","Laurens County, South Carolina","Private","Civic and social organizations","County, NAICS 6-digit -- by ownership sector","All establishment sizes",2,0,0,0,0,0,0,0
"45059",5,"813410",78,0,2007,3,"N","Laurens County, South Carolina","Private","Civic and social organizations","County, NAICS 6-digit -- by ownership sector","All establishment sizes",2,0,0,0,0,0,0,0
"45059",5,"813410",78,0,2007,4,"N","Laurens County, South Carolina","Private","Civic and social organizations","County, NAICS 6-digit -- by ownership sector","All establishment sizes",2,0,0,0,0,0,0,0
"45059",5,8139,76,0,2007,1,"","Laurens County, South Carolina","Private","Professional and similar organizations","County, NAICS 4-digit -- by ownership sector","All establishment sizes",4,9,10,10,68039,50187,704,541
"45059",5,"8139",76,0,2007,2,"","Laurens County, South Carolina","Private","Professional and similar organizations","County, NAICS 4-digit -- by ownership sector","All establishment sizes",4,10,10,10,73475,12524,173,565
"45059",5,"8139",76,0,2007,3,"","Laurens County, South Carolina","Private","Professional and similar organizations","County, NAICS 4-digit -- by ownership sector","All establishment sizes",4,12,11,11,93210,18480,279,633
"45059",5,"8139",76,0,2007,4,"","Laurens County, South Carolina","Private","Professional and similar organizations","County, NAICS 4-digit -- by ownership sector","All establishment sizes",4,11,10,10,97018,420,5,722
"45059",5,81391,77,0,2007,1,"N","Laurens County, South Carolina","Private","Business associations","County, NAICS 5-digit -- by ownership sector","All establishment sizes",2,0,0,0,0,0,0,0
"45059",5,"81391",77,0,2007,2,"N","Laurens County, South Carolina","Private","Business associations","County, NAICS 5-digit -- by ownership sector","All establishment sizes",2,0,0,0,0,0,0,0
"45059",5,"81391",77,0,2007,3,"N","Laurens County, South Carolina","Private","Business associations","County, NAICS 5-digit -- by ownership sector","All establishment sizes",2,0,0,0,0,0,0,0
"45059",5,"81391",77,0,2007,4,"N","Laurens County, South Carolina","Private","Business associations","County, NAICS 5-digit -- by ownership sector","All establishment sizes",2,0,0,0,0,0,0,0
"45059",5,813910,78,0,2007,1,"N","Laurens County, South Carolina","Private","Business associations","County, NAICS 6-digit -- by ownership sector","All establishment sizes",2,0,0,0,0,0,0,0
"45059",5,"813910",78,0,2007,2,"N","Laurens County, South Carolina","Private","Business associations","County, NAICS 6-digit -- by ownership sector","All establishment sizes",2,0,0,0,0,0,0,0
"45059",5,"813910",78,0,2007,3,"N","Laurens County, South Carolina","Private","Business associations","County, NAICS 6-digit -- by ownership sector","All establishment sizes",2,0,0,0,0,0,0,0
"45059",5,"813910",78,0,2007,4,"N","Laurens County, South Carolina","Private","Business associations","County, NAICS 6-digit -- by ownership sector","All establishment sizes",2,0,0,0,0,0,0,0
"45059",5,81392,77,0,2007,1,"N","Laurens County, South Carolina","Private","Professional organizations","County, NAICS 5-digit -- by ownership sector","All establishment sizes",2,0,0,0,0,0,0,0
"45059",5,"81392",77,0,2007,2,"N","Laurens County, South Carolina","Private","Professional organizations","County, NAICS 5-digit -- by ownership sector","All establishment sizes",2,0,0,0,0,0,0,0
"45059",5,"81392",77,0,2007,3,"N","Laurens County, South Carolina","Private","Professional organizations","County, NAICS 5-digit -- by ownership sector","All establishment sizes",2,0,0,0,0,0,0,0
"45059",5,"81392",77,0,2007,4,"N","Laurens County, South Carolina","Private","Professional organizations","County, NAICS 5-digit -- by ownership sector","All establishment sizes",2,0,0,0,0,0,0,0
"45059",5,813920,78,0,2007,1,"N","Laurens County, South Carolina","Private","Professional organizations","County, NAICS 6-digit -- by ownership sector","All establishment sizes",2,0,0,0,0,0,0,0
"45059",5,"813920",78,0,2007,2,"N","Laurens County, South Carolina","Private","Professional organizations","County, NAICS 6-digit -- by ownership sector","All establishment sizes",2,0,0,0,0,0,0,0
"45059",5,"813920",78,0,2007,3,"N","Laurens County, South Carolina","Private","Professional organizations","County, NAICS 6-digit -- by ownership sector","All establishment sizes",2,0,0,0,0,0,0,0
"45059",5,"813920",78,0,2007,4,"N","Laurens County, South Carolina","Private","Professional organizations","County, NAICS 6-digit -- by ownership sector","All establishment sizes",2,0,0,0,0,0,0,0
"45059",5,814,75,0,2007,1,"","Laurens County, South Carolina","Private","Private households","County, NAICS 3-digit -- by ownership sector","All establishment sizes",30,38,38,39,146669,132995,3393,294
"45059",5,"814",75,0,2007,2,"","Laurens County, South Carolina","Private","Private households","County, NAICS 3-digit -- by ownership sector","All establishment sizes",29,39,38,37,153240,73047,1722,310
"45059",5,"814",75,0,2007,3,"","Laurens County, South Carolina","Private","Private households","County, NAICS 3-digit -- by ownership sector","All establishment sizes",31,40,40,39,154871,33697,729,300
"45059",5,"814",75,0,2007,4,"","Laurens County, South Carolina","Private","Private households","County, NAICS 3-digit -- by ownership sector","All establishment sizes",30,33,33,37,156708,27216,803,351
"45059",5,8141,76,0,2007,1,"","Laurens County, South Carolina","Private","Private households","County, NAICS 4-digit -- by ownership sector","All establishment sizes",30,38,38,39,146669,132995,3393,294
"45059",5,"8141",76,0,2007,2,"","Laurens County, South Carolina","Private","Private households","County, NAICS 4-digit -- by ownership sector","All establishment sizes",29,39,38,37,153240,73047,1722,310
"45059",5,"8141",76,0,2007,3,"","Laurens County, South Carolina","Private","Private households","County, NAICS 4-digit -- by ownership sector","All establishment sizes",31,40,40,39,154871,33697,729,300
"45059",5,"8141",76,0,2007,4,"","Laurens County, South Carolina","Private","Private households","County, NAICS 4-digit -- by ownership sector","All establishment sizes",30,33,33,37,156708,27216,803,351
"45059",5,81411,77,0,2007,1,"","Laurens County, South Carolina","Private","Private households","County, NAICS 5-digit -- by ownership sector","All establishment sizes",30,38,38,39,146669,132995,3393,294
"45059",5,"81411",77,0,2007,2,"","Laurens County, South Carolina","Private","Private households","County, NAICS 5-digit -- by ownership sector","All establishment sizes",29,39,38,37,153240,73047,1722,310
"45059",5,"81411",77,0,2007,3,"","Laurens County, South Carolina","Private","Private households","County, NAICS 5-digit -- by ownership sector","All establishment sizes",31,40,40,39,154871,33697,729,300
"45059",5,"81411",77,0,2007,4,"","Laurens County, South Carolina","Private","Private households","County, NAICS 5-digit -- by ownership sector","All establishment sizes",30,33,33,37,156708,27216,803,351
"45059",5,814110,78,0,2007,1,"","Laurens County, South Carolina","Private","Private households","County, NAICS 6-digit -- by ownership sector","All establishment sizes",30,38,38,39,146669,132995,3393,294
"45059",5,"814110",78,0,2007,2,"","Laurens County, South Carolina","Private","Private households","County, NAICS 6-digit -- by ownership sector","All establishment sizes",29,39,38,37,153240,73047,1722,310
"45059",5,"814110",78,0,2007,3,"","Laurens County, South Carolina","Private","Private households","County, NAICS 6-digit -- by ownership sector","All establishment sizes",31,40,40,39,154871,33697,729,300
"45059",5,"814110",78,0,2007,4,"","Laurens County, South Carolina","Private","Private households","County, NAICS 6-digit -- by ownership sector","All establishment sizes",30,33,33,37,156708,27216,803,351
"45059",5,99,74,0,2007,1,"","Laurens County, South Carolina","Private","Unclassified","County, NAICS Sector -- by ownership sector","All establishment sizes",10,36,39,36,191904,149752,4325,399
"45059",5,"99",74,0,2007,2,"","Laurens County, South Carolina","Private","Unclassified","County, NAICS Sector -- by ownership sector","All establishment sizes",4,10,10,11,99228,16085,492,739
"45059",5,"99",74,0,2007,3,"","Laurens County, South Carolina","Private","Unclassified","County, NAICS Sector -- by ownership sector","All establishment sizes",1,1,1,1,6500,0,0,500
"45059",5,"99",74,0,2007,4,"","Laurens County, South Carolina","Private","Unclassified","County, NAICS Sector -- by ownership sector","All establishment sizes",1,1,2,2,9029,2529,31,417
"45059",5,999,75,0,2007,1,"","Laurens County, South Carolina","Private","Unclassified","County, NAICS 3-digit -- by ownership sector","All establishment sizes",10,36,39,36,191904,149752,4325,399
"45059",5,"999",75,0,2007,2,"","Laurens County, South Carolina","Private","Unclassified","County, NAICS 3-digit -- by ownership sector","All establishment sizes",4,10,10,11,99228,16085,492,739
"45059",5,"999",75,0,2007,3,"","Laurens County, South Carolina","Private","Unclassified","County, NAICS 3-digit -- by ownership sector","All establishment sizes",1,1,1,1,6500,0,0,500
"45059",5,"999",75,0,2007,4,"","Laurens County, South Carolina","Private","Unclassified","County, NAICS 3-digit -- by ownership sector","All establishment sizes",1,1,2,2,9029,2529,31,417
"45059",5,9999,76,0,2007,1,"","Laurens County, South Carolina","Private","Unclassified","County, NAICS 4-digit -- by ownership sector","All establishment sizes",10,36,39,36,191904,149752,4325,399
"45059",5,"9999",76,0,2007,2,"","Laurens County, South Carolina","Private","Unclassified","County, NAICS 4-digit -- by ownership sector","All establishment sizes",4,10,10,11,99228,16085,492,739
"45059",5,"9999",76,0,2007,3,"","Laurens County, South Carolina","Private","Unclassified","County, NAICS 4-digit -- by ownership sector","All establishment sizes",1,1,1,1,6500,0,0,500
"45059",5,"9999",76,0,2007,4,"","Laurens County, South Carolina","Private","Unclassified","County, NAICS 4-digit -- by ownership sector","All establishment sizes",1,1,2,2,9029,2529,31,417
"45059",5,99999,77,0,2007,1,"","Laurens County, South Carolina","Private","Unclassified","County, NAICS 5-digit -- by ownership sector","All establishment sizes",10,36,39,36,191904,149752,4325,399
"45059",5,"99999",77,0,2007,2,"","Laurens County, South Carolina","Private","Unclassified","County, NAICS 5-digit -- by ownership sector","All establishment sizes",4,10,10,11,99228,16085,492,739
"45059",5,"99999",77,0,2007,3,"","Laurens County, South Carolina","Private","Unclassified","County, NAICS 5-digit -- by ownership sector","All establishment sizes",1,1,1,1,6500,0,0,500
"45059",5,"99999",77,0,2007,4,"","Laurens County, South Carolina","Private","Unclassified","County, NAICS 5-digit -- by ownership sector","All establishment sizes",1,1,2,2,9029,2529,31,417
"45059",5,999999,78,0,2007,1,"","Laurens County, South Carolina","Private","Unclassified","County, NAICS 6-digit -- by ownership sector","All establishment sizes",10,36,39,36,191904,149752,4325,399
"45059",5,"999999",78,0,2007,2,"","Laurens County, South Carolina","Private","Unclassified","County, NAICS 6-digit -- by ownership sector","All establishment sizes",4,10,10,11,99228,16085,492,739
"45059",5,"999999",78,0,2007,3,"","Laurens County, South Carolina","Private","Unclassified","County, NAICS 6-digit -- by ownership sector","All establishment sizes",1,1,1,1,6500,0,0,500
"45059",5,"999999",78,0,2007,4,"","Laurens County, South Carolina","Private","Unclassified","County, NAICS 6-digit -- by ownership sector","All establishment sizes",1,1,2,2,9029,2529,31,417

