"area_fips","own_code","industry_code","agglvl_code","size_code","year","qtr","disclosure_code","area_title","own_title","industry_title","agglvl_title","size_title","qtrly_estabs_count","month1_emplvl","month2_emplvl","month3_emplvl","total_qtrly_wages","taxable_qtrly_wages","qtrly_contributions","avg_wkly_wage"
"51173",0,10,70,0,2007,1,"","Smyth County, Virginia","Total Covered","Total, all industries","County, Total Covered","All establishment sizes",696,13120,13066,13150,94830127,65784934,1179315,556
"51173",0,"10",70,0,2007,2,"","Smyth County, Virginia","Total Covered","Total, all industries","County, Total Covered","All establishment sizes",707,13132,13176,13212,96750524,19965818,397193,565
"51173",0,"10",70,0,2007,3,"","Smyth County, Virginia","Total Covered","Total, all industries","County, Total Covered","All establishment sizes",724,13175,13307,13305,96253243,10198535,185819,558
"51173",0,"10",70,0,2007,4,"","Smyth County, Virginia","Total Covered","Total, all industries","County, Total Covered","All establishment sizes",722,13110,12891,12987,100787049,7944582,145606,597
"51173",1,10,71,0,2007,1,"","Smyth County, Virginia","Federal Government","Total, all industries","County, Total -- by ownership sector","All establishment sizes",12,93,88,89,920987,0,0,787
"51173",1,"10",71,0,2007,2,"","Smyth County, Virginia","Federal Government","Total, all industries","County, Total -- by ownership sector","All establishment sizes",12,87,88,88,1078494,0,0,946
"51173",1,"10",71,0,2007,3,"","Smyth County, Virginia","Federal Government","Total, all industries","County, Total -- by ownership sector","All establishment sizes",12,89,93,90,1013291,0,0,860
"51173",1,"10",71,0,2007,4,"","Smyth County, Virginia","Federal Government","Total, all industries","County, Total -- by ownership sector","All establishment sizes",12,85,87,80,1043539,0,0,956
"51173",1,102,72,0,2007,1,"","Smyth County, Virginia","Federal Government","Service-Providing","County, by Domain -- by ownership sector","All establishment sizes",12,93,88,89,920987,0,0,787
"51173",1,"102",72,0,2007,2,"","Smyth County, Virginia","Federal Government","Service-Providing","County, by Domain -- by ownership sector","All establishment sizes",12,87,88,88,1078494,0,0,946
"51173",1,"102",72,0,2007,3,"","Smyth County, Virginia","Federal Government","Service-Providing","County, by Domain -- by ownership sector","All establishment sizes",12,89,93,90,1013291,0,0,860
"51173",1,"102",72,0,2007,4,"","Smyth County, Virginia","Federal Government","Service-Providing","County, by Domain -- by ownership sector","All establishment sizes",12,85,87,80,1043539,0,0,956
"51173",1,1021,73,0,2007,1,"","Smyth County, Virginia","Federal Government","Trade, Transportation, and Utilities","County, by Supersector -- by ownership sector","All establishment sizes",6,56,54,53,504236,0,0,714
"51173",1,"1021",73,0,2007,2,"","Smyth County, Virginia","Federal Government","Trade, Transportation, and Utilities","County, by Supersector -- by ownership sector","All establishment sizes",6,52,53,53,590471,0,0,862
"51173",1,"1021",73,0,2007,3,"","Smyth County, Virginia","Federal Government","Trade, Transportation, and Utilities","County, by Supersector -- by ownership sector","All establishment sizes",6,54,56,56,527425,0,0,733
"51173",1,"1021",73,0,2007,4,"","Smyth County, Virginia","Federal Government","Trade, Transportation, and Utilities","County, by Supersector -- by ownership sector","All establishment sizes",6,54,54,50,583154,0,0,852
"51173",1,1028,73,0,2007,1,"","Smyth County, Virginia","Federal Government","Public Administration","County, by Supersector -- by ownership sector","All establishment sizes",6,37,34,36,416751,0,0,899
"51173",1,"1028",73,0,2007,2,"","Smyth County, Virginia","Federal Government","Public Administration","County, by Supersector -- by ownership sector","All establishment sizes",6,35,35,35,488023,0,0,1073
"51173",1,"1028",73,0,2007,3,"","Smyth County, Virginia","Federal Government","Public Administration","County, by Supersector -- by ownership sector","All establishment sizes",6,35,37,34,485866,0,0,1058
"51173",1,"1028",73,0,2007,4,"","Smyth County, Virginia","Federal Government","Public Administration","County, by Supersector -- by ownership sector","All establishment sizes",6,31,33,30,460385,0,0,1130
"51173",1,48-49,74,0,2007,1,"","Smyth County, Virginia","Federal Government","Transportation and warehousing","County, NAICS Sector -- by ownership sector","All establishment sizes",6,56,54,53,504236,0,0,714
"51173",1,"48-49",74,0,2007,2,"","Smyth County, Virginia","Federal Government","Transportation and warehousing","County, NAICS Sector -- by ownership sector","All establishment sizes",6,52,53,53,590471,0,0,862
"51173",1,"48-49",74,0,2007,3,"","Smyth County, Virginia","Federal Government","Transportation and warehousing","County, NAICS Sector -- by ownership sector","All establishment sizes",6,54,56,56,527425,0,0,733
"51173",1,"48-49",74,0,2007,4,"","Smyth County, Virginia","Federal Government","Transportation and warehousing","County, NAICS Sector -- by ownership sector","All establishment sizes",6,54,54,50,583154,0,0,852
"51173",1,491,75,0,2007,1,"","Smyth County, Virginia","Federal Government","Postal service","County, NAICS 3-digit -- by ownership sector","All establishment sizes",6,56,54,53,504236,0,0,714
"51173",1,"491",75,0,2007,2,"","Smyth County, Virginia","Federal Government","Postal service","County, NAICS 3-digit -- by ownership sector","All establishment sizes",6,52,53,53,590471,0,0,862
"51173",1,"491",75,0,2007,3,"","Smyth County, Virginia","Federal Government","Postal service","County, NAICS 3-digit -- by ownership sector","All establishment sizes",6,54,56,56,527425,0,0,733
"51173",1,"491",75,0,2007,4,"","Smyth County, Virginia","Federal Government","Postal service","County, NAICS 3-digit -- by ownership sector","All establishment sizes",6,54,54,50,583154,0,0,852
"51173",1,4911,76,0,2007,1,"","Smyth County, Virginia","Federal Government","Postal service","County, NAICS 4-digit -- by ownership sector","All establishment sizes",6,56,54,53,504236,0,0,714
"51173",1,"4911",76,0,2007,2,"","Smyth County, Virginia","Federal Government","Postal service","County, NAICS 4-digit -- by ownership sector","All establishment sizes",6,52,53,53,590471,0,0,862
"51173",1,"4911",76,0,2007,3,"","Smyth County, Virginia","Federal Government","Postal service","County, NAICS 4-digit -- by ownership sector","All establishment sizes",6,54,56,56,527425,0,0,733
"51173",1,"4911",76,0,2007,4,"","Smyth County, Virginia","Federal Government","Postal service","County, NAICS 4-digit -- by ownership sector","All establishment sizes",6,54,54,50,583154,0,0,852
"51173",1,49111,77,0,2007,1,"","Smyth County, Virginia","Federal Government","Postal service","County, NAICS 5-digit -- by ownership sector","All establishment sizes",6,56,54,53,504236,0,0,714
"51173",1,"49111",77,0,2007,2,"","Smyth County, Virginia","Federal Government","Postal service","County, NAICS 5-digit -- by ownership sector","All establishment sizes",6,52,53,53,590471,0,0,862
"51173",1,"49111",77,0,2007,3,"","Smyth County, Virginia","Federal Government","Postal service","County, NAICS 5-digit -- by ownership sector","All establishment sizes",6,54,56,56,527425,0,0,733
"51173",1,"49111",77,0,2007,4,"","Smyth County, Virginia","Federal Government","Postal service","County, NAICS 5-digit -- by ownership sector","All establishment sizes",6,54,54,50,583154,0,0,852
"51173",1,491110,78,0,2007,1,"","Smyth County, Virginia","Federal Government","Postal service","County, NAICS 6-digit -- by ownership sector","All establishment sizes",6,56,54,53,504236,0,0,714
"51173",1,"491110",78,0,2007,2,"","Smyth County, Virginia","Federal Government","Postal service","County, NAICS 6-digit -- by ownership sector","All establishment sizes",6,52,53,53,590471,0,0,862
"51173",1,"491110",78,0,2007,3,"","Smyth County, Virginia","Federal Government","Postal service","County, NAICS 6-digit -- by ownership sector","All establishment sizes",6,54,56,56,527425,0,0,733
"51173",1,"491110",78,0,2007,4,"","Smyth County, Virginia","Federal Government","Postal service","County, NAICS 6-digit -- by ownership sector","All establishment sizes",6,54,54,50,583154,0,0,852
"51173",1,92,74,0,2007,1,"","Smyth County, Virginia","Federal Government","Public Administration","County, NAICS Sector -- by ownership sector","All establishment sizes",6,37,34,36,416751,0,0,899
"51173",1,"92",74,0,2007,2,"","Smyth County, Virginia","Federal Government","Public Administration","County, NAICS Sector -- by ownership sector","All establishment sizes",6,35,35,35,488023,0,0,1073
"51173",1,"92",74,0,2007,3,"","Smyth County, Virginia","Federal Government","Public Administration","County, NAICS Sector -- by ownership sector","All establishment sizes",6,35,37,34,485866,0,0,1058
"51173",1,"92",74,0,2007,4,"","Smyth County, Virginia","Federal Government","Public Administration","County, NAICS Sector -- by ownership sector","All establishment sizes",6,31,33,30,460385,0,0,1130
"51173",1,922,75,0,2007,1,"","Smyth County, Virginia","Federal Government","Justice, public order, and safety activities","County, NAICS 3-digit -- by ownership sector","All establishment sizes",1,1,1,1,8373,0,0,644
"51173",1,"922",75,0,2007,2,"","Smyth County, Virginia","Federal Government","Justice, public order, and safety activities","County, NAICS 3-digit -- by ownership sector","All establishment sizes",1,1,1,1,19685,0,0,1514
"51173",1,"922",75,0,2007,3,"","Smyth County, Virginia","Federal Government","Justice, public order, and safety activities","County, NAICS 3-digit -- by ownership sector","All establishment sizes",1,1,0,1,9985,0,0,1152
"51173",1,"922",75,0,2007,4,"","Smyth County, Virginia","Federal Government","Justice, public order, and safety activities","County, NAICS 3-digit -- by ownership sector","All establishment sizes",1,0,1,1,10123,0,0,1168
"51173",1,9221,76,0,2007,1,"","Smyth County, Virginia","Federal Government","Justice, public order, and safety activities","County, NAICS 4-digit -- by ownership sector","All establishment sizes",1,1,1,1,8373,0,0,644
"51173",1,"9221",76,0,2007,2,"","Smyth County, Virginia","Federal Government","Justice, public order, and safety activities","County, NAICS 4-digit -- by ownership sector","All establishment sizes",1,1,1,1,19685,0,0,1514
"51173",1,"9221",76,0,2007,3,"","Smyth County, Virginia","Federal Government","Justice, public order, and safety activities","County, NAICS 4-digit -- by ownership sector","All establishment sizes",1,1,0,1,9985,0,0,1152
"51173",1,"9221",76,0,2007,4,"","Smyth County, Virginia","Federal Government","Justice, public order, and safety activities","County, NAICS 4-digit -- by ownership sector","All establishment sizes",1,0,1,1,10123,0,0,1168
"51173",1,92219,77,0,2007,1,"","Smyth County, Virginia","Federal Government","Other justice and safety activities","County, NAICS 5-digit -- by ownership sector","All establishment sizes",1,1,1,1,8373,0,0,644
"51173",1,"92219",77,0,2007,2,"","Smyth County, Virginia","Federal Government","Other justice and safety activities","County, NAICS 5-digit -- by ownership sector","All establishment sizes",1,1,1,1,19685,0,0,1514
"51173",1,"92219",77,0,2007,3,"","Smyth County, Virginia","Federal Government","Other justice and safety activities","County, NAICS 5-digit -- by ownership sector","All establishment sizes",1,1,0,1,9985,0,0,1152
"51173",1,"92219",77,0,2007,4,"","Smyth County, Virginia","Federal Government","Other justice and safety activities","County, NAICS 5-digit -- by ownership sector","All establishment sizes",1,0,1,1,10123,0,0,1168
"51173",1,922190,78,0,2007,1,"","Smyth County, Virginia","Federal Government","Other justice and safety activities","County, NAICS 6-digit -- by ownership sector","All establishment sizes",1,1,1,1,8373,0,0,644
"51173",1,"922190",78,0,2007,2,"","Smyth County, Virginia","Federal Government","Other justice and safety activities","County, NAICS 6-digit -- by ownership sector","All establishment sizes",1,1,1,1,19685,0,0,1514
"51173",1,"922190",78,0,2007,3,"","Smyth County, Virginia","Federal Government","Other justice and safety activities","County, NAICS 6-digit -- by ownership sector","All establishment sizes",1,1,0,1,9985,0,0,1152
"51173",1,"922190",78,0,2007,4,"","Smyth County, Virginia","Federal Government","Other justice and safety activities","County, NAICS 6-digit -- by ownership sector","All establishment sizes",1,0,1,1,10123,0,0,1168
"51173",1,924,75,0,2007,1,"","Smyth County, Virginia","Federal Government","Administration of environmental programs","County, NAICS 3-digit -- by ownership sector","All establishment sizes",4,33,29,32,368323,0,0,904
"51173",1,"924",75,0,2007,2,"","Smyth County, Virginia","Federal Government","Administration of environmental programs","County, NAICS 3-digit -- by ownership sector","All establishment sizes",4,31,31,31,434578,0,0,1078
"51173",1,"924",75,0,2007,3,"","Smyth County, Virginia","Federal Government","Administration of environmental programs","County, NAICS 3-digit -- by ownership sector","All establishment sizes",4,31,34,30,436489,0,0,1060
"51173",1,"924",75,0,2007,4,"","Smyth County, Virginia","Federal Government","Administration of environmental programs","County, NAICS 3-digit -- by ownership sector","All establishment sizes",4,28,29,26,416007,0,0,1157
"51173",1,9241,76,0,2007,1,"","Smyth County, Virginia","Federal Government","Administration of environmental programs","County, NAICS 4-digit -- by ownership sector","All establishment sizes",4,33,29,32,368323,0,0,904
"51173",1,"9241",76,0,2007,2,"","Smyth County, Virginia","Federal Government","Administration of environmental programs","County, NAICS 4-digit -- by ownership sector","All establishment sizes",4,31,31,31,434578,0,0,1078
"51173",1,"9241",76,0,2007,3,"","Smyth County, Virginia","Federal Government","Administration of environmental programs","County, NAICS 4-digit -- by ownership sector","All establishment sizes",4,31,34,30,436489,0,0,1060
"51173",1,"9241",76,0,2007,4,"","Smyth County, Virginia","Federal Government","Administration of environmental programs","County, NAICS 4-digit -- by ownership sector","All establishment sizes",4,28,29,26,416007,0,0,1157
"51173",1,92412,77,0,2007,1,"","Smyth County, Virginia","Federal Government","Administration of conservation programs","County, NAICS 5-digit -- by ownership sector","All establishment sizes",4,33,29,32,368323,0,0,904
"51173",1,"92412",77,0,2007,2,"","Smyth County, Virginia","Federal Government","Administration of conservation programs","County, NAICS 5-digit -- by ownership sector","All establishment sizes",4,31,31,31,434578,0,0,1078
"51173",1,"92412",77,0,2007,3,"","Smyth County, Virginia","Federal Government","Administration of conservation programs","County, NAICS 5-digit -- by ownership sector","All establishment sizes",4,31,34,30,436489,0,0,1060
"51173",1,"92412",77,0,2007,4,"","Smyth County, Virginia","Federal Government","Administration of conservation programs","County, NAICS 5-digit -- by ownership sector","All establishment sizes",4,28,29,26,416007,0,0,1157
"51173",1,924120,78,0,2007,1,"","Smyth County, Virginia","Federal Government","Administration of conservation programs","County, NAICS 6-digit -- by ownership sector","All establishment sizes",4,33,29,32,368323,0,0,904
"51173",1,"924120",78,0,2007,2,"","Smyth County, Virginia","Federal Government","Administration of conservation programs","County, NAICS 6-digit -- by ownership sector","All establishment sizes",4,31,31,31,434578,0,0,1078
"51173",1,"924120",78,0,2007,3,"","Smyth County, Virginia","Federal Government","Administration of conservation programs","County, NAICS 6-digit -- by ownership sector","All establishment sizes",4,31,34,30,436489,0,0,1060
"51173",1,"924120",78,0,2007,4,"","Smyth County, Virginia","Federal Government","Administration of conservation programs","County, NAICS 6-digit -- by ownership sector","All establishment sizes",4,28,29,26,416007,0,0,1157
"51173",1,928,75,0,2007,1,"","Smyth County, Virginia","Federal Government","National security and international affairs","County, NAICS 3-digit -- by ownership sector","All establishment sizes",1,3,4,3,40055,0,0,924
"51173",1,"928",75,0,2007,2,"","Smyth County, Virginia","Federal Government","National security and international affairs","County, NAICS 3-digit -- by ownership sector","All establishment sizes",1,3,3,3,33760,0,0,866
"51173",1,"928",75,0,2007,3,"","Smyth County, Virginia","Federal Government","National security and international affairs","County, NAICS 3-digit -- by ownership sector","All establishment sizes",1,3,3,3,39392,0,0,1010
"51173",1,"928",75,0,2007,4,"","Smyth County, Virginia","Federal Government","National security and international affairs","County, NAICS 3-digit -- by ownership sector","All establishment sizes",1,3,3,3,34255,0,0,878
"51173",1,9281,76,0,2007,1,"","Smyth County, Virginia","Federal Government","National security and international affairs","County, NAICS 4-digit -- by ownership sector","All establishment sizes",1,3,4,3,40055,0,0,924
"51173",1,"9281",76,0,2007,2,"","Smyth County, Virginia","Federal Government","National security and international affairs","County, NAICS 4-digit -- by ownership sector","All establishment sizes",1,3,3,3,33760,0,0,866
"51173",1,"9281",76,0,2007,3,"","Smyth County, Virginia","Federal Government","National security and international affairs","County, NAICS 4-digit -- by ownership sector","All establishment sizes",1,3,3,3,39392,0,0,1010
"51173",1,"9281",76,0,2007,4,"","Smyth County, Virginia","Federal Government","National security and international affairs","County, NAICS 4-digit -- by ownership sector","All establishment sizes",1,3,3,3,34255,0,0,878
"51173",1,92811,77,0,2007,1,"","Smyth County, Virginia","Federal Government","National security","County, NAICS 5-digit -- by ownership sector","All establishment sizes",1,3,4,3,40055,0,0,924
"51173",1,"92811",77,0,2007,2,"","Smyth County, Virginia","Federal Government","National security","County, NAICS 5-digit -- by ownership sector","All establishment sizes",1,3,3,3,33760,0,0,866
"51173",1,"92811",77,0,2007,3,"","Smyth County, Virginia","Federal Government","National security","County, NAICS 5-digit -- by ownership sector","All establishment sizes",1,3,3,3,39392,0,0,1010
"51173",1,"92811",77,0,2007,4,"","Smyth County, Virginia","Federal Government","National security","County, NAICS 5-digit -- by ownership sector","All establishment sizes",1,3,3,3,34255,0,0,878
"51173",1,928110,78,0,2007,1,"","Smyth County, Virginia","Federal Government","National security","County, NAICS 6-digit -- by ownership sector","All establishment sizes",1,3,4,3,40055,0,0,924
"51173",1,"928110",78,0,2007,2,"","Smyth County, Virginia","Federal Government","National security","County, NAICS 6-digit -- by ownership sector","All establishment sizes",1,3,3,3,33760,0,0,866
"51173",1,"928110",78,0,2007,3,"","Smyth County, Virginia","Federal Government","National security","County, NAICS 6-digit -- by ownership sector","All establishment sizes",1,3,3,3,39392,0,0,1010
"51173",1,"928110",78,0,2007,4,"","Smyth County, Virginia","Federal Government","National security","County, NAICS 6-digit -- by ownership sector","All establishment sizes",1,3,3,3,34255,0,0,878
"51173",2,10,71,0,2007,1,"","Smyth County, Virginia","State Government","Total, all industries","County, Total -- by ownership sector","All establishment sizes",20,957,967,978,8214110,0,0,653
"51173",2,"10",71,0,2007,2,"","Smyth County, Virginia","State Government","Total, all industries","County, Total -- by ownership sector","All establishment sizes",20,1017,1033,1046,8430352,0,0,628
"51173",2,"10",71,0,2007,3,"","Smyth County, Virginia","State Government","Total, all industries","County, Total -- by ownership sector","All establishment sizes",20,1033,1035,1042,8567769,0,0,636
"51173",2,"10",71,0,2007,4,"","Smyth County, Virginia","State Government","Total, all industries","County, Total -- by ownership sector","All establishment sizes",20,1005,1004,1014,8491914,0,0,648
"51173",2,102,72,0,2007,1,"","Smyth County, Virginia","State Government","Service-Providing","County, by Domain -- by ownership sector","All establishment sizes",20,957,967,978,8214110,0,0,653
"51173",2,"102",72,0,2007,2,"","Smyth County, Virginia","State Government","Service-Providing","County, by Domain -- by ownership sector","All establishment sizes",20,1017,1033,1046,8430352,0,0,628
"51173",2,"102",72,0,2007,3,"","Smyth County, Virginia","State Government","Service-Providing","County, by Domain -- by ownership sector","All establishment sizes",20,1033,1035,1042,8567769,0,0,636
"51173",2,"102",72,0,2007,4,"","Smyth County, Virginia","State Government","Service-Providing","County, by Domain -- by ownership sector","All establishment sizes",20,1005,1004,1014,8491914,0,0,648
"51173",2,1022,73,0,2007,1,"N","Smyth County, Virginia","State Government","Information","County, by Supersector -- by ownership sector","All establishment sizes",1,0,0,0,0,0,0,0
"51173",2,"1022",73,0,2007,2,"N","Smyth County, Virginia","State Government","Information","County, by Supersector -- by ownership sector","All establishment sizes",1,0,0,0,0,0,0,0
"51173",2,"1022",73,0,2007,3,"N","Smyth County, Virginia","State Government","Information","County, by Supersector -- by ownership sector","All establishment sizes",1,0,0,0,0,0,0,0
"51173",2,"1022",73,0,2007,4,"N","Smyth County, Virginia","State Government","Information","County, by Supersector -- by ownership sector","All establishment sizes",1,0,0,0,0,0,0,0
"51173",2,1025,73,0,2007,1,"N","Smyth County, Virginia","State Government","Education and Health Services","County, by Supersector -- by ownership sector","All establishment sizes",4,0,0,0,0,0,0,0
"51173",2,"1025",73,0,2007,2,"N","Smyth County, Virginia","State Government","Education and Health Services","County, by Supersector -- by ownership sector","All establishment sizes",4,0,0,0,0,0,0,0
"51173",2,"1025",73,0,2007,3,"N","Smyth County, Virginia","State Government","Education and Health Services","County, by Supersector -- by ownership sector","All establishment sizes",4,0,0,0,0,0,0,0
"51173",2,"1025",73,0,2007,4,"N","Smyth County, Virginia","State Government","Education and Health Services","County, by Supersector -- by ownership sector","All establishment sizes",4,0,0,0,0,0,0,0
"51173",2,1026,73,0,2007,1,"N","Smyth County, Virginia","State Government","Leisure and Hospitality","County, by Supersector -- by ownership sector","All establishment sizes",1,0,0,0,0,0,0,0
"51173",2,"1026",73,0,2007,2,"N","Smyth County, Virginia","State Government","Leisure and Hospitality","County, by Supersector -- by ownership sector","All establishment sizes",1,0,0,0,0,0,0,0
"51173",2,"1026",73,0,2007,3,"N","Smyth County, Virginia","State Government","Leisure and Hospitality","County, by Supersector -- by ownership sector","All establishment sizes",1,0,0,0,0,0,0,0
"51173",2,"1026",73,0,2007,4,"N","Smyth County, Virginia","State Government","Leisure and Hospitality","County, by Supersector -- by ownership sector","All establishment sizes",1,0,0,0,0,0,0,0
"51173",2,1028,73,0,2007,1,"","Smyth County, Virginia","State Government","Public Administration","County, by Supersector -- by ownership sector","All establishment sizes",14,306,309,313,2880419,0,0,716
"51173",2,"1028",73,0,2007,2,"","Smyth County, Virginia","State Government","Public Administration","County, by Supersector -- by ownership sector","All establishment sizes",14,314,313,316,2957055,0,0,724
"51173",2,"1028",73,0,2007,3,"","Smyth County, Virginia","State Government","Public Administration","County, by Supersector -- by ownership sector","All establishment sizes",14,312,308,305,2904907,0,0,725
"51173",2,"1028",73,0,2007,4,"","Smyth County, Virginia","State Government","Public Administration","County, by Supersector -- by ownership sector","All establishment sizes",14,309,306,310,2931009,0,0,731
"51173",2,51,74,0,2007,1,"N","Smyth County, Virginia","State Government","Information","County, NAICS Sector -- by ownership sector","All establishment sizes",1,0,0,0,0,0,0,0
"51173",2,"51",74,0,2007,2,"N","Smyth County, Virginia","State Government","Information","County, NAICS Sector -- by ownership sector","All establishment sizes",1,0,0,0,0,0,0,0
"51173",2,"51",74,0,2007,3,"N","Smyth County, Virginia","State Government","Information","County, NAICS Sector -- by ownership sector","All establishment sizes",1,0,0,0,0,0,0,0
"51173",2,"51",74,0,2007,4,"N","Smyth County, Virginia","State Government","Information","County, NAICS Sector -- by ownership sector","All establishment sizes",1,0,0,0,0,0,0,0
"51173",2,518,75,0,2007,1,"N","Smyth County, Virginia","State Government","Data processing, hosting and related services","County, NAICS 3-digit -- by ownership sector","All establishment sizes",1,0,0,0,0,0,0,0
"51173",2,"518",75,0,2007,2,"N","Smyth County, Virginia","State Government","Data processing, hosting and related services","County, NAICS 3-digit -- by ownership sector","All establishment sizes",1,0,0,0,0,0,0,0
"51173",2,"518",75,0,2007,3,"N","Smyth County, Virginia","State Government","Data processing, hosting and related services","County, NAICS 3-digit -- by ownership sector","All establishment sizes",1,0,0,0,0,0,0,0
"51173",2,"518",75,0,2007,4,"N","Smyth County, Virginia","State Government","Data processing, hosting and related services","County, NAICS 3-digit -- by ownership sector","All establishment sizes",1,0,0,0,0,0,0,0
"51173",2,5182,76,0,2007,1,"N","Smyth County, Virginia","State Government","Data processing, hosting and related services","County, NAICS 4-digit -- by ownership sector","All establishment sizes",1,0,0,0,0,0,0,0
"51173",2,"5182",76,0,2007,2,"N","Smyth County, Virginia","State Government","Data processing, hosting and related services","County, NAICS 4-digit -- by ownership sector","All establishment sizes",1,0,0,0,0,0,0,0
"51173",2,"5182",76,0,2007,3,"N","Smyth County, Virginia","State Government","Data processing, hosting and related services","County, NAICS 4-digit -- by ownership sector","All establishment sizes",1,0,0,0,0,0,0,0
"51173",2,"5182",76,0,2007,4,"N","Smyth County, Virginia","State Government","Data processing, hosting and related services","County, NAICS 4-digit -- by ownership sector","All establishment sizes",1,0,0,0,0,0,0,0
"51173",2,51821,77,0,2007,1,"N","Smyth County, Virginia","State Government","Data processing, hosting and related services","County, NAICS 5-digit -- by ownership sector","All establishment sizes",1,0,0,0,0,0,0,0
"51173",2,"51821",77,0,2007,2,"N","Smyth County, Virginia","State Government","Data processing, hosting and related services","County, NAICS 5-digit -- by ownership sector","All establishment sizes",1,0,0,0,0,0,0,0
"51173",2,"51821",77,0,2007,3,"N","Smyth County, Virginia","State Government","Data processing, hosting and related services","County, NAICS 5-digit -- by ownership sector","All establishment sizes",1,0,0,0,0,0,0,0
"51173",2,"51821",77,0,2007,4,"N","Smyth County, Virginia","State Government","Data processing, hosting and related services","County, NAICS 5-digit -- by ownership sector","All establishment sizes",1,0,0,0,0,0,0,0
"51173",2,518210,78,0,2007,1,"N","Smyth County, Virginia","State Government","Data processing, hosting and related services","County, NAICS 6-digit -- by ownership sector","All establishment sizes",1,0,0,0,0,0,0,0
"51173",2,"518210",78,0,2007,2,"N","Smyth County, Virginia","State Government","Data processing, hosting and related services","County, NAICS 6-digit -- by ownership sector","All establishment sizes",1,0,0,0,0,0,0,0
"51173",2,"518210",78,0,2007,3,"N","Smyth County, Virginia","State Government","Data processing, hosting and related services","County, NAICS 6-digit -- by ownership sector","All establishment sizes",1,0,0,0,0,0,0,0
"51173",2,"518210",78,0,2007,4,"N","Smyth County, Virginia","State Government","Data processing, hosting and related services","County, NAICS 6-digit -- by ownership sector","All establishment sizes",1,0,0,0,0,0,0,0
"51173",2,61,74,0,2007,1,"N","Smyth County, Virginia","State Government","Educational services","County, NAICS Sector -- by ownership sector","All establishment sizes",2,0,0,0,0,0,0,0
"51173",2,"61",74,0,2007,2,"N","Smyth County, Virginia","State Government","Educational services","County, NAICS Sector -- by ownership sector","All establishment sizes",2,0,0,0,0,0,0,0
"51173",2,"61",74,0,2007,3,"N","Smyth County, Virginia","State Government","Educational services","County, NAICS Sector -- by ownership sector","All establishment sizes",2,0,0,0,0,0,0,0
"51173",2,"61",74,0,2007,4,"N","Smyth County, Virginia","State Government","Educational services","County, NAICS Sector -- by ownership sector","All establishment sizes",2,0,0,0,0,0,0,0
"51173",2,611,75,0,2007,1,"N","Smyth County, Virginia","State Government","Educational services","County, NAICS 3-digit -- by ownership sector","All establishment sizes",2,0,0,0,0,0,0,0
"51173",2,"611",75,0,2007,2,"N","Smyth County, Virginia","State Government","Educational services","County, NAICS 3-digit -- by ownership sector","All establishment sizes",2,0,0,0,0,0,0,0
"51173",2,"611",75,0,2007,3,"N","Smyth County, Virginia","State Government","Educational services","County, NAICS 3-digit -- by ownership sector","All establishment sizes",2,0,0,0,0,0,0,0
"51173",2,"611",75,0,2007,4,"N","Smyth County, Virginia","State Government","Educational services","County, NAICS 3-digit -- by ownership sector","All establishment sizes",2,0,0,0,0,0,0,0
"51173",2,6113,76,0,2007,1,"N","Smyth County, Virginia","State Government","Colleges and universities","County, NAICS 4-digit -- by ownership sector","All establishment sizes",1,0,0,0,0,0,0,0
"51173",2,"6113",76,0,2007,2,"N","Smyth County, Virginia","State Government","Colleges and universities","County, NAICS 4-digit -- by ownership sector","All establishment sizes",1,0,0,0,0,0,0,0
"51173",2,"6113",76,0,2007,3,"N","Smyth County, Virginia","State Government","Colleges and universities","County, NAICS 4-digit -- by ownership sector","All establishment sizes",1,0,0,0,0,0,0,0
"51173",2,"6113",76,0,2007,4,"N","Smyth County, Virginia","State Government","Colleges and universities","County, NAICS 4-digit -- by ownership sector","All establishment sizes",1,0,0,0,0,0,0,0
"51173",2,61131,77,0,2007,1,"N","Smyth County, Virginia","State Government","Colleges and universities","County, NAICS 5-digit -- by ownership sector","All establishment sizes",1,0,0,0,0,0,0,0
"51173",2,"61131",77,0,2007,2,"N","Smyth County, Virginia","State Government","Colleges and universities","County, NAICS 5-digit -- by ownership sector","All establishment sizes",1,0,0,0,0,0,0,0
"51173",2,"61131",77,0,2007,3,"N","Smyth County, Virginia","State Government","Colleges and universities","County, NAICS 5-digit -- by ownership sector","All establishment sizes",1,0,0,0,0,0,0,0
"51173",2,"61131",77,0,2007,4,"N","Smyth County, Virginia","State Government","Colleges and universities","County, NAICS 5-digit -- by ownership sector","All establishment sizes",1,0,0,0,0,0,0,0
"51173",2,611310,78,0,2007,1,"N","Smyth County, Virginia","State Government","Colleges and universities","County, NAICS 6-digit -- by ownership sector","All establishment sizes",1,0,0,0,0,0,0,0
"51173",2,"611310",78,0,2007,2,"N","Smyth County, Virginia","State Government","Colleges and universities","County, NAICS 6-digit -- by ownership sector","All establishment sizes",1,0,0,0,0,0,0,0
"51173",2,"611310",78,0,2007,3,"N","Smyth County, Virginia","State Government","Colleges and universities","County, NAICS 6-digit -- by ownership sector","All establishment sizes",1,0,0,0,0,0,0,0
"51173",2,"611310",78,0,2007,4,"N","Smyth County, Virginia","State Government","Colleges and universities","County, NAICS 6-digit -- by ownership sector","All establishment sizes",1,0,0,0,0,0,0,0
"51173",2,6116,76,0,2007,1,"N","Smyth County, Virginia","State Government","Other schools and instruction","County, NAICS 4-digit -- by ownership sector","All establishment sizes",1,0,0,0,0,0,0,0
"51173",2,"6116",76,0,2007,2,"N","Smyth County, Virginia","State Government","Other schools and instruction","County, NAICS 4-digit -- by ownership sector","All establishment sizes",1,0,0,0,0,0,0,0
"51173",2,"6116",76,0,2007,3,"N","Smyth County, Virginia","State Government","Other schools and instruction","County, NAICS 4-digit -- by ownership sector","All establishment sizes",1,0,0,0,0,0,0,0
"51173",2,"6116",76,0,2007,4,"N","Smyth County, Virginia","State Government","Other schools and instruction","County, NAICS 4-digit -- by ownership sector","All establishment sizes",1,0,0,0,0,0,0,0
"51173",2,61169,77,0,2007,1,"N","Smyth County, Virginia","State Government","All other schools and instruction","County, NAICS 5-digit -- by ownership sector","All establishment sizes",1,0,0,0,0,0,0,0
"51173",2,"61169",77,0,2007,2,"N","Smyth County, Virginia","State Government","All other schools and instruction","County, NAICS 5-digit -- by ownership sector","All establishment sizes",1,0,0,0,0,0,0,0
"51173",2,"61169",77,0,2007,3,"N","Smyth County, Virginia","State Government","All other schools and instruction","County, NAICS 5-digit -- by ownership sector","All establishment sizes",1,0,0,0,0,0,0,0
"51173",2,"61169",77,0,2007,4,"N","Smyth County, Virginia","State Government","All other schools and instruction","County, NAICS 5-digit -- by ownership sector","All establishment sizes",1,0,0,0,0,0,0,0
"51173",2,611699,78,0,2007,1,"N","Smyth County, Virginia","State Government","Miscellaneous schools and instruction","County, NAICS 6-digit -- by ownership sector","All establishment sizes",1,0,0,0,0,0,0,0
"51173",2,"611699",78,0,2007,2,"N","Smyth County, Virginia","State Government","Miscellaneous schools and instruction","County, NAICS 6-digit -- by ownership sector","All establishment sizes",1,0,0,0,0,0,0,0
"51173",2,"611699",78,0,2007,3,"N","Smyth County, Virginia","State Government","Miscellaneous schools and instruction","County, NAICS 6-digit -- by ownership sector","All establishment sizes",1,0,0,0,0,0,0,0
"51173",2,"611699",78,0,2007,4,"N","Smyth County, Virginia","State Government","Miscellaneous schools and instruction","County, NAICS 6-digit -- by ownership sector","All establishment sizes",1,0,0,0,0,0,0,0
"51173",2,62,74,0,2007,1,"N","Smyth County, Virginia","State Government","Health care and social assistance","County, NAICS Sector -- by ownership sector","All establishment sizes",2,0,0,0,0,0,0,0
"51173",2,"62",74,0,2007,2,"N","Smyth County, Virginia","State Government","Health care and social assistance","County, NAICS Sector -- by ownership sector","All establishment sizes",2,0,0,0,0,0,0,0
"51173",2,"62",74,0,2007,3,"N","Smyth County, Virginia","State Government","Health care and social assistance","County, NAICS Sector -- by ownership sector","All establishment sizes",2,0,0,0,0,0,0,0
"51173",2,"62",74,0,2007,4,"N","Smyth County, Virginia","State Government","Health care and social assistance","County, NAICS Sector -- by ownership sector","All establishment sizes",2,0,0,0,0,0,0,0
"51173",2,622,75,0,2007,1,"N","Smyth County, Virginia","State Government","Hospitals","County, NAICS 3-digit -- by ownership sector","All establishment sizes",1,0,0,0,0,0,0,0
"51173",2,"622",75,0,2007,2,"N","Smyth County, Virginia","State Government","Hospitals","County, NAICS 3-digit -- by ownership sector","All establishment sizes",1,0,0,0,0,0,0,0
"51173",2,"622",75,0,2007,3,"N","Smyth County, Virginia","State Government","Hospitals","County, NAICS 3-digit -- by ownership sector","All establishment sizes",1,0,0,0,0,0,0,0
"51173",2,"622",75,0,2007,4,"N","Smyth County, Virginia","State Government","Hospitals","County, NAICS 3-digit -- by ownership sector","All establishment sizes",1,0,0,0,0,0,0,0
"51173",2,6222,76,0,2007,1,"N","Smyth County, Virginia","State Government","Psychiatric and substance abuse hospitals","County, NAICS 4-digit -- by ownership sector","All establishment sizes",1,0,0,0,0,0,0,0
"51173",2,"6222",76,0,2007,2,"N","Smyth County, Virginia","State Government","Psychiatric and substance abuse hospitals","County, NAICS 4-digit -- by ownership sector","All establishment sizes",1,0,0,0,0,0,0,0
"51173",2,"6222",76,0,2007,3,"N","Smyth County, Virginia","State Government","Psychiatric and substance abuse hospitals","County, NAICS 4-digit -- by ownership sector","All establishment sizes",1,0,0,0,0,0,0,0
"51173",2,"6222",76,0,2007,4,"N","Smyth County, Virginia","State Government","Psychiatric and substance abuse hospitals","County, NAICS 4-digit -- by ownership sector","All establishment sizes",1,0,0,0,0,0,0,0
"51173",2,62221,77,0,2007,1,"N","Smyth County, Virginia","State Government","Psychiatric and substance abuse hospitals","County, NAICS 5-digit -- by ownership sector","All establishment sizes",1,0,0,0,0,0,0,0
"51173",2,"62221",77,0,2007,2,"N","Smyth County, Virginia","State Government","Psychiatric and substance abuse hospitals","County, NAICS 5-digit -- by ownership sector","All establishment sizes",1,0,0,0,0,0,0,0
"51173",2,"62221",77,0,2007,3,"N","Smyth County, Virginia","State Government","Psychiatric and substance abuse hospitals","County, NAICS 5-digit -- by ownership sector","All establishment sizes",1,0,0,0,0,0,0,0
"51173",2,"62221",77,0,2007,4,"N","Smyth County, Virginia","State Government","Psychiatric and substance abuse hospitals","County, NAICS 5-digit -- by ownership sector","All establishment sizes",1,0,0,0,0,0,0,0
"51173",2,622210,78,0,2007,1,"N","Smyth County, Virginia","State Government","Psychiatric and substance abuse hospitals","County, NAICS 6-digit -- by ownership sector","All establishment sizes",1,0,0,0,0,0,0,0
"51173",2,"622210",78,0,2007,2,"N","Smyth County, Virginia","State Government","Psychiatric and substance abuse hospitals","County, NAICS 6-digit -- by ownership sector","All establishment sizes",1,0,0,0,0,0,0,0
"51173",2,"622210",78,0,2007,3,"N","Smyth County, Virginia","State Government","Psychiatric and substance abuse hospitals","County, NAICS 6-digit -- by ownership sector","All establishment sizes",1,0,0,0,0,0,0,0
"51173",2,"622210",78,0,2007,4,"N","Smyth County, Virginia","State Government","Psychiatric and substance abuse hospitals","County, NAICS 6-digit -- by ownership sector","All establishment sizes",1,0,0,0,0,0,0,0
"51173",2,624,75,0,2007,1,"N","Smyth County, Virginia","State Government","Social assistance","County, NAICS 3-digit -- by ownership sector","All establishment sizes",1,0,0,0,0,0,0,0
"51173",2,"624",75,0,2007,2,"N","Smyth County, Virginia","State Government","Social assistance","County, NAICS 3-digit -- by ownership sector","All establishment sizes",1,0,0,0,0,0,0,0
"51173",2,"624",75,0,2007,3,"N","Smyth County, Virginia","State Government","Social assistance","County, NAICS 3-digit -- by ownership sector","All establishment sizes",1,0,0,0,0,0,0,0
"51173",2,"624",75,0,2007,4,"N","Smyth County, Virginia","State Government","Social assistance","County, NAICS 3-digit -- by ownership sector","All establishment sizes",1,0,0,0,0,0,0,0
"51173",2,6243,76,0,2007,1,"N","Smyth County, Virginia","State Government","Vocational rehabilitation services","County, NAICS 4-digit -- by ownership sector","All establishment sizes",1,0,0,0,0,0,0,0
"51173",2,"6243",76,0,2007,2,"N","Smyth County, Virginia","State Government","Vocational rehabilitation services","County, NAICS 4-digit -- by ownership sector","All establishment sizes",1,0,0,0,0,0,0,0
"51173",2,"6243",76,0,2007,3,"N","Smyth County, Virginia","State Government","Vocational rehabilitation services","County, NAICS 4-digit -- by ownership sector","All establishment sizes",1,0,0,0,0,0,0,0
"51173",2,"6243",76,0,2007,4,"N","Smyth County, Virginia","State Government","Vocational rehabilitation services","County, NAICS 4-digit -- by ownership sector","All establishment sizes",1,0,0,0,0,0,0,0
"51173",2,62431,77,0,2007,1,"N","Smyth County, Virginia","State Government","Vocational rehabilitation services","County, NAICS 5-digit -- by ownership sector","All establishment sizes",1,0,0,0,0,0,0,0
"51173",2,"62431",77,0,2007,2,"N","Smyth County, Virginia","State Government","Vocational rehabilitation services","County, NAICS 5-digit -- by ownership sector","All establishment sizes",1,0,0,0,0,0,0,0
"51173",2,"62431",77,0,2007,3,"N","Smyth County, Virginia","State Government","Vocational rehabilitation services","County, NAICS 5-digit -- by ownership sector","All establishment sizes",1,0,0,0,0,0,0,0
"51173",2,"62431",77,0,2007,4,"N","Smyth County, Virginia","State Government","Vocational rehabilitation services","County, NAICS 5-digit -- by ownership sector","All establishment sizes",1,0,0,0,0,0,0,0
"51173",2,624310,78,0,2007,1,"N","Smyth County, Virginia","State Government","Vocational rehabilitation services","County, NAICS 6-digit -- by ownership sector","All establishment sizes",1,0,0,0,0,0,0,0
"51173",2,"624310",78,0,2007,2,"N","Smyth County, Virginia","State Government","Vocational rehabilitation services","County, NAICS 6-digit -- by ownership sector","All establishment sizes",1,0,0,0,0,0,0,0
"51173",2,"624310",78,0,2007,3,"N","Smyth County, Virginia","State Government","Vocational rehabilitation services","County, NAICS 6-digit -- by ownership sector","All establishment sizes",1,0,0,0,0,0,0,0
"51173",2,"624310",78,0,2007,4,"N","Smyth County, Virginia","State Government","Vocational rehabilitation services","County, NAICS 6-digit -- by ownership sector","All establishment sizes",1,0,0,0,0,0,0,0
"51173",2,71,74,0,2007,1,"N","Smyth County, Virginia","State Government","Arts, entertainment, and recreation","County, NAICS Sector -- by ownership sector","All establishment sizes",1,0,0,0,0,0,0,0
"51173",2,"71",74,0,2007,2,"N","Smyth County, Virginia","State Government","Arts, entertainment, and recreation","County, NAICS Sector -- by ownership sector","All establishment sizes",1,0,0,0,0,0,0,0
"51173",2,"71",74,0,2007,3,"N","Smyth County, Virginia","State Government","Arts, entertainment, and recreation","County, NAICS Sector -- by ownership sector","All establishment sizes",1,0,0,0,0,0,0,0
"51173",2,"71",74,0,2007,4,"N","Smyth County, Virginia","State Government","Arts, entertainment, and recreation","County, NAICS Sector -- by ownership sector","All establishment sizes",1,0,0,0,0,0,0,0
"51173",2,712,75,0,2007,1,"N","Smyth County, Virginia","State Government","Museums, historical sites, zoos, and parks","County, NAICS 3-digit -- by ownership sector","All establishment sizes",1,0,0,0,0,0,0,0
"51173",2,"712",75,0,2007,2,"N","Smyth County, Virginia","State Government","Museums, historical sites, zoos, and parks","County, NAICS 3-digit -- by ownership sector","All establishment sizes",1,0,0,0,0,0,0,0
"51173",2,"712",75,0,2007,3,"N","Smyth County, Virginia","State Government","Museums, historical sites, zoos, and parks","County, NAICS 3-digit -- by ownership sector","All establishment sizes",1,0,0,0,0,0,0,0
"51173",2,"712",75,0,2007,4,"N","Smyth County, Virginia","State Government","Museums, historical sites, zoos, and parks","County, NAICS 3-digit -- by ownership sector","All establishment sizes",1,0,0,0,0,0,0,0
"51173",2,7121,76,0,2007,1,"N","Smyth County, Virginia","State Government","Museums, historical sites, zoos, and parks","County, NAICS 4-digit -- by ownership sector","All establishment sizes",1,0,0,0,0,0,0,0
"51173",2,"7121",76,0,2007,2,"N","Smyth County, Virginia","State Government","Museums, historical sites, zoos, and parks","County, NAICS 4-digit -- by ownership sector","All establishment sizes",1,0,0,0,0,0,0,0
"51173",2,"7121",76,0,2007,3,"N","Smyth County, Virginia","State Government","Museums, historical sites, zoos, and parks","County, NAICS 4-digit -- by ownership sector","All establishment sizes",1,0,0,0,0,0,0,0
"51173",2,"7121",76,0,2007,4,"N","Smyth County, Virginia","State Government","Museums, historical sites, zoos, and parks","County, NAICS 4-digit -- by ownership sector","All establishment sizes",1,0,0,0,0,0,0,0
"51173",2,71219,77,0,2007,1,"N","Smyth County, Virginia","State Government","Nature parks and other similar institutions","County, NAICS 5-digit -- by ownership sector","All establishment sizes",1,0,0,0,0,0,0,0
"51173",2,"71219",77,0,2007,2,"N","Smyth County, Virginia","State Government","Nature parks and other similar institutions","County, NAICS 5-digit -- by ownership sector","All establishment sizes",1,0,0,0,0,0,0,0
"51173",2,"71219",77,0,2007,3,"N","Smyth County, Virginia","State Government","Nature parks and other similar institutions","County, NAICS 5-digit -- by ownership sector","All establishment sizes",1,0,0,0,0,0,0,0
"51173",2,"71219",77,0,2007,4,"N","Smyth County, Virginia","State Government","Nature parks and other similar institutions","County, NAICS 5-digit -- by ownership sector","All establishment sizes",1,0,0,0,0,0,0,0
"51173",2,712190,78,0,2007,1,"N","Smyth County, Virginia","State Government","Nature parks and other similar institutions","County, NAICS 6-digit -- by ownership sector","All establishment sizes",1,0,0,0,0,0,0,0
"51173",2,"712190",78,0,2007,2,"N","Smyth County, Virginia","State Government","Nature parks and other similar institutions","County, NAICS 6-digit -- by ownership sector","All establishment sizes",1,0,0,0,0,0,0,0
"51173",2,"712190",78,0,2007,3,"N","Smyth County, Virginia","State Government","Nature parks and other similar institutions","County, NAICS 6-digit -- by ownership sector","All establishment sizes",1,0,0,0,0,0,0,0
"51173",2,"712190",78,0,2007,4,"N","Smyth County, Virginia","State Government","Nature parks and other similar institutions","County, NAICS 6-digit -- by ownership sector","All establishment sizes",1,0,0,0,0,0,0,0
"51173",2,92,74,0,2007,1,"","Smyth County, Virginia","State Government","Public Administration","County, NAICS Sector -- by ownership sector","All establishment sizes",14,306,309,313,2880419,0,0,716
"51173",2,"92",74,0,2007,2,"","Smyth County, Virginia","State Government","Public Administration","County, NAICS Sector -- by ownership sector","All establishment sizes",14,314,313,316,2957055,0,0,724
"51173",2,"92",74,0,2007,3,"","Smyth County, Virginia","State Government","Public Administration","County, NAICS Sector -- by ownership sector","All establishment sizes",14,312,308,305,2904907,0,0,725
"51173",2,"92",74,0,2007,4,"","Smyth County, Virginia","State Government","Public Administration","County, NAICS Sector -- by ownership sector","All establishment sizes",14,309,306,310,2931009,0,0,731
"51173",2,922,75,0,2007,1,"N","Smyth County, Virginia","State Government","Justice, public order, and safety activities","County, NAICS 3-digit -- by ownership sector","All establishment sizes",6,0,0,0,0,0,0,0
"51173",2,"922",75,0,2007,2,"N","Smyth County, Virginia","State Government","Justice, public order, and safety activities","County, NAICS 3-digit -- by ownership sector","All establishment sizes",6,0,0,0,0,0,0,0
"51173",2,"922",75,0,2007,3,"N","Smyth County, Virginia","State Government","Justice, public order, and safety activities","County, NAICS 3-digit -- by ownership sector","All establishment sizes",6,0,0,0,0,0,0,0
"51173",2,"922",75,0,2007,4,"","Smyth County, Virginia","State Government","Justice, public order, and safety activities","County, NAICS 3-digit -- by ownership sector","All establishment sizes",6,252,249,253,2405982,0,0,736
"51173",2,9221,76,0,2007,1,"N","Smyth County, Virginia","State Government","Justice, public order, and safety activities","County, NAICS 4-digit -- by ownership sector","All establishment sizes",6,0,0,0,0,0,0,0
"51173",2,"9221",76,0,2007,2,"N","Smyth County, Virginia","State Government","Justice, public order, and safety activities","County, NAICS 4-digit -- by ownership sector","All establishment sizes",6,0,0,0,0,0,0,0
"51173",2,"9221",76,0,2007,3,"N","Smyth County, Virginia","State Government","Justice, public order, and safety activities","County, NAICS 4-digit -- by ownership sector","All establishment sizes",6,0,0,0,0,0,0,0
"51173",2,"9221",76,0,2007,4,"","Smyth County, Virginia","State Government","Justice, public order, and safety activities","County, NAICS 4-digit -- by ownership sector","All establishment sizes",6,252,249,253,2405982,0,0,736
"51173",2,92211,77,0,2007,1,"","Smyth County, Virginia","State Government","Courts","County, NAICS 5-digit -- by ownership sector","All establishment sizes",3,9,9,10,139686,0,0,1151
"51173",2,"92211",77,0,2007,2,"","Smyth County, Virginia","State Government","Courts","County, NAICS 5-digit -- by ownership sector","All establishment sizes",3,9,9,9,139374,0,0,1191
"51173",2,"92211",77,0,2007,3,"","Smyth County, Virginia","State Government","Courts","County, NAICS 5-digit -- by ownership sector","All establishment sizes",3,10,10,11,139929,0,0,1042
"51173",2,"92211",77,0,2007,4,"","Smyth County, Virginia","State Government","Courts","County, NAICS 5-digit -- by ownership sector","All establishment sizes",3,12,12,12,143430,0,0,919
"51173",2,922110,78,0,2007,1,"","Smyth County, Virginia","State Government","Courts","County, NAICS 6-digit -- by ownership sector","All establishment sizes",3,9,9,10,139686,0,0,1151
"51173",2,"922110",78,0,2007,2,"","Smyth County, Virginia","State Government","Courts","County, NAICS 6-digit -- by ownership sector","All establishment sizes",3,9,9,9,139374,0,0,1191
"51173",2,"922110",78,0,2007,3,"","Smyth County, Virginia","State Government","Courts","County, NAICS 6-digit -- by ownership sector","All establishment sizes",3,10,10,11,139929,0,0,1042
"51173",2,"922110",78,0,2007,4,"","Smyth County, Virginia","State Government","Courts","County, NAICS 6-digit -- by ownership sector","All establishment sizes",3,12,12,12,143430,0,0,919
"51173",2,92212,77,0,2007,1,"N","Smyth County, Virginia","State Government","Police protection","County, NAICS 5-digit -- by ownership sector","All establishment sizes",1,0,0,0,0,0,0,0
"51173",2,"92212",77,0,2007,2,"N","Smyth County, Virginia","State Government","Police protection","County, NAICS 5-digit -- by ownership sector","All establishment sizes",1,0,0,0,0,0,0,0
"51173",2,"92212",77,0,2007,3,"N","Smyth County, Virginia","State Government","Police protection","County, NAICS 5-digit -- by ownership sector","All establishment sizes",1,0,0,0,0,0,0,0
"51173",2,"92212",77,0,2007,4,"N","Smyth County, Virginia","State Government","Police protection","County, NAICS 5-digit -- by ownership sector","All establishment sizes",1,0,0,0,0,0,0,0
"51173",2,922120,78,0,2007,1,"N","Smyth County, Virginia","State Government","Police protection","County, NAICS 6-digit -- by ownership sector","All establishment sizes",1,0,0,0,0,0,0,0
"51173",2,"922120",78,0,2007,2,"N","Smyth County, Virginia","State Government","Police protection","County, NAICS 6-digit -- by ownership sector","All establishment sizes",1,0,0,0,0,0,0,0
"51173",2,"922120",78,0,2007,3,"N","Smyth County, Virginia","State Government","Police protection","County, NAICS 6-digit -- by ownership sector","All establishment sizes",1,0,0,0,0,0,0,0
"51173",2,"922120",78,0,2007,4,"N","Smyth County, Virginia","State Government","Police protection","County, NAICS 6-digit -- by ownership sector","All establishment sizes",1,0,0,0,0,0,0,0
"51173",2,92214,77,0,2007,1,"N","Smyth County, Virginia","State Government","Correctional institutions","County, NAICS 5-digit -- by ownership sector","All establishment sizes",1,0,0,0,0,0,0,0
"51173",2,"92214",77,0,2007,2,"N","Smyth County, Virginia","State Government","Correctional institutions","County, NAICS 5-digit -- by ownership sector","All establishment sizes",1,0,0,0,0,0,0,0
"51173",2,"92214",77,0,2007,3,"N","Smyth County, Virginia","State Government","Correctional institutions","County, NAICS 5-digit -- by ownership sector","All establishment sizes",1,0,0,0,0,0,0,0
"51173",2,"92214",77,0,2007,4,"N","Smyth County, Virginia","State Government","Correctional institutions","County, NAICS 5-digit -- by ownership sector","All establishment sizes",1,0,0,0,0,0,0,0
"51173",2,922140,78,0,2007,1,"N","Smyth County, Virginia","State Government","Correctional institutions","County, NAICS 6-digit -- by ownership sector","All establishment sizes",1,0,0,0,0,0,0,0
"51173",2,"922140",78,0,2007,2,"N","Smyth County, Virginia","State Government","Correctional institutions","County, NAICS 6-digit -- by ownership sector","All establishment sizes",1,0,0,0,0,0,0,0
"51173",2,"922140",78,0,2007,3,"N","Smyth County, Virginia","State Government","Correctional institutions","County, NAICS 6-digit -- by ownership sector","All establishment sizes",1,0,0,0,0,0,0,0
"51173",2,"922140",78,0,2007,4,"N","Smyth County, Virginia","State Government","Correctional institutions","County, NAICS 6-digit -- by ownership sector","All establishment sizes",1,0,0,0,0,0,0,0
"51173",2,92215,77,0,2007,1,"N","Smyth County, Virginia","State Government","Parole offices and probation offices","County, NAICS 5-digit -- by ownership sector","All establishment sizes",1,0,0,0,0,0,0,0
"51173",2,"92215",77,0,2007,2,"N","Smyth County, Virginia","State Government","Parole offices and probation offices","County, NAICS 5-digit -- by ownership sector","All establishment sizes",1,0,0,0,0,0,0,0
"51173",2,"92215",77,0,2007,3,"N","Smyth County, Virginia","State Government","Parole offices and probation offices","County, NAICS 5-digit -- by ownership sector","All establishment sizes",1,0,0,0,0,0,0,0
"51173",2,"92215",77,0,2007,4,"N","Smyth County, Virginia","State Government","Parole offices and probation offices","County, NAICS 5-digit -- by ownership sector","All establishment sizes",1,0,0,0,0,0,0,0
"51173",2,922150,78,0,2007,1,"N","Smyth County, Virginia","State Government","Parole offices and probation offices","County, NAICS 6-digit -- by ownership sector","All establishment sizes",1,0,0,0,0,0,0,0
"51173",2,"922150",78,0,2007,2,"N","Smyth County, Virginia","State Government","Parole offices and probation offices","County, NAICS 6-digit -- by ownership sector","All establishment sizes",1,0,0,0,0,0,0,0
"51173",2,"922150",78,0,2007,3,"N","Smyth County, Virginia","State Government","Parole offices and probation offices","County, NAICS 6-digit -- by ownership sector","All establishment sizes",1,0,0,0,0,0,0,0
"51173",2,"922150",78,0,2007,4,"N","Smyth County, Virginia","State Government","Parole offices and probation offices","County, NAICS 6-digit -- by ownership sector","All establishment sizes",1,0,0,0,0,0,0,0
"51173",2,923,75,0,2007,1,"N","Smyth County, Virginia","State Government","Administration of human resource programs","County, NAICS 3-digit -- by ownership sector","All establishment sizes",2,0,0,0,0,0,0,0
"51173",2,"923",75,0,2007,2,"N","Smyth County, Virginia","State Government","Administration of human resource programs","County, NAICS 3-digit -- by ownership sector","All establishment sizes",2,0,0,0,0,0,0,0
"51173",2,"923",75,0,2007,3,"N","Smyth County, Virginia","State Government","Administration of human resource programs","County, NAICS 3-digit -- by ownership sector","All establishment sizes",2,0,0,0,0,0,0,0
"51173",2,"923",75,0,2007,4,"N","Smyth County, Virginia","State Government","Administration of human resource programs","County, NAICS 3-digit -- by ownership sector","All establishment sizes",2,0,0,0,0,0,0,0
"51173",2,9231,76,0,2007,1,"N","Smyth County, Virginia","State Government","Administration of human resource programs","County, NAICS 4-digit -- by ownership sector","All establishment sizes",2,0,0,0,0,0,0,0
"51173",2,"9231",76,0,2007,2,"N","Smyth County, Virginia","State Government","Administration of human resource programs","County, NAICS 4-digit -- by ownership sector","All establishment sizes",2,0,0,0,0,0,0,0
"51173",2,"9231",76,0,2007,3,"N","Smyth County, Virginia","State Government","Administration of human resource programs","County, NAICS 4-digit -- by ownership sector","All establishment sizes",2,0,0,0,0,0,0,0
"51173",2,"9231",76,0,2007,4,"N","Smyth County, Virginia","State Government","Administration of human resource programs","County, NAICS 4-digit -- by ownership sector","All establishment sizes",2,0,0,0,0,0,0,0
"51173",2,92312,77,0,2007,1,"N","Smyth County, Virginia","State Government","Administration of public health programs","County, NAICS 5-digit -- by ownership sector","All establishment sizes",1,0,0,0,0,0,0,0
"51173",2,"92312",77,0,2007,2,"N","Smyth County, Virginia","State Government","Administration of public health programs","County, NAICS 5-digit -- by ownership sector","All establishment sizes",1,0,0,0,0,0,0,0
"51173",2,"92312",77,0,2007,3,"N","Smyth County, Virginia","State Government","Administration of public health programs","County, NAICS 5-digit -- by ownership sector","All establishment sizes",1,0,0,0,0,0,0,0
"51173",2,"92312",77,0,2007,4,"N","Smyth County, Virginia","State Government","Administration of public health programs","County, NAICS 5-digit -- by ownership sector","All establishment sizes",1,0,0,0,0,0,0,0
"51173",2,923120,78,0,2007,1,"N","Smyth County, Virginia","State Government","Administration of public health programs","County, NAICS 6-digit -- by ownership sector","All establishment sizes",1,0,0,0,0,0,0,0
"51173",2,"923120",78,0,2007,2,"N","Smyth County, Virginia","State Government","Administration of public health programs","County, NAICS 6-digit -- by ownership sector","All establishment sizes",1,0,0,0,0,0,0,0
"51173",2,"923120",78,0,2007,3,"N","Smyth County, Virginia","State Government","Administration of public health programs","County, NAICS 6-digit -- by ownership sector","All establishment sizes",1,0,0,0,0,0,0,0
"51173",2,"923120",78,0,2007,4,"N","Smyth County, Virginia","State Government","Administration of public health programs","County, NAICS 6-digit -- by ownership sector","All establishment sizes",1,0,0,0,0,0,0,0
"51173",2,92313,77,0,2007,1,"N","Smyth County, Virginia","State Government","Other human resource programs administration","County, NAICS 5-digit -- by ownership sector","All establishment sizes",1,0,0,0,0,0,0,0
"51173",2,"92313",77,0,2007,2,"N","Smyth County, Virginia","State Government","Other human resource programs administration","County, NAICS 5-digit -- by ownership sector","All establishment sizes",1,0,0,0,0,0,0,0
"51173",2,"92313",77,0,2007,3,"N","Smyth County, Virginia","State Government","Other human resource programs administration","County, NAICS 5-digit -- by ownership sector","All establishment sizes",1,0,0,0,0,0,0,0
"51173",2,"92313",77,0,2007,4,"N","Smyth County, Virginia","State Government","Other human resource programs administration","County, NAICS 5-digit -- by ownership sector","All establishment sizes",1,0,0,0,0,0,0,0
"51173",2,923130,78,0,2007,1,"N","Smyth County, Virginia","State Government","Other human resource programs administration","County, NAICS 6-digit -- by ownership sector","All establishment sizes",1,0,0,0,0,0,0,0
"51173",2,"923130",78,0,2007,2,"N","Smyth County, Virginia","State Government","Other human resource programs administration","County, NAICS 6-digit -- by ownership sector","All establishment sizes",1,0,0,0,0,0,0,0
"51173",2,"923130",78,0,2007,3,"N","Smyth County, Virginia","State Government","Other human resource programs administration","County, NAICS 6-digit -- by ownership sector","All establishment sizes",1,0,0,0,0,0,0,0
"51173",2,"923130",78,0,2007,4,"N","Smyth County, Virginia","State Government","Other human resource programs administration","County, NAICS 6-digit -- by ownership sector","All establishment sizes",1,0,0,0,0,0,0,0
"51173",2,925,75,0,2007,1,"N","Smyth County, Virginia","State Government","Community and housing program administration","County, NAICS 3-digit -- by ownership sector","All establishment sizes",2,0,0,0,0,0,0,0
"51173",2,"925",75,0,2007,2,"N","Smyth County, Virginia","State Government","Community and housing program administration","County, NAICS 3-digit -- by ownership sector","All establishment sizes",2,0,0,0,0,0,0,0
"51173",2,"925",75,0,2007,3,"N","Smyth County, Virginia","State Government","Community and housing program administration","County, NAICS 3-digit -- by ownership sector","All establishment sizes",2,0,0,0,0,0,0,0
"51173",2,"925",75,0,2007,4,"N","Smyth County, Virginia","State Government","Community and housing program administration","County, NAICS 3-digit -- by ownership sector","All establishment sizes",2,0,0,0,0,0,0,0
"51173",2,9251,76,0,2007,1,"N","Smyth County, Virginia","State Government","Community and housing program administration","County, NAICS 4-digit -- by ownership sector","All establishment sizes",2,0,0,0,0,0,0,0
"51173",2,"9251",76,0,2007,2,"N","Smyth County, Virginia","State Government","Community and housing program administration","County, NAICS 4-digit -- by ownership sector","All establishment sizes",2,0,0,0,0,0,0,0
"51173",2,"9251",76,0,2007,3,"N","Smyth County, Virginia","State Government","Community and housing program administration","County, NAICS 4-digit -- by ownership sector","All establishment sizes",2,0,0,0,0,0,0,0
"51173",2,"9251",76,0,2007,4,"N","Smyth County, Virginia","State Government","Community and housing program administration","County, NAICS 4-digit -- by ownership sector","All establishment sizes",2,0,0,0,0,0,0,0
"51173",2,92511,77,0,2007,1,"N","Smyth County, Virginia","State Government","Administration of housing programs","County, NAICS 5-digit -- by ownership sector","All establishment sizes",2,0,0,0,0,0,0,0
"51173",2,"92511",77,0,2007,2,"N","Smyth County, Virginia","State Government","Administration of housing programs","County, NAICS 5-digit -- by ownership sector","All establishment sizes",2,0,0,0,0,0,0,0
"51173",2,"92511",77,0,2007,3,"N","Smyth County, Virginia","State Government","Administration of housing programs","County, NAICS 5-digit -- by ownership sector","All establishment sizes",2,0,0,0,0,0,0,0
"51173",2,"92511",77,0,2007,4,"N","Smyth County, Virginia","State Government","Administration of housing programs","County, NAICS 5-digit -- by ownership sector","All establishment sizes",2,0,0,0,0,0,0,0
"51173",2,925110,78,0,2007,1,"N","Smyth County, Virginia","State Government","Administration of housing programs","County, NAICS 6-digit -- by ownership sector","All establishment sizes",2,0,0,0,0,0,0,0
"51173",2,"925110",78,0,2007,2,"N","Smyth County, Virginia","State Government","Administration of housing programs","County, NAICS 6-digit -- by ownership sector","All establishment sizes",2,0,0,0,0,0,0,0
"51173",2,"925110",78,0,2007,3,"N","Smyth County, Virginia","State Government","Administration of housing programs","County, NAICS 6-digit -- by ownership sector","All establishment sizes",2,0,0,0,0,0,0,0
"51173",2,"925110",78,0,2007,4,"N","Smyth County, Virginia","State Government","Administration of housing programs","County, NAICS 6-digit -- by ownership sector","All establishment sizes",2,0,0,0,0,0,0,0
"51173",2,926,75,0,2007,1,"","Smyth County, Virginia","State Government","Administration of economic programs","County, NAICS 3-digit -- by ownership sector","All establishment sizes",4,14,14,15,91013,0,0,488
"51173",2,"926",75,0,2007,2,"","Smyth County, Virginia","State Government","Administration of economic programs","County, NAICS 3-digit -- by ownership sector","All establishment sizes",4,14,14,14,90031,0,0,495
"51173",2,"926",75,0,2007,3,"","Smyth County, Virginia","State Government","Administration of economic programs","County, NAICS 3-digit -- by ownership sector","All establishment sizes",4,14,15,15,95675,0,0,502
"51173",2,"926",75,0,2007,4,"","Smyth County, Virginia","State Government","Administration of economic programs","County, NAICS 3-digit -- by ownership sector","All establishment sizes",4,14,14,14,92670,0,0,509
"51173",2,9261,76,0,2007,1,"","Smyth County, Virginia","State Government","Administration of economic programs","County, NAICS 4-digit -- by ownership sector","All establishment sizes",4,14,14,15,91013,0,0,488
"51173",2,"9261",76,0,2007,2,"","Smyth County, Virginia","State Government","Administration of economic programs","County, NAICS 4-digit -- by ownership sector","All establishment sizes",4,14,14,14,90031,0,0,495
"51173",2,"9261",76,0,2007,3,"","Smyth County, Virginia","State Government","Administration of economic programs","County, NAICS 4-digit -- by ownership sector","All establishment sizes",4,14,15,15,95675,0,0,502
"51173",2,"9261",76,0,2007,4,"","Smyth County, Virginia","State Government","Administration of economic programs","County, NAICS 4-digit -- by ownership sector","All establishment sizes",4,14,14,14,92670,0,0,509
"51173",2,92612,77,0,2007,1,"N","Smyth County, Virginia","State Government","Transportation program administration","County, NAICS 5-digit -- by ownership sector","All establishment sizes",1,0,0,0,0,0,0,0
"51173",2,"92612",77,0,2007,2,"N","Smyth County, Virginia","State Government","Transportation program administration","County, NAICS 5-digit -- by ownership sector","All establishment sizes",1,0,0,0,0,0,0,0
"51173",2,"92612",77,0,2007,3,"N","Smyth County, Virginia","State Government","Transportation program administration","County, NAICS 5-digit -- by ownership sector","All establishment sizes",1,0,0,0,0,0,0,0
"51173",2,"92612",77,0,2007,4,"N","Smyth County, Virginia","State Government","Transportation program administration","County, NAICS 5-digit -- by ownership sector","All establishment sizes",1,0,0,0,0,0,0,0
"51173",2,926120,78,0,2007,1,"N","Smyth County, Virginia","State Government","Transportation program administration","County, NAICS 6-digit -- by ownership sector","All establishment sizes",1,0,0,0,0,0,0,0
"51173",2,"926120",78,0,2007,2,"N","Smyth County, Virginia","State Government","Transportation program administration","County, NAICS 6-digit -- by ownership sector","All establishment sizes",1,0,0,0,0,0,0,0
"51173",2,"926120",78,0,2007,3,"N","Smyth County, Virginia","State Government","Transportation program administration","County, NAICS 6-digit -- by ownership sector","All establishment sizes",1,0,0,0,0,0,0,0
"51173",2,"926120",78,0,2007,4,"N","Smyth County, Virginia","State Government","Transportation program administration","County, NAICS 6-digit -- by ownership sector","All establishment sizes",1,0,0,0,0,0,0,0
"51173",2,92614,77,0,2007,1,"N","Smyth County, Virginia","State Government","Agricultural market and commodity regulation","County, NAICS 5-digit -- by ownership sector","All establishment sizes",1,0,0,0,0,0,0,0
"51173",2,"92614",77,0,2007,2,"N","Smyth County, Virginia","State Government","Agricultural market and commodity regulation","County, NAICS 5-digit -- by ownership sector","All establishment sizes",1,0,0,0,0,0,0,0
"51173",2,"92614",77,0,2007,3,"N","Smyth County, Virginia","State Government","Agricultural market and commodity regulation","County, NAICS 5-digit -- by ownership sector","All establishment sizes",1,0,0,0,0,0,0,0
"51173",2,"92614",77,0,2007,4,"N","Smyth County, Virginia","State Government","Agricultural market and commodity regulation","County, NAICS 5-digit -- by ownership sector","All establishment sizes",1,0,0,0,0,0,0,0
"51173",2,926140,78,0,2007,1,"N","Smyth County, Virginia","State Government","Agricultural market and commodity regulation","County, NAICS 6-digit -- by ownership sector","All establishment sizes",1,0,0,0,0,0,0,0
"51173",2,"926140",78,0,2007,2,"N","Smyth County, Virginia","State Government","Agricultural market and commodity regulation","County, NAICS 6-digit -- by ownership sector","All establishment sizes",1,0,0,0,0,0,0,0
"51173",2,"926140",78,0,2007,3,"N","Smyth County, Virginia","State Government","Agricultural market and commodity regulation","County, NAICS 6-digit -- by ownership sector","All establishment sizes",1,0,0,0,0,0,0,0
"51173",2,"926140",78,0,2007,4,"N","Smyth County, Virginia","State Government","Agricultural market and commodity regulation","County, NAICS 6-digit -- by ownership sector","All establishment sizes",1,0,0,0,0,0,0,0
"51173",2,92615,77,0,2007,1,"N","Smyth County, Virginia","State Government","Licensing and regulating commercial sectors","County, NAICS 5-digit -- by ownership sector","All establishment sizes",2,0,0,0,0,0,0,0
"51173",2,"92615",77,0,2007,2,"N","Smyth County, Virginia","State Government","Licensing and regulating commercial sectors","County, NAICS 5-digit -- by ownership sector","All establishment sizes",2,0,0,0,0,0,0,0
"51173",2,"92615",77,0,2007,3,"N","Smyth County, Virginia","State Government","Licensing and regulating commercial sectors","County, NAICS 5-digit -- by ownership sector","All establishment sizes",2,0,0,0,0,0,0,0
"51173",2,"92615",77,0,2007,4,"N","Smyth County, Virginia","State Government","Licensing and regulating commercial sectors","County, NAICS 5-digit -- by ownership sector","All establishment sizes",2,0,0,0,0,0,0,0
"51173",2,926150,78,0,2007,1,"N","Smyth County, Virginia","State Government","Licensing and regulating commercial sectors","County, NAICS 6-digit -- by ownership sector","All establishment sizes",2,0,0,0,0,0,0,0
"51173",2,"926150",78,0,2007,2,"N","Smyth County, Virginia","State Government","Licensing and regulating commercial sectors","County, NAICS 6-digit -- by ownership sector","All establishment sizes",2,0,0,0,0,0,0,0
"51173",2,"926150",78,0,2007,3,"N","Smyth County, Virginia","State Government","Licensing and regulating commercial sectors","County, NAICS 6-digit -- by ownership sector","All establishment sizes",2,0,0,0,0,0,0,0
"51173",2,"926150",78,0,2007,4,"N","Smyth County, Virginia","State Government","Licensing and regulating commercial sectors","County, NAICS 6-digit -- by ownership sector","All establishment sizes",2,0,0,0,0,0,0,0
"51173",3,10,71,0,2007,1,"","Smyth County, Virginia","Local Government","Total, all industries","County, Total -- by ownership sector","All establishment sizes",34,1752,1776,1807,12378338,8647752,35191,535
"51173",3,"10",71,0,2007,2,"","Smyth County, Virginia","Local Government","Total, all industries","County, Total -- by ownership sector","All establishment sizes",34,1814,1847,1823,12653362,1963439,9652,532
"51173",3,"10",71,0,2007,3,"","Smyth County, Virginia","Local Government","Total, all industries","County, Total -- by ownership sector","All establishment sizes",35,1805,1777,1830,12825343,961321,4646,547
"51173",3,"10",71,0,2007,4,"","Smyth County, Virginia","Local Government","Total, all industries","County, Total -- by ownership sector","All establishment sizes",35,1868,1862,1851,13120410,739781,3143,543
"51173",3,102,72,0,2007,1,"","Smyth County, Virginia","Local Government","Service-Providing","County, by Domain -- by ownership sector","All establishment sizes",34,1752,1776,1807,12378338,8647752,35191,535
"51173",3,"102",72,0,2007,2,"","Smyth County, Virginia","Local Government","Service-Providing","County, by Domain -- by ownership sector","All establishment sizes",34,1814,1847,1823,12653362,1963439,9652,532
"51173",3,"102",72,0,2007,3,"","Smyth County, Virginia","Local Government","Service-Providing","County, by Domain -- by ownership sector","All establishment sizes",35,1805,1777,1830,12825343,961321,4646,547
"51173",3,"102",72,0,2007,4,"","Smyth County, Virginia","Local Government","Service-Providing","County, by Domain -- by ownership sector","All establishment sizes",35,1868,1862,1851,13120410,739781,3143,543
"51173",3,1021,73,0,2007,1,"N","Smyth County, Virginia","Local Government","Trade, Transportation, and Utilities","County, by Supersector -- by ownership sector","All establishment sizes",2,0,0,0,0,0,0,0
"51173",3,"1021",73,0,2007,2,"N","Smyth County, Virginia","Local Government","Trade, Transportation, and Utilities","County, by Supersector -- by ownership sector","All establishment sizes",2,0,0,0,0,0,0,0
"51173",3,"1021",73,0,2007,3,"N","Smyth County, Virginia","Local Government","Trade, Transportation, and Utilities","County, by Supersector -- by ownership sector","All establishment sizes",2,0,0,0,0,0,0,0
"51173",3,"1021",73,0,2007,4,"N","Smyth County, Virginia","Local Government","Trade, Transportation, and Utilities","County, by Supersector -- by ownership sector","All establishment sizes",2,0,0,0,0,0,0,0
"51173",3,1022,73,0,2007,1,"N","Smyth County, Virginia","Local Government","Information","County, by Supersector -- by ownership sector","All establishment sizes",1,0,0,0,0,0,0,0
"51173",3,"1022",73,0,2007,2,"N","Smyth County, Virginia","Local Government","Information","County, by Supersector -- by ownership sector","All establishment sizes",1,0,0,0,0,0,0,0
"51173",3,"1022",73,0,2007,3,"N","Smyth County, Virginia","Local Government","Information","County, by Supersector -- by ownership sector","All establishment sizes",1,0,0,0,0,0,0,0
"51173",3,"1022",73,0,2007,4,"N","Smyth County, Virginia","Local Government","Information","County, by Supersector -- by ownership sector","All establishment sizes",1,0,0,0,0,0,0,0
"51173",3,1024,73,0,2007,1,"","Smyth County, Virginia","Local Government","Professional and Business Services","County, by Supersector -- by ownership sector","All establishment sizes",4,44,45,45,192613,0,0,332
"51173",3,"1024",73,0,2007,2,"","Smyth County, Virginia","Local Government","Professional and Business Services","County, by Supersector -- by ownership sector","All establishment sizes",4,46,45,45,195215,0,0,331
"51173",3,"1024",73,0,2007,3,"","Smyth County, Virginia","Local Government","Professional and Business Services","County, by Supersector -- by ownership sector","All establishment sizes",4,45,46,43,198721,0,0,342
"51173",3,"1024",73,0,2007,4,"","Smyth County, Virginia","Local Government","Professional and Business Services","County, by Supersector -- by ownership sector","All establishment sizes",4,45,44,45,196627,0,0,339
"51173",3,1025,73,0,2007,1,"","Smyth County, Virginia","Local Government","Education and Health Services","County, by Supersector -- by ownership sector","All establishment sizes",11,1384,1404,1429,9945679,7408866,24363,544
"51173",3,"1025",73,0,2007,2,"","Smyth County, Virginia","Local Government","Education and Health Services","County, by Supersector -- by ownership sector","All establishment sizes",11,1423,1456,1402,10062433,1617235,7306,542
"51173",3,"1025",73,0,2007,3,"","Smyth County, Virginia","Local Government","Education and Health Services","County, by Supersector -- by ownership sector","All establishment sizes",11,1378,1348,1425,10182939,804131,3751,566
"51173",3,"1025",73,0,2007,4,"","Smyth County, Virginia","Local Government","Education and Health Services","County, by Supersector -- by ownership sector","All establishment sizes",11,1469,1465,1456,10420698,640860,2647,548
"51173",3,1027,73,0,2007,1,"N","Smyth County, Virginia","Local Government","Other Services","County, by Supersector -- by ownership sector","All establishment sizes",1,0,0,0,0,0,0,0
"51173",3,"1027",73,0,2007,2,"N","Smyth County, Virginia","Local Government","Other Services","County, by Supersector -- by ownership sector","All establishment sizes",1,0,0,0,0,0,0,0
"51173",3,"1027",73,0,2007,3,"N","Smyth County, Virginia","Local Government","Other Services","County, by Supersector -- by ownership sector","All establishment sizes",1,0,0,0,0,0,0,0
"51173",3,"1027",73,0,2007,4,"N","Smyth County, Virginia","Local Government","Other Services","County, by Supersector -- by ownership sector","All establishment sizes",1,0,0,0,0,0,0,0
"51173",3,1028,73,0,2007,1,"","Smyth County, Virginia","Local Government","Public Administration","County, by Supersector -- by ownership sector","All establishment sizes",15,279,282,288,1963675,1090789,9762,534
"51173",3,"1028",73,0,2007,2,"","Smyth County, Virginia","Local Government","Public Administration","County, by Supersector -- by ownership sector","All establishment sizes",15,299,298,328,2115310,299434,2009,528
"51173",3,"1028",73,0,2007,3,"","Smyth County, Virginia","Local Government","Public Administration","County, by Supersector -- by ownership sector","All establishment sizes",16,335,336,315,2153888,142817,792,504
"51173",3,"1028",73,0,2007,4,"","Smyth County, Virginia","Local Government","Public Administration","County, by Supersector -- by ownership sector","All establishment sizes",16,308,304,301,2214128,87671,415,560
"51173",3,22,74,0,2007,1,"N","Smyth County, Virginia","Local Government","Utilities","County, NAICS Sector -- by ownership sector","All establishment sizes",2,0,0,0,0,0,0,0
"51173",3,"22",74,0,2007,2,"N","Smyth County, Virginia","Local Government","Utilities","County, NAICS Sector -- by ownership sector","All establishment sizes",2,0,0,0,0,0,0,0
"51173",3,"22",74,0,2007,3,"N","Smyth County, Virginia","Local Government","Utilities","County, NAICS Sector -- by ownership sector","All establishment sizes",2,0,0,0,0,0,0,0
"51173",3,"22",74,0,2007,4,"N","Smyth County, Virginia","Local Government","Utilities","County, NAICS Sector -- by ownership sector","All establishment sizes",2,0,0,0,0,0,0,0
"51173",3,221,75,0,2007,1,"N","Smyth County, Virginia","Local Government","Utilities","County, NAICS 3-digit -- by ownership sector","All establishment sizes",2,0,0,0,0,0,0,0
"51173",3,"221",75,0,2007,2,"N","Smyth County, Virginia","Local Government","Utilities","County, NAICS 3-digit -- by ownership sector","All establishment sizes",2,0,0,0,0,0,0,0
"51173",3,"221",75,0,2007,3,"N","Smyth County, Virginia","Local Government","Utilities","County, NAICS 3-digit -- by ownership sector","All establishment sizes",2,0,0,0,0,0,0,0
"51173",3,"221",75,0,2007,4,"N","Smyth County, Virginia","Local Government","Utilities","County, NAICS 3-digit -- by ownership sector","All establishment sizes",2,0,0,0,0,0,0,0
"51173",3,2213,76,0,2007,1,"N","Smyth County, Virginia","Local Government","Water, sewage and other systems","County, NAICS 4-digit -- by ownership sector","All establishment sizes",2,0,0,0,0,0,0,0
"51173",3,"2213",76,0,2007,2,"N","Smyth County, Virginia","Local Government","Water, sewage and other systems","County, NAICS 4-digit -- by ownership sector","All establishment sizes",2,0,0,0,0,0,0,0
"51173",3,"2213",76,0,2007,3,"N","Smyth County, Virginia","Local Government","Water, sewage and other systems","County, NAICS 4-digit -- by ownership sector","All establishment sizes",2,0,0,0,0,0,0,0
"51173",3,"2213",76,0,2007,4,"N","Smyth County, Virginia","Local Government","Water, sewage and other systems","County, NAICS 4-digit -- by ownership sector","All establishment sizes",2,0,0,0,0,0,0,0
"51173",3,22131,77,0,2007,1,"N","Smyth County, Virginia","Local Government","Water supply and irrigation systems","County, NAICS 5-digit -- by ownership sector","All establishment sizes",2,0,0,0,0,0,0,0
"51173",3,"22131",77,0,2007,2,"N","Smyth County, Virginia","Local Government","Water supply and irrigation systems","County, NAICS 5-digit -- by ownership sector","All establishment sizes",2,0,0,0,0,0,0,0
"51173",3,"22131",77,0,2007,3,"N","Smyth County, Virginia","Local Government","Water supply and irrigation systems","County, NAICS 5-digit -- by ownership sector","All establishment sizes",2,0,0,0,0,0,0,0
"51173",3,"22131",77,0,2007,4,"N","Smyth County, Virginia","Local Government","Water supply and irrigation systems","County, NAICS 5-digit -- by ownership sector","All establishment sizes",2,0,0,0,0,0,0,0
"51173",3,221310,78,0,2007,1,"N","Smyth County, Virginia","Local Government","Water supply and irrigation systems","County, NAICS 6-digit -- by ownership sector","All establishment sizes",2,0,0,0,0,0,0,0
"51173",3,"221310",78,0,2007,2,"N","Smyth County, Virginia","Local Government","Water supply and irrigation systems","County, NAICS 6-digit -- by ownership sector","All establishment sizes",2,0,0,0,0,0,0,0
"51173",3,"221310",78,0,2007,3,"N","Smyth County, Virginia","Local Government","Water supply and irrigation systems","County, NAICS 6-digit -- by ownership sector","All establishment sizes",2,0,0,0,0,0,0,0
"51173",3,"221310",78,0,2007,4,"N","Smyth County, Virginia","Local Government","Water supply and irrigation systems","County, NAICS 6-digit -- by ownership sector","All establishment sizes",2,0,0,0,0,0,0,0
"51173",3,51,74,0,2007,1,"N","Smyth County, Virginia","Local Government","Information","County, NAICS Sector -- by ownership sector","All establishment sizes",1,0,0,0,0,0,0,0
"51173",3,"51",74,0,2007,2,"N","Smyth County, Virginia","Local Government","Information","County, NAICS Sector -- by ownership sector","All establishment sizes",1,0,0,0,0,0,0,0
"51173",3,"51",74,0,2007,3,"N","Smyth County, Virginia","Local Government","Information","County, NAICS Sector -- by ownership sector","All establishment sizes",1,0,0,0,0,0,0,0
"51173",3,"51",74,0,2007,4,"N","Smyth County, Virginia","Local Government","Information","County, NAICS Sector -- by ownership sector","All establishment sizes",1,0,0,0,0,0,0,0
"51173",3,519,75,0,2007,1,"N","Smyth County, Virginia","Local Government","Other information services","County, NAICS 3-digit -- by ownership sector","All establishment sizes",1,0,0,0,0,0,0,0
"51173",3,"519",75,0,2007,2,"N","Smyth County, Virginia","Local Government","Other information services","County, NAICS 3-digit -- by ownership sector","All establishment sizes",1,0,0,0,0,0,0,0
"51173",3,"519",75,0,2007,3,"N","Smyth County, Virginia","Local Government","Other information services","County, NAICS 3-digit -- by ownership sector","All establishment sizes",1,0,0,0,0,0,0,0
"51173",3,"519",75,0,2007,4,"N","Smyth County, Virginia","Local Government","Other information services","County, NAICS 3-digit -- by ownership sector","All establishment sizes",1,0,0,0,0,0,0,0
"51173",3,5191,76,0,2007,1,"N","Smyth County, Virginia","Local Government","Other information services","County, NAICS 4-digit -- by ownership sector","All establishment sizes",1,0,0,0,0,0,0,0
"51173",3,"5191",76,0,2007,2,"N","Smyth County, Virginia","Local Government","Other information services","County, NAICS 4-digit -- by ownership sector","All establishment sizes",1,0,0,0,0,0,0,0
"51173",3,"5191",76,0,2007,3,"N","Smyth County, Virginia","Local Government","Other information services","County, NAICS 4-digit -- by ownership sector","All establishment sizes",1,0,0,0,0,0,0,0
"51173",3,"5191",76,0,2007,4,"N","Smyth County, Virginia","Local Government","Other information services","County, NAICS 4-digit -- by ownership sector","All establishment sizes",1,0,0,0,0,0,0,0
"51173",3,51912,77,0,2007,1,"N","Smyth County, Virginia","Local Government","Libraries and archives","County, NAICS 5-digit -- by ownership sector","All establishment sizes",1,0,0,0,0,0,0,0
"51173",3,"51912",77,0,2007,2,"N","Smyth County, Virginia","Local Government","Libraries and archives","County, NAICS 5-digit -- by ownership sector","All establishment sizes",1,0,0,0,0,0,0,0
"51173",3,"51912",77,0,2007,3,"N","Smyth County, Virginia","Local Government","Libraries and archives","County, NAICS 5-digit -- by ownership sector","All establishment sizes",1,0,0,0,0,0,0,0
"51173",3,"51912",77,0,2007,4,"N","Smyth County, Virginia","Local Government","Libraries and archives","County, NAICS 5-digit -- by ownership sector","All establishment sizes",1,0,0,0,0,0,0,0
"51173",3,519120,78,0,2007,1,"N","Smyth County, Virginia","Local Government","Libraries and archives","County, NAICS 6-digit -- by ownership sector","All establishment sizes",1,0,0,0,0,0,0,0
"51173",3,"519120",78,0,2007,2,"N","Smyth County, Virginia","Local Government","Libraries and archives","County, NAICS 6-digit -- by ownership sector","All establishment sizes",1,0,0,0,0,0,0,0
"51173",3,"519120",78,0,2007,3,"N","Smyth County, Virginia","Local Government","Libraries and archives","County, NAICS 6-digit -- by ownership sector","All establishment sizes",1,0,0,0,0,0,0,0
"51173",3,"519120",78,0,2007,4,"N","Smyth County, Virginia","Local Government","Libraries and archives","County, NAICS 6-digit -- by ownership sector","All establishment sizes",1,0,0,0,0,0,0,0
"51173",3,54,74,0,2007,1,"N","Smyth County, Virginia","Local Government","Professional and technical services","County, NAICS Sector -- by ownership sector","All establishment sizes",2,0,0,0,0,0,0,0
"51173",3,"54",74,0,2007,2,"N","Smyth County, Virginia","Local Government","Professional and technical services","County, NAICS Sector -- by ownership sector","All establishment sizes",2,0,0,0,0,0,0,0
"51173",3,"54",74,0,2007,3,"N","Smyth County, Virginia","Local Government","Professional and technical services","County, NAICS Sector -- by ownership sector","All establishment sizes",2,0,0,0,0,0,0,0
"51173",3,"54",74,0,2007,4,"N","Smyth County, Virginia","Local Government","Professional and technical services","County, NAICS Sector -- by ownership sector","All establishment sizes",2,0,0,0,0,0,0,0
"51173",3,541,75,0,2007,1,"N","Smyth County, Virginia","Local Government","Professional and Technical Services","County, NAICS 3-digit -- by ownership sector","All establishment sizes",2,0,0,0,0,0,0,0
"51173",3,"541",75,0,2007,2,"N","Smyth County, Virginia","Local Government","Professional and Technical Services","County, NAICS 3-digit -- by ownership sector","All establishment sizes",2,0,0,0,0,0,0,0
"51173",3,"541",75,0,2007,3,"N","Smyth County, Virginia","Local Government","Professional and Technical Services","County, NAICS 3-digit -- by ownership sector","All establishment sizes",2,0,0,0,0,0,0,0
"51173",3,"541",75,0,2007,4,"N","Smyth County, Virginia","Local Government","Professional and Technical Services","County, NAICS 3-digit -- by ownership sector","All establishment sizes",2,0,0,0,0,0,0,0
"51173",3,5413,76,0,2007,1,"N","Smyth County, Virginia","Local Government","Architectural and engineering services","County, NAICS 4-digit -- by ownership sector","All establishment sizes",1,0,0,0,0,0,0,0
"51173",3,"5413",76,0,2007,2,"N","Smyth County, Virginia","Local Government","Architectural and engineering services","County, NAICS 4-digit -- by ownership sector","All establishment sizes",1,0,0,0,0,0,0,0
"51173",3,"5413",76,0,2007,3,"N","Smyth County, Virginia","Local Government","Architectural and engineering services","County, NAICS 4-digit -- by ownership sector","All establishment sizes",1,0,0,0,0,0,0,0
"51173",3,"5413",76,0,2007,4,"N","Smyth County, Virginia","Local Government","Architectural and engineering services","County, NAICS 4-digit -- by ownership sector","All establishment sizes",1,0,0,0,0,0,0,0
"51173",3,54133,77,0,2007,1,"N","Smyth County, Virginia","Local Government","Engineering services","County, NAICS 5-digit -- by ownership sector","All establishment sizes",1,0,0,0,0,0,0,0
"51173",3,"54133",77,0,2007,2,"N","Smyth County, Virginia","Local Government","Engineering services","County, NAICS 5-digit -- by ownership sector","All establishment sizes",1,0,0,0,0,0,0,0
"51173",3,"54133",77,0,2007,3,"N","Smyth County, Virginia","Local Government","Engineering services","County, NAICS 5-digit -- by ownership sector","All establishment sizes",1,0,0,0,0,0,0,0
"51173",3,"54133",77,0,2007,4,"N","Smyth County, Virginia","Local Government","Engineering services","County, NAICS 5-digit -- by ownership sector","All establishment sizes",1,0,0,0,0,0,0,0
"51173",3,541330,78,0,2007,1,"N","Smyth County, Virginia","Local Government","Engineering services","County, NAICS 6-digit -- by ownership sector","All establishment sizes",1,0,0,0,0,0,0,0
"51173",3,"541330",78,0,2007,2,"N","Smyth County, Virginia","Local Government","Engineering services","County, NAICS 6-digit -- by ownership sector","All establishment sizes",1,0,0,0,0,0,0,0
"51173",3,"541330",78,0,2007,3,"N","Smyth County, Virginia","Local Government","Engineering services","County, NAICS 6-digit -- by ownership sector","All establishment sizes",1,0,0,0,0,0,0,0
"51173",3,"541330",78,0,2007,4,"N","Smyth County, Virginia","Local Government","Engineering services","County, NAICS 6-digit -- by ownership sector","All establishment sizes",1,0,0,0,0,0,0,0
"51173",3,5415,76,0,2007,1,"N","Smyth County, Virginia","Local Government","Computer systems design and related services","County, NAICS 4-digit -- by ownership sector","All establishment sizes",1,0,0,0,0,0,0,0
"51173",3,"5415",76,0,2007,2,"N","Smyth County, Virginia","Local Government","Computer systems design and related services","County, NAICS 4-digit -- by ownership sector","All establishment sizes",1,0,0,0,0,0,0,0
"51173",3,"5415",76,0,2007,3,"N","Smyth County, Virginia","Local Government","Computer systems design and related services","County, NAICS 4-digit -- by ownership sector","All establishment sizes",1,0,0,0,0,0,0,0
"51173",3,"5415",76,0,2007,4,"N","Smyth County, Virginia","Local Government","Computer systems design and related services","County, NAICS 4-digit -- by ownership sector","All establishment sizes",1,0,0,0,0,0,0,0
"51173",3,54151,77,0,2007,1,"N","Smyth County, Virginia","Local Government","Computer systems design and related services","County, NAICS 5-digit -- by ownership sector","All establishment sizes",1,0,0,0,0,0,0,0
"51173",3,"54151",77,0,2007,2,"N","Smyth County, Virginia","Local Government","Computer systems design and related services","County, NAICS 5-digit -- by ownership sector","All establishment sizes",1,0,0,0,0,0,0,0
"51173",3,"54151",77,0,2007,3,"N","Smyth County, Virginia","Local Government","Computer systems design and related services","County, NAICS 5-digit -- by ownership sector","All establishment sizes",1,0,0,0,0,0,0,0
"51173",3,"54151",77,0,2007,4,"N","Smyth County, Virginia","Local Government","Computer systems design and related services","County, NAICS 5-digit -- by ownership sector","All establishment sizes",1,0,0,0,0,0,0,0
"51173",3,541511,78,0,2007,1,"N","Smyth County, Virginia","Local Government","Custom computer programming services","County, NAICS 6-digit -- by ownership sector","All establishment sizes",1,0,0,0,0,0,0,0
"51173",3,"541511",78,0,2007,2,"N","Smyth County, Virginia","Local Government","Custom computer programming services","County, NAICS 6-digit -- by ownership sector","All establishment sizes",1,0,0,0,0,0,0,0
"51173",3,"541511",78,0,2007,3,"N","Smyth County, Virginia","Local Government","Custom computer programming services","County, NAICS 6-digit -- by ownership sector","All establishment sizes",1,0,0,0,0,0,0,0
"51173",3,"541511",78,0,2007,4,"N","Smyth County, Virginia","Local Government","Custom computer programming services","County, NAICS 6-digit -- by ownership sector","All establishment sizes",1,0,0,0,0,0,0,0
"51173",3,56,74,0,2007,1,"N","Smyth County, Virginia","Local Government","Administrative and waste services","County, NAICS Sector -- by ownership sector","All establishment sizes",2,0,0,0,0,0,0,0
"51173",3,"56",74,0,2007,2,"N","Smyth County, Virginia","Local Government","Administrative and waste services","County, NAICS Sector -- by ownership sector","All establishment sizes",2,0,0,0,0,0,0,0
"51173",3,"56",74,0,2007,3,"N","Smyth County, Virginia","Local Government","Administrative and waste services","County, NAICS Sector -- by ownership sector","All establishment sizes",2,0,0,0,0,0,0,0
"51173",3,"56",74,0,2007,4,"N","Smyth County, Virginia","Local Government","Administrative and waste services","County, NAICS Sector -- by ownership sector","All establishment sizes",2,0,0,0,0,0,0,0
"51173",3,561,75,0,2007,1,"N","Smyth County, Virginia","Local Government","Administrative and support services","County, NAICS 3-digit -- by ownership sector","All establishment sizes",1,0,0,0,0,0,0,0
"51173",3,"561",75,0,2007,2,"N","Smyth County, Virginia","Local Government","Administrative and support services","County, NAICS 3-digit -- by ownership sector","All establishment sizes",1,0,0,0,0,0,0,0
"51173",3,"561",75,0,2007,3,"N","Smyth County, Virginia","Local Government","Administrative and support services","County, NAICS 3-digit -- by ownership sector","All establishment sizes",1,0,0,0,0,0,0,0
"51173",3,"561",75,0,2007,4,"N","Smyth County, Virginia","Local Government","Administrative and support services","County, NAICS 3-digit -- by ownership sector","All establishment sizes",1,0,0,0,0,0,0,0
"51173",3,5617,76,0,2007,1,"N","Smyth County, Virginia","Local Government","Services to buildings and dwellings","County, NAICS 4-digit -- by ownership sector","All establishment sizes",1,0,0,0,0,0,0,0
"51173",3,"5617",76,0,2007,2,"N","Smyth County, Virginia","Local Government","Services to buildings and dwellings","County, NAICS 4-digit -- by ownership sector","All establishment sizes",1,0,0,0,0,0,0,0
"51173",3,"5617",76,0,2007,3,"N","Smyth County, Virginia","Local Government","Services to buildings and dwellings","County, NAICS 4-digit -- by ownership sector","All establishment sizes",1,0,0,0,0,0,0,0
"51173",3,"5617",76,0,2007,4,"N","Smyth County, Virginia","Local Government","Services to buildings and dwellings","County, NAICS 4-digit -- by ownership sector","All establishment sizes",1,0,0,0,0,0,0,0
"51173",3,56172,77,0,2007,1,"N","Smyth County, Virginia","Local Government","Janitorial services","County, NAICS 5-digit -- by ownership sector","All establishment sizes",1,0,0,0,0,0,0,0
"51173",3,"56172",77,0,2007,2,"N","Smyth County, Virginia","Local Government","Janitorial services","County, NAICS 5-digit -- by ownership sector","All establishment sizes",1,0,0,0,0,0,0,0
"51173",3,"56172",77,0,2007,3,"N","Smyth County, Virginia","Local Government","Janitorial services","County, NAICS 5-digit -- by ownership sector","All establishment sizes",1,0,0,0,0,0,0,0
"51173",3,"56172",77,0,2007,4,"N","Smyth County, Virginia","Local Government","Janitorial services","County, NAICS 5-digit -- by ownership sector","All establishment sizes",1,0,0,0,0,0,0,0
"51173",3,561720,78,0,2007,1,"N","Smyth County, Virginia","Local Government","Janitorial services","County, NAICS 6-digit -- by ownership sector","All establishment sizes",1,0,0,0,0,0,0,0
"51173",3,"561720",78,0,2007,2,"N","Smyth County, Virginia","Local Government","Janitorial services","County, NAICS 6-digit -- by ownership sector","All establishment sizes",1,0,0,0,0,0,0,0
"51173",3,"561720",78,0,2007,3,"N","Smyth County, Virginia","Local Government","Janitorial services","County, NAICS 6-digit -- by ownership sector","All establishment sizes",1,0,0,0,0,0,0,0
"51173",3,"561720",78,0,2007,4,"N","Smyth County, Virginia","Local Government","Janitorial services","County, NAICS 6-digit -- by ownership sector","All establishment sizes",1,0,0,0,0,0,0,0
"51173",3,562,75,0,2007,1,"N","Smyth County, Virginia","Local Government","Waste management and remediation services","County, NAICS 3-digit -- by ownership sector","All establishment sizes",1,0,0,0,0,0,0,0
"51173",3,"562",75,0,2007,2,"N","Smyth County, Virginia","Local Government","Waste management and remediation services","County, NAICS 3-digit -- by ownership sector","All establishment sizes",1,0,0,0,0,0,0,0
"51173",3,"562",75,0,2007,3,"N","Smyth County, Virginia","Local Government","Waste management and remediation services","County, NAICS 3-digit -- by ownership sector","All establishment sizes",1,0,0,0,0,0,0,0
"51173",3,"562",75,0,2007,4,"N","Smyth County, Virginia","Local Government","Waste management and remediation services","County, NAICS 3-digit -- by ownership sector","All establishment sizes",1,0,0,0,0,0,0,0
"51173",3,5622,76,0,2007,1,"N","Smyth County, Virginia","Local Government","Waste treatment and disposal","County, NAICS 4-digit -- by ownership sector","All establishment sizes",1,0,0,0,0,0,0,0
"51173",3,"5622",76,0,2007,2,"N","Smyth County, Virginia","Local Government","Waste treatment and disposal","County, NAICS 4-digit -- by ownership sector","All establishment sizes",1,0,0,0,0,0,0,0
"51173",3,"5622",76,0,2007,3,"N","Smyth County, Virginia","Local Government","Waste treatment and disposal","County, NAICS 4-digit -- by ownership sector","All establishment sizes",1,0,0,0,0,0,0,0
"51173",3,"5622",76,0,2007,4,"N","Smyth County, Virginia","Local Government","Waste treatment and disposal","County, NAICS 4-digit -- by ownership sector","All establishment sizes",1,0,0,0,0,0,0,0
"51173",3,56221,77,0,2007,1,"N","Smyth County, Virginia","Local Government","Waste treatment and disposal","County, NAICS 5-digit -- by ownership sector","All establishment sizes",1,0,0,0,0,0,0,0
"51173",3,"56221",77,0,2007,2,"N","Smyth County, Virginia","Local Government","Waste treatment and disposal","County, NAICS 5-digit -- by ownership sector","All establishment sizes",1,0,0,0,0,0,0,0
"51173",3,"56221",77,0,2007,3,"N","Smyth County, Virginia","Local Government","Waste treatment and disposal","County, NAICS 5-digit -- by ownership sector","All establishment sizes",1,0,0,0,0,0,0,0
"51173",3,"56221",77,0,2007,4,"N","Smyth County, Virginia","Local Government","Waste treatment and disposal","County, NAICS 5-digit -- by ownership sector","All establishment sizes",1,0,0,0,0,0,0,0
"51173",3,562212,78,0,2007,1,"N","Smyth County, Virginia","Local Government","Solid waste landfill","County, NAICS 6-digit -- by ownership sector","All establishment sizes",1,0,0,0,0,0,0,0
"51173",3,"562212",78,0,2007,2,"N","Smyth County, Virginia","Local Government","Solid waste landfill","County, NAICS 6-digit -- by ownership sector","All establishment sizes",1,0,0,0,0,0,0,0
"51173",3,"562212",78,0,2007,3,"N","Smyth County, Virginia","Local Government","Solid waste landfill","County, NAICS 6-digit -- by ownership sector","All establishment sizes",1,0,0,0,0,0,0,0
"51173",3,"562212",78,0,2007,4,"N","Smyth County, Virginia","Local Government","Solid waste landfill","County, NAICS 6-digit -- by ownership sector","All establishment sizes",1,0,0,0,0,0,0,0
"51173",3,61,74,0,2007,1,"N","Smyth County, Virginia","Local Government","Educational services","County, NAICS Sector -- by ownership sector","All establishment sizes",1,0,0,0,0,0,0,0
"51173",3,"61",74,0,2007,2,"N","Smyth County, Virginia","Local Government","Educational services","County, NAICS Sector -- by ownership sector","All establishment sizes",1,0,0,0,0,0,0,0
"51173",3,"61",74,0,2007,3,"N","Smyth County, Virginia","Local Government","Educational services","County, NAICS Sector -- by ownership sector","All establishment sizes",1,0,0,0,0,0,0,0
"51173",3,"61",74,0,2007,4,"N","Smyth County, Virginia","Local Government","Educational services","County, NAICS Sector -- by ownership sector","All establishment sizes",1,0,0,0,0,0,0,0
"51173",3,611,75,0,2007,1,"N","Smyth County, Virginia","Local Government","Educational services","County, NAICS 3-digit -- by ownership sector","All establishment sizes",1,0,0,0,0,0,0,0
"51173",3,"611",75,0,2007,2,"N","Smyth County, Virginia","Local Government","Educational services","County, NAICS 3-digit -- by ownership sector","All establishment sizes",1,0,0,0,0,0,0,0
"51173",3,"611",75,0,2007,3,"N","Smyth County, Virginia","Local Government","Educational services","County, NAICS 3-digit -- by ownership sector","All establishment sizes",1,0,0,0,0,0,0,0
"51173",3,"611",75,0,2007,4,"N","Smyth County, Virginia","Local Government","Educational services","County, NAICS 3-digit -- by ownership sector","All establishment sizes",1,0,0,0,0,0,0,0
"51173",3,6111,76,0,2007,1,"N","Smyth County, Virginia","Local Government","Elementary and secondary schools","County, NAICS 4-digit -- by ownership sector","All establishment sizes",1,0,0,0,0,0,0,0
"51173",3,"6111",76,0,2007,2,"N","Smyth County, Virginia","Local Government","Elementary and secondary schools","County, NAICS 4-digit -- by ownership sector","All establishment sizes",1,0,0,0,0,0,0,0
"51173",3,"6111",76,0,2007,3,"N","Smyth County, Virginia","Local Government","Elementary and secondary schools","County, NAICS 4-digit -- by ownership sector","All establishment sizes",1,0,0,0,0,0,0,0
"51173",3,"6111",76,0,2007,4,"N","Smyth County, Virginia","Local Government","Elementary and secondary schools","County, NAICS 4-digit -- by ownership sector","All establishment sizes",1,0,0,0,0,0,0,0
"51173",3,61111,77,0,2007,1,"N","Smyth County, Virginia","Local Government","Elementary and secondary schools","County, NAICS 5-digit -- by ownership sector","All establishment sizes",1,0,0,0,0,0,0,0
"51173",3,"61111",77,0,2007,2,"N","Smyth County, Virginia","Local Government","Elementary and secondary schools","County, NAICS 5-digit -- by ownership sector","All establishment sizes",1,0,0,0,0,0,0,0
"51173",3,"61111",77,0,2007,3,"N","Smyth County, Virginia","Local Government","Elementary and secondary schools","County, NAICS 5-digit -- by ownership sector","All establishment sizes",1,0,0,0,0,0,0,0
"51173",3,"61111",77,0,2007,4,"N","Smyth County, Virginia","Local Government","Elementary and secondary schools","County, NAICS 5-digit -- by ownership sector","All establishment sizes",1,0,0,0,0,0,0,0
"51173",3,611110,78,0,2007,1,"N","Smyth County, Virginia","Local Government","Elementary and secondary schools","County, NAICS 6-digit -- by ownership sector","All establishment sizes",1,0,0,0,0,0,0,0
"51173",3,"611110",78,0,2007,2,"N","Smyth County, Virginia","Local Government","Elementary and secondary schools","County, NAICS 6-digit -- by ownership sector","All establishment sizes",1,0,0,0,0,0,0,0
"51173",3,"611110",78,0,2007,3,"N","Smyth County, Virginia","Local Government","Elementary and secondary schools","County, NAICS 6-digit -- by ownership sector","All establishment sizes",1,0,0,0,0,0,0,0
"51173",3,"611110",78,0,2007,4,"N","Smyth County, Virginia","Local Government","Elementary and secondary schools","County, NAICS 6-digit -- by ownership sector","All establishment sizes",1,0,0,0,0,0,0,0
"51173",3,62,74,0,2007,1,"N","Smyth County, Virginia","Local Government","Health care and social assistance","County, NAICS Sector -- by ownership sector","All establishment sizes",10,0,0,0,0,0,0,0
"51173",3,"62",74,0,2007,2,"N","Smyth County, Virginia","Local Government","Health care and social assistance","County, NAICS Sector -- by ownership sector","All establishment sizes",10,0,0,0,0,0,0,0
"51173",3,"62",74,0,2007,3,"N","Smyth County, Virginia","Local Government","Health care and social assistance","County, NAICS Sector -- by ownership sector","All establishment sizes",10,0,0,0,0,0,0,0
"51173",3,"62",74,0,2007,4,"N","Smyth County, Virginia","Local Government","Health care and social assistance","County, NAICS Sector -- by ownership sector","All establishment sizes",10,0,0,0,0,0,0,0
"51173",3,621,75,0,2007,1,"","Smyth County, Virginia","Local Government","Ambulatory health care services","County, NAICS 3-digit -- by ownership sector","All establishment sizes",3,99,101,100,858112,597619,3733,660
"51173",3,"621",75,0,2007,2,"","Smyth County, Virginia","Local Government","Ambulatory health care services","County, NAICS 3-digit -- by ownership sector","All establishment sizes",3,99,99,102,914333,220535,1360,703
"51173",3,"621",75,0,2007,3,"","Smyth County, Virginia","Local Government","Ambulatory health care services","County, NAICS 3-digit -- by ownership sector","All establishment sizes",3,98,98,97,854978,66041,419,673
"51173",3,"621",75,0,2007,4,"","Smyth County, Virginia","Local Government","Ambulatory health care services","County, NAICS 3-digit -- by ownership sector","All establishment sizes",3,108,108,118,1032805,75532,473,714
"51173",3,6211,76,0,2007,1,"N","Smyth County, Virginia","Local Government","Offices of physicians","County, NAICS 4-digit -- by ownership sector","All establishment sizes",1,0,0,0,0,0,0,0
"51173",3,"6211",76,0,2007,2,"N","Smyth County, Virginia","Local Government","Offices of physicians","County, NAICS 4-digit -- by ownership sector","All establishment sizes",1,0,0,0,0,0,0,0
"51173",3,"6211",76,0,2007,3,"N","Smyth County, Virginia","Local Government","Offices of physicians","County, NAICS 4-digit -- by ownership sector","All establishment sizes",1,0,0,0,0,0,0,0
"51173",3,"6211",76,0,2007,4,"N","Smyth County, Virginia","Local Government","Offices of physicians","County, NAICS 4-digit -- by ownership sector","All establishment sizes",1,0,0,0,0,0,0,0
"51173",3,62111,77,0,2007,1,"N","Smyth County, Virginia","Local Government","Offices of physicians","County, NAICS 5-digit -- by ownership sector","All establishment sizes",1,0,0,0,0,0,0,0
"51173",3,"62111",77,0,2007,2,"N","Smyth County, Virginia","Local Government","Offices of physicians","County, NAICS 5-digit -- by ownership sector","All establishment sizes",1,0,0,0,0,0,0,0
"51173",3,"62111",77,0,2007,3,"N","Smyth County, Virginia","Local Government","Offices of physicians","County, NAICS 5-digit -- by ownership sector","All establishment sizes",1,0,0,0,0,0,0,0
"51173",3,"62111",77,0,2007,4,"N","Smyth County, Virginia","Local Government","Offices of physicians","County, NAICS 5-digit -- by ownership sector","All establishment sizes",1,0,0,0,0,0,0,0
"51173",3,621111,78,0,2007,1,"N","Smyth County, Virginia","Local Government","Offices of physicians, except mental health","County, NAICS 6-digit -- by ownership sector","All establishment sizes",1,0,0,0,0,0,0,0
"51173",3,"621111",78,0,2007,2,"N","Smyth County, Virginia","Local Government","Offices of physicians, except mental health","County, NAICS 6-digit -- by ownership sector","All establishment sizes",1,0,0,0,0,0,0,0
"51173",3,"621111",78,0,2007,3,"N","Smyth County, Virginia","Local Government","Offices of physicians, except mental health","County, NAICS 6-digit -- by ownership sector","All establishment sizes",1,0,0,0,0,0,0,0
"51173",3,"621111",78,0,2007,4,"N","Smyth County, Virginia","Local Government","Offices of physicians, except mental health","County, NAICS 6-digit -- by ownership sector","All establishment sizes",1,0,0,0,0,0,0,0
"51173",3,6214,76,0,2007,1,"N","Smyth County, Virginia","Local Government","Outpatient care centers","County, NAICS 4-digit -- by ownership sector","All establishment sizes",2,0,0,0,0,0,0,0
"51173",3,"6214",76,0,2007,2,"N","Smyth County, Virginia","Local Government","Outpatient care centers","County, NAICS 4-digit -- by ownership sector","All establishment sizes",2,0,0,0,0,0,0,0
"51173",3,"6214",76,0,2007,3,"N","Smyth County, Virginia","Local Government","Outpatient care centers","County, NAICS 4-digit -- by ownership sector","All establishment sizes",2,0,0,0,0,0,0,0
"51173",3,"6214",76,0,2007,4,"N","Smyth County, Virginia","Local Government","Outpatient care centers","County, NAICS 4-digit -- by ownership sector","All establishment sizes",2,0,0,0,0,0,0,0
"51173",3,62142,77,0,2007,1,"N","Smyth County, Virginia","Local Government","Outpatient mental health centers","County, NAICS 5-digit -- by ownership sector","All establishment sizes",2,0,0,0,0,0,0,0
"51173",3,"62142",77,0,2007,2,"N","Smyth County, Virginia","Local Government","Outpatient mental health centers","County, NAICS 5-digit -- by ownership sector","All establishment sizes",2,0,0,0,0,0,0,0
"51173",3,"62142",77,0,2007,3,"N","Smyth County, Virginia","Local Government","Outpatient mental health centers","County, NAICS 5-digit -- by ownership sector","All establishment sizes",2,0,0,0,0,0,0,0
"51173",3,"62142",77,0,2007,4,"N","Smyth County, Virginia","Local Government","Outpatient mental health centers","County, NAICS 5-digit -- by ownership sector","All establishment sizes",2,0,0,0,0,0,0,0
"51173",3,621420,78,0,2007,1,"N","Smyth County, Virginia","Local Government","Outpatient mental health centers","County, NAICS 6-digit -- by ownership sector","All establishment sizes",2,0,0,0,0,0,0,0
"51173",3,"621420",78,0,2007,2,"N","Smyth County, Virginia","Local Government","Outpatient mental health centers","County, NAICS 6-digit -- by ownership sector","All establishment sizes",2,0,0,0,0,0,0,0
"51173",3,"621420",78,0,2007,3,"N","Smyth County, Virginia","Local Government","Outpatient mental health centers","County, NAICS 6-digit -- by ownership sector","All establishment sizes",2,0,0,0,0,0,0,0
"51173",3,"621420",78,0,2007,4,"N","Smyth County, Virginia","Local Government","Outpatient mental health centers","County, NAICS 6-digit -- by ownership sector","All establishment sizes",2,0,0,0,0,0,0,0
"51173",3,623,75,0,2007,1,"N","Smyth County, Virginia","Local Government","Nursing and residential care facilities","County, NAICS 3-digit -- by ownership sector","All establishment sizes",1,0,0,0,0,0,0,0
"51173",3,"623",75,0,2007,2,"N","Smyth County, Virginia","Local Government","Nursing and residential care facilities","County, NAICS 3-digit -- by ownership sector","All establishment sizes",1,0,0,0,0,0,0,0
"51173",3,"623",75,0,2007,3,"N","Smyth County, Virginia","Local Government","Nursing and residential care facilities","County, NAICS 3-digit -- by ownership sector","All establishment sizes",1,0,0,0,0,0,0,0
"51173",3,"623",75,0,2007,4,"N","Smyth County, Virginia","Local Government","Nursing and residential care facilities","County, NAICS 3-digit -- by ownership sector","All establishment sizes",1,0,0,0,0,0,0,0
"51173",3,6232,76,0,2007,1,"N","Smyth County, Virginia","Local Government","Residential mental health facilities","County, NAICS 4-digit -- by ownership sector","All establishment sizes",1,0,0,0,0,0,0,0
"51173",3,"6232",76,0,2007,2,"N","Smyth County, Virginia","Local Government","Residential mental health facilities","County, NAICS 4-digit -- by ownership sector","All establishment sizes",1,0,0,0,0,0,0,0
"51173",3,"6232",76,0,2007,3,"N","Smyth County, Virginia","Local Government","Residential mental health facilities","County, NAICS 4-digit -- by ownership sector","All establishment sizes",1,0,0,0,0,0,0,0
"51173",3,"6232",76,0,2007,4,"N","Smyth County, Virginia","Local Government","Residential mental health facilities","County, NAICS 4-digit -- by ownership sector","All establishment sizes",1,0,0,0,0,0,0,0
"51173",3,62321,77,0,2007,1,"N","Smyth County, Virginia","Local Government","Residential mental retardation facilities","County, NAICS 5-digit -- by ownership sector","All establishment sizes",1,0,0,0,0,0,0,0
"51173",3,"62321",77,0,2007,2,"N","Smyth County, Virginia","Local Government","Residential mental retardation facilities","County, NAICS 5-digit -- by ownership sector","All establishment sizes",1,0,0,0,0,0,0,0
"51173",3,"62321",77,0,2007,3,"N","Smyth County, Virginia","Local Government","Residential mental retardation facilities","County, NAICS 5-digit -- by ownership sector","All establishment sizes",1,0,0,0,0,0,0,0
"51173",3,"62321",77,0,2007,4,"N","Smyth County, Virginia","Local Government","Residential mental retardation facilities","County, NAICS 5-digit -- by ownership sector","All establishment sizes",1,0,0,0,0,0,0,0
"51173",3,623210,78,0,2007,1,"N","Smyth County, Virginia","Local Government","Residential mental retardation facilities","County, NAICS 6-digit -- by ownership sector","All establishment sizes",1,0,0,0,0,0,0,0
"51173",3,"623210",78,0,2007,2,"N","Smyth County, Virginia","Local Government","Residential mental retardation facilities","County, NAICS 6-digit -- by ownership sector","All establishment sizes",1,0,0,0,0,0,0,0
"51173",3,"623210",78,0,2007,3,"N","Smyth County, Virginia","Local Government","Residential mental retardation facilities","County, NAICS 6-digit -- by ownership sector","All establishment sizes",1,0,0,0,0,0,0,0
"51173",3,"623210",78,0,2007,4,"N","Smyth County, Virginia","Local Government","Residential mental retardation facilities","County, NAICS 6-digit -- by ownership sector","All establishment sizes",1,0,0,0,0,0,0,0
"51173",3,624,75,0,2007,1,"","Smyth County, Virginia","Local Government","Social assistance","County, NAICS 3-digit -- by ownership sector","All establishment sizes",6,297,305,317,1541135,906985,7631,387
"51173",3,"624",75,0,2007,2,"","Smyth County, Virginia","Local Government","Social assistance","County, NAICS 3-digit -- by ownership sector","All establishment sizes",6,322,323,319,1546107,404478,3614,370
"51173",3,"624",75,0,2007,3,"","Smyth County, Virginia","Local Government","Social assistance","County, NAICS 3-digit -- by ownership sector","All establishment sizes",6,318,316,325,1588641,239090,2163,382
"51173",3,"624",75,0,2007,4,"","Smyth County, Virginia","Local Government","Social assistance","County, NAICS 3-digit -- by ownership sector","All establishment sizes",6,333,335,333,1609832,135413,1184,371
"51173",3,6241,76,0,2007,1,"N","Smyth County, Virginia","Local Government","Individual and family services","County, NAICS 4-digit -- by ownership sector","All establishment sizes",5,0,0,0,0,0,0,0
"51173",3,"6241",76,0,2007,2,"N","Smyth County, Virginia","Local Government","Individual and family services","County, NAICS 4-digit -- by ownership sector","All establishment sizes",5,0,0,0,0,0,0,0
"51173",3,"6241",76,0,2007,3,"N","Smyth County, Virginia","Local Government","Individual and family services","County, NAICS 4-digit -- by ownership sector","All establishment sizes",5,0,0,0,0,0,0,0
"51173",3,"6241",76,0,2007,4,"N","Smyth County, Virginia","Local Government","Individual and family services","County, NAICS 4-digit -- by ownership sector","All establishment sizes",5,0,0,0,0,0,0,0
"51173",3,62411,77,0,2007,1,"N","Smyth County, Virginia","Local Government","Child and youth services","County, NAICS 5-digit -- by ownership sector","All establishment sizes",2,0,0,0,0,0,0,0
"51173",3,"62411",77,0,2007,2,"N","Smyth County, Virginia","Local Government","Child and youth services","County, NAICS 5-digit -- by ownership sector","All establishment sizes",2,0,0,0,0,0,0,0
"51173",3,"62411",77,0,2007,3,"N","Smyth County, Virginia","Local Government","Child and youth services","County, NAICS 5-digit -- by ownership sector","All establishment sizes",2,0,0,0,0,0,0,0
"51173",3,"62411",77,0,2007,4,"N","Smyth County, Virginia","Local Government","Child and youth services","County, NAICS 5-digit -- by ownership sector","All establishment sizes",2,0,0,0,0,0,0,0
"51173",3,624110,78,0,2007,1,"N","Smyth County, Virginia","Local Government","Child and youth services","County, NAICS 6-digit -- by ownership sector","All establishment sizes",2,0,0,0,0,0,0,0
"51173",3,"624110",78,0,2007,2,"N","Smyth County, Virginia","Local Government","Child and youth services","County, NAICS 6-digit -- by ownership sector","All establishment sizes",2,0,0,0,0,0,0,0
"51173",3,"624110",78,0,2007,3,"N","Smyth County, Virginia","Local Government","Child and youth services","County, NAICS 6-digit -- by ownership sector","All establishment sizes",2,0,0,0,0,0,0,0
"51173",3,"624110",78,0,2007,4,"N","Smyth County, Virginia","Local Government","Child and youth services","County, NAICS 6-digit -- by ownership sector","All establishment sizes",2,0,0,0,0,0,0,0
"51173",3,62412,77,0,2007,1,"N","Smyth County, Virginia","Local Government","Services for the elderly and disabled","County, NAICS 5-digit -- by ownership sector","All establishment sizes",2,0,0,0,0,0,0,0
"51173",3,"62412",77,0,2007,2,"N","Smyth County, Virginia","Local Government","Services for the elderly and disabled","County, NAICS 5-digit -- by ownership sector","All establishment sizes",2,0,0,0,0,0,0,0
"51173",3,"62412",77,0,2007,3,"N","Smyth County, Virginia","Local Government","Services for the elderly and disabled","County, NAICS 5-digit -- by ownership sector","All establishment sizes",2,0,0,0,0,0,0,0
"51173",3,"62412",77,0,2007,4,"N","Smyth County, Virginia","Local Government","Services for the elderly and disabled","County, NAICS 5-digit -- by ownership sector","All establishment sizes",2,0,0,0,0,0,0,0
"51173",3,624120,78,0,2007,1,"N","Smyth County, Virginia","Local Government","Services for the elderly and disabled","County, NAICS 6-digit -- by ownership sector","All establishment sizes",2,0,0,0,0,0,0,0
"51173",3,"624120",78,0,2007,2,"N","Smyth County, Virginia","Local Government","Services for the elderly and disabled","County, NAICS 6-digit -- by ownership sector","All establishment sizes",2,0,0,0,0,0,0,0
"51173",3,"624120",78,0,2007,3,"N","Smyth County, Virginia","Local Government","Services for the elderly and disabled","County, NAICS 6-digit -- by ownership sector","All establishment sizes",2,0,0,0,0,0,0,0
"51173",3,"624120",78,0,2007,4,"N","Smyth County, Virginia","Local Government","Services for the elderly and disabled","County, NAICS 6-digit -- by ownership sector","All establishment sizes",2,0,0,0,0,0,0,0
"51173",3,62419,77,0,2007,1,"N","Smyth County, Virginia","Local Government","Other individual and family services","County, NAICS 5-digit -- by ownership sector","All establishment sizes",1,0,0,0,0,0,0,0
"51173",3,"62419",77,0,2007,2,"N","Smyth County, Virginia","Local Government","Other individual and family services","County, NAICS 5-digit -- by ownership sector","All establishment sizes",1,0,0,0,0,0,0,0
"51173",3,"62419",77,0,2007,3,"N","Smyth County, Virginia","Local Government","Other individual and family services","County, NAICS 5-digit -- by ownership sector","All establishment sizes",1,0,0,0,0,0,0,0
"51173",3,"62419",77,0,2007,4,"N","Smyth County, Virginia","Local Government","Other individual and family services","County, NAICS 5-digit -- by ownership sector","All establishment sizes",1,0,0,0,0,0,0,0
"51173",3,624190,78,0,2007,1,"N","Smyth County, Virginia","Local Government","Other individual and family services","County, NAICS 6-digit -- by ownership sector","All establishment sizes",1,0,0,0,0,0,0,0
"51173",3,"624190",78,0,2007,2,"N","Smyth County, Virginia","Local Government","Other individual and family services","County, NAICS 6-digit -- by ownership sector","All establishment sizes",1,0,0,0,0,0,0,0
"51173",3,"624190",78,0,2007,3,"N","Smyth County, Virginia","Local Government","Other individual and family services","County, NAICS 6-digit -- by ownership sector","All establishment sizes",1,0,0,0,0,0,0,0
"51173",3,"624190",78,0,2007,4,"N","Smyth County, Virginia","Local Government","Other individual and family services","County, NAICS 6-digit -- by ownership sector","All establishment sizes",1,0,0,0,0,0,0,0
"51173",3,6243,76,0,2007,1,"N","Smyth County, Virginia","Local Government","Vocational rehabilitation services","County, NAICS 4-digit -- by ownership sector","All establishment sizes",1,0,0,0,0,0,0,0
"51173",3,"6243",76,0,2007,2,"N","Smyth County, Virginia","Local Government","Vocational rehabilitation services","County, NAICS 4-digit -- by ownership sector","All establishment sizes",1,0,0,0,0,0,0,0
"51173",3,"6243",76,0,2007,3,"N","Smyth County, Virginia","Local Government","Vocational rehabilitation services","County, NAICS 4-digit -- by ownership sector","All establishment sizes",1,0,0,0,0,0,0,0
"51173",3,"6243",76,0,2007,4,"N","Smyth County, Virginia","Local Government","Vocational rehabilitation services","County, NAICS 4-digit -- by ownership sector","All establishment sizes",1,0,0,0,0,0,0,0
"51173",3,62431,77,0,2007,1,"N","Smyth County, Virginia","Local Government","Vocational rehabilitation services","County, NAICS 5-digit -- by ownership sector","All establishment sizes",1,0,0,0,0,0,0,0
"51173",3,"62431",77,0,2007,2,"N","Smyth County, Virginia","Local Government","Vocational rehabilitation services","County, NAICS 5-digit -- by ownership sector","All establishment sizes",1,0,0,0,0,0,0,0
"51173",3,"62431",77,0,2007,3,"N","Smyth County, Virginia","Local Government","Vocational rehabilitation services","County, NAICS 5-digit -- by ownership sector","All establishment sizes",1,0,0,0,0,0,0,0
"51173",3,"62431",77,0,2007,4,"N","Smyth County, Virginia","Local Government","Vocational rehabilitation services","County, NAICS 5-digit -- by ownership sector","All establishment sizes",1,0,0,0,0,0,0,0
"51173",3,624310,78,0,2007,1,"N","Smyth County, Virginia","Local Government","Vocational rehabilitation services","County, NAICS 6-digit -- by ownership sector","All establishment sizes",1,0,0,0,0,0,0,0
"51173",3,"624310",78,0,2007,2,"N","Smyth County, Virginia","Local Government","Vocational rehabilitation services","County, NAICS 6-digit -- by ownership sector","All establishment sizes",1,0,0,0,0,0,0,0
"51173",3,"624310",78,0,2007,3,"N","Smyth County, Virginia","Local Government","Vocational rehabilitation services","County, NAICS 6-digit -- by ownership sector","All establishment sizes",1,0,0,0,0,0,0,0
"51173",3,"624310",78,0,2007,4,"N","Smyth County, Virginia","Local Government","Vocational rehabilitation services","County, NAICS 6-digit -- by ownership sector","All establishment sizes",1,0,0,0,0,0,0,0
"51173",3,81,74,0,2007,1,"N","Smyth County, Virginia","Local Government","Other services, except public administration","County, NAICS Sector -- by ownership sector","All establishment sizes",1,0,0,0,0,0,0,0
"51173",3,"81",74,0,2007,2,"N","Smyth County, Virginia","Local Government","Other services, except public administration","County, NAICS Sector -- by ownership sector","All establishment sizes",1,0,0,0,0,0,0,0
"51173",3,"81",74,0,2007,3,"N","Smyth County, Virginia","Local Government","Other services, except public administration","County, NAICS Sector -- by ownership sector","All establishment sizes",1,0,0,0,0,0,0,0
"51173",3,"81",74,0,2007,4,"N","Smyth County, Virginia","Local Government","Other services, except public administration","County, NAICS Sector -- by ownership sector","All establishment sizes",1,0,0,0,0,0,0,0
"51173",3,812,75,0,2007,1,"N","Smyth County, Virginia","Local Government","Personal and laundry services","County, NAICS 3-digit -- by ownership sector","All establishment sizes",1,0,0,0,0,0,0,0
"51173",3,"812",75,0,2007,2,"N","Smyth County, Virginia","Local Government","Personal and laundry services","County, NAICS 3-digit -- by ownership sector","All establishment sizes",1,0,0,0,0,0,0,0
"51173",3,"812",75,0,2007,3,"N","Smyth County, Virginia","Local Government","Personal and laundry services","County, NAICS 3-digit -- by ownership sector","All establishment sizes",1,0,0,0,0,0,0,0
"51173",3,"812",75,0,2007,4,"N","Smyth County, Virginia","Local Government","Personal and laundry services","County, NAICS 3-digit -- by ownership sector","All establishment sizes",1,0,0,0,0,0,0,0
"51173",3,8129,76,0,2007,1,"N","Smyth County, Virginia","Local Government","Other personal services","County, NAICS 4-digit -- by ownership sector","All establishment sizes",1,0,0,0,0,0,0,0
"51173",3,"8129",76,0,2007,2,"N","Smyth County, Virginia","Local Government","Other personal services","County, NAICS 4-digit -- by ownership sector","All establishment sizes",1,0,0,0,0,0,0,0
"51173",3,"8129",76,0,2007,3,"N","Smyth County, Virginia","Local Government","Other personal services","County, NAICS 4-digit -- by ownership sector","All establishment sizes",1,0,0,0,0,0,0,0
"51173",3,"8129",76,0,2007,4,"N","Smyth County, Virginia","Local Government","Other personal services","County, NAICS 4-digit -- by ownership sector","All establishment sizes",1,0,0,0,0,0,0,0
"51173",3,81291,77,0,2007,1,"N","Smyth County, Virginia","Local Government","Pet care, except veterinary, services","County, NAICS 5-digit -- by ownership sector","All establishment sizes",1,0,0,0,0,0,0,0
"51173",3,"81291",77,0,2007,2,"N","Smyth County, Virginia","Local Government","Pet care, except veterinary, services","County, NAICS 5-digit -- by ownership sector","All establishment sizes",1,0,0,0,0,0,0,0
"51173",3,"81291",77,0,2007,3,"N","Smyth County, Virginia","Local Government","Pet care, except veterinary, services","County, NAICS 5-digit -- by ownership sector","All establishment sizes",1,0,0,0,0,0,0,0
"51173",3,"81291",77,0,2007,4,"N","Smyth County, Virginia","Local Government","Pet care, except veterinary, services","County, NAICS 5-digit -- by ownership sector","All establishment sizes",1,0,0,0,0,0,0,0
"51173",3,812910,78,0,2007,1,"N","Smyth County, Virginia","Local Government","Pet care, except veterinary, services","County, NAICS 6-digit -- by ownership sector","All establishment sizes",1,0,0,0,0,0,0,0
"51173",3,"812910",78,0,2007,2,"N","Smyth County, Virginia","Local Government","Pet care, except veterinary, services","County, NAICS 6-digit -- by ownership sector","All establishment sizes",1,0,0,0,0,0,0,0
"51173",3,"812910",78,0,2007,3,"N","Smyth County, Virginia","Local Government","Pet care, except veterinary, services","County, NAICS 6-digit -- by ownership sector","All establishment sizes",1,0,0,0,0,0,0,0
"51173",3,"812910",78,0,2007,4,"N","Smyth County, Virginia","Local Government","Pet care, except veterinary, services","County, NAICS 6-digit -- by ownership sector","All establishment sizes",1,0,0,0,0,0,0,0
"51173",3,92,74,0,2007,1,"","Smyth County, Virginia","Local Government","Public Administration","County, NAICS Sector -- by ownership sector","All establishment sizes",15,279,282,288,1963675,1090789,9762,534
"51173",3,"92",74,0,2007,2,"","Smyth County, Virginia","Local Government","Public Administration","County, NAICS Sector -- by ownership sector","All establishment sizes",15,299,298,328,2115310,299434,2009,528
"51173",3,"92",74,0,2007,3,"","Smyth County, Virginia","Local Government","Public Administration","County, NAICS Sector -- by ownership sector","All establishment sizes",16,335,336,315,2153888,142817,792,504
"51173",3,"92",74,0,2007,4,"","Smyth County, Virginia","Local Government","Public Administration","County, NAICS Sector -- by ownership sector","All establishment sizes",16,308,304,301,2214128,87671,415,560
"51173",3,921,75,0,2007,1,"","Smyth County, Virginia","Local Government","Executive, legislative and general government","County, NAICS 3-digit -- by ownership sector","All establishment sizes",6,168,172,175,1118153,889048,4411,501
"51173",3,"921",75,0,2007,2,"","Smyth County, Virginia","Local Government","Executive, legislative and general government","County, NAICS 3-digit -- by ownership sector","All establishment sizes",6,183,183,209,1230951,271749,1323,494
"51173",3,"921",75,0,2007,3,"","Smyth County, Virginia","Local Government","Executive, legislative and general government","County, NAICS 3-digit -- by ownership sector","All establishment sizes",6,215,216,195,1239071,134449,556,457
"51173",3,"921",75,0,2007,4,"","Smyth County, Virginia","Local Government","Executive, legislative and general government","County, NAICS 3-digit -- by ownership sector","All establishment sizes",6,189,184,181,1277883,82658,321,532
"51173",3,9211,76,0,2007,1,"","Smyth County, Virginia","Local Government","Executive, legislative and general government","County, NAICS 4-digit -- by ownership sector","All establishment sizes",6,168,172,175,1118153,889048,4411,501
"51173",3,"9211",76,0,2007,2,"","Smyth County, Virginia","Local Government","Executive, legislative and general government","County, NAICS 4-digit -- by ownership sector","All establishment sizes",6,183,183,209,1230951,271749,1323,494
"51173",3,"9211",76,0,2007,3,"","Smyth County, Virginia","Local Government","Executive, legislative and general government","County, NAICS 4-digit -- by ownership sector","All establishment sizes",6,215,216,195,1239071,134449,556,457
"51173",3,"9211",76,0,2007,4,"","Smyth County, Virginia","Local Government","Executive, legislative and general government","County, NAICS 4-digit -- by ownership sector","All establishment sizes",6,189,184,181,1277883,82658,321,532
"51173",3,92111,77,0,2007,1,"N","Smyth County, Virginia","Local Government","Executive offices","County, NAICS 5-digit -- by ownership sector","All establishment sizes",1,0,0,0,0,0,0,0
"51173",3,"92111",77,0,2007,2,"N","Smyth County, Virginia","Local Government","Executive offices","County, NAICS 5-digit -- by ownership sector","All establishment sizes",1,0,0,0,0,0,0,0
"51173",3,"92111",77,0,2007,3,"N","Smyth County, Virginia","Local Government","Executive offices","County, NAICS 5-digit -- by ownership sector","All establishment sizes",1,0,0,0,0,0,0,0
"51173",3,"92111",77,0,2007,4,"N","Smyth County, Virginia","Local Government","Executive offices","County, NAICS 5-digit -- by ownership sector","All establishment sizes",1,0,0,0,0,0,0,0
"51173",3,921110,78,0,2007,1,"N","Smyth County, Virginia","Local Government","Executive offices","County, NAICS 6-digit -- by ownership sector","All establishment sizes",1,0,0,0,0,0,0,0
"51173",3,"921110",78,0,2007,2,"N","Smyth County, Virginia","Local Government","Executive offices","County, NAICS 6-digit -- by ownership sector","All establishment sizes",1,0,0,0,0,0,0,0
"51173",3,"921110",78,0,2007,3,"N","Smyth County, Virginia","Local Government","Executive offices","County, NAICS 6-digit -- by ownership sector","All establishment sizes",1,0,0,0,0,0,0,0
"51173",3,"921110",78,0,2007,4,"N","Smyth County, Virginia","Local Government","Executive offices","County, NAICS 6-digit -- by ownership sector","All establishment sizes",1,0,0,0,0,0,0,0
"51173",3,92113,77,0,2007,1,"N","Smyth County, Virginia","Local Government","Public finance activities","County, NAICS 5-digit -- by ownership sector","All establishment sizes",1,0,0,0,0,0,0,0
"51173",3,"92113",77,0,2007,2,"N","Smyth County, Virginia","Local Government","Public finance activities","County, NAICS 5-digit -- by ownership sector","All establishment sizes",1,0,0,0,0,0,0,0
"51173",3,"92113",77,0,2007,3,"N","Smyth County, Virginia","Local Government","Public finance activities","County, NAICS 5-digit -- by ownership sector","All establishment sizes",1,0,0,0,0,0,0,0
"51173",3,"92113",77,0,2007,4,"N","Smyth County, Virginia","Local Government","Public finance activities","County, NAICS 5-digit -- by ownership sector","All establishment sizes",1,0,0,0,0,0,0,0
"51173",3,921130,78,0,2007,1,"N","Smyth County, Virginia","Local Government","Public finance activities","County, NAICS 6-digit -- by ownership sector","All establishment sizes",1,0,0,0,0,0,0,0
"51173",3,"921130",78,0,2007,2,"N","Smyth County, Virginia","Local Government","Public finance activities","County, NAICS 6-digit -- by ownership sector","All establishment sizes",1,0,0,0,0,0,0,0
"51173",3,"921130",78,0,2007,3,"N","Smyth County, Virginia","Local Government","Public finance activities","County, NAICS 6-digit -- by ownership sector","All establishment sizes",1,0,0,0,0,0,0,0
"51173",3,"921130",78,0,2007,4,"N","Smyth County, Virginia","Local Government","Public finance activities","County, NAICS 6-digit -- by ownership sector","All establishment sizes",1,0,0,0,0,0,0,0
"51173",3,92119,77,0,2007,1,"","Smyth County, Virginia","Local Government","Other general government support","County, NAICS 5-digit -- by ownership sector","All establishment sizes",4,154,157,160,1003594,889048,4411,492
"51173",3,"92119",77,0,2007,2,"","Smyth County, Virginia","Local Government","Other general government support","County, NAICS 5-digit -- by ownership sector","All establishment sizes",4,169,168,194,1115653,271749,1323,485
"51173",3,"92119",77,0,2007,3,"","Smyth County, Virginia","Local Government","Other general government support","County, NAICS 5-digit -- by ownership sector","All establishment sizes",4,201,202,182,1125187,134449,556,444
"51173",3,"92119",77,0,2007,4,"","Smyth County, Virginia","Local Government","Other general government support","County, NAICS 5-digit -- by ownership sector","All establishment sizes",4,176,171,168,1165260,82658,321,522
"51173",3,921190,78,0,2007,1,"","Smyth County, Virginia","Local Government","Other general government support","County, NAICS 6-digit -- by ownership sector","All establishment sizes",4,154,157,160,1003594,889048,4411,492
"51173",3,"921190",78,0,2007,2,"","Smyth County, Virginia","Local Government","Other general government support","County, NAICS 6-digit -- by ownership sector","All establishment sizes",4,169,168,194,1115653,271749,1323,485
"51173",3,"921190",78,0,2007,3,"","Smyth County, Virginia","Local Government","Other general government support","County, NAICS 6-digit -- by ownership sector","All establishment sizes",4,201,202,182,1125187,134449,556,444
"51173",3,"921190",78,0,2007,4,"","Smyth County, Virginia","Local Government","Other general government support","County, NAICS 6-digit -- by ownership sector","All establishment sizes",4,176,171,168,1165260,82658,321,522
"51173",3,922,75,0,2007,1,"","Smyth County, Virginia","Local Government","Justice, public order, and safety activities","County, NAICS 3-digit -- by ownership sector","All establishment sizes",4,76,74,77,528901,0,0,538
"51173",3,"922",75,0,2007,2,"","Smyth County, Virginia","Local Government","Justice, public order, and safety activities","County, NAICS 3-digit -- by ownership sector","All establishment sizes",4,79,76,80,545080,0,0,535
"51173",3,"922",75,0,2007,3,"","Smyth County, Virginia","Local Government","Justice, public order, and safety activities","County, NAICS 3-digit -- by ownership sector","All establishment sizes",4,82,80,80,558394,0,0,532
"51173",3,"922",75,0,2007,4,"","Smyth County, Virginia","Local Government","Justice, public order, and safety activities","County, NAICS 3-digit -- by ownership sector","All establishment sizes",4,78,78,78,563892,0,0,556
"51173",3,9221,76,0,2007,1,"","Smyth County, Virginia","Local Government","Justice, public order, and safety activities","County, NAICS 4-digit -- by ownership sector","All establishment sizes",4,76,74,77,528901,0,0,538
"51173",3,"9221",76,0,2007,2,"","Smyth County, Virginia","Local Government","Justice, public order, and safety activities","County, NAICS 4-digit -- by ownership sector","All establishment sizes",4,79,76,80,545080,0,0,535
"51173",3,"9221",76,0,2007,3,"","Smyth County, Virginia","Local Government","Justice, public order, and safety activities","County, NAICS 4-digit -- by ownership sector","All establishment sizes",4,82,80,80,558394,0,0,532
"51173",3,"9221",76,0,2007,4,"","Smyth County, Virginia","Local Government","Justice, public order, and safety activities","County, NAICS 4-digit -- by ownership sector","All establishment sizes",4,78,78,78,563892,0,0,556
"51173",3,92211,77,0,2007,1,"N","Smyth County, Virginia","Local Government","Courts","County, NAICS 5-digit -- by ownership sector","All establishment sizes",1,0,0,0,0,0,0,0
"51173",3,"92211",77,0,2007,2,"N","Smyth County, Virginia","Local Government","Courts","County, NAICS 5-digit -- by ownership sector","All establishment sizes",1,0,0,0,0,0,0,0
"51173",3,"92211",77,0,2007,3,"N","Smyth County, Virginia","Local Government","Courts","County, NAICS 5-digit -- by ownership sector","All establishment sizes",1,0,0,0,0,0,0,0
"51173",3,"92211",77,0,2007,4,"N","Smyth County, Virginia","Local Government","Courts","County, NAICS 5-digit -- by ownership sector","All establishment sizes",1,0,0,0,0,0,0,0
"51173",3,922110,78,0,2007,1,"N","Smyth County, Virginia","Local Government","Courts","County, NAICS 6-digit -- by ownership sector","All establishment sizes",1,0,0,0,0,0,0,0
"51173",3,"922110",78,0,2007,2,"N","Smyth County, Virginia","Local Government","Courts","County, NAICS 6-digit -- by ownership sector","All establishment sizes",1,0,0,0,0,0,0,0
"51173",3,"922110",78,0,2007,3,"N","Smyth County, Virginia","Local Government","Courts","County, NAICS 6-digit -- by ownership sector","All establishment sizes",1,0,0,0,0,0,0,0
"51173",3,"922110",78,0,2007,4,"N","Smyth County, Virginia","Local Government","Courts","County, NAICS 6-digit -- by ownership sector","All establishment sizes",1,0,0,0,0,0,0,0
"51173",3,92212,77,0,2007,1,"N","Smyth County, Virginia","Local Government","Police protection","County, NAICS 5-digit -- by ownership sector","All establishment sizes",1,0,0,0,0,0,0,0
"51173",3,"92212",77,0,2007,2,"N","Smyth County, Virginia","Local Government","Police protection","County, NAICS 5-digit -- by ownership sector","All establishment sizes",1,0,0,0,0,0,0,0
"51173",3,"92212",77,0,2007,3,"N","Smyth County, Virginia","Local Government","Police protection","County, NAICS 5-digit -- by ownership sector","All establishment sizes",1,0,0,0,0,0,0,0
"51173",3,"92212",77,0,2007,4,"N","Smyth County, Virginia","Local Government","Police protection","County, NAICS 5-digit -- by ownership sector","All establishment sizes",1,0,0,0,0,0,0,0
"51173",3,922120,78,0,2007,1,"N","Smyth County, Virginia","Local Government","Police protection","County, NAICS 6-digit -- by ownership sector","All establishment sizes",1,0,0,0,0,0,0,0
"51173",3,"922120",78,0,2007,2,"N","Smyth County, Virginia","Local Government","Police protection","County, NAICS 6-digit -- by ownership sector","All establishment sizes",1,0,0,0,0,0,0,0
"51173",3,"922120",78,0,2007,3,"N","Smyth County, Virginia","Local Government","Police protection","County, NAICS 6-digit -- by ownership sector","All establishment sizes",1,0,0,0,0,0,0,0
"51173",3,"922120",78,0,2007,4,"N","Smyth County, Virginia","Local Government","Police protection","County, NAICS 6-digit -- by ownership sector","All establishment sizes",1,0,0,0,0,0,0,0
"51173",3,92213,77,0,2007,1,"N","Smyth County, Virginia","Local Government","Legal counsel and prosecution","County, NAICS 5-digit -- by ownership sector","All establishment sizes",1,0,0,0,0,0,0,0
"51173",3,"92213",77,0,2007,2,"N","Smyth County, Virginia","Local Government","Legal counsel and prosecution","County, NAICS 5-digit -- by ownership sector","All establishment sizes",1,0,0,0,0,0,0,0
"51173",3,"92213",77,0,2007,3,"N","Smyth County, Virginia","Local Government","Legal counsel and prosecution","County, NAICS 5-digit -- by ownership sector","All establishment sizes",1,0,0,0,0,0,0,0
"51173",3,"92213",77,0,2007,4,"N","Smyth County, Virginia","Local Government","Legal counsel and prosecution","County, NAICS 5-digit -- by ownership sector","All establishment sizes",1,0,0,0,0,0,0,0
"51173",3,922130,78,0,2007,1,"N","Smyth County, Virginia","Local Government","Legal counsel and prosecution","County, NAICS 6-digit -- by ownership sector","All establishment sizes",1,0,0,0,0,0,0,0
"51173",3,"922130",78,0,2007,2,"N","Smyth County, Virginia","Local Government","Legal counsel and prosecution","County, NAICS 6-digit -- by ownership sector","All establishment sizes",1,0,0,0,0,0,0,0
"51173",3,"922130",78,0,2007,3,"N","Smyth County, Virginia","Local Government","Legal counsel and prosecution","County, NAICS 6-digit -- by ownership sector","All establishment sizes",1,0,0,0,0,0,0,0
"51173",3,"922130",78,0,2007,4,"N","Smyth County, Virginia","Local Government","Legal counsel and prosecution","County, NAICS 6-digit -- by ownership sector","All establishment sizes",1,0,0,0,0,0,0,0
"51173",3,92219,77,0,2007,1,"N","Smyth County, Virginia","Local Government","Other justice and safety activities","County, NAICS 5-digit -- by ownership sector","All establishment sizes",1,0,0,0,0,0,0,0
"51173",3,"92219",77,0,2007,2,"N","Smyth County, Virginia","Local Government","Other justice and safety activities","County, NAICS 5-digit -- by ownership sector","All establishment sizes",1,0,0,0,0,0,0,0
"51173",3,"92219",77,0,2007,3,"N","Smyth County, Virginia","Local Government","Other justice and safety activities","County, NAICS 5-digit -- by ownership sector","All establishment sizes",1,0,0,0,0,0,0,0
"51173",3,"92219",77,0,2007,4,"N","Smyth County, Virginia","Local Government","Other justice and safety activities","County, NAICS 5-digit -- by ownership sector","All establishment sizes",1,0,0,0,0,0,0,0
"51173",3,922190,78,0,2007,1,"N","Smyth County, Virginia","Local Government","Other justice and safety activities","County, NAICS 6-digit -- by ownership sector","All establishment sizes",1,0,0,0,0,0,0,0
"51173",3,"922190",78,0,2007,2,"N","Smyth County, Virginia","Local Government","Other justice and safety activities","County, NAICS 6-digit -- by ownership sector","All establishment sizes",1,0,0,0,0,0,0,0
"51173",3,"922190",78,0,2007,3,"N","Smyth County, Virginia","Local Government","Other justice and safety activities","County, NAICS 6-digit -- by ownership sector","All establishment sizes",1,0,0,0,0,0,0,0
"51173",3,"922190",78,0,2007,4,"N","Smyth County, Virginia","Local Government","Other justice and safety activities","County, NAICS 6-digit -- by ownership sector","All establishment sizes",1,0,0,0,0,0,0,0
"51173",3,924,75,0,2007,1,"N","Smyth County, Virginia","Local Government","Administration of environmental programs","County, NAICS 3-digit -- by ownership sector","All establishment sizes",1,0,0,0,0,0,0,0
"51173",3,"924",75,0,2007,2,"N","Smyth County, Virginia","Local Government","Administration of environmental programs","County, NAICS 3-digit -- by ownership sector","All establishment sizes",1,0,0,0,0,0,0,0
"51173",3,"924",75,0,2007,3,"N","Smyth County, Virginia","Local Government","Administration of environmental programs","County, NAICS 3-digit -- by ownership sector","All establishment sizes",1,0,0,0,0,0,0,0
"51173",3,"924",75,0,2007,4,"N","Smyth County, Virginia","Local Government","Administration of environmental programs","County, NAICS 3-digit -- by ownership sector","All establishment sizes",1,0,0,0,0,0,0,0
"51173",3,9241,76,0,2007,1,"N","Smyth County, Virginia","Local Government","Administration of environmental programs","County, NAICS 4-digit -- by ownership sector","All establishment sizes",1,0,0,0,0,0,0,0
"51173",3,"9241",76,0,2007,2,"N","Smyth County, Virginia","Local Government","Administration of environmental programs","County, NAICS 4-digit -- by ownership sector","All establishment sizes",1,0,0,0,0,0,0,0
"51173",3,"9241",76,0,2007,3,"N","Smyth County, Virginia","Local Government","Administration of environmental programs","County, NAICS 4-digit -- by ownership sector","All establishment sizes",1,0,0,0,0,0,0,0
"51173",3,"9241",76,0,2007,4,"N","Smyth County, Virginia","Local Government","Administration of environmental programs","County, NAICS 4-digit -- by ownership sector","All establishment sizes",1,0,0,0,0,0,0,0
"51173",3,92412,77,0,2007,1,"N","Smyth County, Virginia","Local Government","Administration of conservation programs","County, NAICS 5-digit -- by ownership sector","All establishment sizes",1,0,0,0,0,0,0,0
"51173",3,"92412",77,0,2007,2,"N","Smyth County, Virginia","Local Government","Administration of conservation programs","County, NAICS 5-digit -- by ownership sector","All establishment sizes",1,0,0,0,0,0,0,0
"51173",3,"92412",77,0,2007,3,"N","Smyth County, Virginia","Local Government","Administration of conservation programs","County, NAICS 5-digit -- by ownership sector","All establishment sizes",1,0,0,0,0,0,0,0
"51173",3,"92412",77,0,2007,4,"N","Smyth County, Virginia","Local Government","Administration of conservation programs","County, NAICS 5-digit -- by ownership sector","All establishment sizes",1,0,0,0,0,0,0,0
"51173",3,924120,78,0,2007,1,"N","Smyth County, Virginia","Local Government","Administration of conservation programs","County, NAICS 6-digit -- by ownership sector","All establishment sizes",1,0,0,0,0,0,0,0
"51173",3,"924120",78,0,2007,2,"N","Smyth County, Virginia","Local Government","Administration of conservation programs","County, NAICS 6-digit -- by ownership sector","All establishment sizes",1,0,0,0,0,0,0,0
"51173",3,"924120",78,0,2007,3,"N","Smyth County, Virginia","Local Government","Administration of conservation programs","County, NAICS 6-digit -- by ownership sector","All establishment sizes",1,0,0,0,0,0,0,0
"51173",3,"924120",78,0,2007,4,"N","Smyth County, Virginia","Local Government","Administration of conservation programs","County, NAICS 6-digit -- by ownership sector","All establishment sizes",1,0,0,0,0,0,0,0
"51173",3,925,75,0,2007,1,"","Smyth County, Virginia","Local Government","Community and housing program administration","County, NAICS 3-digit -- by ownership sector","All establishment sizes",3,29,30,29,266924,188590,5329,700
"51173",3,"925",75,0,2007,2,"","Smyth County, Virginia","Local Government","Community and housing program administration","County, NAICS 3-digit -- by ownership sector","All establishment sizes",3,30,32,32,282674,24836,681,694
"51173",3,"925",75,0,2007,3,"","Smyth County, Virginia","Local Government","Community and housing program administration","County, NAICS 3-digit -- by ownership sector","All establishment sizes",3,31,31,31,288406,8368,236,716
"51173",3,"925",75,0,2007,4,"","Smyth County, Virginia","Local Government","Community and housing program administration","County, NAICS 3-digit -- by ownership sector","All establishment sizes",3,32,32,32,296718,3339,91,713
"51173",3,9251,76,0,2007,1,"","Smyth County, Virginia","Local Government","Community and housing program administration","County, NAICS 4-digit -- by ownership sector","All establishment sizes",3,29,30,29,266924,188590,5329,700
"51173",3,"9251",76,0,2007,2,"","Smyth County, Virginia","Local Government","Community and housing program administration","County, NAICS 4-digit -- by ownership sector","All establishment sizes",3,30,32,32,282674,24836,681,694
"51173",3,"9251",76,0,2007,3,"","Smyth County, Virginia","Local Government","Community and housing program administration","County, NAICS 4-digit -- by ownership sector","All establishment sizes",3,31,31,31,288406,8368,236,716
"51173",3,"9251",76,0,2007,4,"","Smyth County, Virginia","Local Government","Community and housing program administration","County, NAICS 4-digit -- by ownership sector","All establishment sizes",3,32,32,32,296718,3339,91,713
"51173",3,92511,77,0,2007,1,"N","Smyth County, Virginia","Local Government","Administration of housing programs","County, NAICS 5-digit -- by ownership sector","All establishment sizes",1,0,0,0,0,0,0,0
"51173",3,"92511",77,0,2007,2,"N","Smyth County, Virginia","Local Government","Administration of housing programs","County, NAICS 5-digit -- by ownership sector","All establishment sizes",1,0,0,0,0,0,0,0
"51173",3,"92511",77,0,2007,3,"N","Smyth County, Virginia","Local Government","Administration of housing programs","County, NAICS 5-digit -- by ownership sector","All establishment sizes",1,0,0,0,0,0,0,0
"51173",3,"92511",77,0,2007,4,"N","Smyth County, Virginia","Local Government","Administration of housing programs","County, NAICS 5-digit -- by ownership sector","All establishment sizes",1,0,0,0,0,0,0,0
"51173",3,925110,78,0,2007,1,"N","Smyth County, Virginia","Local Government","Administration of housing programs","County, NAICS 6-digit -- by ownership sector","All establishment sizes",1,0,0,0,0,0,0,0
"51173",3,"925110",78,0,2007,2,"N","Smyth County, Virginia","Local Government","Administration of housing programs","County, NAICS 6-digit -- by ownership sector","All establishment sizes",1,0,0,0,0,0,0,0
"51173",3,"925110",78,0,2007,3,"N","Smyth County, Virginia","Local Government","Administration of housing programs","County, NAICS 6-digit -- by ownership sector","All establishment sizes",1,0,0,0,0,0,0,0
"51173",3,"925110",78,0,2007,4,"N","Smyth County, Virginia","Local Government","Administration of housing programs","County, NAICS 6-digit -- by ownership sector","All establishment sizes",1,0,0,0,0,0,0,0
"51173",3,92512,77,0,2007,1,"N","Smyth County, Virginia","Local Government","Urban and rural development administration","County, NAICS 5-digit -- by ownership sector","All establishment sizes",2,0,0,0,0,0,0,0
"51173",3,"92512",77,0,2007,2,"N","Smyth County, Virginia","Local Government","Urban and rural development administration","County, NAICS 5-digit -- by ownership sector","All establishment sizes",2,0,0,0,0,0,0,0
"51173",3,"92512",77,0,2007,3,"N","Smyth County, Virginia","Local Government","Urban and rural development administration","County, NAICS 5-digit -- by ownership sector","All establishment sizes",2,0,0,0,0,0,0,0
"51173",3,"92512",77,0,2007,4,"N","Smyth County, Virginia","Local Government","Urban and rural development administration","County, NAICS 5-digit -- by ownership sector","All establishment sizes",2,0,0,0,0,0,0,0
"51173",3,925120,78,0,2007,1,"N","Smyth County, Virginia","Local Government","Urban and rural development administration","County, NAICS 6-digit -- by ownership sector","All establishment sizes",2,0,0,0,0,0,0,0
"51173",3,"925120",78,0,2007,2,"N","Smyth County, Virginia","Local Government","Urban and rural development administration","County, NAICS 6-digit -- by ownership sector","All establishment sizes",2,0,0,0,0,0,0,0
"51173",3,"925120",78,0,2007,3,"N","Smyth County, Virginia","Local Government","Urban and rural development administration","County, NAICS 6-digit -- by ownership sector","All establishment sizes",2,0,0,0,0,0,0,0
"51173",3,"925120",78,0,2007,4,"N","Smyth County, Virginia","Local Government","Urban and rural development administration","County, NAICS 6-digit -- by ownership sector","All establishment sizes",2,0,0,0,0,0,0,0
"51173",3,926,75,0,2007,1,"N","Smyth County, Virginia","Local Government","Administration of economic programs","County, NAICS 3-digit -- by ownership sector","All establishment sizes",1,0,0,0,0,0,0,0
"51173",3,"926",75,0,2007,2,"N","Smyth County, Virginia","Local Government","Administration of economic programs","County, NAICS 3-digit -- by ownership sector","All establishment sizes",1,0,0,0,0,0,0,0
"51173",3,"926",75,0,2007,3,"N","Smyth County, Virginia","Local Government","Administration of economic programs","County, NAICS 3-digit -- by ownership sector","All establishment sizes",2,0,0,0,0,0,0,0
"51173",3,"926",75,0,2007,4,"N","Smyth County, Virginia","Local Government","Administration of economic programs","County, NAICS 3-digit -- by ownership sector","All establishment sizes",2,0,0,0,0,0,0,0
"51173",3,9261,76,0,2007,1,"N","Smyth County, Virginia","Local Government","Administration of economic programs","County, NAICS 4-digit -- by ownership sector","All establishment sizes",1,0,0,0,0,0,0,0
"51173",3,"9261",76,0,2007,2,"N","Smyth County, Virginia","Local Government","Administration of economic programs","County, NAICS 4-digit -- by ownership sector","All establishment sizes",1,0,0,0,0,0,0,0
"51173",3,"9261",76,0,2007,3,"N","Smyth County, Virginia","Local Government","Administration of economic programs","County, NAICS 4-digit -- by ownership sector","All establishment sizes",2,0,0,0,0,0,0,0
"51173",3,"9261",76,0,2007,4,"N","Smyth County, Virginia","Local Government","Administration of economic programs","County, NAICS 4-digit -- by ownership sector","All establishment sizes",2,0,0,0,0,0,0,0
"51173",3,92611,77,0,2007,1,"-","Smyth County, Virginia","Local Government","Administration of general economic programs","County, NAICS 5-digit -- by ownership sector","All establishment sizes",0,0,0,0,0,0,0,0
"51173",3,"92611",77,0,2007,2,"-","Smyth County, Virginia","Local Government","Administration of general economic programs","County, NAICS 5-digit -- by ownership sector","All establishment sizes",0,0,0,0,0,0,0,0
"51173",3,"92611",77,0,2007,3,"N","Smyth County, Virginia","Local Government","Administration of general economic programs","County, NAICS 5-digit -- by ownership sector","All establishment sizes",1,0,0,0,0,0,0,0
"51173",3,"92611",77,0,2007,4,"N","Smyth County, Virginia","Local Government","Administration of general economic programs","County, NAICS 5-digit -- by ownership sector","All establishment sizes",1,0,0,0,0,0,0,0
"51173",3,926110,78,0,2007,1,"-","Smyth County, Virginia","Local Government","Administration of general economic programs","County, NAICS 6-digit -- by ownership sector","All establishment sizes",0,0,0,0,0,0,0,0
"51173",3,"926110",78,0,2007,2,"-","Smyth County, Virginia","Local Government","Administration of general economic programs","County, NAICS 6-digit -- by ownership sector","All establishment sizes",0,0,0,0,0,0,0,0
"51173",3,"926110",78,0,2007,3,"N","Smyth County, Virginia","Local Government","Administration of general economic programs","County, NAICS 6-digit -- by ownership sector","All establishment sizes",1,0,0,0,0,0,0,0
"51173",3,"926110",78,0,2007,4,"N","Smyth County, Virginia","Local Government","Administration of general economic programs","County, NAICS 6-digit -- by ownership sector","All establishment sizes",1,0,0,0,0,0,0,0
"51173",3,92615,77,0,2007,1,"N","Smyth County, Virginia","Local Government","Licensing and regulating commercial sectors","County, NAICS 5-digit -- by ownership sector","All establishment sizes",1,0,0,0,0,0,0,0
"51173",3,"92615",77,0,2007,2,"N","Smyth County, Virginia","Local Government","Licensing and regulating commercial sectors","County, NAICS 5-digit -- by ownership sector","All establishment sizes",1,0,0,0,0,0,0,0
"51173",3,"92615",77,0,2007,3,"N","Smyth County, Virginia","Local Government","Licensing and regulating commercial sectors","County, NAICS 5-digit -- by ownership sector","All establishment sizes",1,0,0,0,0,0,0,0
"51173",3,"92615",77,0,2007,4,"N","Smyth County, Virginia","Local Government","Licensing and regulating commercial sectors","County, NAICS 5-digit -- by ownership sector","All establishment sizes",1,0,0,0,0,0,0,0
"51173",3,926150,78,0,2007,1,"N","Smyth County, Virginia","Local Government","Licensing and regulating commercial sectors","County, NAICS 6-digit -- by ownership sector","All establishment sizes",1,0,0,0,0,0,0,0
"51173",3,"926150",78,0,2007,2,"N","Smyth County, Virginia","Local Government","Licensing and regulating commercial sectors","County, NAICS 6-digit -- by ownership sector","All establishment sizes",1,0,0,0,0,0,0,0
"51173",3,"926150",78,0,2007,3,"N","Smyth County, Virginia","Local Government","Licensing and regulating commercial sectors","County, NAICS 6-digit -- by ownership sector","All establishment sizes",1,0,0,0,0,0,0,0
"51173",3,"926150",78,0,2007,4,"N","Smyth County, Virginia","Local Government","Licensing and regulating commercial sectors","County, NAICS 6-digit -- by ownership sector","All establishment sizes",1,0,0,0,0,0,0,0
"51173",5,10,71,0,2007,1,"","Smyth County, Virginia","Private","Total, all industries","County, Total -- by ownership sector","All establishment sizes",630,10318,10235,10276,73316692,57137182,1144124,549
"51173",5,"10",71,0,2007,2,"","Smyth County, Virginia","Private","Total, all industries","County, Total -- by ownership sector","All establishment sizes",641,10214,10208,10255,74588316,18002379,387541,561
"51173",5,"10",71,0,2007,3,"","Smyth County, Virginia","Private","Total, all industries","County, Total -- by ownership sector","All establishment sizes",657,10248,10402,10343,73846840,9237214,181173,550
"51173",5,"10",71,0,2007,4,"","Smyth County, Virginia","Private","Total, all industries","County, Total -- by ownership sector","All establishment sizes",655,10152,9938,10042,78131186,7204801,142463,598
"51173",5,101,72,0,2007,1,"","Smyth County, Virginia","Private","Goods-Producing","County, by Domain -- by ownership sector","All establishment sizes",127,5076,4998,4989,43314426,34235768,832062,664
"51173",5,"101",72,0,2007,2,"","Smyth County, Virginia","Private","Goods-Producing","County, by Domain -- by ownership sector","All establishment sizes",128,4889,4839,4805,42973045,7104214,220307,682
"51173",5,"101",72,0,2007,3,"","Smyth County, Virginia","Private","Goods-Producing","County, by Domain -- by ownership sector","All establishment sizes",127,4813,4849,4890,42378882,2504922,65426,672
"51173",5,"101",72,0,2007,4,"","Smyth County, Virginia","Private","Goods-Producing","County, by Domain -- by ownership sector","All establishment sizes",125,4682,4577,4656,41677963,1470560,41129,691
"51173",5,1011,73,0,2007,1,"","Smyth County, Virginia","Private","Natural Resources and Mining","County, by Supersector -- by ownership sector","All establishment sizes",7,19,18,19,79612,76937,1470,328
"51173",5,"1011",73,0,2007,2,"","Smyth County, Virginia","Private","Natural Resources and Mining","County, by Supersector -- by ownership sector","All establishment sizes",8,16,16,17,77807,35138,544,366
"51173",5,"1011",73,0,2007,3,"","Smyth County, Virginia","Private","Natural Resources and Mining","County, by Supersector -- by ownership sector","All establishment sizes",8,17,20,23,111357,46011,965,428
"51173",5,"1011",73,0,2007,4,"","Smyth County, Virginia","Private","Natural Resources and Mining","County, by Supersector -- by ownership sector","All establishment sizes",8,23,23,24,147227,56670,1214,485
"51173",5,1012,73,0,2007,1,"","Smyth County, Virginia","Private","Construction","County, by Supersector -- by ownership sector","All establishment sizes",77,600,606,623,3383358,2815087,112415,427
"51173",5,"1012",73,0,2007,2,"","Smyth County, Virginia","Private","Construction","County, by Supersector -- by ownership sector","All establishment sizes",77,555,568,600,4697456,1999124,92426,629
"51173",5,"1012",73,0,2007,3,"","Smyth County, Virginia","Private","Construction","County, by Supersector -- by ownership sector","All establishment sizes",78,624,632,626,3977659,636432,25679,488
"51173",5,"1012",73,0,2007,4,"","Smyth County, Virginia","Private","Construction","County, by Supersector -- by ownership sector","All establishment sizes",76,568,569,556,4617334,437618,16192,629
"51173",5,1013,73,0,2007,1,"","Smyth County, Virginia","Private","Manufacturing","County, by Supersector -- by ownership sector","All establishment sizes",43,4457,4374,4347,39851456,31343744,718177,698
"51173",5,"1013",73,0,2007,2,"","Smyth County, Virginia","Private","Manufacturing","County, by Supersector -- by ownership sector","All establishment sizes",43,4318,4255,4188,38197782,5069952,127337,691
"51173",5,"1013",73,0,2007,3,"","Smyth County, Virginia","Private","Manufacturing","County, by Supersector -- by ownership sector","All establishment sizes",41,4172,4197,4241,38289866,1822479,38782,701
"51173",5,"1013",73,0,2007,4,"","Smyth County, Virginia","Private","Manufacturing","County, by Supersector -- by ownership sector","All establishment sizes",41,4091,3985,4076,36913402,976272,23723,701
"51173",5,102,72,0,2007,1,"","Smyth County, Virginia","Private","Service-Providing","County, by Domain -- by ownership sector","All establishment sizes",503,5242,5237,5287,30002266,22901414,312062,439
"51173",5,"102",72,0,2007,2,"","Smyth County, Virginia","Private","Service-Providing","County, by Domain -- by ownership sector","All establishment sizes",513,5325,5369,5450,31615271,10898165,167234,452
"51173",5,"102",72,0,2007,3,"","Smyth County, Virginia","Private","Service-Providing","County, by Domain -- by ownership sector","All establishment sizes",530,5435,5553,5453,31467958,6732292,115747,442
"51173",5,"102",72,0,2007,4,"","Smyth County, Virginia","Private","Service-Providing","County, by Domain -- by ownership sector","All establishment sizes",530,5470,5361,5386,36453223,5734241,101334,519
"51173",5,1021,73,0,2007,1,"","Smyth County, Virginia","Private","Trade, Transportation, and Utilities","County, by Supersector -- by ownership sector","All establishment sizes",178,1665,1651,1680,9091887,7098829,72535,420
"51173",5,"1021",73,0,2007,2,"","Smyth County, Virginia","Private","Trade, Transportation, and Utilities","County, by Supersector -- by ownership sector","All establishment sizes",179,1699,1715,1720,9419230,3134776,26926,423
"51173",5,"1021",73,0,2007,3,"","Smyth County, Virginia","Private","Trade, Transportation, and Utilities","County, by Supersector -- by ownership sector","All establishment sizes",181,1725,1734,1738,9572453,1640373,13949,425
"51173",5,"1021",73,0,2007,4,"","Smyth County, Virginia","Private","Trade, Transportation, and Utilities","County, by Supersector -- by ownership sector","All establishment sizes",177,1701,1704,1729,10539746,1408277,12434,474
"51173",5,1022,73,0,2007,1,"","Smyth County, Virginia","Private","Information","County, by Supersector -- by ownership sector","All establishment sizes",13,67,67,73,604288,386363,6172,674
"51173",5,"1022",73,0,2007,2,"","Smyth County, Virginia","Private","Information","County, by Supersector -- by ownership sector","All establishment sizes",13,71,69,71,587665,76778,2279,643
"51173",5,"1022",73,0,2007,3,"","Smyth County, Virginia","Private","Information","County, by Supersector -- by ownership sector","All establishment sizes",13,72,69,69,578047,43956,1131,635
"51173",5,"1022",73,0,2007,4,"","Smyth County, Virginia","Private","Information","County, by Supersector -- by ownership sector","All establishment sizes",14,69,69,68,632889,20945,497,709
"51173",5,1023,73,0,2007,1,"","Smyth County, Virginia","Private","Financial Activities","County, by Supersector -- by ownership sector","All establishment sizes",57,260,252,254,2030509,1358338,24927,612
"51173",5,"1023",73,0,2007,2,"","Smyth County, Virginia","Private","Financial Activities","County, by Supersector -- by ownership sector","All establishment sizes",60,252,258,261,1918309,350215,5442,574
"51173",5,"1023",73,0,2007,3,"","Smyth County, Virginia","Private","Financial Activities","County, by Supersector -- by ownership sector","All establishment sizes",58,260,275,265,1979501,165781,2863,571
"51173",5,"1023",73,0,2007,4,"","Smyth County, Virginia","Private","Financial Activities","County, by Supersector -- by ownership sector","All establishment sizes",57,270,273,275,2383140,194074,2744,672
"51173",5,1024,73,0,2007,1,"","Smyth County, Virginia","Private","Professional and Business Services","County, by Supersector -- by ownership sector","All establishment sizes",65,977,995,957,5010431,4183430,107848,395
"51173",5,"1024",73,0,2007,2,"","Smyth County, Virginia","Private","Professional and Business Services","County, by Supersector -- by ownership sector","All establishment sizes",65,954,955,1050,5310073,2844091,86102,414
"51173",5,"1024",73,0,2007,3,"","Smyth County, Virginia","Private","Professional and Business Services","County, by Supersector -- by ownership sector","All establishment sizes",64,1073,1100,1003,5246335,2209886,67294,381
"51173",5,"1024",73,0,2007,4,"","Smyth County, Virginia","Private","Professional and Business Services","County, by Supersector -- by ownership sector","All establishment sizes",61,1047,977,956,5979146,1904779,60616,463
"51173",5,1025,73,0,2007,1,"","Smyth County, Virginia","Private","Education and Health Services","County, by Supersector -- by ownership sector","All establishment sizes",83,1360,1380,1409,10268112,7181214,65745,571
"51173",5,"1025",73,0,2007,2,"","Smyth County, Virginia","Private","Education and Health Services","County, by Supersector -- by ownership sector","All establishment sizes",91,1410,1414,1389,11184948,2645108,27585,613
"51173",5,"1025",73,0,2007,3,"","Smyth County, Virginia","Private","Education and Health Services","County, by Supersector -- by ownership sector","All establishment sizes",104,1390,1435,1443,10762406,1362183,16901,582
"51173",5,"1025",73,0,2007,4,"","Smyth County, Virginia","Private","Education and Health Services","County, by Supersector -- by ownership sector","All establishment sizes",113,1462,1437,1454,13494566,1172716,15004,715
"51173",5,1026,73,0,2007,1,"","Smyth County, Virginia","Private","Leisure and Hospitality","County, by Supersector -- by ownership sector","All establishment sizes",51,674,664,681,1711499,1637146,14043,196
"51173",5,"1026",73,0,2007,2,"","Smyth County, Virginia","Private","Leisure and Hospitality","County, by Supersector -- by ownership sector","All establishment sizes",50,704,724,715,1916075,1430013,12466,206
"51173",5,"1026",73,0,2007,3,"","Smyth County, Virginia","Private","Leisure and Hospitality","County, by Supersector -- by ownership sector","All establishment sizes",54,685,704,714,1915404,1087621,9425,210
"51173",5,"1026",73,0,2007,4,"","Smyth County, Virginia","Private","Leisure and Hospitality","County, by Supersector -- by ownership sector","All establishment sizes",52,703,692,693,1991458,868604,6767,220
"51173",5,1027,73,0,2007,1,"","Smyth County, Virginia","Private","Other Services","County, by Supersector -- by ownership sector","All establishment sizes",56,239,228,233,1285540,1056094,20792,424
"51173",5,"1027",73,0,2007,2,"","Smyth County, Virginia","Private","Other Services","County, by Supersector -- by ownership sector","All establishment sizes",55,235,234,244,1278971,417184,6434,414
"51173",5,"1027",73,0,2007,3,"","Smyth County, Virginia","Private","Other Services","County, by Supersector -- by ownership sector","All establishment sizes",56,230,236,221,1413812,222492,4184,475
"51173",5,"1027",73,0,2007,4,"","Smyth County, Virginia","Private","Other Services","County, by Supersector -- by ownership sector","All establishment sizes",56,218,209,211,1432278,164846,3272,518
"51173",5,11,74,0,2007,1,"N","Smyth County, Virginia","Private","Agriculture, forestry, fishing and hunting","County, NAICS Sector -- by ownership sector","All establishment sizes",6,0,0,0,0,0,0,0
"51173",5,"11",74,0,2007,2,"N","Smyth County, Virginia","Private","Agriculture, forestry, fishing and hunting","County, NAICS Sector -- by ownership sector","All establishment sizes",6,0,0,0,0,0,0,0
"51173",5,"11",74,0,2007,3,"N","Smyth County, Virginia","Private","Agriculture, forestry, fishing and hunting","County, NAICS Sector -- by ownership sector","All establishment sizes",6,0,0,0,0,0,0,0
"51173",5,"11",74,0,2007,4,"N","Smyth County, Virginia","Private","Agriculture, forestry, fishing and hunting","County, NAICS Sector -- by ownership sector","All establishment sizes",6,0,0,0,0,0,0,0
"51173",5,112,75,0,2007,1,"","Smyth County, Virginia","Private","Animal production","County, NAICS 3-digit -- by ownership sector","All establishment sizes",4,15,14,14,66125,63450,1189,355
"51173",5,"112",75,0,2007,2,"","Smyth County, Virginia","Private","Animal production","County, NAICS 3-digit -- by ownership sector","All establishment sizes",4,11,11,15,63938,26794,422,399
"51173",5,"112",75,0,2007,3,"","Smyth County, Virginia","Private","Animal production","County, NAICS 3-digit -- by ownership sector","All establishment sizes",4,15,16,19,86356,34043,686,399
"51173",5,"112",75,0,2007,4,"","Smyth County, Virginia","Private","Animal production","County, NAICS 3-digit -- by ownership sector","All establishment sizes",4,19,20,20,120219,52371,1168,470
"51173",5,1121,76,0,2007,1,"N","Smyth County, Virginia","Private","Cattle ranching and farming","County, NAICS 4-digit -- by ownership sector","All establishment sizes",3,0,0,0,0,0,0,0
"51173",5,"1121",76,0,2007,2,"N","Smyth County, Virginia","Private","Cattle ranching and farming","County, NAICS 4-digit -- by ownership sector","All establishment sizes",3,0,0,0,0,0,0,0
"51173",5,"1121",76,0,2007,3,"N","Smyth County, Virginia","Private","Cattle ranching and farming","County, NAICS 4-digit -- by ownership sector","All establishment sizes",3,0,0,0,0,0,0,0
"51173",5,"1121",76,0,2007,4,"N","Smyth County, Virginia","Private","Cattle ranching and farming","County, NAICS 4-digit -- by ownership sector","All establishment sizes",3,0,0,0,0,0,0,0
"51173",5,11211,77,0,2007,1,"N","Smyth County, Virginia","Private","Beef cattle ranching, farming, and feedlots","County, NAICS 5-digit -- by ownership sector","All establishment sizes",1,0,0,0,0,0,0,0
"51173",5,"11211",77,0,2007,2,"N","Smyth County, Virginia","Private","Beef cattle ranching, farming, and feedlots","County, NAICS 5-digit -- by ownership sector","All establishment sizes",1,0,0,0,0,0,0,0
"51173",5,"11211",77,0,2007,3,"N","Smyth County, Virginia","Private","Beef cattle ranching, farming, and feedlots","County, NAICS 5-digit -- by ownership sector","All establishment sizes",1,0,0,0,0,0,0,0
"51173",5,"11211",77,0,2007,4,"N","Smyth County, Virginia","Private","Beef cattle ranching, farming, and feedlots","County, NAICS 5-digit -- by ownership sector","All establishment sizes",1,0,0,0,0,0,0,0
"51173",5,112111,78,0,2007,1,"N","Smyth County, Virginia","Private","Beef cattle ranching and farming","County, NAICS 6-digit -- by ownership sector","All establishment sizes",1,0,0,0,0,0,0,0
"51173",5,"112111",78,0,2007,2,"N","Smyth County, Virginia","Private","Beef cattle ranching and farming","County, NAICS 6-digit -- by ownership sector","All establishment sizes",1,0,0,0,0,0,0,0
"51173",5,"112111",78,0,2007,3,"N","Smyth County, Virginia","Private","Beef cattle ranching and farming","County, NAICS 6-digit -- by ownership sector","All establishment sizes",1,0,0,0,0,0,0,0
"51173",5,"112111",78,0,2007,4,"N","Smyth County, Virginia","Private","Beef cattle ranching and farming","County, NAICS 6-digit -- by ownership sector","All establishment sizes",1,0,0,0,0,0,0,0
"51173",5,11212,77,0,2007,1,"N","Smyth County, Virginia","Private","Dairy cattle and milk production","County, NAICS 5-digit -- by ownership sector","All establishment sizes",2,0,0,0,0,0,0,0
"51173",5,"11212",77,0,2007,2,"N","Smyth County, Virginia","Private","Dairy cattle and milk production","County, NAICS 5-digit -- by ownership sector","All establishment sizes",2,0,0,0,0,0,0,0
"51173",5,"11212",77,0,2007,3,"N","Smyth County, Virginia","Private","Dairy cattle and milk production","County, NAICS 5-digit -- by ownership sector","All establishment sizes",2,0,0,0,0,0,0,0
"51173",5,"11212",77,0,2007,4,"N","Smyth County, Virginia","Private","Dairy cattle and milk production","County, NAICS 5-digit -- by ownership sector","All establishment sizes",2,0,0,0,0,0,0,0
"51173",5,112120,78,0,2007,1,"N","Smyth County, Virginia","Private","Dairy cattle and milk production","County, NAICS 6-digit -- by ownership sector","All establishment sizes",2,0,0,0,0,0,0,0
"51173",5,"112120",78,0,2007,2,"N","Smyth County, Virginia","Private","Dairy cattle and milk production","County, NAICS 6-digit -- by ownership sector","All establishment sizes",2,0,0,0,0,0,0,0
"51173",5,"112120",78,0,2007,3,"N","Smyth County, Virginia","Private","Dairy cattle and milk production","County, NAICS 6-digit -- by ownership sector","All establishment sizes",2,0,0,0,0,0,0,0
"51173",5,"112120",78,0,2007,4,"N","Smyth County, Virginia","Private","Dairy cattle and milk production","County, NAICS 6-digit -- by ownership sector","All establishment sizes",2,0,0,0,0,0,0,0
"51173",5,1125,76,0,2007,1,"N","Smyth County, Virginia","Private","Aquaculture","County, NAICS 4-digit -- by ownership sector","All establishment sizes",1,0,0,0,0,0,0,0
"51173",5,"1125",76,0,2007,2,"N","Smyth County, Virginia","Private","Aquaculture","County, NAICS 4-digit -- by ownership sector","All establishment sizes",1,0,0,0,0,0,0,0
"51173",5,"1125",76,0,2007,3,"N","Smyth County, Virginia","Private","Aquaculture","County, NAICS 4-digit -- by ownership sector","All establishment sizes",1,0,0,0,0,0,0,0
"51173",5,"1125",76,0,2007,4,"N","Smyth County, Virginia","Private","Aquaculture","County, NAICS 4-digit -- by ownership sector","All establishment sizes",1,0,0,0,0,0,0,0
"51173",5,11251,77,0,2007,1,"N","Smyth County, Virginia","Private","Aquaculture","County, NAICS 5-digit -- by ownership sector","All establishment sizes",1,0,0,0,0,0,0,0
"51173",5,"11251",77,0,2007,2,"N","Smyth County, Virginia","Private","Aquaculture","County, NAICS 5-digit -- by ownership sector","All establishment sizes",1,0,0,0,0,0,0,0
"51173",5,"11251",77,0,2007,3,"N","Smyth County, Virginia","Private","Aquaculture","County, NAICS 5-digit -- by ownership sector","All establishment sizes",1,0,0,0,0,0,0,0
"51173",5,"11251",77,0,2007,4,"N","Smyth County, Virginia","Private","Aquaculture","County, NAICS 5-digit -- by ownership sector","All establishment sizes",1,0,0,0,0,0,0,0
"51173",5,112511,78,0,2007,1,"N","Smyth County, Virginia","Private","Finfish farming and fish hatcheries","County, NAICS 6-digit -- by ownership sector","All establishment sizes",1,0,0,0,0,0,0,0
"51173",5,"112511",78,0,2007,2,"N","Smyth County, Virginia","Private","Finfish farming and fish hatcheries","County, NAICS 6-digit -- by ownership sector","All establishment sizes",1,0,0,0,0,0,0,0
"51173",5,"112511",78,0,2007,3,"N","Smyth County, Virginia","Private","Finfish farming and fish hatcheries","County, NAICS 6-digit -- by ownership sector","All establishment sizes",1,0,0,0,0,0,0,0
"51173",5,"112511",78,0,2007,4,"N","Smyth County, Virginia","Private","Finfish farming and fish hatcheries","County, NAICS 6-digit -- by ownership sector","All establishment sizes",1,0,0,0,0,0,0,0
"51173",5,113,75,0,2007,1,"N","Smyth County, Virginia","Private","Forestry and logging","County, NAICS 3-digit -- by ownership sector","All establishment sizes",2,0,0,0,0,0,0,0
"51173",5,"113",75,0,2007,2,"N","Smyth County, Virginia","Private","Forestry and logging","County, NAICS 3-digit -- by ownership sector","All establishment sizes",2,0,0,0,0,0,0,0
"51173",5,"113",75,0,2007,3,"N","Smyth County, Virginia","Private","Forestry and logging","County, NAICS 3-digit -- by ownership sector","All establishment sizes",2,0,0,0,0,0,0,0
"51173",5,"113",75,0,2007,4,"N","Smyth County, Virginia","Private","Forestry and logging","County, NAICS 3-digit -- by ownership sector","All establishment sizes",2,0,0,0,0,0,0,0
"51173",5,1133,76,0,2007,1,"N","Smyth County, Virginia","Private","Logging","County, NAICS 4-digit -- by ownership sector","All establishment sizes",2,0,0,0,0,0,0,0
"51173",5,"1133",76,0,2007,2,"N","Smyth County, Virginia","Private","Logging","County, NAICS 4-digit -- by ownership sector","All establishment sizes",2,0,0,0,0,0,0,0
"51173",5,"1133",76,0,2007,3,"N","Smyth County, Virginia","Private","Logging","County, NAICS 4-digit -- by ownership sector","All establishment sizes",2,0,0,0,0,0,0,0
"51173",5,"1133",76,0,2007,4,"N","Smyth County, Virginia","Private","Logging","County, NAICS 4-digit -- by ownership sector","All establishment sizes",2,0,0,0,0,0,0,0
"51173",5,11331,77,0,2007,1,"N","Smyth County, Virginia","Private","Logging","County, NAICS 5-digit -- by ownership sector","All establishment sizes",2,0,0,0,0,0,0,0
"51173",5,"11331",77,0,2007,2,"N","Smyth County, Virginia","Private","Logging","County, NAICS 5-digit -- by ownership sector","All establishment sizes",2,0,0,0,0,0,0,0
"51173",5,"11331",77,0,2007,3,"N","Smyth County, Virginia","Private","Logging","County, NAICS 5-digit -- by ownership sector","All establishment sizes",2,0,0,0,0,0,0,0
"51173",5,"11331",77,0,2007,4,"N","Smyth County, Virginia","Private","Logging","County, NAICS 5-digit -- by ownership sector","All establishment sizes",2,0,0,0,0,0,0,0
"51173",5,113310,78,0,2007,1,"N","Smyth County, Virginia","Private","Logging","County, NAICS 6-digit -- by ownership sector","All establishment sizes",2,0,0,0,0,0,0,0
"51173",5,"113310",78,0,2007,2,"N","Smyth County, Virginia","Private","Logging","County, NAICS 6-digit -- by ownership sector","All establishment sizes",2,0,0,0,0,0,0,0
"51173",5,"113310",78,0,2007,3,"N","Smyth County, Virginia","Private","Logging","County, NAICS 6-digit -- by ownership sector","All establishment sizes",2,0,0,0,0,0,0,0
"51173",5,"113310",78,0,2007,4,"N","Smyth County, Virginia","Private","Logging","County, NAICS 6-digit -- by ownership sector","All establishment sizes",2,0,0,0,0,0,0,0
"51173",5,21,74,0,2007,1,"N","Smyth County, Virginia","Private","Mining, quarrying, and oil and gas extraction","County, NAICS Sector -- by ownership sector","All establishment sizes",1,0,0,0,0,0,0,0
"51173",5,"21",74,0,2007,2,"N","Smyth County, Virginia","Private","Mining, quarrying, and oil and gas extraction","County, NAICS Sector -- by ownership sector","All establishment sizes",2,0,0,0,0,0,0,0
"51173",5,"21",74,0,2007,3,"N","Smyth County, Virginia","Private","Mining, quarrying, and oil and gas extraction","County, NAICS Sector -- by ownership sector","All establishment sizes",2,0,0,0,0,0,0,0
"51173",5,"21",74,0,2007,4,"N","Smyth County, Virginia","Private","Mining, quarrying, and oil and gas extraction","County, NAICS Sector -- by ownership sector","All establishment sizes",2,0,0,0,0,0,0,0
"51173",5,213,75,0,2007,1,"N","Smyth County, Virginia","Private","Support activities for mining","County, NAICS 3-digit -- by ownership sector","All establishment sizes",1,0,0,0,0,0,0,0
"51173",5,"213",75,0,2007,2,"N","Smyth County, Virginia","Private","Support activities for mining","County, NAICS 3-digit -- by ownership sector","All establishment sizes",2,0,0,0,0,0,0,0
"51173",5,"213",75,0,2007,3,"N","Smyth County, Virginia","Private","Support activities for mining","County, NAICS 3-digit -- by ownership sector","All establishment sizes",2,0,0,0,0,0,0,0
"51173",5,"213",75,0,2007,4,"N","Smyth County, Virginia","Private","Support activities for mining","County, NAICS 3-digit -- by ownership sector","All establishment sizes",2,0,0,0,0,0,0,0
"51173",5,2131,76,0,2007,1,"N","Smyth County, Virginia","Private","Support activities for mining","County, NAICS 4-digit -- by ownership sector","All establishment sizes",1,0,0,0,0,0,0,0
"51173",5,"2131",76,0,2007,2,"N","Smyth County, Virginia","Private","Support activities for mining","County, NAICS 4-digit -- by ownership sector","All establishment sizes",2,0,0,0,0,0,0,0
"51173",5,"2131",76,0,2007,3,"N","Smyth County, Virginia","Private","Support activities for mining","County, NAICS 4-digit -- by ownership sector","All establishment sizes",2,0,0,0,0,0,0,0
"51173",5,"2131",76,0,2007,4,"N","Smyth County, Virginia","Private","Support activities for mining","County, NAICS 4-digit -- by ownership sector","All establishment sizes",2,0,0,0,0,0,0,0
"51173",5,21311,77,0,2007,1,"N","Smyth County, Virginia","Private","Support activities for mining","County, NAICS 5-digit -- by ownership sector","All establishment sizes",1,0,0,0,0,0,0,0
"51173",5,"21311",77,0,2007,2,"N","Smyth County, Virginia","Private","Support activities for mining","County, NAICS 5-digit -- by ownership sector","All establishment sizes",2,0,0,0,0,0,0,0
"51173",5,"21311",77,0,2007,3,"N","Smyth County, Virginia","Private","Support activities for mining","County, NAICS 5-digit -- by ownership sector","All establishment sizes",2,0,0,0,0,0,0,0
"51173",5,"21311",77,0,2007,4,"N","Smyth County, Virginia","Private","Support activities for mining","County, NAICS 5-digit -- by ownership sector","All establishment sizes",2,0,0,0,0,0,0,0
"51173",5,213112,78,0,2007,1,"N","Smyth County, Virginia","Private","Support activities for oil and gas operations","County, NAICS 6-digit -- by ownership sector","All establishment sizes",1,0,0,0,0,0,0,0
"51173",5,"213112",78,0,2007,2,"N","Smyth County, Virginia","Private","Support activities for oil and gas operations","County, NAICS 6-digit -- by ownership sector","All establishment sizes",2,0,0,0,0,0,0,0
"51173",5,"213112",78,0,2007,3,"N","Smyth County, Virginia","Private","Support activities for oil and gas operations","County, NAICS 6-digit -- by ownership sector","All establishment sizes",2,0,0,0,0,0,0,0
"51173",5,"213112",78,0,2007,4,"N","Smyth County, Virginia","Private","Support activities for oil and gas operations","County, NAICS 6-digit -- by ownership sector","All establishment sizes",2,0,0,0,0,0,0,0
"51173",5,22,74,0,2007,1,"N","Smyth County, Virginia","Private","Utilities","County, NAICS Sector -- by ownership sector","All establishment sizes",2,0,0,0,0,0,0,0
"51173",5,"22",74,0,2007,2,"N","Smyth County, Virginia","Private","Utilities","County, NAICS Sector -- by ownership sector","All establishment sizes",2,0,0,0,0,0,0,0
"51173",5,"22",74,0,2007,3,"N","Smyth County, Virginia","Private","Utilities","County, NAICS Sector -- by ownership sector","All establishment sizes",2,0,0,0,0,0,0,0
"51173",5,"22",74,0,2007,4,"N","Smyth County, Virginia","Private","Utilities","County, NAICS Sector -- by ownership sector","All establishment sizes",2,0,0,0,0,0,0,0
"51173",5,221,75,0,2007,1,"N","Smyth County, Virginia","Private","Utilities","County, NAICS 3-digit -- by ownership sector","All establishment sizes",2,0,0,0,0,0,0,0
"51173",5,"221",75,0,2007,2,"N","Smyth County, Virginia","Private","Utilities","County, NAICS 3-digit -- by ownership sector","All establishment sizes",2,0,0,0,0,0,0,0
"51173",5,"221",75,0,2007,3,"N","Smyth County, Virginia","Private","Utilities","County, NAICS 3-digit -- by ownership sector","All establishment sizes",2,0,0,0,0,0,0,0
"51173",5,"221",75,0,2007,4,"N","Smyth County, Virginia","Private","Utilities","County, NAICS 3-digit -- by ownership sector","All establishment sizes",2,0,0,0,0,0,0,0
"51173",5,2211,76,0,2007,1,"N","Smyth County, Virginia","Private","Power generation and supply","County, NAICS 4-digit -- by ownership sector","All establishment sizes",1,0,0,0,0,0,0,0
"51173",5,"2211",76,0,2007,2,"N","Smyth County, Virginia","Private","Power generation and supply","County, NAICS 4-digit -- by ownership sector","All establishment sizes",1,0,0,0,0,0,0,0
"51173",5,"2211",76,0,2007,3,"N","Smyth County, Virginia","Private","Power generation and supply","County, NAICS 4-digit -- by ownership sector","All establishment sizes",1,0,0,0,0,0,0,0
"51173",5,"2211",76,0,2007,4,"N","Smyth County, Virginia","Private","Power generation and supply","County, NAICS 4-digit -- by ownership sector","All establishment sizes",1,0,0,0,0,0,0,0
"51173",5,22111,77,0,2007,1,"N","Smyth County, Virginia","Private","Electric power generation","County, NAICS 5-digit -- by ownership sector","All establishment sizes",1,0,0,0,0,0,0,0
"51173",5,"22111",77,0,2007,2,"N","Smyth County, Virginia","Private","Electric power generation","County, NAICS 5-digit -- by ownership sector","All establishment sizes",1,0,0,0,0,0,0,0
"51173",5,"22111",77,0,2007,3,"N","Smyth County, Virginia","Private","Electric power generation","County, NAICS 5-digit -- by ownership sector","All establishment sizes",1,0,0,0,0,0,0,0
"51173",5,"22111",77,0,2007,4,"N","Smyth County, Virginia","Private","Electric power generation","County, NAICS 5-digit -- by ownership sector","All establishment sizes",1,0,0,0,0,0,0,0
"51173",5,221112,78,0,2007,1,"N","Smyth County, Virginia","Private","Fossil fuel electric power generation","County, NAICS 6-digit -- by ownership sector","All establishment sizes",1,0,0,0,0,0,0,0
"51173",5,"221112",78,0,2007,2,"N","Smyth County, Virginia","Private","Fossil fuel electric power generation","County, NAICS 6-digit -- by ownership sector","All establishment sizes",1,0,0,0,0,0,0,0
"51173",5,"221112",78,0,2007,3,"N","Smyth County, Virginia","Private","Fossil fuel electric power generation","County, NAICS 6-digit -- by ownership sector","All establishment sizes",1,0,0,0,0,0,0,0
"51173",5,"221112",78,0,2007,4,"N","Smyth County, Virginia","Private","Fossil fuel electric power generation","County, NAICS 6-digit -- by ownership sector","All establishment sizes",1,0,0,0,0,0,0,0
"51173",5,2213,76,0,2007,1,"N","Smyth County, Virginia","Private","Water, sewage and other systems","County, NAICS 4-digit -- by ownership sector","All establishment sizes",1,0,0,0,0,0,0,0
"51173",5,"2213",76,0,2007,2,"N","Smyth County, Virginia","Private","Water, sewage and other systems","County, NAICS 4-digit -- by ownership sector","All establishment sizes",1,0,0,0,0,0,0,0
"51173",5,"2213",76,0,2007,3,"N","Smyth County, Virginia","Private","Water, sewage and other systems","County, NAICS 4-digit -- by ownership sector","All establishment sizes",1,0,0,0,0,0,0,0
"51173",5,"2213",76,0,2007,4,"N","Smyth County, Virginia","Private","Water, sewage and other systems","County, NAICS 4-digit -- by ownership sector","All establishment sizes",1,0,0,0,0,0,0,0
"51173",5,22131,77,0,2007,1,"N","Smyth County, Virginia","Private","Water supply and irrigation systems","County, NAICS 5-digit -- by ownership sector","All establishment sizes",1,0,0,0,0,0,0,0
"51173",5,"22131",77,0,2007,2,"N","Smyth County, Virginia","Private","Water supply and irrigation systems","County, NAICS 5-digit -- by ownership sector","All establishment sizes",1,0,0,0,0,0,0,0
"51173",5,"22131",77,0,2007,3,"N","Smyth County, Virginia","Private","Water supply and irrigation systems","County, NAICS 5-digit -- by ownership sector","All establishment sizes",1,0,0,0,0,0,0,0
"51173",5,"22131",77,0,2007,4,"N","Smyth County, Virginia","Private","Water supply and irrigation systems","County, NAICS 5-digit -- by ownership sector","All establishment sizes",1,0,0,0,0,0,0,0
"51173",5,221310,78,0,2007,1,"N","Smyth County, Virginia","Private","Water supply and irrigation systems","County, NAICS 6-digit -- by ownership sector","All establishment sizes",1,0,0,0,0,0,0,0
"51173",5,"221310",78,0,2007,2,"N","Smyth County, Virginia","Private","Water supply and irrigation systems","County, NAICS 6-digit -- by ownership sector","All establishment sizes",1,0,0,0,0,0,0,0
"51173",5,"221310",78,0,2007,3,"N","Smyth County, Virginia","Private","Water supply and irrigation systems","County, NAICS 6-digit -- by ownership sector","All establishment sizes",1,0,0,0,0,0,0,0
"51173",5,"221310",78,0,2007,4,"N","Smyth County, Virginia","Private","Water supply and irrigation systems","County, NAICS 6-digit -- by ownership sector","All establishment sizes",1,0,0,0,0,0,0,0
"51173",5,23,74,0,2007,1,"","Smyth County, Virginia","Private","Construction","County, NAICS Sector -- by ownership sector","All establishment sizes",77,600,606,623,3383358,2815087,112415,427
"51173",5,"23",74,0,2007,2,"","Smyth County, Virginia","Private","Construction","County, NAICS Sector -- by ownership sector","All establishment sizes",77,555,568,600,4697456,1999124,92426,629
"51173",5,"23",74,0,2007,3,"","Smyth County, Virginia","Private","Construction","County, NAICS Sector -- by ownership sector","All establishment sizes",78,624,632,626,3977659,636432,25679,488
"51173",5,"23",74,0,2007,4,"","Smyth County, Virginia","Private","Construction","County, NAICS Sector -- by ownership sector","All establishment sizes",76,568,569,556,4617334,437618,16192,629
"51173",5,236,75,0,2007,1,"N","Smyth County, Virginia","Private","Construction of buildings","County, NAICS 3-digit -- by ownership sector","All establishment sizes",30,0,0,0,0,0,0,0
"51173",5,"236",75,0,2007,2,"N","Smyth County, Virginia","Private","Construction of buildings","County, NAICS 3-digit -- by ownership sector","All establishment sizes",30,0,0,0,0,0,0,0
"51173",5,"236",75,0,2007,3,"N","Smyth County, Virginia","Private","Construction of buildings","County, NAICS 3-digit -- by ownership sector","All establishment sizes",30,0,0,0,0,0,0,0
"51173",5,"236",75,0,2007,4,"N","Smyth County, Virginia","Private","Construction of buildings","County, NAICS 3-digit -- by ownership sector","All establishment sizes",28,0,0,0,0,0,0,0
"51173",5,2361,76,0,2007,1,"N","Smyth County, Virginia","Private","Residential building construction","County, NAICS 4-digit -- by ownership sector","All establishment sizes",16,0,0,0,0,0,0,0
"51173",5,"2361",76,0,2007,2,"N","Smyth County, Virginia","Private","Residential building construction","County, NAICS 4-digit -- by ownership sector","All establishment sizes",16,0,0,0,0,0,0,0
"51173",5,"2361",76,0,2007,3,"N","Smyth County, Virginia","Private","Residential building construction","County, NAICS 4-digit -- by ownership sector","All establishment sizes",16,0,0,0,0,0,0,0
"51173",5,"2361",76,0,2007,4,"N","Smyth County, Virginia","Private","Residential building construction","County, NAICS 4-digit -- by ownership sector","All establishment sizes",15,0,0,0,0,0,0,0
"51173",5,23611,77,0,2007,1,"N","Smyth County, Virginia","Private","Residential building construction","County, NAICS 5-digit -- by ownership sector","All establishment sizes",16,0,0,0,0,0,0,0
"51173",5,"23611",77,0,2007,2,"N","Smyth County, Virginia","Private","Residential building construction","County, NAICS 5-digit -- by ownership sector","All establishment sizes",16,0,0,0,0,0,0,0
"51173",5,"23611",77,0,2007,3,"N","Smyth County, Virginia","Private","Residential building construction","County, NAICS 5-digit -- by ownership sector","All establishment sizes",16,0,0,0,0,0,0,0
"51173",5,"23611",77,0,2007,4,"N","Smyth County, Virginia","Private","Residential building construction","County, NAICS 5-digit -- by ownership sector","All establishment sizes",15,0,0,0,0,0,0,0
"51173",5,236115,78,0,2007,1,"","Smyth County, Virginia","Private","New single-family general contractors","County, NAICS 6-digit -- by ownership sector","All establishment sizes",8,14,15,14,46285,46285,1088,248
"51173",5,"236115",78,0,2007,2,"","Smyth County, Virginia","Private","New single-family general contractors","County, NAICS 6-digit -- by ownership sector","All establishment sizes",8,13,13,13,51516,28319,622,305
"51173",5,"236115",78,0,2007,3,"","Smyth County, Virginia","Private","New single-family general contractors","County, NAICS 6-digit -- by ownership sector","All establishment sizes",8,11,11,9,52940,6749,96,394
"51173",5,"236115",78,0,2007,4,"","Smyth County, Virginia","Private","New single-family general contractors","County, NAICS 6-digit -- by ownership sector","All establishment sizes",8,12,12,12,57389,4594,117,368
"51173",5,236118,78,0,2007,1,"N","Smyth County, Virginia","Private","Residential remodelers","County, NAICS 6-digit -- by ownership sector","All establishment sizes",8,0,0,0,0,0,0,0
"51173",5,"236118",78,0,2007,2,"N","Smyth County, Virginia","Private","Residential remodelers","County, NAICS 6-digit -- by ownership sector","All establishment sizes",8,0,0,0,0,0,0,0
"51173",5,"236118",78,0,2007,3,"N","Smyth County, Virginia","Private","Residential remodelers","County, NAICS 6-digit -- by ownership sector","All establishment sizes",8,0,0,0,0,0,0,0
"51173",5,"236118",78,0,2007,4,"N","Smyth County, Virginia","Private","Residential remodelers","County, NAICS 6-digit -- by ownership sector","All establishment sizes",7,0,0,0,0,0,0,0
"51173",5,2362,76,0,2007,1,"","Smyth County, Virginia","Private","Nonresidential building construction","County, NAICS 4-digit -- by ownership sector","All establishment sizes",14,89,85,89,586726,464917,14714,515
"51173",5,"2362",76,0,2007,2,"","Smyth County, Virginia","Private","Nonresidential building construction","County, NAICS 4-digit -- by ownership sector","All establishment sizes",14,84,84,75,589643,291325,10069,560
"51173",5,"2362",76,0,2007,3,"","Smyth County, Virginia","Private","Nonresidential building construction","County, NAICS 4-digit -- by ownership sector","All establishment sizes",14,75,84,79,556987,74100,2726,540
"51173",5,"2362",76,0,2007,4,"","Smyth County, Virginia","Private","Nonresidential building construction","County, NAICS 4-digit -- by ownership sector","All establishment sizes",13,79,84,79,851607,66590,2769,812
"51173",5,23621,77,0,2007,1,"","Smyth County, Virginia","Private","Industrial building construction","County, NAICS 5-digit -- by ownership sector","All establishment sizes",5,28,29,33,132342,129884,3624,339
"51173",5,"23621",77,0,2007,2,"","Smyth County, Virginia","Private","Industrial building construction","County, NAICS 5-digit -- by ownership sector","All establishment sizes",5,35,34,25,142551,89657,2739,350
"51173",5,"23621",77,0,2007,3,"","Smyth County, Virginia","Private","Industrial building construction","County, NAICS 5-digit -- by ownership sector","All establishment sizes",5,23,26,25,117722,34533,1030,367
"51173",5,"23621",77,0,2007,4,"","Smyth County, Virginia","Private","Industrial building construction","County, NAICS 5-digit -- by ownership sector","All establishment sizes",4,20,25,27,135857,34056,1415,435
"51173",5,236210,78,0,2007,1,"","Smyth County, Virginia","Private","Industrial building construction","County, NAICS 6-digit -- by ownership sector","All establishment sizes",5,28,29,33,132342,129884,3624,339
"51173",5,"236210",78,0,2007,2,"","Smyth County, Virginia","Private","Industrial building construction","County, NAICS 6-digit -- by ownership sector","All establishment sizes",5,35,34,25,142551,89657,2739,350
"51173",5,"236210",78,0,2007,3,"","Smyth County, Virginia","Private","Industrial building construction","County, NAICS 6-digit -- by ownership sector","All establishment sizes",5,23,26,25,117722,34533,1030,367
"51173",5,"236210",78,0,2007,4,"","Smyth County, Virginia","Private","Industrial building construction","County, NAICS 6-digit -- by ownership sector","All establishment sizes",4,20,25,27,135857,34056,1415,435
"51173",5,23622,77,0,2007,1,"","Smyth County, Virginia","Private","Commercial building construction","County, NAICS 5-digit -- by ownership sector","All establishment sizes",9,61,56,56,454384,335033,11090,606
"51173",5,"23622",77,0,2007,2,"","Smyth County, Virginia","Private","Commercial building construction","County, NAICS 5-digit -- by ownership sector","All establishment sizes",9,49,50,50,447092,201668,7330,692
"51173",5,"23622",77,0,2007,3,"","Smyth County, Virginia","Private","Commercial building construction","County, NAICS 5-digit -- by ownership sector","All establishment sizes",9,52,58,54,439265,39567,1696,618
"51173",5,"23622",77,0,2007,4,"","Smyth County, Virginia","Private","Commercial building construction","County, NAICS 5-digit -- by ownership sector","All establishment sizes",9,59,59,52,715750,32534,1354,972
"51173",5,236220,78,0,2007,1,"","Smyth County, Virginia","Private","Commercial building construction","County, NAICS 6-digit -- by ownership sector","All establishment sizes",9,61,56,56,454384,335033,11090,606
"51173",5,"236220",78,0,2007,2,"","Smyth County, Virginia","Private","Commercial building construction","County, NAICS 6-digit -- by ownership sector","All establishment sizes",9,49,50,50,447092,201668,7330,692
"51173",5,"236220",78,0,2007,3,"","Smyth County, Virginia","Private","Commercial building construction","County, NAICS 6-digit -- by ownership sector","All establishment sizes",9,52,58,54,439265,39567,1696,618
"51173",5,"236220",78,0,2007,4,"","Smyth County, Virginia","Private","Commercial building construction","County, NAICS 6-digit -- by ownership sector","All establishment sizes",9,59,59,52,715750,32534,1354,972
"51173",5,237,75,0,2007,1,"N","Smyth County, Virginia","Private","Heavy and civil engineering construction","County, NAICS 3-digit -- by ownership sector","All establishment sizes",6,0,0,0,0,0,0,0
"51173",5,"237",75,0,2007,2,"N","Smyth County, Virginia","Private","Heavy and civil engineering construction","County, NAICS 3-digit -- by ownership sector","All establishment sizes",6,0,0,0,0,0,0,0
"51173",5,"237",75,0,2007,3,"N","Smyth County, Virginia","Private","Heavy and civil engineering construction","County, NAICS 3-digit -- by ownership sector","All establishment sizes",6,0,0,0,0,0,0,0
"51173",5,"237",75,0,2007,4,"N","Smyth County, Virginia","Private","Heavy and civil engineering construction","County, NAICS 3-digit -- by ownership sector","All establishment sizes",6,0,0,0,0,0,0,0
"51173",5,2371,76,0,2007,1,"N","Smyth County, Virginia","Private","Utility system construction","County, NAICS 4-digit -- by ownership sector","All establishment sizes",3,0,0,0,0,0,0,0
"51173",5,"2371",76,0,2007,2,"N","Smyth County, Virginia","Private","Utility system construction","County, NAICS 4-digit -- by ownership sector","All establishment sizes",3,0,0,0,0,0,0,0
"51173",5,"2371",76,0,2007,3,"N","Smyth County, Virginia","Private","Utility system construction","County, NAICS 4-digit -- by ownership sector","All establishment sizes",3,0,0,0,0,0,0,0
"51173",5,"2371",76,0,2007,4,"N","Smyth County, Virginia","Private","Utility system construction","County, NAICS 4-digit -- by ownership sector","All establishment sizes",3,0,0,0,0,0,0,0
"51173",5,23711,77,0,2007,1,"N","Smyth County, Virginia","Private","Water and sewer system construction","County, NAICS 5-digit -- by ownership sector","All establishment sizes",1,0,0,0,0,0,0,0
"51173",5,"23711",77,0,2007,2,"N","Smyth County, Virginia","Private","Water and sewer system construction","County, NAICS 5-digit -- by ownership sector","All establishment sizes",1,0,0,0,0,0,0,0
"51173",5,"23711",77,0,2007,3,"N","Smyth County, Virginia","Private","Water and sewer system construction","County, NAICS 5-digit -- by ownership sector","All establishment sizes",1,0,0,0,0,0,0,0
"51173",5,"23711",77,0,2007,4,"N","Smyth County, Virginia","Private","Water and sewer system construction","County, NAICS 5-digit -- by ownership sector","All establishment sizes",1,0,0,0,0,0,0,0
"51173",5,237110,78,0,2007,1,"N","Smyth County, Virginia","Private","Water and sewer system construction","County, NAICS 6-digit -- by ownership sector","All establishment sizes",1,0,0,0,0,0,0,0
"51173",5,"237110",78,0,2007,2,"N","Smyth County, Virginia","Private","Water and sewer system construction","County, NAICS 6-digit -- by ownership sector","All establishment sizes",1,0,0,0,0,0,0,0
"51173",5,"237110",78,0,2007,3,"N","Smyth County, Virginia","Private","Water and sewer system construction","County, NAICS 6-digit -- by ownership sector","All establishment sizes",1,0,0,0,0,0,0,0
"51173",5,"237110",78,0,2007,4,"N","Smyth County, Virginia","Private","Water and sewer system construction","County, NAICS 6-digit -- by ownership sector","All establishment sizes",1,0,0,0,0,0,0,0
"51173",5,23712,77,0,2007,1,"N","Smyth County, Virginia","Private","Oil and gas pipeline construction","County, NAICS 5-digit -- by ownership sector","All establishment sizes",2,0,0,0,0,0,0,0
"51173",5,"23712",77,0,2007,2,"N","Smyth County, Virginia","Private","Oil and gas pipeline construction","County, NAICS 5-digit -- by ownership sector","All establishment sizes",2,0,0,0,0,0,0,0
"51173",5,"23712",77,0,2007,3,"N","Smyth County, Virginia","Private","Oil and gas pipeline construction","County, NAICS 5-digit -- by ownership sector","All establishment sizes",2,0,0,0,0,0,0,0
"51173",5,"23712",77,0,2007,4,"N","Smyth County, Virginia","Private","Oil and gas pipeline construction","County, NAICS 5-digit -- by ownership sector","All establishment sizes",2,0,0,0,0,0,0,0
"51173",5,237120,78,0,2007,1,"N","Smyth County, Virginia","Private","Oil and gas pipeline construction","County, NAICS 6-digit -- by ownership sector","All establishment sizes",2,0,0,0,0,0,0,0
"51173",5,"237120",78,0,2007,2,"N","Smyth County, Virginia","Private","Oil and gas pipeline construction","County, NAICS 6-digit -- by ownership sector","All establishment sizes",2,0,0,0,0,0,0,0
"51173",5,"237120",78,0,2007,3,"N","Smyth County, Virginia","Private","Oil and gas pipeline construction","County, NAICS 6-digit -- by ownership sector","All establishment sizes",2,0,0,0,0,0,0,0
"51173",5,"237120",78,0,2007,4,"N","Smyth County, Virginia","Private","Oil and gas pipeline construction","County, NAICS 6-digit -- by ownership sector","All establishment sizes",2,0,0,0,0,0,0,0
"51173",5,2373,76,0,2007,1,"N","Smyth County, Virginia","Private","Highway, street, and bridge construction","County, NAICS 4-digit -- by ownership sector","All establishment sizes",3,0,0,0,0,0,0,0
"51173",5,"2373",76,0,2007,2,"N","Smyth County, Virginia","Private","Highway, street, and bridge construction","County, NAICS 4-digit -- by ownership sector","All establishment sizes",3,0,0,0,0,0,0,0
"51173",5,"2373",76,0,2007,3,"N","Smyth County, Virginia","Private","Highway, street, and bridge construction","County, NAICS 4-digit -- by ownership sector","All establishment sizes",3,0,0,0,0,0,0,0
"51173",5,"2373",76,0,2007,4,"N","Smyth County, Virginia","Private","Highway, street, and bridge construction","County, NAICS 4-digit -- by ownership sector","All establishment sizes",3,0,0,0,0,0,0,0
"51173",5,23731,77,0,2007,1,"N","Smyth County, Virginia","Private","Highway, street, and bridge construction","County, NAICS 5-digit -- by ownership sector","All establishment sizes",3,0,0,0,0,0,0,0
"51173",5,"23731",77,0,2007,2,"N","Smyth County, Virginia","Private","Highway, street, and bridge construction","County, NAICS 5-digit -- by ownership sector","All establishment sizes",3,0,0,0,0,0,0,0
"51173",5,"23731",77,0,2007,3,"N","Smyth County, Virginia","Private","Highway, street, and bridge construction","County, NAICS 5-digit -- by ownership sector","All establishment sizes",3,0,0,0,0,0,0,0
"51173",5,"23731",77,0,2007,4,"N","Smyth County, Virginia","Private","Highway, street, and bridge construction","County, NAICS 5-digit -- by ownership sector","All establishment sizes",3,0,0,0,0,0,0,0
"51173",5,237310,78,0,2007,1,"N","Smyth County, Virginia","Private","Highway, street, and bridge construction","County, NAICS 6-digit -- by ownership sector","All establishment sizes",3,0,0,0,0,0,0,0
"51173",5,"237310",78,0,2007,2,"N","Smyth County, Virginia","Private","Highway, street, and bridge construction","County, NAICS 6-digit -- by ownership sector","All establishment sizes",3,0,0,0,0,0,0,0
"51173",5,"237310",78,0,2007,3,"N","Smyth County, Virginia","Private","Highway, street, and bridge construction","County, NAICS 6-digit -- by ownership sector","All establishment sizes",3,0,0,0,0,0,0,0
"51173",5,"237310",78,0,2007,4,"N","Smyth County, Virginia","Private","Highway, street, and bridge construction","County, NAICS 6-digit -- by ownership sector","All establishment sizes",3,0,0,0,0,0,0,0
"51173",5,238,75,0,2007,1,"","Smyth County, Virginia","Private","Specialty trade contractors","County, NAICS 3-digit -- by ownership sector","All establishment sizes",41,197,200,191,923693,886788,16544,363
"51173",5,"238",75,0,2007,2,"","Smyth County, Virginia","Private","Specialty trade contractors","County, NAICS 3-digit -- by ownership sector","All establishment sizes",41,188,193,198,1117286,538886,12936,445
"51173",5,"238",75,0,2007,3,"","Smyth County, Virginia","Private","Specialty trade contractors","County, NAICS 3-digit -- by ownership sector","All establishment sizes",42,225,226,220,1095342,277330,6882,377
"51173",5,"238",75,0,2007,4,"","Smyth County, Virginia","Private","Specialty trade contractors","County, NAICS 3-digit -- by ownership sector","All establishment sizes",42,216,207,210,1172923,231398,5956,428
"51173",5,2381,76,0,2007,1,"","Smyth County, Virginia","Private","Building foundation and exterior contractors","County, NAICS 4-digit -- by ownership sector","All establishment sizes",12,73,70,66,293504,286135,3248,324
"51173",5,"2381",76,0,2007,2,"","Smyth County, Virginia","Private","Building foundation and exterior contractors","County, NAICS 4-digit -- by ownership sector","All establishment sizes",12,62,67,78,435448,195562,3077,485
"51173",5,"2381",76,0,2007,3,"","Smyth County, Virginia","Private","Building foundation and exterior contractors","County, NAICS 4-digit -- by ownership sector","All establishment sizes",12,81,81,75,404679,118637,2943,394
"51173",5,"2381",76,0,2007,4,"","Smyth County, Virginia","Private","Building foundation and exterior contractors","County, NAICS 4-digit -- by ownership sector","All establishment sizes",12,85,77,79,510045,121434,2932,488
"51173",5,23811,77,0,2007,1,"N","Smyth County, Virginia","Private","Poured concrete structure contractors","County, NAICS 5-digit -- by ownership sector","All establishment sizes",2,0,0,0,0,0,0,0
"51173",5,"23811",77,0,2007,2,"N","Smyth County, Virginia","Private","Poured concrete structure contractors","County, NAICS 5-digit -- by ownership sector","All establishment sizes",2,0,0,0,0,0,0,0
"51173",5,"23811",77,0,2007,3,"","Smyth County, Virginia","Private","Poured concrete structure contractors","County, NAICS 5-digit -- by ownership sector","All establishment sizes",3,28,28,28,118015,83452,2096,324
"51173",5,"23811",77,0,2007,4,"","Smyth County, Virginia","Private","Poured concrete structure contractors","County, NAICS 5-digit -- by ownership sector","All establishment sizes",3,30,31,31,140435,71103,1774,352
"51173",5,238111,78,0,2007,1,"N","Smyth County, Virginia","Private","Residential poured foundation contractors","County, NAICS 6-digit -- by ownership sector","All establishment sizes",1,0,0,0,0,0,0,0
"51173",5,"238111",78,0,2007,2,"N","Smyth County, Virginia","Private","Residential poured foundation contractors","County, NAICS 6-digit -- by ownership sector","All establishment sizes",1,0,0,0,0,0,0,0
"51173",5,"238111",78,0,2007,3,"N","Smyth County, Virginia","Private","Residential poured foundation contractors","County, NAICS 6-digit -- by ownership sector","All establishment sizes",1,0,0,0,0,0,0,0
"51173",5,"238111",78,0,2007,4,"N","Smyth County, Virginia","Private","Residential poured foundation contractors","County, NAICS 6-digit -- by ownership sector","All establishment sizes",1,0,0,0,0,0,0,0
"51173",5,238112,78,0,2007,1,"N","Smyth County, Virginia","Private","Nonresidential poured foundation contractors","County, NAICS 6-digit -- by ownership sector","All establishment sizes",1,0,0,0,0,0,0,0
"51173",5,"238112",78,0,2007,2,"N","Smyth County, Virginia","Private","Nonresidential poured foundation contractors","County, NAICS 6-digit -- by ownership sector","All establishment sizes",1,0,0,0,0,0,0,0
"51173",5,"238112",78,0,2007,3,"N","Smyth County, Virginia","Private","Nonresidential poured foundation contractors","County, NAICS 6-digit -- by ownership sector","All establishment sizes",2,0,0,0,0,0,0,0
"51173",5,"238112",78,0,2007,4,"N","Smyth County, Virginia","Private","Nonresidential poured foundation contractors","County, NAICS 6-digit -- by ownership sector","All establishment sizes",2,0,0,0,0,0,0,0
"51173",5,23812,77,0,2007,1,"N","Smyth County, Virginia","Private","Steel and precast concrete contractors","County, NAICS 5-digit -- by ownership sector","All establishment sizes",2,0,0,0,0,0,0,0
"51173",5,"23812",77,0,2007,2,"N","Smyth County, Virginia","Private","Steel and precast concrete contractors","County, NAICS 5-digit -- by ownership sector","All establishment sizes",2,0,0,0,0,0,0,0
"51173",5,"23812",77,0,2007,3,"N","Smyth County, Virginia","Private","Steel and precast concrete contractors","County, NAICS 5-digit -- by ownership sector","All establishment sizes",1,0,0,0,0,0,0,0
"51173",5,"23812",77,0,2007,4,"N","Smyth County, Virginia","Private","Steel and precast concrete contractors","County, NAICS 5-digit -- by ownership sector","All establishment sizes",1,0,0,0,0,0,0,0
"51173",5,238122,78,0,2007,1,"N","Smyth County, Virginia","Private","Nonresidential structural steel contractors","County, NAICS 6-digit -- by ownership sector","All establishment sizes",2,0,0,0,0,0,0,0
"51173",5,"238122",78,0,2007,2,"N","Smyth County, Virginia","Private","Nonresidential structural steel contractors","County, NAICS 6-digit -- by ownership sector","All establishment sizes",2,0,0,0,0,0,0,0
"51173",5,"238122",78,0,2007,3,"N","Smyth County, Virginia","Private","Nonresidential structural steel contractors","County, NAICS 6-digit -- by ownership sector","All establishment sizes",1,0,0,0,0,0,0,0
"51173",5,"238122",78,0,2007,4,"N","Smyth County, Virginia","Private","Nonresidential structural steel contractors","County, NAICS 6-digit -- by ownership sector","All establishment sizes",1,0,0,0,0,0,0,0
"51173",5,23813,77,0,2007,1,"N","Smyth County, Virginia","Private","Framing contractors","County, NAICS 5-digit -- by ownership sector","All establishment sizes",1,0,0,0,0,0,0,0
"51173",5,"23813",77,0,2007,2,"N","Smyth County, Virginia","Private","Framing contractors","County, NAICS 5-digit -- by ownership sector","All establishment sizes",1,0,0,0,0,0,0,0
"51173",5,"23813",77,0,2007,3,"N","Smyth County, Virginia","Private","Framing contractors","County, NAICS 5-digit -- by ownership sector","All establishment sizes",1,0,0,0,0,0,0,0
"51173",5,"23813",77,0,2007,4,"N","Smyth County, Virginia","Private","Framing contractors","County, NAICS 5-digit -- by ownership sector","All establishment sizes",1,0,0,0,0,0,0,0
"51173",5,238131,78,0,2007,1,"N","Smyth County, Virginia","Private","Residential framing contractors","County, NAICS 6-digit -- by ownership sector","All establishment sizes",1,0,0,0,0,0,0,0
"51173",5,"238131",78,0,2007,2,"N","Smyth County, Virginia","Private","Residential framing contractors","County, NAICS 6-digit -- by ownership sector","All establishment sizes",1,0,0,0,0,0,0,0
"51173",5,"238131",78,0,2007,3,"N","Smyth County, Virginia","Private","Residential framing contractors","County, NAICS 6-digit -- by ownership sector","All establishment sizes",1,0,0,0,0,0,0,0
"51173",5,"238131",78,0,2007,4,"N","Smyth County, Virginia","Private","Residential framing contractors","County, NAICS 6-digit -- by ownership sector","All establishment sizes",1,0,0,0,0,0,0,0
"51173",5,23814,77,0,2007,1,"","Smyth County, Virginia","Private","Masonry contractors","County, NAICS 5-digit -- by ownership sector","All establishment sizes",5,12,12,13,31867,31867,1186,199
"51173",5,"23814",77,0,2007,2,"","Smyth County, Virginia","Private","Masonry contractors","County, NAICS 5-digit -- by ownership sector","All establishment sizes",5,13,14,22,55498,47823,1499,261
"51173",5,"23814",77,0,2007,3,"","Smyth County, Virginia","Private","Masonry contractors","County, NAICS 5-digit -- by ownership sector","All establishment sizes",5,13,15,14,60220,18714,672,331
"51173",5,"23814",77,0,2007,4,"","Smyth County, Virginia","Private","Masonry contractors","County, NAICS 5-digit -- by ownership sector","All establishment sizes",5,19,14,13,58429,17975,748,293
"51173",5,238141,78,0,2007,1,"N","Smyth County, Virginia","Private","Residential masonry contractors","County, NAICS 6-digit -- by ownership sector","All establishment sizes",4,0,0,0,0,0,0,0
"51173",5,"238141",78,0,2007,2,"N","Smyth County, Virginia","Private","Residential masonry contractors","County, NAICS 6-digit -- by ownership sector","All establishment sizes",4,0,0,0,0,0,0,0
"51173",5,"238141",78,0,2007,3,"N","Smyth County, Virginia","Private","Residential masonry contractors","County, NAICS 6-digit -- by ownership sector","All establishment sizes",4,0,0,0,0,0,0,0
"51173",5,"238141",78,0,2007,4,"N","Smyth County, Virginia","Private","Residential masonry contractors","County, NAICS 6-digit -- by ownership sector","All establishment sizes",4,0,0,0,0,0,0,0
"51173",5,238142,78,0,2007,1,"N","Smyth County, Virginia","Private","Nonresidential masonry contractors","County, NAICS 6-digit -- by ownership sector","All establishment sizes",1,0,0,0,0,0,0,0
"51173",5,"238142",78,0,2007,2,"N","Smyth County, Virginia","Private","Nonresidential masonry contractors","County, NAICS 6-digit -- by ownership sector","All establishment sizes",1,0,0,0,0,0,0,0
"51173",5,"238142",78,0,2007,3,"N","Smyth County, Virginia","Private","Nonresidential masonry contractors","County, NAICS 6-digit -- by ownership sector","All establishment sizes",1,0,0,0,0,0,0,0
"51173",5,"238142",78,0,2007,4,"N","Smyth County, Virginia","Private","Nonresidential masonry contractors","County, NAICS 6-digit -- by ownership sector","All establishment sizes",1,0,0,0,0,0,0,0
"51173",5,23816,77,0,2007,1,"N","Smyth County, Virginia","Private","Roofing contractors","County, NAICS 5-digit -- by ownership sector","All establishment sizes",1,0,0,0,0,0,0,0
"51173",5,"23816",77,0,2007,2,"N","Smyth County, Virginia","Private","Roofing contractors","County, NAICS 5-digit -- by ownership sector","All establishment sizes",1,0,0,0,0,0,0,0
"51173",5,"23816",77,0,2007,3,"N","Smyth County, Virginia","Private","Roofing contractors","County, NAICS 5-digit -- by ownership sector","All establishment sizes",1,0,0,0,0,0,0,0
"51173",5,"23816",77,0,2007,4,"N","Smyth County, Virginia","Private","Roofing contractors","County, NAICS 5-digit -- by ownership sector","All establishment sizes",1,0,0,0,0,0,0,0
"51173",5,238162,78,0,2007,1,"N","Smyth County, Virginia","Private","Nonresidential roofing contractors","County, NAICS 6-digit -- by ownership sector","All establishment sizes",1,0,0,0,0,0,0,0
"51173",5,"238162",78,0,2007,2,"N","Smyth County, Virginia","Private","Nonresidential roofing contractors","County, NAICS 6-digit -- by ownership sector","All establishment sizes",1,0,0,0,0,0,0,0
"51173",5,"238162",78,0,2007,3,"N","Smyth County, Virginia","Private","Nonresidential roofing contractors","County, NAICS 6-digit -- by ownership sector","All establishment sizes",1,0,0,0,0,0,0,0
"51173",5,"238162",78,0,2007,4,"N","Smyth County, Virginia","Private","Nonresidential roofing contractors","County, NAICS 6-digit -- by ownership sector","All establishment sizes",1,0,0,0,0,0,0,0
"51173",5,23819,77,0,2007,1,"N","Smyth County, Virginia","Private","Other building exterior contractors","County, NAICS 5-digit -- by ownership sector","All establishment sizes",1,0,0,0,0,0,0,0
"51173",5,"23819",77,0,2007,2,"N","Smyth County, Virginia","Private","Other building exterior contractors","County, NAICS 5-digit -- by ownership sector","All establishment sizes",1,0,0,0,0,0,0,0
"51173",5,"23819",77,0,2007,3,"N","Smyth County, Virginia","Private","Other building exterior contractors","County, NAICS 5-digit -- by ownership sector","All establishment sizes",1,0,0,0,0,0,0,0
"51173",5,"23819",77,0,2007,4,"N","Smyth County, Virginia","Private","Other building exterior contractors","County, NAICS 5-digit -- by ownership sector","All establishment sizes",1,0,0,0,0,0,0,0
"51173",5,238192,78,0,2007,1,"N","Smyth County, Virginia","Private","Other nonresidential exterior contractors","County, NAICS 6-digit -- by ownership sector","All establishment sizes",1,0,0,0,0,0,0,0
"51173",5,"238192",78,0,2007,2,"N","Smyth County, Virginia","Private","Other nonresidential exterior contractors","County, NAICS 6-digit -- by ownership sector","All establishment sizes",1,0,0,0,0,0,0,0
"51173",5,"238192",78,0,2007,3,"N","Smyth County, Virginia","Private","Other nonresidential exterior contractors","County, NAICS 6-digit -- by ownership sector","All establishment sizes",1,0,0,0,0,0,0,0
"51173",5,"238192",78,0,2007,4,"N","Smyth County, Virginia","Private","Other nonresidential exterior contractors","County, NAICS 6-digit -- by ownership sector","All establishment sizes",1,0,0,0,0,0,0,0
"51173",5,2382,76,0,2007,1,"N","Smyth County, Virginia","Private","Building equipment contractors","County, NAICS 4-digit -- by ownership sector","All establishment sizes",13,0,0,0,0,0,0,0
"51173",5,"2382",76,0,2007,2,"N","Smyth County, Virginia","Private","Building equipment contractors","County, NAICS 4-digit -- by ownership sector","All establishment sizes",13,0,0,0,0,0,0,0
"51173",5,"2382",76,0,2007,3,"N","Smyth County, Virginia","Private","Building equipment contractors","County, NAICS 4-digit -- by ownership sector","All establishment sizes",14,0,0,0,0,0,0,0
"51173",5,"2382",76,0,2007,4,"N","Smyth County, Virginia","Private","Building equipment contractors","County, NAICS 4-digit -- by ownership sector","All establishment sizes",13,0,0,0,0,0,0,0
"51173",5,23821,77,0,2007,1,"","Smyth County, Virginia","Private","Electrical and wiring contractors","County, NAICS 5-digit -- by ownership sector","All establishment sizes",6,16,17,17,84824,82261,845,391
"51173",5,"23821",77,0,2007,2,"","Smyth County, Virginia","Private","Electrical and wiring contractors","County, NAICS 5-digit -- by ownership sector","All establishment sizes",6,17,16,17,83428,46745,374,385
"51173",5,"23821",77,0,2007,3,"","Smyth County, Virginia","Private","Electrical and wiring contractors","County, NAICS 5-digit -- by ownership sector","All establishment sizes",6,16,19,18,80948,32204,477,352
"51173",5,"23821",77,0,2007,4,"N","Smyth County, Virginia","Private","Electrical and wiring contractors","County, NAICS 5-digit -- by ownership sector","All establishment sizes",6,0,0,0,0,0,0,0
"51173",5,238211,78,0,2007,1,"N","Smyth County, Virginia","Private","Residential electrical contractors","County, NAICS 6-digit -- by ownership sector","All establishment sizes",3,0,0,0,0,0,0,0
"51173",5,"238211",78,0,2007,2,"","Smyth County, Virginia","Private","Residential electrical contractors","County, NAICS 6-digit -- by ownership sector","All establishment sizes",3,6,7,7,37771,23801,40,436
"51173",5,"238211",78,0,2007,3,"N","Smyth County, Virginia","Private","Residential electrical contractors","County, NAICS 6-digit -- by ownership sector","All establishment sizes",3,0,0,0,0,0,0,0
"51173",5,"238211",78,0,2007,4,"N","Smyth County, Virginia","Private","Residential electrical contractors","County, NAICS 6-digit -- by ownership sector","All establishment sizes",3,0,0,0,0,0,0,0
"51173",5,238212,78,0,2007,1,"N","Smyth County, Virginia","Private","Nonresidential electrical contractors","County, NAICS 6-digit -- by ownership sector","All establishment sizes",3,0,0,0,0,0,0,0
"51173",5,"238212",78,0,2007,2,"","Smyth County, Virginia","Private","Nonresidential electrical contractors","County, NAICS 6-digit -- by ownership sector","All establishment sizes",3,11,9,10,45657,22944,334,351
"51173",5,"238212",78,0,2007,3,"N","Smyth County, Virginia","Private","Nonresidential electrical contractors","County, NAICS 6-digit -- by ownership sector","All establishment sizes",3,0,0,0,0,0,0,0
"51173",5,"238212",78,0,2007,4,"N","Smyth County, Virginia","Private","Nonresidential electrical contractors","County, NAICS 6-digit -- by ownership sector","All establishment sizes",3,0,0,0,0,0,0,0
"51173",5,23822,77,0,2007,1,"","Smyth County, Virginia","Private","Plumbing and HVAC contractors","County, NAICS 5-digit -- by ownership sector","All establishment sizes",6,32,33,32,185223,182868,591,441
"51173",5,"23822",77,0,2007,2,"","Smyth County, Virginia","Private","Plumbing and HVAC contractors","County, NAICS 5-digit -- by ownership sector","All establishment sizes",6,32,34,31,179969,74116,331,428
"51173",5,"23822",77,0,2007,3,"","Smyth County, Virginia","Private","Plumbing and HVAC contractors","County, NAICS 5-digit -- by ownership sector","All establishment sizes",7,34,34,35,215001,45365,440,482
"51173",5,"23822",77,0,2007,4,"","Smyth County, Virginia","Private","Plumbing and HVAC contractors","County, NAICS 5-digit -- by ownership sector","All establishment sizes",7,34,35,35,203109,19404,32,451
"51173",5,238221,78,0,2007,1,"","Smyth County, Virginia","Private","Residential plumbing and HVAC contractors","County, NAICS 6-digit -- by ownership sector","All establishment sizes",6,32,33,32,185223,182868,591,441
"51173",5,"238221",78,0,2007,2,"","Smyth County, Virginia","Private","Residential plumbing and HVAC contractors","County, NAICS 6-digit -- by ownership sector","All establishment sizes",6,32,34,31,179969,74116,331,428
"51173",5,"238221",78,0,2007,3,"N","Smyth County, Virginia","Private","Residential plumbing and HVAC contractors","County, NAICS 6-digit -- by ownership sector","All establishment sizes",6,0,0,0,0,0,0,0
"51173",5,"238221",78,0,2007,4,"N","Smyth County, Virginia","Private","Residential plumbing and HVAC contractors","County, NAICS 6-digit -- by ownership sector","All establishment sizes",6,0,0,0,0,0,0,0
"51173",5,238222,78,0,2007,1,"-","Smyth County, Virginia","Private","Nonresidential plumbing and HVAC contractors","County, NAICS 6-digit -- by ownership sector","All establishment sizes",0,0,0,0,0,0,0,0
"51173",5,"238222",78,0,2007,2,"-","Smyth County, Virginia","Private","Nonresidential plumbing and HVAC contractors","County, NAICS 6-digit -- by ownership sector","All establishment sizes",0,0,0,0,0,0,0,0
"51173",5,"238222",78,0,2007,3,"N","Smyth County, Virginia","Private","Nonresidential plumbing and HVAC contractors","County, NAICS 6-digit -- by ownership sector","All establishment sizes",1,0,0,0,0,0,0,0
"51173",5,"238222",78,0,2007,4,"N","Smyth County, Virginia","Private","Nonresidential plumbing and HVAC contractors","County, NAICS 6-digit -- by ownership sector","All establishment sizes",1,0,0,0,0,0,0,0
"51173",5,23829,77,0,2007,1,"N","Smyth County, Virginia","Private","Other building equipment contractors","County, NAICS 5-digit -- by ownership sector","All establishment sizes",1,0,0,0,0,0,0,0
"51173",5,"23829",77,0,2007,2,"N","Smyth County, Virginia","Private","Other building equipment contractors","County, NAICS 5-digit -- by ownership sector","All establishment sizes",1,0,0,0,0,0,0,0
"51173",5,"23829",77,0,2007,3,"N","Smyth County, Virginia","Private","Other building equipment contractors","County, NAICS 5-digit -- by ownership sector","All establishment sizes",1,0,0,0,0,0,0,0
"51173",5,"23829",77,0,2007,4,"-","Smyth County, Virginia","Private","Other building equipment contractors","County, NAICS 5-digit -- by ownership sector","All establishment sizes",0,0,0,0,0,0,0,0
"51173",5,238292,78,0,2007,1,"N","Smyth County, Virginia","Private","Other nonresidential building equipment contractors","County, NAICS 6-digit -- by ownership sector","All establishment sizes",1,0,0,0,0,0,0,0
"51173",5,"238292",78,0,2007,2,"N","Smyth County, Virginia","Private","Other nonresidential building equipment contractors","County, NAICS 6-digit -- by ownership sector","All establishment sizes",1,0,0,0,0,0,0,0
"51173",5,"238292",78,0,2007,3,"N","Smyth County, Virginia","Private","Other nonresidential building equipment contractors","County, NAICS 6-digit -- by ownership sector","All establishment sizes",1,0,0,0,0,0,0,0
"51173",5,"238292",78,0,2007,4,"-","Smyth County, Virginia","Private","Other nonresidential building equipment contractors","County, NAICS 6-digit -- by ownership sector","All establishment sizes",0,0,0,0,0,0,0,0
"51173",5,2383,76,0,2007,1,"N","Smyth County, Virginia","Private","Building finishing contractors","County, NAICS 4-digit -- by ownership sector","All establishment sizes",2,0,0,0,0,0,0,0
"51173",5,"2383",76,0,2007,2,"N","Smyth County, Virginia","Private","Building finishing contractors","County, NAICS 4-digit -- by ownership sector","All establishment sizes",2,0,0,0,0,0,0,0
"51173",5,"2383",76,0,2007,3,"N","Smyth County, Virginia","Private","Building finishing contractors","County, NAICS 4-digit -- by ownership sector","All establishment sizes",2,0,0,0,0,0,0,0
"51173",5,"2383",76,0,2007,4,"N","Smyth County, Virginia","Private","Building finishing contractors","County, NAICS 4-digit -- by ownership sector","All establishment sizes",2,0,0,0,0,0,0,0
"51173",5,23833,77,0,2007,1,"N","Smyth County, Virginia","Private","Flooring contractors","County, NAICS 5-digit -- by ownership sector","All establishment sizes",1,0,0,0,0,0,0,0
"51173",5,"23833",77,0,2007,2,"N","Smyth County, Virginia","Private","Flooring contractors","County, NAICS 5-digit -- by ownership sector","All establishment sizes",1,0,0,0,0,0,0,0
"51173",5,"23833",77,0,2007,3,"N","Smyth County, Virginia","Private","Flooring contractors","County, NAICS 5-digit -- by ownership sector","All establishment sizes",1,0,0,0,0,0,0,0
"51173",5,"23833",77,0,2007,4,"N","Smyth County, Virginia","Private","Flooring contractors","County, NAICS 5-digit -- by ownership sector","All establishment sizes",1,0,0,0,0,0,0,0
"51173",5,238331,78,0,2007,1,"N","Smyth County, Virginia","Private","Residential flooring contractors","County, NAICS 6-digit -- by ownership sector","All establishment sizes",1,0,0,0,0,0,0,0
"51173",5,"238331",78,0,2007,2,"N","Smyth County, Virginia","Private","Residential flooring contractors","County, NAICS 6-digit -- by ownership sector","All establishment sizes",1,0,0,0,0,0,0,0
"51173",5,"238331",78,0,2007,3,"N","Smyth County, Virginia","Private","Residential flooring contractors","County, NAICS 6-digit -- by ownership sector","All establishment sizes",1,0,0,0,0,0,0,0
"51173",5,"238331",78,0,2007,4,"N","Smyth County, Virginia","Private","Residential flooring contractors","County, NAICS 6-digit -- by ownership sector","All establishment sizes",1,0,0,0,0,0,0,0
"51173",5,23835,77,0,2007,1,"N","Smyth County, Virginia","Private","Finish carpentry contractors","County, NAICS 5-digit -- by ownership sector","All establishment sizes",1,0,0,0,0,0,0,0
"51173",5,"23835",77,0,2007,2,"N","Smyth County, Virginia","Private","Finish carpentry contractors","County, NAICS 5-digit -- by ownership sector","All establishment sizes",1,0,0,0,0,0,0,0
"51173",5,"23835",77,0,2007,3,"N","Smyth County, Virginia","Private","Finish carpentry contractors","County, NAICS 5-digit -- by ownership sector","All establishment sizes",1,0,0,0,0,0,0,0
"51173",5,"23835",77,0,2007,4,"N","Smyth County, Virginia","Private","Finish carpentry contractors","County, NAICS 5-digit -- by ownership sector","All establishment sizes",1,0,0,0,0,0,0,0
"51173",5,238351,78,0,2007,1,"N","Smyth County, Virginia","Private","Residential finish carpentry contractors","County, NAICS 6-digit -- by ownership sector","All establishment sizes",1,0,0,0,0,0,0,0
"51173",5,"238351",78,0,2007,2,"N","Smyth County, Virginia","Private","Residential finish carpentry contractors","County, NAICS 6-digit -- by ownership sector","All establishment sizes",1,0,0,0,0,0,0,0
"51173",5,"238351",78,0,2007,3,"N","Smyth County, Virginia","Private","Residential finish carpentry contractors","County, NAICS 6-digit -- by ownership sector","All establishment sizes",1,0,0,0,0,0,0,0
"51173",5,"238351",78,0,2007,4,"N","Smyth County, Virginia","Private","Residential finish carpentry contractors","County, NAICS 6-digit -- by ownership sector","All establishment sizes",1,0,0,0,0,0,0,0
"51173",5,2389,76,0,2007,1,"","Smyth County, Virginia","Private","Other specialty trade contractors","County, NAICS 4-digit -- by ownership sector","All establishment sizes",14,69,73,69,304552,284112,10484,333
"51173",5,"2389",76,0,2007,2,"","Smyth County, Virginia","Private","Other specialty trade contractors","County, NAICS 4-digit -- by ownership sector","All establishment sizes",14,70,69,66,373241,209874,8469,420
"51173",5,"2389",76,0,2007,3,"","Smyth County, Virginia","Private","Other specialty trade contractors","County, NAICS 4-digit -- by ownership sector","All establishment sizes",14,87,85,86,354100,81124,3022,317
"51173",5,"2389",76,0,2007,4,"","Smyth County, Virginia","Private","Other specialty trade contractors","County, NAICS 4-digit -- by ownership sector","All establishment sizes",15,74,72,73,334329,74386,2711,352
"51173",5,23891,77,0,2007,1,"","Smyth County, Virginia","Private","Site preparation contractors","County, NAICS 5-digit -- by ownership sector","All establishment sizes",4,25,28,20,145986,126186,5150,461
"51173",5,"23891",77,0,2007,2,"","Smyth County, Virginia","Private","Site preparation contractors","County, NAICS 5-digit -- by ownership sector","All establishment sizes",4,26,27,26,194032,79807,3006,567
"51173",5,"23891",77,0,2007,3,"","Smyth County, Virginia","Private","Site preparation contractors","County, NAICS 5-digit -- by ownership sector","All establishment sizes",4,24,26,25,141636,9981,321,436
"51173",5,"23891",77,0,2007,4,"","Smyth County, Virginia","Private","Site preparation contractors","County, NAICS 5-digit -- by ownership sector","All establishment sizes",4,23,22,22,99967,17060,548,344
"51173",5,238911,78,0,2007,1,"","Smyth County, Virginia","Private","Residential site preparation contractors","County, NAICS 6-digit -- by ownership sector","All establishment sizes",4,25,28,20,145986,126186,5150,461
"51173",5,"238911",78,0,2007,2,"","Smyth County, Virginia","Private","Residential site preparation contractors","County, NAICS 6-digit -- by ownership sector","All establishment sizes",4,26,27,26,194032,79807,3006,567
"51173",5,"238911",78,0,2007,3,"","Smyth County, Virginia","Private","Residential site preparation contractors","County, NAICS 6-digit -- by ownership sector","All establishment sizes",4,24,26,25,141636,9981,321,436
"51173",5,"238911",78,0,2007,4,"","Smyth County, Virginia","Private","Residential site preparation contractors","County, NAICS 6-digit -- by ownership sector","All establishment sizes",4,23,22,22,99967,17060,548,344
"51173",5,23899,77,0,2007,1,"","Smyth County, Virginia","Private","All other specialty trade contractors","County, NAICS 5-digit -- by ownership sector","All establishment sizes",10,44,45,49,158566,157926,5334,265
"51173",5,"23899",77,0,2007,2,"","Smyth County, Virginia","Private","All other specialty trade contractors","County, NAICS 5-digit -- by ownership sector","All establishment sizes",10,44,42,40,179209,130067,5463,328
"51173",5,"23899",77,0,2007,3,"","Smyth County, Virginia","Private","All other specialty trade contractors","County, NAICS 5-digit -- by ownership sector","All establishment sizes",10,63,59,61,212464,71143,2701,268
"51173",5,"23899",77,0,2007,4,"","Smyth County, Virginia","Private","All other specialty trade contractors","County, NAICS 5-digit -- by ownership sector","All establishment sizes",11,51,50,51,234362,57326,2163,356
"51173",5,238991,78,0,2007,1,"","Smyth County, Virginia","Private","All other residential trade contractors","County, NAICS 6-digit -- by ownership sector","All establishment sizes",5,21,21,21,73799,73799,2632,270
"51173",5,"238991",78,0,2007,2,"","Smyth County, Virginia","Private","All other residential trade contractors","County, NAICS 6-digit -- by ownership sector","All establishment sizes",5,26,22,20,81484,65688,3019,277
"51173",5,"238991",78,0,2007,3,"","Smyth County, Virginia","Private","All other residential trade contractors","County, NAICS 6-digit -- by ownership sector","All establishment sizes",6,37,33,37,111917,42255,1617,241
"51173",5,"238991",78,0,2007,4,"","Smyth County, Virginia","Private","All other residential trade contractors","County, NAICS 6-digit -- by ownership sector","All establishment sizes",7,33,32,33,123186,37060,1162,290
"51173",5,238992,78,0,2007,1,"","Smyth County, Virginia","Private","All other nonresidential trade contractors","County, NAICS 6-digit -- by ownership sector","All establishment sizes",5,23,24,28,84767,84127,2702,261
"51173",5,"238992",78,0,2007,2,"","Smyth County, Virginia","Private","All other nonresidential trade contractors","County, NAICS 6-digit -- by ownership sector","All establishment sizes",5,18,20,20,97725,64379,2444,389
"51173",5,"238992",78,0,2007,3,"","Smyth County, Virginia","Private","All other nonresidential trade contractors","County, NAICS 6-digit -- by ownership sector","All establishment sizes",4,26,26,24,100547,28888,1084,305
"51173",5,"238992",78,0,2007,4,"","Smyth County, Virginia","Private","All other nonresidential trade contractors","County, NAICS 6-digit -- by ownership sector","All establishment sizes",4,18,18,18,111176,20266,1001,475
"51173",5,31-33,74,0,2007,1,"","Smyth County, Virginia","Private","Manufacturing","County, NAICS Sector -- by ownership sector","All establishment sizes",43,4457,4374,4347,39851456,31343744,718177,698
"51173",5,"31-33",74,0,2007,2,"","Smyth County, Virginia","Private","Manufacturing","County, NAICS Sector -- by ownership sector","All establishment sizes",43,4318,4255,4188,38197782,5069952,127337,691
"51173",5,"31-33",74,0,2007,3,"","Smyth County, Virginia","Private","Manufacturing","County, NAICS Sector -- by ownership sector","All establishment sizes",41,4172,4197,4241,38289866,1822479,38782,701
"51173",5,"31-33",74,0,2007,4,"","Smyth County, Virginia","Private","Manufacturing","County, NAICS Sector -- by ownership sector","All establishment sizes",41,4091,3985,4076,36913402,976272,23723,701
"51173",5,311,75,0,2007,1,"N","Smyth County, Virginia","Private","Food manufacturing","County, NAICS 3-digit -- by ownership sector","All establishment sizes",1,0,0,0,0,0,0,0
"51173",5,"311",75,0,2007,2,"N","Smyth County, Virginia","Private","Food manufacturing","County, NAICS 3-digit -- by ownership sector","All establishment sizes",1,0,0,0,0,0,0,0
"51173",5,"311",75,0,2007,3,"N","Smyth County, Virginia","Private","Food manufacturing","County, NAICS 3-digit -- by ownership sector","All establishment sizes",1,0,0,0,0,0,0,0
"51173",5,"311",75,0,2007,4,"N","Smyth County, Virginia","Private","Food manufacturing","County, NAICS 3-digit -- by ownership sector","All establishment sizes",1,0,0,0,0,0,0,0
"51173",5,3116,76,0,2007,1,"N","Smyth County, Virginia","Private","Animal slaughtering and processing","County, NAICS 4-digit -- by ownership sector","All establishment sizes",1,0,0,0,0,0,0,0
"51173",5,"3116",76,0,2007,2,"N","Smyth County, Virginia","Private","Animal slaughtering and processing","County, NAICS 4-digit -- by ownership sector","All establishment sizes",1,0,0,0,0,0,0,0
"51173",5,"3116",76,0,2007,3,"N","Smyth County, Virginia","Private","Animal slaughtering and processing","County, NAICS 4-digit -- by ownership sector","All establishment sizes",1,0,0,0,0,0,0,0
"51173",5,"3116",76,0,2007,4,"N","Smyth County, Virginia","Private","Animal slaughtering and processing","County, NAICS 4-digit -- by ownership sector","All establishment sizes",1,0,0,0,0,0,0,0
"51173",5,31161,77,0,2007,1,"N","Smyth County, Virginia","Private","Animal slaughtering and processing","County, NAICS 5-digit -- by ownership sector","All establishment sizes",1,0,0,0,0,0,0,0
"51173",5,"31161",77,0,2007,2,"N","Smyth County, Virginia","Private","Animal slaughtering and processing","County, NAICS 5-digit -- by ownership sector","All establishment sizes",1,0,0,0,0,0,0,0
"51173",5,"31161",77,0,2007,3,"N","Smyth County, Virginia","Private","Animal slaughtering and processing","County, NAICS 5-digit -- by ownership sector","All establishment sizes",1,0,0,0,0,0,0,0
"51173",5,"31161",77,0,2007,4,"N","Smyth County, Virginia","Private","Animal slaughtering and processing","County, NAICS 5-digit -- by ownership sector","All establishment sizes",1,0,0,0,0,0,0,0
"51173",5,311611,78,0,2007,1,"N","Smyth County, Virginia","Private","Animal, except poultry, slaughtering","County, NAICS 6-digit -- by ownership sector","All establishment sizes",1,0,0,0,0,0,0,0
"51173",5,"311611",78,0,2007,2,"N","Smyth County, Virginia","Private","Animal, except poultry, slaughtering","County, NAICS 6-digit -- by ownership sector","All establishment sizes",1,0,0,0,0,0,0,0
"51173",5,"311611",78,0,2007,3,"N","Smyth County, Virginia","Private","Animal, except poultry, slaughtering","County, NAICS 6-digit -- by ownership sector","All establishment sizes",1,0,0,0,0,0,0,0
"51173",5,"311611",78,0,2007,4,"N","Smyth County, Virginia","Private","Animal, except poultry, slaughtering","County, NAICS 6-digit -- by ownership sector","All establishment sizes",1,0,0,0,0,0,0,0
"51173",5,312,75,0,2007,1,"N","Smyth County, Virginia","Private","Beverage and tobacco product manufacturing","County, NAICS 3-digit -- by ownership sector","All establishment sizes",1,0,0,0,0,0,0,0
"51173",5,"312",75,0,2007,2,"N","Smyth County, Virginia","Private","Beverage and tobacco product manufacturing","County, NAICS 3-digit -- by ownership sector","All establishment sizes",1,0,0,0,0,0,0,0
"51173",5,"312",75,0,2007,3,"N","Smyth County, Virginia","Private","Beverage and tobacco product manufacturing","County, NAICS 3-digit -- by ownership sector","All establishment sizes",1,0,0,0,0,0,0,0
"51173",5,"312",75,0,2007,4,"N","Smyth County, Virginia","Private","Beverage and tobacco product manufacturing","County, NAICS 3-digit -- by ownership sector","All establishment sizes",1,0,0,0,0,0,0,0
"51173",5,3121,76,0,2007,1,"N","Smyth County, Virginia","Private","Beverage manufacturing","County, NAICS 4-digit -- by ownership sector","All establishment sizes",1,0,0,0,0,0,0,0
"51173",5,"3121",76,0,2007,2,"N","Smyth County, Virginia","Private","Beverage manufacturing","County, NAICS 4-digit -- by ownership sector","All establishment sizes",1,0,0,0,0,0,0,0
"51173",5,"3121",76,0,2007,3,"N","Smyth County, Virginia","Private","Beverage manufacturing","County, NAICS 4-digit -- by ownership sector","All establishment sizes",1,0,0,0,0,0,0,0
"51173",5,"3121",76,0,2007,4,"N","Smyth County, Virginia","Private","Beverage manufacturing","County, NAICS 4-digit -- by ownership sector","All establishment sizes",1,0,0,0,0,0,0,0
"51173",5,31213,77,0,2007,1,"N","Smyth County, Virginia","Private","Wineries","County, NAICS 5-digit -- by ownership sector","All establishment sizes",1,0,0,0,0,0,0,0
"51173",5,"31213",77,0,2007,2,"N","Smyth County, Virginia","Private","Wineries","County, NAICS 5-digit -- by ownership sector","All establishment sizes",1,0,0,0,0,0,0,0
"51173",5,"31213",77,0,2007,3,"N","Smyth County, Virginia","Private","Wineries","County, NAICS 5-digit -- by ownership sector","All establishment sizes",1,0,0,0,0,0,0,0
"51173",5,"31213",77,0,2007,4,"N","Smyth County, Virginia","Private","Wineries","County, NAICS 5-digit -- by ownership sector","All establishment sizes",1,0,0,0,0,0,0,0
"51173",5,312130,78,0,2007,1,"N","Smyth County, Virginia","Private","Wineries","County, NAICS 6-digit -- by ownership sector","All establishment sizes",1,0,0,0,0,0,0,0
"51173",5,"312130",78,0,2007,2,"N","Smyth County, Virginia","Private","Wineries","County, NAICS 6-digit -- by ownership sector","All establishment sizes",1,0,0,0,0,0,0,0
"51173",5,"312130",78,0,2007,3,"N","Smyth County, Virginia","Private","Wineries","County, NAICS 6-digit -- by ownership sector","All establishment sizes",1,0,0,0,0,0,0,0
"51173",5,"312130",78,0,2007,4,"N","Smyth County, Virginia","Private","Wineries","County, NAICS 6-digit -- by ownership sector","All establishment sizes",1,0,0,0,0,0,0,0
"51173",5,314,75,0,2007,1,"N","Smyth County, Virginia","Private","Textile product mills","County, NAICS 3-digit -- by ownership sector","All establishment sizes",2,0,0,0,0,0,0,0
"51173",5,"314",75,0,2007,2,"N","Smyth County, Virginia","Private","Textile product mills","County, NAICS 3-digit -- by ownership sector","All establishment sizes",2,0,0,0,0,0,0,0
"51173",5,"314",75,0,2007,3,"N","Smyth County, Virginia","Private","Textile product mills","County, NAICS 3-digit -- by ownership sector","All establishment sizes",2,0,0,0,0,0,0,0
"51173",5,"314",75,0,2007,4,"N","Smyth County, Virginia","Private","Textile product mills","County, NAICS 3-digit -- by ownership sector","All establishment sizes",2,0,0,0,0,0,0,0
"51173",5,3149,76,0,2007,1,"N","Smyth County, Virginia","Private","Other textile product mills","County, NAICS 4-digit -- by ownership sector","All establishment sizes",2,0,0,0,0,0,0,0
"51173",5,"3149",76,0,2007,2,"N","Smyth County, Virginia","Private","Other textile product mills","County, NAICS 4-digit -- by ownership sector","All establishment sizes",2,0,0,0,0,0,0,0
"51173",5,"3149",76,0,2007,3,"N","Smyth County, Virginia","Private","Other textile product mills","County, NAICS 4-digit -- by ownership sector","All establishment sizes",2,0,0,0,0,0,0,0
"51173",5,"3149",76,0,2007,4,"N","Smyth County, Virginia","Private","Other textile product mills","County, NAICS 4-digit -- by ownership sector","All establishment sizes",2,0,0,0,0,0,0,0
"51173",5,31491,77,0,2007,1,"N","Smyth County, Virginia","Private","Textile bag and canvas mills","County, NAICS 5-digit -- by ownership sector","All establishment sizes",1,0,0,0,0,0,0,0
"51173",5,"31491",77,0,2007,2,"N","Smyth County, Virginia","Private","Textile bag and canvas mills","County, NAICS 5-digit -- by ownership sector","All establishment sizes",1,0,0,0,0,0,0,0
"51173",5,"31491",77,0,2007,3,"N","Smyth County, Virginia","Private","Textile bag and canvas mills","County, NAICS 5-digit -- by ownership sector","All establishment sizes",1,0,0,0,0,0,0,0
"51173",5,"31491",77,0,2007,4,"N","Smyth County, Virginia","Private","Textile bag and canvas mills","County, NAICS 5-digit -- by ownership sector","All establishment sizes",1,0,0,0,0,0,0,0
"51173",5,314912,78,0,2007,1,"N","Smyth County, Virginia","Private","Canvas and related product mills","County, NAICS 6-digit -- by ownership sector","All establishment sizes",1,0,0,0,0,0,0,0
"51173",5,"314912",78,0,2007,2,"N","Smyth County, Virginia","Private","Canvas and related product mills","County, NAICS 6-digit -- by ownership sector","All establishment sizes",1,0,0,0,0,0,0,0
"51173",5,"314912",78,0,2007,3,"N","Smyth County, Virginia","Private","Canvas and related product mills","County, NAICS 6-digit -- by ownership sector","All establishment sizes",1,0,0,0,0,0,0,0
"51173",5,"314912",78,0,2007,4,"N","Smyth County, Virginia","Private","Canvas and related product mills","County, NAICS 6-digit -- by ownership sector","All establishment sizes",1,0,0,0,0,0,0,0
"51173",5,31499,77,0,2007,1,"N","Smyth County, Virginia","Private","All other textile product mills","County, NAICS 5-digit -- by ownership sector","All establishment sizes",1,0,0,0,0,0,0,0
"51173",5,"31499",77,0,2007,2,"N","Smyth County, Virginia","Private","All other textile product mills","County, NAICS 5-digit -- by ownership sector","All establishment sizes",1,0,0,0,0,0,0,0
"51173",5,"31499",77,0,2007,3,"N","Smyth County, Virginia","Private","All other textile product mills","County, NAICS 5-digit -- by ownership sector","All establishment sizes",1,0,0,0,0,0,0,0
"51173",5,"31499",77,0,2007,4,"N","Smyth County, Virginia","Private","All other textile product mills","County, NAICS 5-digit -- by ownership sector","All establishment sizes",1,0,0,0,0,0,0,0
"51173",5,314999,78,0,2007,1,"N","Smyth County, Virginia","Private","All other miscellaneous textile product mills","County, NAICS 6-digit -- by ownership sector","All establishment sizes",1,0,0,0,0,0,0,0
"51173",5,"314999",78,0,2007,2,"N","Smyth County, Virginia","Private","All other miscellaneous textile product mills","County, NAICS 6-digit -- by ownership sector","All establishment sizes",1,0,0,0,0,0,0,0
"51173",5,"314999",78,0,2007,3,"N","Smyth County, Virginia","Private","All other miscellaneous textile product mills","County, NAICS 6-digit -- by ownership sector","All establishment sizes",1,0,0,0,0,0,0,0
"51173",5,"314999",78,0,2007,4,"N","Smyth County, Virginia","Private","All other miscellaneous textile product mills","County, NAICS 6-digit -- by ownership sector","All establishment sizes",1,0,0,0,0,0,0,0
"51173",5,315,75,0,2007,1,"N","Smyth County, Virginia","Private","Apparel manufacturing","County, NAICS 3-digit -- by ownership sector","All establishment sizes",1,0,0,0,0,0,0,0
"51173",5,"315",75,0,2007,2,"N","Smyth County, Virginia","Private","Apparel manufacturing","County, NAICS 3-digit -- by ownership sector","All establishment sizes",1,0,0,0,0,0,0,0
"51173",5,"315",75,0,2007,3,"N","Smyth County, Virginia","Private","Apparel manufacturing","County, NAICS 3-digit -- by ownership sector","All establishment sizes",1,0,0,0,0,0,0,0
"51173",5,"315",75,0,2007,4,"N","Smyth County, Virginia","Private","Apparel manufacturing","County, NAICS 3-digit -- by ownership sector","All establishment sizes",1,0,0,0,0,0,0,0
"51173",5,3152,76,0,2007,1,"N","Smyth County, Virginia","Private","Cut and sew apparel manufacturing","County, NAICS 4-digit -- by ownership sector","All establishment sizes",1,0,0,0,0,0,0,0
"51173",5,"3152",76,0,2007,2,"N","Smyth County, Virginia","Private","Cut and sew apparel manufacturing","County, NAICS 4-digit -- by ownership sector","All establishment sizes",1,0,0,0,0,0,0,0
"51173",5,"3152",76,0,2007,3,"N","Smyth County, Virginia","Private","Cut and sew apparel manufacturing","County, NAICS 4-digit -- by ownership sector","All establishment sizes",1,0,0,0,0,0,0,0
"51173",5,"3152",76,0,2007,4,"N","Smyth County, Virginia","Private","Cut and sew apparel manufacturing","County, NAICS 4-digit -- by ownership sector","All establishment sizes",1,0,0,0,0,0,0,0
"51173",5,31529,77,0,2007,1,"N","Smyth County, Virginia","Private","Other cut and sew apparel manufacturing","County, NAICS 5-digit -- by ownership sector","All establishment sizes",1,0,0,0,0,0,0,0
"51173",5,"31529",77,0,2007,2,"N","Smyth County, Virginia","Private","Other cut and sew apparel manufacturing","County, NAICS 5-digit -- by ownership sector","All establishment sizes",1,0,0,0,0,0,0,0
"51173",5,"31529",77,0,2007,3,"N","Smyth County, Virginia","Private","Other cut and sew apparel manufacturing","County, NAICS 5-digit -- by ownership sector","All establishment sizes",1,0,0,0,0,0,0,0
"51173",5,"31529",77,0,2007,4,"N","Smyth County, Virginia","Private","Other cut and sew apparel manufacturing","County, NAICS 5-digit -- by ownership sector","All establishment sizes",1,0,0,0,0,0,0,0
"51173",5,315299,78,0,2007,1,"N","Smyth County, Virginia","Private","All other cut and sew apparel manufacturing","County, NAICS 6-digit -- by ownership sector","All establishment sizes",1,0,0,0,0,0,0,0
"51173",5,"315299",78,0,2007,2,"N","Smyth County, Virginia","Private","All other cut and sew apparel manufacturing","County, NAICS 6-digit -- by ownership sector","All establishment sizes",1,0,0,0,0,0,0,0
"51173",5,"315299",78,0,2007,3,"N","Smyth County, Virginia","Private","All other cut and sew apparel manufacturing","County, NAICS 6-digit -- by ownership sector","All establishment sizes",1,0,0,0,0,0,0,0
"51173",5,"315299",78,0,2007,4,"N","Smyth County, Virginia","Private","All other cut and sew apparel manufacturing","County, NAICS 6-digit -- by ownership sector","All establishment sizes",1,0,0,0,0,0,0,0
"51173",5,321,75,0,2007,1,"","Smyth County, Virginia","Private","Wood product manufacturing","County, NAICS 3-digit -- by ownership sector","All establishment sizes",7,569,554,550,3764469,3339177,149637,519
"51173",5,"321",75,0,2007,2,"","Smyth County, Virginia","Private","Wood product manufacturing","County, NAICS 3-digit -- by ownership sector","All establishment sizes",7,564,560,554,3967067,1193152,53669,546
"51173",5,"321",75,0,2007,3,"","Smyth County, Virginia","Private","Wood product manufacturing","County, NAICS 3-digit -- by ownership sector","All establishment sizes",6,577,580,583,3900647,769217,19724,517
"51173",5,"321",75,0,2007,4,"","Smyth County, Virginia","Private","Wood product manufacturing","County, NAICS 3-digit -- by ownership sector","All establishment sizes",6,501,492,486,3492188,281462,10049,545
"51173",5,3212,76,0,2007,1,"N","Smyth County, Virginia","Private","Plywood and engineered wood product mfg.","County, NAICS 4-digit -- by ownership sector","All establishment sizes",1,0,0,0,0,0,0,0
"51173",5,"3212",76,0,2007,2,"N","Smyth County, Virginia","Private","Plywood and engineered wood product mfg.","County, NAICS 4-digit -- by ownership sector","All establishment sizes",1,0,0,0,0,0,0,0
"51173",5,"3212",76,0,2007,3,"N","Smyth County, Virginia","Private","Plywood and engineered wood product mfg.","County, NAICS 4-digit -- by ownership sector","All establishment sizes",1,0,0,0,0,0,0,0
"51173",5,"3212",76,0,2007,4,"N","Smyth County, Virginia","Private","Plywood and engineered wood product mfg.","County, NAICS 4-digit -- by ownership sector","All establishment sizes",1,0,0,0,0,0,0,0
"51173",5,32121,77,0,2007,1,"N","Smyth County, Virginia","Private","Plywood and engineered wood product mfg.","County, NAICS 5-digit -- by ownership sector","All establishment sizes",1,0,0,0,0,0,0,0
"51173",5,"32121",77,0,2007,2,"N","Smyth County, Virginia","Private","Plywood and engineered wood product mfg.","County, NAICS 5-digit -- by ownership sector","All establishment sizes",1,0,0,0,0,0,0,0
"51173",5,"32121",77,0,2007,3,"N","Smyth County, Virginia","Private","Plywood and engineered wood product mfg.","County, NAICS 5-digit -- by ownership sector","All establishment sizes",1,0,0,0,0,0,0,0
"51173",5,"32121",77,0,2007,4,"N","Smyth County, Virginia","Private","Plywood and engineered wood product mfg.","County, NAICS 5-digit -- by ownership sector","All establishment sizes",1,0,0,0,0,0,0,0
"51173",5,321214,78,0,2007,1,"N","Smyth County, Virginia","Private","Truss manufacturing","County, NAICS 6-digit -- by ownership sector","All establishment sizes",1,0,0,0,0,0,0,0
"51173",5,"321214",78,0,2007,2,"N","Smyth County, Virginia","Private","Truss manufacturing","County, NAICS 6-digit -- by ownership sector","All establishment sizes",1,0,0,0,0,0,0,0
"51173",5,"321214",78,0,2007,3,"N","Smyth County, Virginia","Private","Truss manufacturing","County, NAICS 6-digit -- by ownership sector","All establishment sizes",1,0,0,0,0,0,0,0
"51173",5,"321214",78,0,2007,4,"N","Smyth County, Virginia","Private","Truss manufacturing","County, NAICS 6-digit -- by ownership sector","All establishment sizes",1,0,0,0,0,0,0,0
"51173",5,3219,76,0,2007,1,"N","Smyth County, Virginia","Private","Other wood product manufacturing","County, NAICS 4-digit -- by ownership sector","All establishment sizes",6,0,0,0,0,0,0,0
"51173",5,"3219",76,0,2007,2,"N","Smyth County, Virginia","Private","Other wood product manufacturing","County, NAICS 4-digit -- by ownership sector","All establishment sizes",6,0,0,0,0,0,0,0
"51173",5,"3219",76,0,2007,3,"N","Smyth County, Virginia","Private","Other wood product manufacturing","County, NAICS 4-digit -- by ownership sector","All establishment sizes",5,0,0,0,0,0,0,0
"51173",5,"3219",76,0,2007,4,"N","Smyth County, Virginia","Private","Other wood product manufacturing","County, NAICS 4-digit -- by ownership sector","All establishment sizes",5,0,0,0,0,0,0,0
"51173",5,32191,77,0,2007,1,"N","Smyth County, Virginia","Private","Millwork","County, NAICS 5-digit -- by ownership sector","All establishment sizes",6,0,0,0,0,0,0,0
"51173",5,"32191",77,0,2007,2,"N","Smyth County, Virginia","Private","Millwork","County, NAICS 5-digit -- by ownership sector","All establishment sizes",6,0,0,0,0,0,0,0
"51173",5,"32191",77,0,2007,3,"N","Smyth County, Virginia","Private","Millwork","County, NAICS 5-digit -- by ownership sector","All establishment sizes",5,0,0,0,0,0,0,0
"51173",5,"32191",77,0,2007,4,"N","Smyth County, Virginia","Private","Millwork","County, NAICS 5-digit -- by ownership sector","All establishment sizes",5,0,0,0,0,0,0,0
"51173",5,321912,78,0,2007,1,"","Smyth County, Virginia","Private","Cut stock, resawing lumber, and planing","County, NAICS 6-digit -- by ownership sector","All establishment sizes",5,300,283,282,1836359,1603685,68778,490
"51173",5,"321912",78,0,2007,2,"","Smyth County, Virginia","Private","Cut stock, resawing lumber, and planing","County, NAICS 6-digit -- by ownership sector","All establishment sizes",5,297,297,293,1974651,744687,32772,514
"51173",5,"321912",78,0,2007,3,"","Smyth County, Virginia","Private","Cut stock, resawing lumber, and planing","County, NAICS 6-digit -- by ownership sector","All establishment sizes",4,320,325,328,2028635,739867,18391,481
"51173",5,"321912",78,0,2007,4,"","Smyth County, Virginia","Private","Cut stock, resawing lumber, and planing","County, NAICS 6-digit -- by ownership sector","All establishment sizes",4,259,252,250,1569934,213343,6813,476
"51173",5,321918,78,0,2007,1,"N","Smyth County, Virginia","Private","Other millwork, including flooring","County, NAICS 6-digit -- by ownership sector","All establishment sizes",1,0,0,0,0,0,0,0
"51173",5,"321918",78,0,2007,2,"N","Smyth County, Virginia","Private","Other millwork, including flooring","County, NAICS 6-digit -- by ownership sector","All establishment sizes",1,0,0,0,0,0,0,0
"51173",5,"321918",78,0,2007,3,"N","Smyth County, Virginia","Private","Other millwork, including flooring","County, NAICS 6-digit -- by ownership sector","All establishment sizes",1,0,0,0,0,0,0,0
"51173",5,"321918",78,0,2007,4,"N","Smyth County, Virginia","Private","Other millwork, including flooring","County, NAICS 6-digit -- by ownership sector","All establishment sizes",1,0,0,0,0,0,0,0
"51173",5,323,75,0,2007,1,"N","Smyth County, Virginia","Private","Printing and related support activities","County, NAICS 3-digit -- by ownership sector","All establishment sizes",2,0,0,0,0,0,0,0
"51173",5,"323",75,0,2007,2,"N","Smyth County, Virginia","Private","Printing and related support activities","County, NAICS 3-digit -- by ownership sector","All establishment sizes",2,0,0,0,0,0,0,0
"51173",5,"323",75,0,2007,3,"N","Smyth County, Virginia","Private","Printing and related support activities","County, NAICS 3-digit -- by ownership sector","All establishment sizes",1,0,0,0,0,0,0,0
"51173",5,"323",75,0,2007,4,"N","Smyth County, Virginia","Private","Printing and related support activities","County, NAICS 3-digit -- by ownership sector","All establishment sizes",1,0,0,0,0,0,0,0
"51173",5,3231,76,0,2007,1,"N","Smyth County, Virginia","Private","Printing and related support activities","County, NAICS 4-digit -- by ownership sector","All establishment sizes",2,0,0,0,0,0,0,0
"51173",5,"3231",76,0,2007,2,"N","Smyth County, Virginia","Private","Printing and related support activities","County, NAICS 4-digit -- by ownership sector","All establishment sizes",2,0,0,0,0,0,0,0
"51173",5,"3231",76,0,2007,3,"N","Smyth County, Virginia","Private","Printing and related support activities","County, NAICS 4-digit -- by ownership sector","All establishment sizes",1,0,0,0,0,0,0,0
"51173",5,"3231",76,0,2007,4,"N","Smyth County, Virginia","Private","Printing and related support activities","County, NAICS 4-digit -- by ownership sector","All establishment sizes",1,0,0,0,0,0,0,0
"51173",5,32311,77,0,2007,1,"N","Smyth County, Virginia","Private","Printing","County, NAICS 5-digit -- by ownership sector","All establishment sizes",2,0,0,0,0,0,0,0
"51173",5,"32311",77,0,2007,2,"N","Smyth County, Virginia","Private","Printing","County, NAICS 5-digit -- by ownership sector","All establishment sizes",2,0,0,0,0,0,0,0
"51173",5,"32311",77,0,2007,3,"N","Smyth County, Virginia","Private","Printing","County, NAICS 5-digit -- by ownership sector","All establishment sizes",1,0,0,0,0,0,0,0
"51173",5,"32311",77,0,2007,4,"N","Smyth County, Virginia","Private","Printing","County, NAICS 5-digit -- by ownership sector","All establishment sizes",1,0,0,0,0,0,0,0
"51173",5,323114,78,0,2007,1,"N","Smyth County, Virginia","Private","Quick printing","County, NAICS 6-digit -- by ownership sector","All establishment sizes",1,0,0,0,0,0,0,0
"51173",5,"323114",78,0,2007,2,"N","Smyth County, Virginia","Private","Quick printing","County, NAICS 6-digit -- by ownership sector","All establishment sizes",1,0,0,0,0,0,0,0
"51173",5,"323114",78,0,2007,3,"-","Smyth County, Virginia","Private","Quick printing","County, NAICS 6-digit -- by ownership sector","All establishment sizes",0,0,0,0,0,0,0,0
"51173",5,"323114",78,0,2007,4,"-","Smyth County, Virginia","Private","Quick printing","County, NAICS 6-digit -- by ownership sector","All establishment sizes",0,0,0,0,0,0,0,0
"51173",5,323119,78,0,2007,1,"N","Smyth County, Virginia","Private","Other commercial printing","County, NAICS 6-digit -- by ownership sector","All establishment sizes",1,0,0,0,0,0,0,0
"51173",5,"323119",78,0,2007,2,"N","Smyth County, Virginia","Private","Other commercial printing","County, NAICS 6-digit -- by ownership sector","All establishment sizes",1,0,0,0,0,0,0,0
"51173",5,"323119",78,0,2007,3,"N","Smyth County, Virginia","Private","Other commercial printing","County, NAICS 6-digit -- by ownership sector","All establishment sizes",1,0,0,0,0,0,0,0
"51173",5,"323119",78,0,2007,4,"N","Smyth County, Virginia","Private","Other commercial printing","County, NAICS 6-digit -- by ownership sector","All establishment sizes",1,0,0,0,0,0,0,0
"51173",5,324,75,0,2007,1,"N","Smyth County, Virginia","Private","Petroleum and coal products manufacturing","County, NAICS 3-digit -- by ownership sector","All establishment sizes",1,0,0,0,0,0,0,0
"51173",5,"324",75,0,2007,2,"N","Smyth County, Virginia","Private","Petroleum and coal products manufacturing","County, NAICS 3-digit -- by ownership sector","All establishment sizes",1,0,0,0,0,0,0,0
"51173",5,"324",75,0,2007,3,"N","Smyth County, Virginia","Private","Petroleum and coal products manufacturing","County, NAICS 3-digit -- by ownership sector","All establishment sizes",1,0,0,0,0,0,0,0
"51173",5,"324",75,0,2007,4,"N","Smyth County, Virginia","Private","Petroleum and coal products manufacturing","County, NAICS 3-digit -- by ownership sector","All establishment sizes",1,0,0,0,0,0,0,0
"51173",5,3241,76,0,2007,1,"N","Smyth County, Virginia","Private","Petroleum and coal products manufacturing","County, NAICS 4-digit -- by ownership sector","All establishment sizes",1,0,0,0,0,0,0,0
"51173",5,"3241",76,0,2007,2,"N","Smyth County, Virginia","Private","Petroleum and coal products manufacturing","County, NAICS 4-digit -- by ownership sector","All establishment sizes",1,0,0,0,0,0,0,0
"51173",5,"3241",76,0,2007,3,"N","Smyth County, Virginia","Private","Petroleum and coal products manufacturing","County, NAICS 4-digit -- by ownership sector","All establishment sizes",1,0,0,0,0,0,0,0
"51173",5,"3241",76,0,2007,4,"N","Smyth County, Virginia","Private","Petroleum and coal products manufacturing","County, NAICS 4-digit -- by ownership sector","All establishment sizes",1,0,0,0,0,0,0,0
"51173",5,32412,77,0,2007,1,"N","Smyth County, Virginia","Private","Asphalt paving and roofing materials mfg.","County, NAICS 5-digit -- by ownership sector","All establishment sizes",1,0,0,0,0,0,0,0
"51173",5,"32412",77,0,2007,2,"N","Smyth County, Virginia","Private","Asphalt paving and roofing materials mfg.","County, NAICS 5-digit -- by ownership sector","All establishment sizes",1,0,0,0,0,0,0,0
"51173",5,"32412",77,0,2007,3,"N","Smyth County, Virginia","Private","Asphalt paving and roofing materials mfg.","County, NAICS 5-digit -- by ownership sector","All establishment sizes",1,0,0,0,0,0,0,0
"51173",5,"32412",77,0,2007,4,"N","Smyth County, Virginia","Private","Asphalt paving and roofing materials mfg.","County, NAICS 5-digit -- by ownership sector","All establishment sizes",1,0,0,0,0,0,0,0
"51173",5,324122,78,0,2007,1,"N","Smyth County, Virginia","Private","Asphalt shingle and coating materials mfg.","County, NAICS 6-digit -- by ownership sector","All establishment sizes",1,0,0,0,0,0,0,0
"51173",5,"324122",78,0,2007,2,"N","Smyth County, Virginia","Private","Asphalt shingle and coating materials mfg.","County, NAICS 6-digit -- by ownership sector","All establishment sizes",1,0,0,0,0,0,0,0
"51173",5,"324122",78,0,2007,3,"N","Smyth County, Virginia","Private","Asphalt shingle and coating materials mfg.","County, NAICS 6-digit -- by ownership sector","All establishment sizes",1,0,0,0,0,0,0,0
"51173",5,"324122",78,0,2007,4,"N","Smyth County, Virginia","Private","Asphalt shingle and coating materials mfg.","County, NAICS 6-digit -- by ownership sector","All establishment sizes",1,0,0,0,0,0,0,0
"51173",5,325,75,0,2007,1,"","Smyth County, Virginia","Private","Chemical manufacturing","County, NAICS 3-digit -- by ownership sector","All establishment sizes",3,17,15,18,62263,54063,1431,287
"51173",5,"325",75,0,2007,2,"","Smyth County, Virginia","Private","Chemical manufacturing","County, NAICS 3-digit -- by ownership sector","All establishment sizes",4,19,18,18,90431,48987,1199,379
"51173",5,"325",75,0,2007,3,"","Smyth County, Virginia","Private","Chemical manufacturing","County, NAICS 3-digit -- by ownership sector","All establishment sizes",4,32,33,33,280173,134206,3401,660
"51173",5,"325",75,0,2007,4,"","Smyth County, Virginia","Private","Chemical manufacturing","County, NAICS 3-digit -- by ownership sector","All establishment sizes",5,40,39,39,459974,31660,1090,900
"51173",5,3252,76,0,2007,1,"N","Smyth County, Virginia","Private","Resin, rubber, and artificial fibers mfg.","County, NAICS 4-digit -- by ownership sector","All establishment sizes",1,0,0,0,0,0,0,0
"51173",5,"3252",76,0,2007,2,"N","Smyth County, Virginia","Private","Resin, rubber, and artificial fibers mfg.","County, NAICS 4-digit -- by ownership sector","All establishment sizes",1,0,0,0,0,0,0,0
"51173",5,"3252",76,0,2007,3,"N","Smyth County, Virginia","Private","Resin, rubber, and artificial fibers mfg.","County, NAICS 4-digit -- by ownership sector","All establishment sizes",1,0,0,0,0,0,0,0
"51173",5,"3252",76,0,2007,4,"N","Smyth County, Virginia","Private","Resin, rubber, and artificial fibers mfg.","County, NAICS 4-digit -- by ownership sector","All establishment sizes",2,0,0,0,0,0,0,0
"51173",5,32521,77,0,2007,1,"N","Smyth County, Virginia","Private","Resin and synthetic rubber manufacturing","County, NAICS 5-digit -- by ownership sector","All establishment sizes",1,0,0,0,0,0,0,0
"51173",5,"32521",77,0,2007,2,"N","Smyth County, Virginia","Private","Resin and synthetic rubber manufacturing","County, NAICS 5-digit -- by ownership sector","All establishment sizes",1,0,0,0,0,0,0,0
"51173",5,"32521",77,0,2007,3,"N","Smyth County, Virginia","Private","Resin and synthetic rubber manufacturing","County, NAICS 5-digit -- by ownership sector","All establishment sizes",1,0,0,0,0,0,0,0
"51173",5,"32521",77,0,2007,4,"N","Smyth County, Virginia","Private","Resin and synthetic rubber manufacturing","County, NAICS 5-digit -- by ownership sector","All establishment sizes",2,0,0,0,0,0,0,0
"51173",5,325211,78,0,2007,1,"N","Smyth County, Virginia","Private","Plastics material and resin manufacturing","County, NAICS 6-digit -- by ownership sector","All establishment sizes",1,0,0,0,0,0,0,0
"51173",5,"325211",78,0,2007,2,"N","Smyth County, Virginia","Private","Plastics material and resin manufacturing","County, NAICS 6-digit -- by ownership sector","All establishment sizes",1,0,0,0,0,0,0,0
"51173",5,"325211",78,0,2007,3,"N","Smyth County, Virginia","Private","Plastics material and resin manufacturing","County, NAICS 6-digit -- by ownership sector","All establishment sizes",1,0,0,0,0,0,0,0
"51173",5,"325211",78,0,2007,4,"N","Smyth County, Virginia","Private","Plastics material and resin manufacturing","County, NAICS 6-digit -- by ownership sector","All establishment sizes",2,0,0,0,0,0,0,0
"51173",5,3253,76,0,2007,1,"N","Smyth County, Virginia","Private","Agricultural chemical manufacturing","County, NAICS 4-digit -- by ownership sector","All establishment sizes",1,0,0,0,0,0,0,0
"51173",5,"3253",76,0,2007,2,"N","Smyth County, Virginia","Private","Agricultural chemical manufacturing","County, NAICS 4-digit -- by ownership sector","All establishment sizes",1,0,0,0,0,0,0,0
"51173",5,"3253",76,0,2007,3,"N","Smyth County, Virginia","Private","Agricultural chemical manufacturing","County, NAICS 4-digit -- by ownership sector","All establishment sizes",1,0,0,0,0,0,0,0
"51173",5,"3253",76,0,2007,4,"N","Smyth County, Virginia","Private","Agricultural chemical manufacturing","County, NAICS 4-digit -- by ownership sector","All establishment sizes",1,0,0,0,0,0,0,0
"51173",5,32531,77,0,2007,1,"N","Smyth County, Virginia","Private","Fertilizer manufacturing","County, NAICS 5-digit -- by ownership sector","All establishment sizes",1,0,0,0,0,0,0,0
"51173",5,"32531",77,0,2007,2,"N","Smyth County, Virginia","Private","Fertilizer manufacturing","County, NAICS 5-digit -- by ownership sector","All establishment sizes",1,0,0,0,0,0,0,0
"51173",5,"32531",77,0,2007,3,"N","Smyth County, Virginia","Private","Fertilizer manufacturing","County, NAICS 5-digit -- by ownership sector","All establishment sizes",1,0,0,0,0,0,0,0
"51173",5,"32531",77,0,2007,4,"N","Smyth County, Virginia","Private","Fertilizer manufacturing","County, NAICS 5-digit -- by ownership sector","All establishment sizes",1,0,0,0,0,0,0,0
"51173",5,325311,78,0,2007,1,"N","Smyth County, Virginia","Private","Nitrogenous fertilizer manufacturing","County, NAICS 6-digit -- by ownership sector","All establishment sizes",1,0,0,0,0,0,0,0
"51173",5,"325311",78,0,2007,2,"N","Smyth County, Virginia","Private","Nitrogenous fertilizer manufacturing","County, NAICS 6-digit -- by ownership sector","All establishment sizes",1,0,0,0,0,0,0,0
"51173",5,"325311",78,0,2007,3,"N","Smyth County, Virginia","Private","Nitrogenous fertilizer manufacturing","County, NAICS 6-digit -- by ownership sector","All establishment sizes",1,0,0,0,0,0,0,0
"51173",5,"325311",78,0,2007,4,"N","Smyth County, Virginia","Private","Nitrogenous fertilizer manufacturing","County, NAICS 6-digit -- by ownership sector","All establishment sizes",1,0,0,0,0,0,0,0
"51173",5,3255,76,0,2007,1,"N","Smyth County, Virginia","Private","Paint, coating, and adhesive manufacturing","County, NAICS 4-digit -- by ownership sector","All establishment sizes",1,0,0,0,0,0,0,0
"51173",5,"3255",76,0,2007,2,"N","Smyth County, Virginia","Private","Paint, coating, and adhesive manufacturing","County, NAICS 4-digit -- by ownership sector","All establishment sizes",1,0,0,0,0,0,0,0
"51173",5,"3255",76,0,2007,3,"N","Smyth County, Virginia","Private","Paint, coating, and adhesive manufacturing","County, NAICS 4-digit -- by ownership sector","All establishment sizes",1,0,0,0,0,0,0,0
"51173",5,"3255",76,0,2007,4,"N","Smyth County, Virginia","Private","Paint, coating, and adhesive manufacturing","County, NAICS 4-digit -- by ownership sector","All establishment sizes",1,0,0,0,0,0,0,0
"51173",5,32552,77,0,2007,1,"N","Smyth County, Virginia","Private","Adhesive manufacturing","County, NAICS 5-digit -- by ownership sector","All establishment sizes",1,0,0,0,0,0,0,0
"51173",5,"32552",77,0,2007,2,"N","Smyth County, Virginia","Private","Adhesive manufacturing","County, NAICS 5-digit -- by ownership sector","All establishment sizes",1,0,0,0,0,0,0,0
"51173",5,"32552",77,0,2007,3,"N","Smyth County, Virginia","Private","Adhesive manufacturing","County, NAICS 5-digit -- by ownership sector","All establishment sizes",1,0,0,0,0,0,0,0
"51173",5,"32552",77,0,2007,4,"N","Smyth County, Virginia","Private","Adhesive manufacturing","County, NAICS 5-digit -- by ownership sector","All establishment sizes",1,0,0,0,0,0,0,0
"51173",5,325520,78,0,2007,1,"N","Smyth County, Virginia","Private","Adhesive manufacturing","County, NAICS 6-digit -- by ownership sector","All establishment sizes",1,0,0,0,0,0,0,0
"51173",5,"325520",78,0,2007,2,"N","Smyth County, Virginia","Private","Adhesive manufacturing","County, NAICS 6-digit -- by ownership sector","All establishment sizes",1,0,0,0,0,0,0,0
"51173",5,"325520",78,0,2007,3,"N","Smyth County, Virginia","Private","Adhesive manufacturing","County, NAICS 6-digit -- by ownership sector","All establishment sizes",1,0,0,0,0,0,0,0
"51173",5,"325520",78,0,2007,4,"N","Smyth County, Virginia","Private","Adhesive manufacturing","County, NAICS 6-digit -- by ownership sector","All establishment sizes",1,0,0,0,0,0,0,0
"51173",5,3259,76,0,2007,1,"-","Smyth County, Virginia","Private","Other chemical product and preparation mfg.","County, NAICS 4-digit -- by ownership sector","All establishment sizes",0,0,0,0,0,0,0,0
"51173",5,"3259",76,0,2007,2,"N","Smyth County, Virginia","Private","Other chemical product and preparation mfg.","County, NAICS 4-digit -- by ownership sector","All establishment sizes",1,0,0,0,0,0,0,0
"51173",5,"3259",76,0,2007,3,"N","Smyth County, Virginia","Private","Other chemical product and preparation mfg.","County, NAICS 4-digit -- by ownership sector","All establishment sizes",1,0,0,0,0,0,0,0
"51173",5,"3259",76,0,2007,4,"N","Smyth County, Virginia","Private","Other chemical product and preparation mfg.","County, NAICS 4-digit -- by ownership sector","All establishment sizes",1,0,0,0,0,0,0,0
"51173",5,32599,77,0,2007,1,"-","Smyth County, Virginia","Private","All other chemical preparation manufacturing","County, NAICS 5-digit -- by ownership sector","All establishment sizes",0,0,0,0,0,0,0,0
"51173",5,"32599",77,0,2007,2,"N","Smyth County, Virginia","Private","All other chemical preparation manufacturing","County, NAICS 5-digit -- by ownership sector","All establishment sizes",1,0,0,0,0,0,0,0
"51173",5,"32599",77,0,2007,3,"N","Smyth County, Virginia","Private","All other chemical preparation manufacturing","County, NAICS 5-digit -- by ownership sector","All establishment sizes",1,0,0,0,0,0,0,0
"51173",5,"32599",77,0,2007,4,"N","Smyth County, Virginia","Private","All other chemical preparation manufacturing","County, NAICS 5-digit -- by ownership sector","All establishment sizes",1,0,0,0,0,0,0,0
"51173",5,325998,78,0,2007,1,"-","Smyth County, Virginia","Private","Other miscellaneous chemical product mfg.","County, NAICS 6-digit -- by ownership sector","All establishment sizes",0,0,0,0,0,0,0,0
"51173",5,"325998",78,0,2007,2,"N","Smyth County, Virginia","Private","Other miscellaneous chemical product mfg.","County, NAICS 6-digit -- by ownership sector","All establishment sizes",1,0,0,0,0,0,0,0
"51173",5,"325998",78,0,2007,3,"N","Smyth County, Virginia","Private","Other miscellaneous chemical product mfg.","County, NAICS 6-digit -- by ownership sector","All establishment sizes",1,0,0,0,0,0,0,0
"51173",5,"325998",78,0,2007,4,"N","Smyth County, Virginia","Private","Other miscellaneous chemical product mfg.","County, NAICS 6-digit -- by ownership sector","All establishment sizes",1,0,0,0,0,0,0,0
"51173",5,326,75,0,2007,1,"N","Smyth County, Virginia","Private","Plastics and rubber products manufacturing","County, NAICS 3-digit -- by ownership sector","All establishment sizes",3,0,0,0,0,0,0,0
"51173",5,"326",75,0,2007,2,"N","Smyth County, Virginia","Private","Plastics and rubber products manufacturing","County, NAICS 3-digit -- by ownership sector","All establishment sizes",3,0,0,0,0,0,0,0
"51173",5,"326",75,0,2007,3,"N","Smyth County, Virginia","Private","Plastics and rubber products manufacturing","County, NAICS 3-digit -- by ownership sector","All establishment sizes",3,0,0,0,0,0,0,0
"51173",5,"326",75,0,2007,4,"N","Smyth County, Virginia","Private","Plastics and rubber products manufacturing","County, NAICS 3-digit -- by ownership sector","All establishment sizes",3,0,0,0,0,0,0,0
"51173",5,3261,76,0,2007,1,"N","Smyth County, Virginia","Private","Plastics product manufacturing","County, NAICS 4-digit -- by ownership sector","All establishment sizes",3,0,0,0,0,0,0,0
"51173",5,"3261",76,0,2007,2,"N","Smyth County, Virginia","Private","Plastics product manufacturing","County, NAICS 4-digit -- by ownership sector","All establishment sizes",3,0,0,0,0,0,0,0
"51173",5,"3261",76,0,2007,3,"N","Smyth County, Virginia","Private","Plastics product manufacturing","County, NAICS 4-digit -- by ownership sector","All establishment sizes",3,0,0,0,0,0,0,0
"51173",5,"3261",76,0,2007,4,"N","Smyth County, Virginia","Private","Plastics product manufacturing","County, NAICS 4-digit -- by ownership sector","All establishment sizes",3,0,0,0,0,0,0,0
"51173",5,32611,77,0,2007,1,"N","Smyth County, Virginia","Private","Plastics packaging materials, film and sheet","County, NAICS 5-digit -- by ownership sector","All establishment sizes",1,0,0,0,0,0,0,0
"51173",5,"32611",77,0,2007,2,"N","Smyth County, Virginia","Private","Plastics packaging materials, film and sheet","County, NAICS 5-digit -- by ownership sector","All establishment sizes",1,0,0,0,0,0,0,0
"51173",5,"32611",77,0,2007,3,"N","Smyth County, Virginia","Private","Plastics packaging materials, film and sheet","County, NAICS 5-digit -- by ownership sector","All establishment sizes",1,0,0,0,0,0,0,0
"51173",5,"32611",77,0,2007,4,"N","Smyth County, Virginia","Private","Plastics packaging materials, film and sheet","County, NAICS 5-digit -- by ownership sector","All establishment sizes",1,0,0,0,0,0,0,0
"51173",5,326111,78,0,2007,1,"N","Smyth County, Virginia","Private","Plastics bag and pouch manufacturing","County, NAICS 6-digit -- by ownership sector","All establishment sizes",1,0,0,0,0,0,0,0
"51173",5,"326111",78,0,2007,2,"N","Smyth County, Virginia","Private","Plastics bag and pouch manufacturing","County, NAICS 6-digit -- by ownership sector","All establishment sizes",1,0,0,0,0,0,0,0
"51173",5,"326111",78,0,2007,3,"N","Smyth County, Virginia","Private","Plastics bag and pouch manufacturing","County, NAICS 6-digit -- by ownership sector","All establishment sizes",1,0,0,0,0,0,0,0
"51173",5,"326111",78,0,2007,4,"N","Smyth County, Virginia","Private","Plastics bag and pouch manufacturing","County, NAICS 6-digit -- by ownership sector","All establishment sizes",1,0,0,0,0,0,0,0
"51173",5,32612,77,0,2007,1,"N","Smyth County, Virginia","Private","Plastics pipe, fittings, and profile shapes","County, NAICS 5-digit -- by ownership sector","All establishment sizes",1,0,0,0,0,0,0,0
"51173",5,"32612",77,0,2007,2,"N","Smyth County, Virginia","Private","Plastics pipe, fittings, and profile shapes","County, NAICS 5-digit -- by ownership sector","All establishment sizes",1,0,0,0,0,0,0,0
"51173",5,"32612",77,0,2007,3,"N","Smyth County, Virginia","Private","Plastics pipe, fittings, and profile shapes","County, NAICS 5-digit -- by ownership sector","All establishment sizes",1,0,0,0,0,0,0,0
"51173",5,"32612",77,0,2007,4,"N","Smyth County, Virginia","Private","Plastics pipe, fittings, and profile shapes","County, NAICS 5-digit -- by ownership sector","All establishment sizes",1,0,0,0,0,0,0,0
"51173",5,326122,78,0,2007,1,"N","Smyth County, Virginia","Private","Plastics pipe and pipe fitting manufacturing","County, NAICS 6-digit -- by ownership sector","All establishment sizes",1,0,0,0,0,0,0,0
"51173",5,"326122",78,0,2007,2,"N","Smyth County, Virginia","Private","Plastics pipe and pipe fitting manufacturing","County, NAICS 6-digit -- by ownership sector","All establishment sizes",1,0,0,0,0,0,0,0
"51173",5,"326122",78,0,2007,3,"N","Smyth County, Virginia","Private","Plastics pipe and pipe fitting manufacturing","County, NAICS 6-digit -- by ownership sector","All establishment sizes",1,0,0,0,0,0,0,0
"51173",5,"326122",78,0,2007,4,"N","Smyth County, Virginia","Private","Plastics pipe and pipe fitting manufacturing","County, NAICS 6-digit -- by ownership sector","All establishment sizes",1,0,0,0,0,0,0,0
"51173",5,32619,77,0,2007,1,"N","Smyth County, Virginia","Private","Other plastics product manufacturing","County, NAICS 5-digit -- by ownership sector","All establishment sizes",1,0,0,0,0,0,0,0
"51173",5,"32619",77,0,2007,2,"N","Smyth County, Virginia","Private","Other plastics product manufacturing","County, NAICS 5-digit -- by ownership sector","All establishment sizes",1,0,0,0,0,0,0,0
"51173",5,"32619",77,0,2007,3,"N","Smyth County, Virginia","Private","Other plastics product manufacturing","County, NAICS 5-digit -- by ownership sector","All establishment sizes",1,0,0,0,0,0,0,0
"51173",5,"32619",77,0,2007,4,"N","Smyth County, Virginia","Private","Other plastics product manufacturing","County, NAICS 5-digit -- by ownership sector","All establishment sizes",1,0,0,0,0,0,0,0
"51173",5,326199,78,0,2007,1,"N","Smyth County, Virginia","Private","All other plastics product manufacturing","County, NAICS 6-digit -- by ownership sector","All establishment sizes",1,0,0,0,0,0,0,0
"51173",5,"326199",78,0,2007,2,"N","Smyth County, Virginia","Private","All other plastics product manufacturing","County, NAICS 6-digit -- by ownership sector","All establishment sizes",1,0,0,0,0,0,0,0
"51173",5,"326199",78,0,2007,3,"N","Smyth County, Virginia","Private","All other plastics product manufacturing","County, NAICS 6-digit -- by ownership sector","All establishment sizes",1,0,0,0,0,0,0,0
"51173",5,"326199",78,0,2007,4,"N","Smyth County, Virginia","Private","All other plastics product manufacturing","County, NAICS 6-digit -- by ownership sector","All establishment sizes",1,0,0,0,0,0,0,0
"51173",5,327,75,0,2007,1,"N","Smyth County, Virginia","Private","Nonmetallic mineral product manufacturing","County, NAICS 3-digit -- by ownership sector","All establishment sizes",2,0,0,0,0,0,0,0
"51173",5,"327",75,0,2007,2,"N","Smyth County, Virginia","Private","Nonmetallic mineral product manufacturing","County, NAICS 3-digit -- by ownership sector","All establishment sizes",1,0,0,0,0,0,0,0
"51173",5,"327",75,0,2007,3,"N","Smyth County, Virginia","Private","Nonmetallic mineral product manufacturing","County, NAICS 3-digit -- by ownership sector","All establishment sizes",1,0,0,0,0,0,0,0
"51173",5,"327",75,0,2007,4,"N","Smyth County, Virginia","Private","Nonmetallic mineral product manufacturing","County, NAICS 3-digit -- by ownership sector","All establishment sizes",1,0,0,0,0,0,0,0
"51173",5,3271,76,0,2007,1,"N","Smyth County, Virginia","Private","Clay product and refractory manufacturing","County, NAICS 4-digit -- by ownership sector","All establishment sizes",1,0,0,0,0,0,0,0
"51173",5,"3271",76,0,2007,2,"N","Smyth County, Virginia","Private","Clay product and refractory manufacturing","County, NAICS 4-digit -- by ownership sector","All establishment sizes",1,0,0,0,0,0,0,0
"51173",5,"3271",76,0,2007,3,"N","Smyth County, Virginia","Private","Clay product and refractory manufacturing","County, NAICS 4-digit -- by ownership sector","All establishment sizes",1,0,0,0,0,0,0,0
"51173",5,"3271",76,0,2007,4,"N","Smyth County, Virginia","Private","Clay product and refractory manufacturing","County, NAICS 4-digit -- by ownership sector","All establishment sizes",1,0,0,0,0,0,0,0
"51173",5,32712,77,0,2007,1,"N","Smyth County, Virginia","Private","Clay building material and refractories mfg.","County, NAICS 5-digit -- by ownership sector","All establishment sizes",1,0,0,0,0,0,0,0
"51173",5,"32712",77,0,2007,2,"N","Smyth County, Virginia","Private","Clay building material and refractories mfg.","County, NAICS 5-digit -- by ownership sector","All establishment sizes",1,0,0,0,0,0,0,0
"51173",5,"32712",77,0,2007,3,"N","Smyth County, Virginia","Private","Clay building material and refractories mfg.","County, NAICS 5-digit -- by ownership sector","All establishment sizes",1,0,0,0,0,0,0,0
"51173",5,"32712",77,0,2007,4,"N","Smyth County, Virginia","Private","Clay building material and refractories mfg.","County, NAICS 5-digit -- by ownership sector","All establishment sizes",1,0,0,0,0,0,0,0
"51173",5,327121,78,0,2007,1,"N","Smyth County, Virginia","Private","Brick and structural clay tile manufacturing","County, NAICS 6-digit -- by ownership sector","All establishment sizes",1,0,0,0,0,0,0,0
"51173",5,"327121",78,0,2007,2,"N","Smyth County, Virginia","Private","Brick and structural clay tile manufacturing","County, NAICS 6-digit -- by ownership sector","All establishment sizes",1,0,0,0,0,0,0,0
"51173",5,"327121",78,0,2007,3,"N","Smyth County, Virginia","Private","Brick and structural clay tile manufacturing","County, NAICS 6-digit -- by ownership sector","All establishment sizes",1,0,0,0,0,0,0,0
"51173",5,"327121",78,0,2007,4,"N","Smyth County, Virginia","Private","Brick and structural clay tile manufacturing","County, NAICS 6-digit -- by ownership sector","All establishment sizes",1,0,0,0,0,0,0,0
"51173",5,3279,76,0,2007,1,"N","Smyth County, Virginia","Private","Other nonmetallic mineral products","County, NAICS 4-digit -- by ownership sector","All establishment sizes",1,0,0,0,0,0,0,0
"51173",5,"3279",76,0,2007,2,"-","Smyth County, Virginia","Private","Other nonmetallic mineral products","County, NAICS 4-digit -- by ownership sector","All establishment sizes",0,0,0,0,0,0,0,0
"51173",5,"3279",76,0,2007,3,"-","Smyth County, Virginia","Private","Other nonmetallic mineral products","County, NAICS 4-digit -- by ownership sector","All establishment sizes",0,0,0,0,0,0,0,0
"51173",5,"3279",76,0,2007,4,"-","Smyth County, Virginia","Private","Other nonmetallic mineral products","County, NAICS 4-digit -- by ownership sector","All establishment sizes",0,0,0,0,0,0,0,0
"51173",5,32799,77,0,2007,1,"N","Smyth County, Virginia","Private","All other nonmetallic mineral products mfg.","County, NAICS 5-digit -- by ownership sector","All establishment sizes",1,0,0,0,0,0,0,0
"51173",5,"32799",77,0,2007,2,"-","Smyth County, Virginia","Private","All other nonmetallic mineral products mfg.","County, NAICS 5-digit -- by ownership sector","All establishment sizes",0,0,0,0,0,0,0,0
"51173",5,"32799",77,0,2007,3,"-","Smyth County, Virginia","Private","All other nonmetallic mineral products mfg.","County, NAICS 5-digit -- by ownership sector","All establishment sizes",0,0,0,0,0,0,0,0
"51173",5,"32799",77,0,2007,4,"-","Smyth County, Virginia","Private","All other nonmetallic mineral products mfg.","County, NAICS 5-digit -- by ownership sector","All establishment sizes",0,0,0,0,0,0,0,0
"51173",5,327999,78,0,2007,1,"N","Smyth County, Virginia","Private","Miscellaneous nonmetallic mineral products","County, NAICS 6-digit -- by ownership sector","All establishment sizes",1,0,0,0,0,0,0,0
"51173",5,"327999",78,0,2007,2,"-","Smyth County, Virginia","Private","Miscellaneous nonmetallic mineral products","County, NAICS 6-digit -- by ownership sector","All establishment sizes",0,0,0,0,0,0,0,0
"51173",5,"327999",78,0,2007,3,"-","Smyth County, Virginia","Private","Miscellaneous nonmetallic mineral products","County, NAICS 6-digit -- by ownership sector","All establishment sizes",0,0,0,0,0,0,0,0
"51173",5,"327999",78,0,2007,4,"-","Smyth County, Virginia","Private","Miscellaneous nonmetallic mineral products","County, NAICS 6-digit -- by ownership sector","All establishment sizes",0,0,0,0,0,0,0,0
"51173",5,332,75,0,2007,1,"","Smyth County, Virginia","Private","Fabricated metal product manufacturing","County, NAICS 3-digit -- by ownership sector","All establishment sizes",5,130,127,125,1253799,944692,9024,757
"51173",5,"332",75,0,2007,2,"","Smyth County, Virginia","Private","Fabricated metal product manufacturing","County, NAICS 3-digit -- by ownership sector","All establishment sizes",5,124,124,125,1289509,99004,1066,798
"51173",5,"332",75,0,2007,3,"","Smyth County, Virginia","Private","Fabricated metal product manufacturing","County, NAICS 3-digit -- by ownership sector","All establishment sizes",5,122,123,118,1179598,28597,876,750
"51173",5,"332",75,0,2007,4,"","Smyth County, Virginia","Private","Fabricated metal product manufacturing","County, NAICS 3-digit -- by ownership sector","All establishment sizes",5,118,118,118,1460254,18555,308,952
"51173",5,3323,76,0,2007,1,"N","Smyth County, Virginia","Private","Architectural and structural metals mfg.","County, NAICS 4-digit -- by ownership sector","All establishment sizes",1,0,0,0,0,0,0,0
"51173",5,"3323",76,0,2007,2,"N","Smyth County, Virginia","Private","Architectural and structural metals mfg.","County, NAICS 4-digit -- by ownership sector","All establishment sizes",1,0,0,0,0,0,0,0
"51173",5,"3323",76,0,2007,3,"N","Smyth County, Virginia","Private","Architectural and structural metals mfg.","County, NAICS 4-digit -- by ownership sector","All establishment sizes",1,0,0,0,0,0,0,0
"51173",5,"3323",76,0,2007,4,"N","Smyth County, Virginia","Private","Architectural and structural metals mfg.","County, NAICS 4-digit -- by ownership sector","All establishment sizes",1,0,0,0,0,0,0,0
"51173",5,33231,77,0,2007,1,"N","Smyth County, Virginia","Private","Plate work and fabricated structural products","County, NAICS 5-digit -- by ownership sector","All establishment sizes",1,0,0,0,0,0,0,0
"51173",5,"33231",77,0,2007,2,"N","Smyth County, Virginia","Private","Plate work and fabricated structural products","County, NAICS 5-digit -- by ownership sector","All establishment sizes",1,0,0,0,0,0,0,0
"51173",5,"33231",77,0,2007,3,"N","Smyth County, Virginia","Private","Plate work and fabricated structural products","County, NAICS 5-digit -- by ownership sector","All establishment sizes",1,0,0,0,0,0,0,0
"51173",5,"33231",77,0,2007,4,"N","Smyth County, Virginia","Private","Plate work and fabricated structural products","County, NAICS 5-digit -- by ownership sector","All establishment sizes",1,0,0,0,0,0,0,0
"51173",5,332313,78,0,2007,1,"N","Smyth County, Virginia","Private","Plate work manufacturing","County, NAICS 6-digit -- by ownership sector","All establishment sizes",1,0,0,0,0,0,0,0
"51173",5,"332313",78,0,2007,2,"N","Smyth County, Virginia","Private","Plate work manufacturing","County, NAICS 6-digit -- by ownership sector","All establishment sizes",1,0,0,0,0,0,0,0
"51173",5,"332313",78,0,2007,3,"N","Smyth County, Virginia","Private","Plate work manufacturing","County, NAICS 6-digit -- by ownership sector","All establishment sizes",1,0,0,0,0,0,0,0
"51173",5,"332313",78,0,2007,4,"N","Smyth County, Virginia","Private","Plate work manufacturing","County, NAICS 6-digit -- by ownership sector","All establishment sizes",1,0,0,0,0,0,0,0
"51173",5,3327,76,0,2007,1,"N","Smyth County, Virginia","Private","Machine shops and threaded product mfg.","County, NAICS 4-digit -- by ownership sector","All establishment sizes",4,0,0,0,0,0,0,0
"51173",5,"3327",76,0,2007,2,"N","Smyth County, Virginia","Private","Machine shops and threaded product mfg.","County, NAICS 4-digit -- by ownership sector","All establishment sizes",4,0,0,0,0,0,0,0
"51173",5,"3327",76,0,2007,3,"N","Smyth County, Virginia","Private","Machine shops and threaded product mfg.","County, NAICS 4-digit -- by ownership sector","All establishment sizes",4,0,0,0,0,0,0,0
"51173",5,"3327",76,0,2007,4,"N","Smyth County, Virginia","Private","Machine shops and threaded product mfg.","County, NAICS 4-digit -- by ownership sector","All establishment sizes",4,0,0,0,0,0,0,0
"51173",5,33271,77,0,2007,1,"N","Smyth County, Virginia","Private","Machine shops","County, NAICS 5-digit -- by ownership sector","All establishment sizes",4,0,0,0,0,0,0,0
"51173",5,"33271",77,0,2007,2,"N","Smyth County, Virginia","Private","Machine shops","County, NAICS 5-digit -- by ownership sector","All establishment sizes",4,0,0,0,0,0,0,0
"51173",5,"33271",77,0,2007,3,"N","Smyth County, Virginia","Private","Machine shops","County, NAICS 5-digit -- by ownership sector","All establishment sizes",4,0,0,0,0,0,0,0
"51173",5,"33271",77,0,2007,4,"N","Smyth County, Virginia","Private","Machine shops","County, NAICS 5-digit -- by ownership sector","All establishment sizes",4,0,0,0,0,0,0,0
"51173",5,332710,78,0,2007,1,"N","Smyth County, Virginia","Private","Machine shops","County, NAICS 6-digit -- by ownership sector","All establishment sizes",4,0,0,0,0,0,0,0
"51173",5,"332710",78,0,2007,2,"N","Smyth County, Virginia","Private","Machine shops","County, NAICS 6-digit -- by ownership sector","All establishment sizes",4,0,0,0,0,0,0,0
"51173",5,"332710",78,0,2007,3,"N","Smyth County, Virginia","Private","Machine shops","County, NAICS 6-digit -- by ownership sector","All establishment sizes",4,0,0,0,0,0,0,0
"51173",5,"332710",78,0,2007,4,"N","Smyth County, Virginia","Private","Machine shops","County, NAICS 6-digit -- by ownership sector","All establishment sizes",4,0,0,0,0,0,0,0
"51173",5,333,75,0,2007,1,"","Smyth County, Virginia","Private","Machinery manufacturing","County, NAICS 3-digit -- by ownership sector","All establishment sizes",4,249,246,247,2611783,1796378,17140,812
"51173",5,"333",75,0,2007,2,"","Smyth County, Virginia","Private","Machinery manufacturing","County, NAICS 3-digit -- by ownership sector","All establishment sizes",4,242,245,244,2522144,88558,1104,796
"51173",5,"333",75,0,2007,3,"","Smyth County, Virginia","Private","Machinery manufacturing","County, NAICS 3-digit -- by ownership sector","All establishment sizes",4,240,236,237,2302929,43653,568,745
"51173",5,"333",75,0,2007,4,"","Smyth County, Virginia","Private","Machinery manufacturing","County, NAICS 3-digit -- by ownership sector","All establishment sizes",4,240,241,241,2423842,35615,433,775
"51173",5,3331,76,0,2007,1,"N","Smyth County, Virginia","Private","Ag., construction, and mining machinery mfg.","County, NAICS 4-digit -- by ownership sector","All establishment sizes",3,0,0,0,0,0,0,0
"51173",5,"3331",76,0,2007,2,"N","Smyth County, Virginia","Private","Ag., construction, and mining machinery mfg.","County, NAICS 4-digit -- by ownership sector","All establishment sizes",3,0,0,0,0,0,0,0
"51173",5,"3331",76,0,2007,3,"N","Smyth County, Virginia","Private","Ag., construction, and mining machinery mfg.","County, NAICS 4-digit -- by ownership sector","All establishment sizes",3,0,0,0,0,0,0,0
"51173",5,"3331",76,0,2007,4,"N","Smyth County, Virginia","Private","Ag., construction, and mining machinery mfg.","County, NAICS 4-digit -- by ownership sector","All establishment sizes",3,0,0,0,0,0,0,0
"51173",5,33313,77,0,2007,1,"N","Smyth County, Virginia","Private","Mining and oil and gas field machinery mfg.","County, NAICS 5-digit -- by ownership sector","All establishment sizes",3,0,0,0,0,0,0,0
"51173",5,"33313",77,0,2007,2,"N","Smyth County, Virginia","Private","Mining and oil and gas field machinery mfg.","County, NAICS 5-digit -- by ownership sector","All establishment sizes",3,0,0,0,0,0,0,0
"51173",5,"33313",77,0,2007,3,"N","Smyth County, Virginia","Private","Mining and oil and gas field machinery mfg.","County, NAICS 5-digit -- by ownership sector","All establishment sizes",3,0,0,0,0,0,0,0
"51173",5,"33313",77,0,2007,4,"N","Smyth County, Virginia","Private","Mining and oil and gas field machinery mfg.","County, NAICS 5-digit -- by ownership sector","All establishment sizes",3,0,0,0,0,0,0,0
"51173",5,333131,78,0,2007,1,"N","Smyth County, Virginia","Private","Mining machinery and equipment manufacturing","County, NAICS 6-digit -- by ownership sector","All establishment sizes",3,0,0,0,0,0,0,0
"51173",5,"333131",78,0,2007,2,"N","Smyth County, Virginia","Private","Mining machinery and equipment manufacturing","County, NAICS 6-digit -- by ownership sector","All establishment sizes",3,0,0,0,0,0,0,0
"51173",5,"333131",78,0,2007,3,"N","Smyth County, Virginia","Private","Mining machinery and equipment manufacturing","County, NAICS 6-digit -- by ownership sector","All establishment sizes",3,0,0,0,0,0,0,0
"51173",5,"333131",78,0,2007,4,"N","Smyth County, Virginia","Private","Mining machinery and equipment manufacturing","County, NAICS 6-digit -- by ownership sector","All establishment sizes",3,0,0,0,0,0,0,0
"51173",5,3335,76,0,2007,1,"N","Smyth County, Virginia","Private","Metalworking machinery manufacturing","County, NAICS 4-digit -- by ownership sector","All establishment sizes",1,0,0,0,0,0,0,0
"51173",5,"3335",76,0,2007,2,"N","Smyth County, Virginia","Private","Metalworking machinery manufacturing","County, NAICS 4-digit -- by ownership sector","All establishment sizes",1,0,0,0,0,0,0,0
"51173",5,"3335",76,0,2007,3,"N","Smyth County, Virginia","Private","Metalworking machinery manufacturing","County, NAICS 4-digit -- by ownership sector","All establishment sizes",1,0,0,0,0,0,0,0
"51173",5,"3335",76,0,2007,4,"N","Smyth County, Virginia","Private","Metalworking machinery manufacturing","County, NAICS 4-digit -- by ownership sector","All establishment sizes",1,0,0,0,0,0,0,0
"51173",5,33351,77,0,2007,1,"N","Smyth County, Virginia","Private","Metalworking machinery manufacturing","County, NAICS 5-digit -- by ownership sector","All establishment sizes",1,0,0,0,0,0,0,0
"51173",5,"33351",77,0,2007,2,"N","Smyth County, Virginia","Private","Metalworking machinery manufacturing","County, NAICS 5-digit -- by ownership sector","All establishment sizes",1,0,0,0,0,0,0,0
"51173",5,"33351",77,0,2007,3,"N","Smyth County, Virginia","Private","Metalworking machinery manufacturing","County, NAICS 5-digit -- by ownership sector","All establishment sizes",1,0,0,0,0,0,0,0
"51173",5,"33351",77,0,2007,4,"N","Smyth County, Virginia","Private","Metalworking machinery manufacturing","County, NAICS 5-digit -- by ownership sector","All establishment sizes",1,0,0,0,0,0,0,0
"51173",5,333515,78,0,2007,1,"N","Smyth County, Virginia","Private","Cutting tool and machine tool accessory mfg.","County, NAICS 6-digit -- by ownership sector","All establishment sizes",1,0,0,0,0,0,0,0
"51173",5,"333515",78,0,2007,2,"N","Smyth County, Virginia","Private","Cutting tool and machine tool accessory mfg.","County, NAICS 6-digit -- by ownership sector","All establishment sizes",1,0,0,0,0,0,0,0
"51173",5,"333515",78,0,2007,3,"N","Smyth County, Virginia","Private","Cutting tool and machine tool accessory mfg.","County, NAICS 6-digit -- by ownership sector","All establishment sizes",1,0,0,0,0,0,0,0
"51173",5,"333515",78,0,2007,4,"N","Smyth County, Virginia","Private","Cutting tool and machine tool accessory mfg.","County, NAICS 6-digit -- by ownership sector","All establishment sizes",1,0,0,0,0,0,0,0
"51173",5,336,75,0,2007,1,"","Smyth County, Virginia","Private","Transportation equipment manufacturing","County, NAICS 3-digit -- by ownership sector","All establishment sizes",4,2074,2011,1961,19279937,14892274,409725,736
"51173",5,"336",75,0,2007,2,"","Smyth County, Virginia","Private","Transportation equipment manufacturing","County, NAICS 3-digit -- by ownership sector","All establishment sizes",4,1919,1860,1788,16998027,1668110,44963,705
"51173",5,"336",75,0,2007,3,"","Smyth County, Virginia","Private","Transportation equipment manufacturing","County, NAICS 3-digit -- by ownership sector","All establishment sizes",4,1745,1752,1755,16570317,212636,7722,728
"51173",5,"336",75,0,2007,4,"","Smyth County, Virginia","Private","Transportation equipment manufacturing","County, NAICS 3-digit -- by ownership sector","All establishment sizes",4,1723,1674,1745,16055786,197094,6960,721
"51173",5,3362,76,0,2007,1,"N","Smyth County, Virginia","Private","Motor vehicle body and trailer manufacturing","County, NAICS 4-digit -- by ownership sector","All establishment sizes",1,0,0,0,0,0,0,0
"51173",5,"3362",76,0,2007,2,"N","Smyth County, Virginia","Private","Motor vehicle body and trailer manufacturing","County, NAICS 4-digit -- by ownership sector","All establishment sizes",1,0,0,0,0,0,0,0
"51173",5,"3362",76,0,2007,3,"N","Smyth County, Virginia","Private","Motor vehicle body and trailer manufacturing","County, NAICS 4-digit -- by ownership sector","All establishment sizes",1,0,0,0,0,0,0,0
"51173",5,"3362",76,0,2007,4,"N","Smyth County, Virginia","Private","Motor vehicle body and trailer manufacturing","County, NAICS 4-digit -- by ownership sector","All establishment sizes",1,0,0,0,0,0,0,0
"51173",5,33621,77,0,2007,1,"N","Smyth County, Virginia","Private","Motor vehicle body and trailer manufacturing","County, NAICS 5-digit -- by ownership sector","All establishment sizes",1,0,0,0,0,0,0,0
"51173",5,"33621",77,0,2007,2,"N","Smyth County, Virginia","Private","Motor vehicle body and trailer manufacturing","County, NAICS 5-digit -- by ownership sector","All establishment sizes",1,0,0,0,0,0,0,0
"51173",5,"33621",77,0,2007,3,"N","Smyth County, Virginia","Private","Motor vehicle body and trailer manufacturing","County, NAICS 5-digit -- by ownership sector","All establishment sizes",1,0,0,0,0,0,0,0
"51173",5,"33621",77,0,2007,4,"N","Smyth County, Virginia","Private","Motor vehicle body and trailer manufacturing","County, NAICS 5-digit -- by ownership sector","All establishment sizes",1,0,0,0,0,0,0,0
"51173",5,336212,78,0,2007,1,"N","Smyth County, Virginia","Private","Truck trailer manufacturing","County, NAICS 6-digit -- by ownership sector","All establishment sizes",1,0,0,0,0,0,0,0
"51173",5,"336212",78,0,2007,2,"N","Smyth County, Virginia","Private","Truck trailer manufacturing","County, NAICS 6-digit -- by ownership sector","All establishment sizes",1,0,0,0,0,0,0,0
"51173",5,"336212",78,0,2007,3,"N","Smyth County, Virginia","Private","Truck trailer manufacturing","County, NAICS 6-digit -- by ownership sector","All establishment sizes",1,0,0,0,0,0,0,0
"51173",5,"336212",78,0,2007,4,"N","Smyth County, Virginia","Private","Truck trailer manufacturing","County, NAICS 6-digit -- by ownership sector","All establishment sizes",1,0,0,0,0,0,0,0
"51173",5,3363,76,0,2007,1,"N","Smyth County, Virginia","Private","Motor vehicle parts manufacturing","County, NAICS 4-digit -- by ownership sector","All establishment sizes",2,0,0,0,0,0,0,0
"51173",5,"3363",76,0,2007,2,"N","Smyth County, Virginia","Private","Motor vehicle parts manufacturing","County, NAICS 4-digit -- by ownership sector","All establishment sizes",2,0,0,0,0,0,0,0
"51173",5,"3363",76,0,2007,3,"N","Smyth County, Virginia","Private","Motor vehicle parts manufacturing","County, NAICS 4-digit -- by ownership sector","All establishment sizes",2,0,0,0,0,0,0,0
"51173",5,"3363",76,0,2007,4,"N","Smyth County, Virginia","Private","Motor vehicle parts manufacturing","County, NAICS 4-digit -- by ownership sector","All establishment sizes",2,0,0,0,0,0,0,0
"51173",5,33633,77,0,2007,1,"N","Smyth County, Virginia","Private","Motor vehicle steering and suspension parts","County, NAICS 5-digit -- by ownership sector","All establishment sizes",1,0,0,0,0,0,0,0
"51173",5,"33633",77,0,2007,2,"N","Smyth County, Virginia","Private","Motor vehicle steering and suspension parts","County, NAICS 5-digit -- by ownership sector","All establishment sizes",1,0,0,0,0,0,0,0
"51173",5,"33633",77,0,2007,3,"N","Smyth County, Virginia","Private","Motor vehicle steering and suspension parts","County, NAICS 5-digit -- by ownership sector","All establishment sizes",1,0,0,0,0,0,0,0
"51173",5,"33633",77,0,2007,4,"N","Smyth County, Virginia","Private","Motor vehicle steering and suspension parts","County, NAICS 5-digit -- by ownership sector","All establishment sizes",1,0,0,0,0,0,0,0
"51173",5,336330,78,0,2007,1,"N","Smyth County, Virginia","Private","Motor vehicle steering and suspension parts","County, NAICS 6-digit -- by ownership sector","All establishment sizes",1,0,0,0,0,0,0,0
"51173",5,"336330",78,0,2007,2,"N","Smyth County, Virginia","Private","Motor vehicle steering and suspension parts","County, NAICS 6-digit -- by ownership sector","All establishment sizes",1,0,0,0,0,0,0,0
"51173",5,"336330",78,0,2007,3,"N","Smyth County, Virginia","Private","Motor vehicle steering and suspension parts","County, NAICS 6-digit -- by ownership sector","All establishment sizes",1,0,0,0,0,0,0,0
"51173",5,"336330",78,0,2007,4,"N","Smyth County, Virginia","Private","Motor vehicle steering and suspension parts","County, NAICS 6-digit -- by ownership sector","All establishment sizes",1,0,0,0,0,0,0,0
"51173",5,33639,77,0,2007,1,"N","Smyth County, Virginia","Private","Other motor vehicle parts manufacturing","County, NAICS 5-digit -- by ownership sector","All establishment sizes",1,0,0,0,0,0,0,0
"51173",5,"33639",77,0,2007,2,"N","Smyth County, Virginia","Private","Other motor vehicle parts manufacturing","County, NAICS 5-digit -- by ownership sector","All establishment sizes",1,0,0,0,0,0,0,0
"51173",5,"33639",77,0,2007,3,"N","Smyth County, Virginia","Private","Other motor vehicle parts manufacturing","County, NAICS 5-digit -- by ownership sector","All establishment sizes",1,0,0,0,0,0,0,0
"51173",5,"33639",77,0,2007,4,"N","Smyth County, Virginia","Private","Other motor vehicle parts manufacturing","County, NAICS 5-digit -- by ownership sector","All establishment sizes",1,0,0,0,0,0,0,0
"51173",5,336399,78,0,2007,1,"N","Smyth County, Virginia","Private","All other motor vehicle parts manufacturing","County, NAICS 6-digit -- by ownership sector","All establishment sizes",1,0,0,0,0,0,0,0
"51173",5,"336399",78,0,2007,2,"N","Smyth County, Virginia","Private","All other motor vehicle parts manufacturing","County, NAICS 6-digit -- by ownership sector","All establishment sizes",1,0,0,0,0,0,0,0
"51173",5,"336399",78,0,2007,3,"N","Smyth County, Virginia","Private","All other motor vehicle parts manufacturing","County, NAICS 6-digit -- by ownership sector","All establishment sizes",1,0,0,0,0,0,0,0
"51173",5,"336399",78,0,2007,4,"N","Smyth County, Virginia","Private","All other motor vehicle parts manufacturing","County, NAICS 6-digit -- by ownership sector","All establishment sizes",1,0,0,0,0,0,0,0
"51173",5,3364,76,0,2007,1,"N","Smyth County, Virginia","Private","Aerospace product and parts manufacturing","County, NAICS 4-digit -- by ownership sector","All establishment sizes",1,0,0,0,0,0,0,0
"51173",5,"3364",76,0,2007,2,"N","Smyth County, Virginia","Private","Aerospace product and parts manufacturing","County, NAICS 4-digit -- by ownership sector","All establishment sizes",1,0,0,0,0,0,0,0
"51173",5,"3364",76,0,2007,3,"N","Smyth County, Virginia","Private","Aerospace product and parts manufacturing","County, NAICS 4-digit -- by ownership sector","All establishment sizes",1,0,0,0,0,0,0,0
"51173",5,"3364",76,0,2007,4,"N","Smyth County, Virginia","Private","Aerospace product and parts manufacturing","County, NAICS 4-digit -- by ownership sector","All establishment sizes",1,0,0,0,0,0,0,0
"51173",5,33641,77,0,2007,1,"N","Smyth County, Virginia","Private","Aerospace product and parts manufacturing","County, NAICS 5-digit -- by ownership sector","All establishment sizes",1,0,0,0,0,0,0,0
"51173",5,"33641",77,0,2007,2,"N","Smyth County, Virginia","Private","Aerospace product and parts manufacturing","County, NAICS 5-digit -- by ownership sector","All establishment sizes",1,0,0,0,0,0,0,0
"51173",5,"33641",77,0,2007,3,"N","Smyth County, Virginia","Private","Aerospace product and parts manufacturing","County, NAICS 5-digit -- by ownership sector","All establishment sizes",1,0,0,0,0,0,0,0
"51173",5,"33641",77,0,2007,4,"N","Smyth County, Virginia","Private","Aerospace product and parts manufacturing","County, NAICS 5-digit -- by ownership sector","All establishment sizes",1,0,0,0,0,0,0,0
"51173",5,336413,78,0,2007,1,"N","Smyth County, Virginia","Private","Other aircraft parts and equipment","County, NAICS 6-digit -- by ownership sector","All establishment sizes",1,0,0,0,0,0,0,0
"51173",5,"336413",78,0,2007,2,"N","Smyth County, Virginia","Private","Other aircraft parts and equipment","County, NAICS 6-digit -- by ownership sector","All establishment sizes",1,0,0,0,0,0,0,0
"51173",5,"336413",78,0,2007,3,"N","Smyth County, Virginia","Private","Other aircraft parts and equipment","County, NAICS 6-digit -- by ownership sector","All establishment sizes",1,0,0,0,0,0,0,0
"51173",5,"336413",78,0,2007,4,"N","Smyth County, Virginia","Private","Other aircraft parts and equipment","County, NAICS 6-digit -- by ownership sector","All establishment sizes",1,0,0,0,0,0,0,0
"51173",5,337,75,0,2007,1,"N","Smyth County, Virginia","Private","Furniture and related product manufacturing","County, NAICS 3-digit -- by ownership sector","All establishment sizes",6,0,0,0,0,0,0,0
"51173",5,"337",75,0,2007,2,"N","Smyth County, Virginia","Private","Furniture and related product manufacturing","County, NAICS 3-digit -- by ownership sector","All establishment sizes",6,0,0,0,0,0,0,0
"51173",5,"337",75,0,2007,3,"N","Smyth County, Virginia","Private","Furniture and related product manufacturing","County, NAICS 3-digit -- by ownership sector","All establishment sizes",6,0,0,0,0,0,0,0
"51173",5,"337",75,0,2007,4,"N","Smyth County, Virginia","Private","Furniture and related product manufacturing","County, NAICS 3-digit -- by ownership sector","All establishment sizes",5,0,0,0,0,0,0,0
"51173",5,3371,76,0,2007,1,"N","Smyth County, Virginia","Private","Household and institutional furniture mfg.","County, NAICS 4-digit -- by ownership sector","All establishment sizes",4,0,0,0,0,0,0,0
"51173",5,"3371",76,0,2007,2,"N","Smyth County, Virginia","Private","Household and institutional furniture mfg.","County, NAICS 4-digit -- by ownership sector","All establishment sizes",4,0,0,0,0,0,0,0
"51173",5,"3371",76,0,2007,3,"N","Smyth County, Virginia","Private","Household and institutional furniture mfg.","County, NAICS 4-digit -- by ownership sector","All establishment sizes",4,0,0,0,0,0,0,0
"51173",5,"3371",76,0,2007,4,"N","Smyth County, Virginia","Private","Household and institutional furniture mfg.","County, NAICS 4-digit -- by ownership sector","All establishment sizes",3,0,0,0,0,0,0,0
"51173",5,33711,77,0,2007,1,"N","Smyth County, Virginia","Private","Wood kitchen cabinet and countertop mfg.","County, NAICS 5-digit -- by ownership sector","All establishment sizes",3,0,0,0,0,0,0,0
"51173",5,"33711",77,0,2007,2,"N","Smyth County, Virginia","Private","Wood kitchen cabinet and countertop mfg.","County, NAICS 5-digit -- by ownership sector","All establishment sizes",3,0,0,0,0,0,0,0
"51173",5,"33711",77,0,2007,3,"N","Smyth County, Virginia","Private","Wood kitchen cabinet and countertop mfg.","County, NAICS 5-digit -- by ownership sector","All establishment sizes",3,0,0,0,0,0,0,0
"51173",5,"33711",77,0,2007,4,"N","Smyth County, Virginia","Private","Wood kitchen cabinet and countertop mfg.","County, NAICS 5-digit -- by ownership sector","All establishment sizes",3,0,0,0,0,0,0,0
"51173",5,337110,78,0,2007,1,"N","Smyth County, Virginia","Private","Wood kitchen cabinet and countertop mfg.","County, NAICS 6-digit -- by ownership sector","All establishment sizes",3,0,0,0,0,0,0,0
"51173",5,"337110",78,0,2007,2,"N","Smyth County, Virginia","Private","Wood kitchen cabinet and countertop mfg.","County, NAICS 6-digit -- by ownership sector","All establishment sizes",3,0,0,0,0,0,0,0
"51173",5,"337110",78,0,2007,3,"N","Smyth County, Virginia","Private","Wood kitchen cabinet and countertop mfg.","County, NAICS 6-digit -- by ownership sector","All establishment sizes",3,0,0,0,0,0,0,0
"51173",5,"337110",78,0,2007,4,"N","Smyth County, Virginia","Private","Wood kitchen cabinet and countertop mfg.","County, NAICS 6-digit -- by ownership sector","All establishment sizes",3,0,0,0,0,0,0,0
"51173",5,33712,77,0,2007,1,"N","Smyth County, Virginia","Private","Other household and institutional furniture","County, NAICS 5-digit -- by ownership sector","All establishment sizes",1,0,0,0,0,0,0,0
"51173",5,"33712",77,0,2007,2,"N","Smyth County, Virginia","Private","Other household and institutional furniture","County, NAICS 5-digit -- by ownership sector","All establishment sizes",1,0,0,0,0,0,0,0
"51173",5,"33712",77,0,2007,3,"N","Smyth County, Virginia","Private","Other household and institutional furniture","County, NAICS 5-digit -- by ownership sector","All establishment sizes",1,0,0,0,0,0,0,0
"51173",5,"33712",77,0,2007,4,"-","Smyth County, Virginia","Private","Other household and institutional furniture","County, NAICS 5-digit -- by ownership sector","All establishment sizes",0,0,0,0,0,0,0,0
"51173",5,337122,78,0,2007,1,"N","Smyth County, Virginia","Private","Nonupholstered wood household furniture mfg.","County, NAICS 6-digit -- by ownership sector","All establishment sizes",1,0,0,0,0,0,0,0
"51173",5,"337122",78,0,2007,2,"N","Smyth County, Virginia","Private","Nonupholstered wood household furniture mfg.","County, NAICS 6-digit -- by ownership sector","All establishment sizes",1,0,0,0,0,0,0,0
"51173",5,"337122",78,0,2007,3,"N","Smyth County, Virginia","Private","Nonupholstered wood household furniture mfg.","County, NAICS 6-digit -- by ownership sector","All establishment sizes",1,0,0,0,0,0,0,0
"51173",5,"337122",78,0,2007,4,"-","Smyth County, Virginia","Private","Nonupholstered wood household furniture mfg.","County, NAICS 6-digit -- by ownership sector","All establishment sizes",0,0,0,0,0,0,0,0
"51173",5,3372,76,0,2007,1,"N","Smyth County, Virginia","Private","Office furniture and fixtures manufacturing","County, NAICS 4-digit -- by ownership sector","All establishment sizes",2,0,0,0,0,0,0,0
"51173",5,"3372",76,0,2007,2,"N","Smyth County, Virginia","Private","Office furniture and fixtures manufacturing","County, NAICS 4-digit -- by ownership sector","All establishment sizes",2,0,0,0,0,0,0,0
"51173",5,"3372",76,0,2007,3,"N","Smyth County, Virginia","Private","Office furniture and fixtures manufacturing","County, NAICS 4-digit -- by ownership sector","All establishment sizes",2,0,0,0,0,0,0,0
"51173",5,"3372",76,0,2007,4,"N","Smyth County, Virginia","Private","Office furniture and fixtures manufacturing","County, NAICS 4-digit -- by ownership sector","All establishment sizes",2,0,0,0,0,0,0,0
"51173",5,33721,77,0,2007,1,"N","Smyth County, Virginia","Private","Office furniture and fixtures manufacturing","County, NAICS 5-digit -- by ownership sector","All establishment sizes",2,0,0,0,0,0,0,0
"51173",5,"33721",77,0,2007,2,"N","Smyth County, Virginia","Private","Office furniture and fixtures manufacturing","County, NAICS 5-digit -- by ownership sector","All establishment sizes",2,0,0,0,0,0,0,0
"51173",5,"33721",77,0,2007,3,"N","Smyth County, Virginia","Private","Office furniture and fixtures manufacturing","County, NAICS 5-digit -- by ownership sector","All establishment sizes",2,0,0,0,0,0,0,0
"51173",5,"33721",77,0,2007,4,"N","Smyth County, Virginia","Private","Office furniture and fixtures manufacturing","County, NAICS 5-digit -- by ownership sector","All establishment sizes",2,0,0,0,0,0,0,0
"51173",5,337215,78,0,2007,1,"N","Smyth County, Virginia","Private","Showcases, partitions, shelving, and lockers","County, NAICS 6-digit -- by ownership sector","All establishment sizes",2,0,0,0,0,0,0,0
"51173",5,"337215",78,0,2007,2,"N","Smyth County, Virginia","Private","Showcases, partitions, shelving, and lockers","County, NAICS 6-digit -- by ownership sector","All establishment sizes",2,0,0,0,0,0,0,0
"51173",5,"337215",78,0,2007,3,"N","Smyth County, Virginia","Private","Showcases, partitions, shelving, and lockers","County, NAICS 6-digit -- by ownership sector","All establishment sizes",2,0,0,0,0,0,0,0
"51173",5,"337215",78,0,2007,4,"N","Smyth County, Virginia","Private","Showcases, partitions, shelving, and lockers","County, NAICS 6-digit -- by ownership sector","All establishment sizes",2,0,0,0,0,0,0,0
"51173",5,339,75,0,2007,1,"N","Smyth County, Virginia","Private","Miscellaneous manufacturing","County, NAICS 3-digit -- by ownership sector","All establishment sizes",1,0,0,0,0,0,0,0
"51173",5,"339",75,0,2007,2,"N","Smyth County, Virginia","Private","Miscellaneous manufacturing","County, NAICS 3-digit -- by ownership sector","All establishment sizes",1,0,0,0,0,0,0,0
"51173",5,"339",75,0,2007,3,"N","Smyth County, Virginia","Private","Miscellaneous manufacturing","County, NAICS 3-digit -- by ownership sector","All establishment sizes",1,0,0,0,0,0,0,0
"51173",5,"339",75,0,2007,4,"N","Smyth County, Virginia","Private","Miscellaneous manufacturing","County, NAICS 3-digit -- by ownership sector","All establishment sizes",1,0,0,0,0,0,0,0
"51173",5,3391,76,0,2007,1,"N","Smyth County, Virginia","Private","Medical equipment and supplies manufacturing","County, NAICS 4-digit -- by ownership sector","All establishment sizes",1,0,0,0,0,0,0,0
"51173",5,"3391",76,0,2007,2,"N","Smyth County, Virginia","Private","Medical equipment and supplies manufacturing","County, NAICS 4-digit -- by ownership sector","All establishment sizes",1,0,0,0,0,0,0,0
"51173",5,"3391",76,0,2007,3,"N","Smyth County, Virginia","Private","Medical equipment and supplies manufacturing","County, NAICS 4-digit -- by ownership sector","All establishment sizes",1,0,0,0,0,0,0,0
"51173",5,"3391",76,0,2007,4,"N","Smyth County, Virginia","Private","Medical equipment and supplies manufacturing","County, NAICS 4-digit -- by ownership sector","All establishment sizes",1,0,0,0,0,0,0,0
"51173",5,33911,77,0,2007,1,"N","Smyth County, Virginia","Private","Medical equipment and supplies manufacturing","County, NAICS 5-digit -- by ownership sector","All establishment sizes",1,0,0,0,0,0,0,0
"51173",5,"33911",77,0,2007,2,"N","Smyth County, Virginia","Private","Medical equipment and supplies manufacturing","County, NAICS 5-digit -- by ownership sector","All establishment sizes",1,0,0,0,0,0,0,0
"51173",5,"33911",77,0,2007,3,"N","Smyth County, Virginia","Private","Medical equipment and supplies manufacturing","County, NAICS 5-digit -- by ownership sector","All establishment sizes",1,0,0,0,0,0,0,0
"51173",5,"33911",77,0,2007,4,"N","Smyth County, Virginia","Private","Medical equipment and supplies manufacturing","County, NAICS 5-digit -- by ownership sector","All establishment sizes",1,0,0,0,0,0,0,0
"51173",5,339116,78,0,2007,1,"N","Smyth County, Virginia","Private","Dental laboratories","County, NAICS 6-digit -- by ownership sector","All establishment sizes",1,0,0,0,0,0,0,0
"51173",5,"339116",78,0,2007,2,"N","Smyth County, Virginia","Private","Dental laboratories","County, NAICS 6-digit -- by ownership sector","All establishment sizes",1,0,0,0,0,0,0,0
"51173",5,"339116",78,0,2007,3,"N","Smyth County, Virginia","Private","Dental laboratories","County, NAICS 6-digit -- by ownership sector","All establishment sizes",1,0,0,0,0,0,0,0
"51173",5,"339116",78,0,2007,4,"N","Smyth County, Virginia","Private","Dental laboratories","County, NAICS 6-digit -- by ownership sector","All establishment sizes",1,0,0,0,0,0,0,0
"51173",5,42,74,0,2007,1,"N","Smyth County, Virginia","Private","Wholesale trade","County, NAICS Sector -- by ownership sector","All establishment sizes",33,0,0,0,0,0,0,0
"51173",5,"42",74,0,2007,2,"N","Smyth County, Virginia","Private","Wholesale trade","County, NAICS Sector -- by ownership sector","All establishment sizes",32,0,0,0,0,0,0,0
"51173",5,"42",74,0,2007,3,"N","Smyth County, Virginia","Private","Wholesale trade","County, NAICS Sector -- by ownership sector","All establishment sizes",33,0,0,0,0,0,0,0
"51173",5,"42",74,0,2007,4,"N","Smyth County, Virginia","Private","Wholesale trade","County, NAICS Sector -- by ownership sector","All establishment sizes",31,0,0,0,0,0,0,0
"51173",5,423,75,0,2007,1,"","Smyth County, Virginia","Private","Merchant wholesalers, durable goods","County, NAICS 3-digit -- by ownership sector","All establishment sizes",13,81,79,79,844992,519137,3854,816
"51173",5,"423",75,0,2007,2,"","Smyth County, Virginia","Private","Merchant wholesalers, durable goods","County, NAICS 3-digit -- by ownership sector","All establishment sizes",12,79,80,84,795662,103044,709,756
"51173",5,"423",75,0,2007,3,"","Smyth County, Virginia","Private","Merchant wholesalers, durable goods","County, NAICS 3-digit -- by ownership sector","All establishment sizes",12,82,82,83,822295,53055,203,768
"51173",5,"423",75,0,2007,4,"","Smyth County, Virginia","Private","Merchant wholesalers, durable goods","County, NAICS 3-digit -- by ownership sector","All establishment sizes",12,79,82,82,1031399,37804,142,979
"51173",5,4231,76,0,2007,1,"N","Smyth County, Virginia","Private","Motor vehicle and parts merchant wholesalers","County, NAICS 4-digit -- by ownership sector","All establishment sizes",2,0,0,0,0,0,0,0
"51173",5,"4231",76,0,2007,2,"N","Smyth County, Virginia","Private","Motor vehicle and parts merchant wholesalers","County, NAICS 4-digit -- by ownership sector","All establishment sizes",2,0,0,0,0,0,0,0
"51173",5,"4231",76,0,2007,3,"N","Smyth County, Virginia","Private","Motor vehicle and parts merchant wholesalers","County, NAICS 4-digit -- by ownership sector","All establishment sizes",2,0,0,0,0,0,0,0
"51173",5,"4231",76,0,2007,4,"N","Smyth County, Virginia","Private","Motor vehicle and parts merchant wholesalers","County, NAICS 4-digit -- by ownership sector","All establishment sizes",2,0,0,0,0,0,0,0
"51173",5,42312,77,0,2007,1,"N","Smyth County, Virginia","Private","New motor vehicle parts merchant wholesalers","County, NAICS 5-digit -- by ownership sector","All establishment sizes",1,0,0,0,0,0,0,0
"51173",5,"42312",77,0,2007,2,"N","Smyth County, Virginia","Private","New motor vehicle parts merchant wholesalers","County, NAICS 5-digit -- by ownership sector","All establishment sizes",1,0,0,0,0,0,0,0
"51173",5,"42312",77,0,2007,3,"N","Smyth County, Virginia","Private","New motor vehicle parts merchant wholesalers","County, NAICS 5-digit -- by ownership sector","All establishment sizes",1,0,0,0,0,0,0,0
"51173",5,"42312",77,0,2007,4,"N","Smyth County, Virginia","Private","New motor vehicle parts merchant wholesalers","County, NAICS 5-digit -- by ownership sector","All establishment sizes",1,0,0,0,0,0,0,0
"51173",5,423120,78,0,2007,1,"N","Smyth County, Virginia","Private","New motor vehicle parts merchant wholesalers","County, NAICS 6-digit -- by ownership sector","All establishment sizes",1,0,0,0,0,0,0,0
"51173",5,"423120",78,0,2007,2,"N","Smyth County, Virginia","Private","New motor vehicle parts merchant wholesalers","County, NAICS 6-digit -- by ownership sector","All establishment sizes",1,0,0,0,0,0,0,0
"51173",5,"423120",78,0,2007,3,"N","Smyth County, Virginia","Private","New motor vehicle parts merchant wholesalers","County, NAICS 6-digit -- by ownership sector","All establishment sizes",1,0,0,0,0,0,0,0
"51173",5,"423120",78,0,2007,4,"N","Smyth County, Virginia","Private","New motor vehicle parts merchant wholesalers","County, NAICS 6-digit -- by ownership sector","All establishment sizes",1,0,0,0,0,0,0,0
"51173",5,42314,77,0,2007,1,"N","Smyth County, Virginia","Private","Used motor vehicle parts merchant wholesalers","County, NAICS 5-digit -- by ownership sector","All establishment sizes",1,0,0,0,0,0,0,0
"51173",5,"42314",77,0,2007,2,"N","Smyth County, Virginia","Private","Used motor vehicle parts merchant wholesalers","County, NAICS 5-digit -- by ownership sector","All establishment sizes",1,0,0,0,0,0,0,0
"51173",5,"42314",77,0,2007,3,"N","Smyth County, Virginia","Private","Used motor vehicle parts merchant wholesalers","County, NAICS 5-digit -- by ownership sector","All establishment sizes",1,0,0,0,0,0,0,0
"51173",5,"42314",77,0,2007,4,"N","Smyth County, Virginia","Private","Used motor vehicle parts merchant wholesalers","County, NAICS 5-digit -- by ownership sector","All establishment sizes",1,0,0,0,0,0,0,0
"51173",5,423140,78,0,2007,1,"N","Smyth County, Virginia","Private","Used motor vehicle parts merchant wholesalers","County, NAICS 6-digit -- by ownership sector","All establishment sizes",1,0,0,0,0,0,0,0
"51173",5,"423140",78,0,2007,2,"N","Smyth County, Virginia","Private","Used motor vehicle parts merchant wholesalers","County, NAICS 6-digit -- by ownership sector","All establishment sizes",1,0,0,0,0,0,0,0
"51173",5,"423140",78,0,2007,3,"N","Smyth County, Virginia","Private","Used motor vehicle parts merchant wholesalers","County, NAICS 6-digit -- by ownership sector","All establishment sizes",1,0,0,0,0,0,0,0
"51173",5,"423140",78,0,2007,4,"N","Smyth County, Virginia","Private","Used motor vehicle parts merchant wholesalers","County, NAICS 6-digit -- by ownership sector","All establishment sizes",1,0,0,0,0,0,0,0
"51173",5,4233,76,0,2007,1,"N","Smyth County, Virginia","Private","Lumber and const. supply merchant wholesalers","County, NAICS 4-digit -- by ownership sector","All establishment sizes",2,0,0,0,0,0,0,0
"51173",5,"4233",76,0,2007,2,"N","Smyth County, Virginia","Private","Lumber and const. supply merchant wholesalers","County, NAICS 4-digit -- by ownership sector","All establishment sizes",1,0,0,0,0,0,0,0
"51173",5,"4233",76,0,2007,3,"N","Smyth County, Virginia","Private","Lumber and const. supply merchant wholesalers","County, NAICS 4-digit -- by ownership sector","All establishment sizes",1,0,0,0,0,0,0,0
"51173",5,"4233",76,0,2007,4,"N","Smyth County, Virginia","Private","Lumber and const. supply merchant wholesalers","County, NAICS 4-digit -- by ownership sector","All establishment sizes",1,0,0,0,0,0,0,0
"51173",5,42331,77,0,2007,1,"N","Smyth County, Virginia","Private","Lumber and wood merchant wholesalers","County, NAICS 5-digit -- by ownership sector","All establishment sizes",1,0,0,0,0,0,0,0
"51173",5,"42331",77,0,2007,2,"N","Smyth County, Virginia","Private","Lumber and wood merchant wholesalers","County, NAICS 5-digit -- by ownership sector","All establishment sizes",1,0,0,0,0,0,0,0
"51173",5,"42331",77,0,2007,3,"N","Smyth County, Virginia","Private","Lumber and wood merchant wholesalers","County, NAICS 5-digit -- by ownership sector","All establishment sizes",1,0,0,0,0,0,0,0
"51173",5,"42331",77,0,2007,4,"N","Smyth County, Virginia","Private","Lumber and wood merchant wholesalers","County, NAICS 5-digit -- by ownership sector","All establishment sizes",1,0,0,0,0,0,0,0
"51173",5,423310,78,0,2007,1,"N","Smyth County, Virginia","Private","Lumber and wood merchant wholesalers","County, NAICS 6-digit -- by ownership sector","All establishment sizes",1,0,0,0,0,0,0,0
"51173",5,"423310",78,0,2007,2,"N","Smyth County, Virginia","Private","Lumber and wood merchant wholesalers","County, NAICS 6-digit -- by ownership sector","All establishment sizes",1,0,0,0,0,0,0,0
"51173",5,"423310",78,0,2007,3,"N","Smyth County, Virginia","Private","Lumber and wood merchant wholesalers","County, NAICS 6-digit -- by ownership sector","All establishment sizes",1,0,0,0,0,0,0,0
"51173",5,"423310",78,0,2007,4,"N","Smyth County, Virginia","Private","Lumber and wood merchant wholesalers","County, NAICS 6-digit -- by ownership sector","All establishment sizes",1,0,0,0,0,0,0,0
"51173",5,42339,77,0,2007,1,"N","Smyth County, Virginia","Private","Other const. material merchant wholesalers","County, NAICS 5-digit -- by ownership sector","All establishment sizes",1,0,0,0,0,0,0,0
"51173",5,"42339",77,0,2007,2,"-","Smyth County, Virginia","Private","Other const. material merchant wholesalers","County, NAICS 5-digit -- by ownership sector","All establishment sizes",0,0,0,0,0,0,0,0
"51173",5,"42339",77,0,2007,3,"-","Smyth County, Virginia","Private","Other const. material merchant wholesalers","County, NAICS 5-digit -- by ownership sector","All establishment sizes",0,0,0,0,0,0,0,0
"51173",5,"42339",77,0,2007,4,"-","Smyth County, Virginia","Private","Other const. material merchant wholesalers","County, NAICS 5-digit -- by ownership sector","All establishment sizes",0,0,0,0,0,0,0,0
"51173",5,423390,78,0,2007,1,"N","Smyth County, Virginia","Private","Other const. material merchant wholesalers","County, NAICS 6-digit -- by ownership sector","All establishment sizes",1,0,0,0,0,0,0,0
"51173",5,"423390",78,0,2007,2,"-","Smyth County, Virginia","Private","Other const. material merchant wholesalers","County, NAICS 6-digit -- by ownership sector","All establishment sizes",0,0,0,0,0,0,0,0
"51173",5,"423390",78,0,2007,3,"-","Smyth County, Virginia","Private","Other const. material merchant wholesalers","County, NAICS 6-digit -- by ownership sector","All establishment sizes",0,0,0,0,0,0,0,0
"51173",5,"423390",78,0,2007,4,"-","Smyth County, Virginia","Private","Other const. material merchant wholesalers","County, NAICS 6-digit -- by ownership sector","All establishment sizes",0,0,0,0,0,0,0,0
"51173",5,4237,76,0,2007,1,"N","Smyth County, Virginia","Private","Hardware and plumbing merchant wholesalers","County, NAICS 4-digit -- by ownership sector","All establishment sizes",1,0,0,0,0,0,0,0
"51173",5,"4237",76,0,2007,2,"N","Smyth County, Virginia","Private","Hardware and plumbing merchant wholesalers","County, NAICS 4-digit -- by ownership sector","All establishment sizes",1,0,0,0,0,0,0,0
"51173",5,"4237",76,0,2007,3,"N","Smyth County, Virginia","Private","Hardware and plumbing merchant wholesalers","County, NAICS 4-digit -- by ownership sector","All establishment sizes",1,0,0,0,0,0,0,0
"51173",5,"4237",76,0,2007,4,"N","Smyth County, Virginia","Private","Hardware and plumbing merchant wholesalers","County, NAICS 4-digit -- by ownership sector","All establishment sizes",1,0,0,0,0,0,0,0
"51173",5,42371,77,0,2007,1,"N","Smyth County, Virginia","Private","Hardware merchant wholesalers","County, NAICS 5-digit -- by ownership sector","All establishment sizes",1,0,0,0,0,0,0,0
"51173",5,"42371",77,0,2007,2,"N","Smyth County, Virginia","Private","Hardware merchant wholesalers","County, NAICS 5-digit -- by ownership sector","All establishment sizes",1,0,0,0,0,0,0,0
"51173",5,"42371",77,0,2007,3,"N","Smyth County, Virginia","Private","Hardware merchant wholesalers","County, NAICS 5-digit -- by ownership sector","All establishment sizes",1,0,0,0,0,0,0,0
"51173",5,"42371",77,0,2007,4,"N","Smyth County, Virginia","Private","Hardware merchant wholesalers","County, NAICS 5-digit -- by ownership sector","All establishment sizes",1,0,0,0,0,0,0,0
"51173",5,423710,78,0,2007,1,"N","Smyth County, Virginia","Private","Hardware merchant wholesalers","County, NAICS 6-digit -- by ownership sector","All establishment sizes",1,0,0,0,0,0,0,0
"51173",5,"423710",78,0,2007,2,"N","Smyth County, Virginia","Private","Hardware merchant wholesalers","County, NAICS 6-digit -- by ownership sector","All establishment sizes",1,0,0,0,0,0,0,0
"51173",5,"423710",78,0,2007,3,"N","Smyth County, Virginia","Private","Hardware merchant wholesalers","County, NAICS 6-digit -- by ownership sector","All establishment sizes",1,0,0,0,0,0,0,0
"51173",5,"423710",78,0,2007,4,"N","Smyth County, Virginia","Private","Hardware merchant wholesalers","County, NAICS 6-digit -- by ownership sector","All establishment sizes",1,0,0,0,0,0,0,0
"51173",5,4238,76,0,2007,1,"","Smyth County, Virginia","Private","Machinery and supply merchant wholesalers","County, NAICS 4-digit -- by ownership sector","All establishment sizes",3,15,14,14,83271,69906,515,447
"51173",5,"4238",76,0,2007,2,"","Smyth County, Virginia","Private","Machinery and supply merchant wholesalers","County, NAICS 4-digit -- by ownership sector","All establishment sizes",3,14,15,15,100144,23429,158,525
"51173",5,"4238",76,0,2007,3,"","Smyth County, Virginia","Private","Machinery and supply merchant wholesalers","County, NAICS 4-digit -- by ownership sector","All establishment sizes",3,13,13,13,93769,13977,103,555
"51173",5,"4238",76,0,2007,4,"","Smyth County, Virginia","Private","Machinery and supply merchant wholesalers","County, NAICS 4-digit -- by ownership sector","All establishment sizes",3,10,13,14,96311,10521,45,601
"51173",5,42382,77,0,2007,1,"N","Smyth County, Virginia","Private","Farm and garden equip. merchant wholesalers","County, NAICS 5-digit -- by ownership sector","All establishment sizes",2,0,0,0,0,0,0,0
"51173",5,"42382",77,0,2007,2,"N","Smyth County, Virginia","Private","Farm and garden equip. merchant wholesalers","County, NAICS 5-digit -- by ownership sector","All establishment sizes",2,0,0,0,0,0,0,0
"51173",5,"42382",77,0,2007,3,"N","Smyth County, Virginia","Private","Farm and garden equip. merchant wholesalers","County, NAICS 5-digit -- by ownership sector","All establishment sizes",2,0,0,0,0,0,0,0
"51173",5,"42382",77,0,2007,4,"N","Smyth County, Virginia","Private","Farm and garden equip. merchant wholesalers","County, NAICS 5-digit -- by ownership sector","All establishment sizes",2,0,0,0,0,0,0,0
"51173",5,423820,78,0,2007,1,"N","Smyth County, Virginia","Private","Farm and garden equip. merchant wholesalers","County, NAICS 6-digit -- by ownership sector","All establishment sizes",2,0,0,0,0,0,0,0
"51173",5,"423820",78,0,2007,2,"N","Smyth County, Virginia","Private","Farm and garden equip. merchant wholesalers","County, NAICS 6-digit -- by ownership sector","All establishment sizes",2,0,0,0,0,0,0,0
"51173",5,"423820",78,0,2007,3,"N","Smyth County, Virginia","Private","Farm and garden equip. merchant wholesalers","County, NAICS 6-digit -- by ownership sector","All establishment sizes",2,0,0,0,0,0,0,0
"51173",5,"423820",78,0,2007,4,"N","Smyth County, Virginia","Private","Farm and garden equip. merchant wholesalers","County, NAICS 6-digit -- by ownership sector","All establishment sizes",2,0,0,0,0,0,0,0
"51173",5,42383,77,0,2007,1,"N","Smyth County, Virginia","Private","Industrial machinery merchant wholesalers","County, NAICS 5-digit -- by ownership sector","All establishment sizes",1,0,0,0,0,0,0,0
"51173",5,"42383",77,0,2007,2,"N","Smyth County, Virginia","Private","Industrial machinery merchant wholesalers","County, NAICS 5-digit -- by ownership sector","All establishment sizes",1,0,0,0,0,0,0,0
"51173",5,"42383",77,0,2007,3,"N","Smyth County, Virginia","Private","Industrial machinery merchant wholesalers","County, NAICS 5-digit -- by ownership sector","All establishment sizes",1,0,0,0,0,0,0,0
"51173",5,"42383",77,0,2007,4,"N","Smyth County, Virginia","Private","Industrial machinery merchant wholesalers","County, NAICS 5-digit -- by ownership sector","All establishment sizes",1,0,0,0,0,0,0,0
"51173",5,423830,78,0,2007,1,"N","Smyth County, Virginia","Private","Industrial machinery merchant wholesalers","County, NAICS 6-digit -- by ownership sector","All establishment sizes",1,0,0,0,0,0,0,0
"51173",5,"423830",78,0,2007,2,"N","Smyth County, Virginia","Private","Industrial machinery merchant wholesalers","County, NAICS 6-digit -- by ownership sector","All establishment sizes",1,0,0,0,0,0,0,0
"51173",5,"423830",78,0,2007,3,"N","Smyth County, Virginia","Private","Industrial machinery merchant wholesalers","County, NAICS 6-digit -- by ownership sector","All establishment sizes",1,0,0,0,0,0,0,0
"51173",5,"423830",78,0,2007,4,"N","Smyth County, Virginia","Private","Industrial machinery merchant wholesalers","County, NAICS 6-digit -- by ownership sector","All establishment sizes",1,0,0,0,0,0,0,0
"51173",5,4239,76,0,2007,1,"","Smyth County, Virginia","Private","Misc. durable goods merchant wholesalers","County, NAICS 4-digit -- by ownership sector","All establishment sizes",5,24,23,23,237092,159598,1092,782
"51173",5,"4239",76,0,2007,2,"","Smyth County, Virginia","Private","Misc. durable goods merchant wholesalers","County, NAICS 4-digit -- by ownership sector","All establishment sizes",5,22,22,26,228482,43568,330,753
"51173",5,"4239",76,0,2007,3,"","Smyth County, Virginia","Private","Misc. durable goods merchant wholesalers","County, NAICS 4-digit -- by ownership sector","All establishment sizes",5,26,26,27,255159,28580,48,745
"51173",5,"4239",76,0,2007,4,"","Smyth County, Virginia","Private","Misc. durable goods merchant wholesalers","County, NAICS 4-digit -- by ownership sector","All establishment sizes",5,26,24,23,259359,12140,20,820
"51173",5,42391,77,0,2007,1,"N","Smyth County, Virginia","Private","Sporting goods merchant wholesalers","County, NAICS 5-digit -- by ownership sector","All establishment sizes",1,0,0,0,0,0,0,0
"51173",5,"42391",77,0,2007,2,"N","Smyth County, Virginia","Private","Sporting goods merchant wholesalers","County, NAICS 5-digit -- by ownership sector","All establishment sizes",1,0,0,0,0,0,0,0
"51173",5,"42391",77,0,2007,3,"N","Smyth County, Virginia","Private","Sporting goods merchant wholesalers","County, NAICS 5-digit -- by ownership sector","All establishment sizes",1,0,0,0,0,0,0,0
"51173",5,"42391",77,0,2007,4,"N","Smyth County, Virginia","Private","Sporting goods merchant wholesalers","County, NAICS 5-digit -- by ownership sector","All establishment sizes",1,0,0,0,0,0,0,0
"51173",5,423910,78,0,2007,1,"N","Smyth County, Virginia","Private","Sporting goods merchant wholesalers","County, NAICS 6-digit -- by ownership sector","All establishment sizes",1,0,0,0,0,0,0,0
"51173",5,"423910",78,0,2007,2,"N","Smyth County, Virginia","Private","Sporting goods merchant wholesalers","County, NAICS 6-digit -- by ownership sector","All establishment sizes",1,0,0,0,0,0,0,0
"51173",5,"423910",78,0,2007,3,"N","Smyth County, Virginia","Private","Sporting goods merchant wholesalers","County, NAICS 6-digit -- by ownership sector","All establishment sizes",1,0,0,0,0,0,0,0
"51173",5,"423910",78,0,2007,4,"N","Smyth County, Virginia","Private","Sporting goods merchant wholesalers","County, NAICS 6-digit -- by ownership sector","All establishment sizes",1,0,0,0,0,0,0,0
"51173",5,42392,77,0,2007,1,"N","Smyth County, Virginia","Private","Toy and hobby goods merchant wholesalers","County, NAICS 5-digit -- by ownership sector","All establishment sizes",1,0,0,0,0,0,0,0
"51173",5,"42392",77,0,2007,2,"N","Smyth County, Virginia","Private","Toy and hobby goods merchant wholesalers","County, NAICS 5-digit -- by ownership sector","All establishment sizes",1,0,0,0,0,0,0,0
"51173",5,"42392",77,0,2007,3,"N","Smyth County, Virginia","Private","Toy and hobby goods merchant wholesalers","County, NAICS 5-digit -- by ownership sector","All establishment sizes",1,0,0,0,0,0,0,0
"51173",5,"42392",77,0,2007,4,"N","Smyth County, Virginia","Private","Toy and hobby goods merchant wholesalers","County, NAICS 5-digit -- by ownership sector","All establishment sizes",1,0,0,0,0,0,0,0
"51173",5,423920,78,0,2007,1,"N","Smyth County, Virginia","Private","Toy and hobby goods merchant wholesalers","County, NAICS 6-digit -- by ownership sector","All establishment sizes",1,0,0,0,0,0,0,0
"51173",5,"423920",78,0,2007,2,"N","Smyth County, Virginia","Private","Toy and hobby goods merchant wholesalers","County, NAICS 6-digit -- by ownership sector","All establishment sizes",1,0,0,0,0,0,0,0
"51173",5,"423920",78,0,2007,3,"N","Smyth County, Virginia","Private","Toy and hobby goods merchant wholesalers","County, NAICS 6-digit -- by ownership sector","All establishment sizes",1,0,0,0,0,0,0,0
"51173",5,"423920",78,0,2007,4,"N","Smyth County, Virginia","Private","Toy and hobby goods merchant wholesalers","County, NAICS 6-digit -- by ownership sector","All establishment sizes",1,0,0,0,0,0,0,0
"51173",5,42393,77,0,2007,1,"N","Smyth County, Virginia","Private","Recyclable material merchant wholesalers","County, NAICS 5-digit -- by ownership sector","All establishment sizes",1,0,0,0,0,0,0,0
"51173",5,"42393",77,0,2007,2,"N","Smyth County, Virginia","Private","Recyclable material merchant wholesalers","County, NAICS 5-digit -- by ownership sector","All establishment sizes",1,0,0,0,0,0,0,0
"51173",5,"42393",77,0,2007,3,"N","Smyth County, Virginia","Private","Recyclable material merchant wholesalers","County, NAICS 5-digit -- by ownership sector","All establishment sizes",1,0,0,0,0,0,0,0
"51173",5,"42393",77,0,2007,4,"N","Smyth County, Virginia","Private","Recyclable material merchant wholesalers","County, NAICS 5-digit -- by ownership sector","All establishment sizes",1,0,0,0,0,0,0,0
"51173",5,423930,78,0,2007,1,"N","Smyth County, Virginia","Private","Recyclable material merchant wholesalers","County, NAICS 6-digit -- by ownership sector","All establishment sizes",1,0,0,0,0,0,0,0
"51173",5,"423930",78,0,2007,2,"N","Smyth County, Virginia","Private","Recyclable material merchant wholesalers","County, NAICS 6-digit -- by ownership sector","All establishment sizes",1,0,0,0,0,0,0,0
"51173",5,"423930",78,0,2007,3,"N","Smyth County, Virginia","Private","Recyclable material merchant wholesalers","County, NAICS 6-digit -- by ownership sector","All establishment sizes",1,0,0,0,0,0,0,0
"51173",5,"423930",78,0,2007,4,"N","Smyth County, Virginia","Private","Recyclable material merchant wholesalers","County, NAICS 6-digit -- by ownership sector","All establishment sizes",1,0,0,0,0,0,0,0
"51173",5,42394,77,0,2007,1,"N","Smyth County, Virginia","Private","Jewelry merchant wholesalers","County, NAICS 5-digit -- by ownership sector","All establishment sizes",1,0,0,0,0,0,0,0
"51173",5,"42394",77,0,2007,2,"N","Smyth County, Virginia","Private","Jewelry merchant wholesalers","County, NAICS 5-digit -- by ownership sector","All establishment sizes",1,0,0,0,0,0,0,0
"51173",5,"42394",77,0,2007,3,"N","Smyth County, Virginia","Private","Jewelry merchant wholesalers","County, NAICS 5-digit -- by ownership sector","All establishment sizes",1,0,0,0,0,0,0,0
"51173",5,"42394",77,0,2007,4,"N","Smyth County, Virginia","Private","Jewelry merchant wholesalers","County, NAICS 5-digit -- by ownership sector","All establishment sizes",1,0,0,0,0,0,0,0
"51173",5,423940,78,0,2007,1,"N","Smyth County, Virginia","Private","Jewelry merchant wholesalers","County, NAICS 6-digit -- by ownership sector","All establishment sizes",1,0,0,0,0,0,0,0
"51173",5,"423940",78,0,2007,2,"N","Smyth County, Virginia","Private","Jewelry merchant wholesalers","County, NAICS 6-digit -- by ownership sector","All establishment sizes",1,0,0,0,0,0,0,0
"51173",5,"423940",78,0,2007,3,"N","Smyth County, Virginia","Private","Jewelry merchant wholesalers","County, NAICS 6-digit -- by ownership sector","All establishment sizes",1,0,0,0,0,0,0,0
"51173",5,"423940",78,0,2007,4,"N","Smyth County, Virginia","Private","Jewelry merchant wholesalers","County, NAICS 6-digit -- by ownership sector","All establishment sizes",1,0,0,0,0,0,0,0
"51173",5,42399,77,0,2007,1,"N","Smyth County, Virginia","Private","All other durable goods merchant wholesalers","County, NAICS 5-digit -- by ownership sector","All establishment sizes",1,0,0,0,0,0,0,0
"51173",5,"42399",77,0,2007,2,"N","Smyth County, Virginia","Private","All other durable goods merchant wholesalers","County, NAICS 5-digit -- by ownership sector","All establishment sizes",1,0,0,0,0,0,0,0
"51173",5,"42399",77,0,2007,3,"N","Smyth County, Virginia","Private","All other durable goods merchant wholesalers","County, NAICS 5-digit -- by ownership sector","All establishment sizes",1,0,0,0,0,0,0,0
"51173",5,"42399",77,0,2007,4,"N","Smyth County, Virginia","Private","All other durable goods merchant wholesalers","County, NAICS 5-digit -- by ownership sector","All establishment sizes",1,0,0,0,0,0,0,0
"51173",5,423990,78,0,2007,1,"N","Smyth County, Virginia","Private","All other durable goods merchant wholesalers","County, NAICS 6-digit -- by ownership sector","All establishment sizes",1,0,0,0,0,0,0,0
"51173",5,"423990",78,0,2007,2,"N","Smyth County, Virginia","Private","All other durable goods merchant wholesalers","County, NAICS 6-digit -- by ownership sector","All establishment sizes",1,0,0,0,0,0,0,0
"51173",5,"423990",78,0,2007,3,"N","Smyth County, Virginia","Private","All other durable goods merchant wholesalers","County, NAICS 6-digit -- by ownership sector","All establishment sizes",1,0,0,0,0,0,0,0
"51173",5,"423990",78,0,2007,4,"N","Smyth County, Virginia","Private","All other durable goods merchant wholesalers","County, NAICS 6-digit -- by ownership sector","All establishment sizes",1,0,0,0,0,0,0,0
"51173",5,424,75,0,2007,1,"","Smyth County, Virginia","Private","Merchant wholesalers, nondurable goods","County, NAICS 3-digit -- by ownership sector","All establishment sizes",9,72,73,72,384822,345599,1953,409
"51173",5,"424",75,0,2007,2,"","Smyth County, Virginia","Private","Merchant wholesalers, nondurable goods","County, NAICS 3-digit -- by ownership sector","All establishment sizes",9,72,75,74,445039,154568,826,465
"51173",5,"424",75,0,2007,3,"","Smyth County, Virginia","Private","Merchant wholesalers, nondurable goods","County, NAICS 3-digit -- by ownership sector","All establishment sizes",9,77,73,76,404534,65725,244,413
"51173",5,"424",75,0,2007,4,"","Smyth County, Virginia","Private","Merchant wholesalers, nondurable goods","County, NAICS 3-digit -- by ownership sector","All establishment sizes",9,74,73,73,490110,72408,388,514
"51173",5,4243,76,0,2007,1,"N","Smyth County, Virginia","Private","Apparel and piece goods merchant wholesalers","County, NAICS 4-digit -- by ownership sector","All establishment sizes",1,0,0,0,0,0,0,0
"51173",5,"4243",76,0,2007,2,"N","Smyth County, Virginia","Private","Apparel and piece goods merchant wholesalers","County, NAICS 4-digit -- by ownership sector","All establishment sizes",1,0,0,0,0,0,0,0
"51173",5,"4243",76,0,2007,3,"N","Smyth County, Virginia","Private","Apparel and piece goods merchant wholesalers","County, NAICS 4-digit -- by ownership sector","All establishment sizes",1,0,0,0,0,0,0,0
"51173",5,"4243",76,0,2007,4,"N","Smyth County, Virginia","Private","Apparel and piece goods merchant wholesalers","County, NAICS 4-digit -- by ownership sector","All establishment sizes",1,0,0,0,0,0,0,0
"51173",5,42433,77,0,2007,1,"N","Smyth County, Virginia","Private","Women's and children's clothing merch. whls.","County, NAICS 5-digit -- by ownership sector","All establishment sizes",1,0,0,0,0,0,0,0
"51173",5,"42433",77,0,2007,2,"N","Smyth County, Virginia","Private","Women's and children's clothing merch. whls.","County, NAICS 5-digit -- by ownership sector","All establishment sizes",1,0,0,0,0,0,0,0
"51173",5,"42433",77,0,2007,3,"N","Smyth County, Virginia","Private","Women's and children's clothing merch. whls.","County, NAICS 5-digit -- by ownership sector","All establishment sizes",1,0,0,0,0,0,0,0
"51173",5,"42433",77,0,2007,4,"N","Smyth County, Virginia","Private","Women's and children's clothing merch. whls.","County, NAICS 5-digit -- by ownership sector","All establishment sizes",1,0,0,0,0,0,0,0
"51173",5,424330,78,0,2007,1,"N","Smyth County, Virginia","Private","Women's and children's clothing merch. whls.","County, NAICS 6-digit -- by ownership sector","All establishment sizes",1,0,0,0,0,0,0,0
"51173",5,"424330",78,0,2007,2,"N","Smyth County, Virginia","Private","Women's and children's clothing merch. whls.","County, NAICS 6-digit -- by ownership sector","All establishment sizes",1,0,0,0,0,0,0,0
"51173",5,"424330",78,0,2007,3,"N","Smyth County, Virginia","Private","Women's and children's clothing merch. whls.","County, NAICS 6-digit -- by ownership sector","All establishment sizes",1,0,0,0,0,0,0,0
"51173",5,"424330",78,0,2007,4,"N","Smyth County, Virginia","Private","Women's and children's clothing merch. whls.","County, NAICS 6-digit -- by ownership sector","All establishment sizes",1,0,0,0,0,0,0,0
"51173",5,4244,76,0,2007,1,"N","Smyth County, Virginia","Private","Grocery and related product wholesalers","County, NAICS 4-digit -- by ownership sector","All establishment sizes",2,0,0,0,0,0,0,0
"51173",5,"4244",76,0,2007,2,"N","Smyth County, Virginia","Private","Grocery and related product wholesalers","County, NAICS 4-digit -- by ownership sector","All establishment sizes",2,0,0,0,0,0,0,0
"51173",5,"4244",76,0,2007,3,"N","Smyth County, Virginia","Private","Grocery and related product wholesalers","County, NAICS 4-digit -- by ownership sector","All establishment sizes",2,0,0,0,0,0,0,0
"51173",5,"4244",76,0,2007,4,"N","Smyth County, Virginia","Private","Grocery and related product wholesalers","County, NAICS 4-digit -- by ownership sector","All establishment sizes",2,0,0,0,0,0,0,0
"51173",5,42441,77,0,2007,1,"N","Smyth County, Virginia","Private","General line grocery merchant wholesalers","County, NAICS 5-digit -- by ownership sector","All establishment sizes",1,0,0,0,0,0,0,0
"51173",5,"42441",77,0,2007,2,"N","Smyth County, Virginia","Private","General line grocery merchant wholesalers","County, NAICS 5-digit -- by ownership sector","All establishment sizes",1,0,0,0,0,0,0,0
"51173",5,"42441",77,0,2007,3,"N","Smyth County, Virginia","Private","General line grocery merchant wholesalers","County, NAICS 5-digit -- by ownership sector","All establishment sizes",1,0,0,0,0,0,0,0
"51173",5,"42441",77,0,2007,4,"N","Smyth County, Virginia","Private","General line grocery merchant wholesalers","County, NAICS 5-digit -- by ownership sector","All establishment sizes",1,0,0,0,0,0,0,0
"51173",5,424410,78,0,2007,1,"N","Smyth County, Virginia","Private","General line grocery merchant wholesalers","County, NAICS 6-digit -- by ownership sector","All establishment sizes",1,0,0,0,0,0,0,0
"51173",5,"424410",78,0,2007,2,"N","Smyth County, Virginia","Private","General line grocery merchant wholesalers","County, NAICS 6-digit -- by ownership sector","All establishment sizes",1,0,0,0,0,0,0,0
"51173",5,"424410",78,0,2007,3,"N","Smyth County, Virginia","Private","General line grocery merchant wholesalers","County, NAICS 6-digit -- by ownership sector","All establishment sizes",1,0,0,0,0,0,0,0
"51173",5,"424410",78,0,2007,4,"N","Smyth County, Virginia","Private","General line grocery merchant wholesalers","County, NAICS 6-digit -- by ownership sector","All establishment sizes",1,0,0,0,0,0,0,0
"51173",5,42445,77,0,2007,1,"N","Smyth County, Virginia","Private","Confectionery merchant wholesalers","County, NAICS 5-digit -- by ownership sector","All establishment sizes",1,0,0,0,0,0,0,0
"51173",5,"42445",77,0,2007,2,"N","Smyth County, Virginia","Private","Confectionery merchant wholesalers","County, NAICS 5-digit -- by ownership sector","All establishment sizes",1,0,0,0,0,0,0,0
"51173",5,"42445",77,0,2007,3,"N","Smyth County, Virginia","Private","Confectionery merchant wholesalers","County, NAICS 5-digit -- by ownership sector","All establishment sizes",1,0,0,0,0,0,0,0
"51173",5,"42445",77,0,2007,4,"N","Smyth County, Virginia","Private","Confectionery merchant wholesalers","County, NAICS 5-digit -- by ownership sector","All establishment sizes",1,0,0,0,0,0,0,0
"51173",5,424450,78,0,2007,1,"N","Smyth County, Virginia","Private","Confectionery merchant wholesalers","County, NAICS 6-digit -- by ownership sector","All establishment sizes",1,0,0,0,0,0,0,0
"51173",5,"424450",78,0,2007,2,"N","Smyth County, Virginia","Private","Confectionery merchant wholesalers","County, NAICS 6-digit -- by ownership sector","All establishment sizes",1,0,0,0,0,0,0,0
"51173",5,"424450",78,0,2007,3,"N","Smyth County, Virginia","Private","Confectionery merchant wholesalers","County, NAICS 6-digit -- by ownership sector","All establishment sizes",1,0,0,0,0,0,0,0
"51173",5,"424450",78,0,2007,4,"N","Smyth County, Virginia","Private","Confectionery merchant wholesalers","County, NAICS 6-digit -- by ownership sector","All establishment sizes",1,0,0,0,0,0,0,0
"51173",5,4246,76,0,2007,1,"N","Smyth County, Virginia","Private","Chemical merchant wholesalers","County, NAICS 4-digit -- by ownership sector","All establishment sizes",1,0,0,0,0,0,0,0
"51173",5,"4246",76,0,2007,2,"N","Smyth County, Virginia","Private","Chemical merchant wholesalers","County, NAICS 4-digit -- by ownership sector","All establishment sizes",1,0,0,0,0,0,0,0
"51173",5,"4246",76,0,2007,3,"N","Smyth County, Virginia","Private","Chemical merchant wholesalers","County, NAICS 4-digit -- by ownership sector","All establishment sizes",1,0,0,0,0,0,0,0
"51173",5,"4246",76,0,2007,4,"N","Smyth County, Virginia","Private","Chemical merchant wholesalers","County, NAICS 4-digit -- by ownership sector","All establishment sizes",1,0,0,0,0,0,0,0
"51173",5,42469,77,0,2007,1,"N","Smyth County, Virginia","Private","Other chemicals merchant wholesalers","County, NAICS 5-digit -- by ownership sector","All establishment sizes",1,0,0,0,0,0,0,0
"51173",5,"42469",77,0,2007,2,"N","Smyth County, Virginia","Private","Other chemicals merchant wholesalers","County, NAICS 5-digit -- by ownership sector","All establishment sizes",1,0,0,0,0,0,0,0
"51173",5,"42469",77,0,2007,3,"N","Smyth County, Virginia","Private","Other chemicals merchant wholesalers","County, NAICS 5-digit -- by ownership sector","All establishment sizes",1,0,0,0,0,0,0,0
"51173",5,"42469",77,0,2007,4,"N","Smyth County, Virginia","Private","Other chemicals merchant wholesalers","County, NAICS 5-digit -- by ownership sector","All establishment sizes",1,0,0,0,0,0,0,0
"51173",5,424690,78,0,2007,1,"N","Smyth County, Virginia","Private","Other chemicals merchant wholesalers","County, NAICS 6-digit -- by ownership sector","All establishment sizes",1,0,0,0,0,0,0,0
"51173",5,"424690",78,0,2007,2,"N","Smyth County, Virginia","Private","Other chemicals merchant wholesalers","County, NAICS 6-digit -- by ownership sector","All establishment sizes",1,0,0,0,0,0,0,0
"51173",5,"424690",78,0,2007,3,"N","Smyth County, Virginia","Private","Other chemicals merchant wholesalers","County, NAICS 6-digit -- by ownership sector","All establishment sizes",1,0,0,0,0,0,0,0
"51173",5,"424690",78,0,2007,4,"N","Smyth County, Virginia","Private","Other chemicals merchant wholesalers","County, NAICS 6-digit -- by ownership sector","All establishment sizes",1,0,0,0,0,0,0,0
"51173",5,4247,76,0,2007,1,"N","Smyth County, Virginia","Private","Petroleum merchant wholesalers","County, NAICS 4-digit -- by ownership sector","All establishment sizes",1,0,0,0,0,0,0,0
"51173",5,"4247",76,0,2007,2,"N","Smyth County, Virginia","Private","Petroleum merchant wholesalers","County, NAICS 4-digit -- by ownership sector","All establishment sizes",1,0,0,0,0,0,0,0
"51173",5,"4247",76,0,2007,3,"N","Smyth County, Virginia","Private","Petroleum merchant wholesalers","County, NAICS 4-digit -- by ownership sector","All establishment sizes",1,0,0,0,0,0,0,0
"51173",5,"4247",76,0,2007,4,"N","Smyth County, Virginia","Private","Petroleum merchant wholesalers","County, NAICS 4-digit -- by ownership sector","All establishment sizes",1,0,0,0,0,0,0,0
"51173",5,42472,77,0,2007,1,"N","Smyth County, Virginia","Private","Other petroleum merchant wholesalers","County, NAICS 5-digit -- by ownership sector","All establishment sizes",1,0,0,0,0,0,0,0
"51173",5,"42472",77,0,2007,2,"N","Smyth County, Virginia","Private","Other petroleum merchant wholesalers","County, NAICS 5-digit -- by ownership sector","All establishment sizes",1,0,0,0,0,0,0,0
"51173",5,"42472",77,0,2007,3,"N","Smyth County, Virginia","Private","Other petroleum merchant wholesalers","County, NAICS 5-digit -- by ownership sector","All establishment sizes",1,0,0,0,0,0,0,0
"51173",5,"42472",77,0,2007,4,"N","Smyth County, Virginia","Private","Other petroleum merchant wholesalers","County, NAICS 5-digit -- by ownership sector","All establishment sizes",1,0,0,0,0,0,0,0
"51173",5,424720,78,0,2007,1,"N","Smyth County, Virginia","Private","Other petroleum merchant wholesalers","County, NAICS 6-digit -- by ownership sector","All establishment sizes",1,0,0,0,0,0,0,0
"51173",5,"424720",78,0,2007,2,"N","Smyth County, Virginia","Private","Other petroleum merchant wholesalers","County, NAICS 6-digit -- by ownership sector","All establishment sizes",1,0,0,0,0,0,0,0
"51173",5,"424720",78,0,2007,3,"N","Smyth County, Virginia","Private","Other petroleum merchant wholesalers","County, NAICS 6-digit -- by ownership sector","All establishment sizes",1,0,0,0,0,0,0,0
"51173",5,"424720",78,0,2007,4,"N","Smyth County, Virginia","Private","Other petroleum merchant wholesalers","County, NAICS 6-digit -- by ownership sector","All establishment sizes",1,0,0,0,0,0,0,0
"51173",5,4248,76,0,2007,1,"N","Smyth County, Virginia","Private","Alcoholic beverage merchant wholesalers","County, NAICS 4-digit -- by ownership sector","All establishment sizes",1,0,0,0,0,0,0,0
"51173",5,"4248",76,0,2007,2,"N","Smyth County, Virginia","Private","Alcoholic beverage merchant wholesalers","County, NAICS 4-digit -- by ownership sector","All establishment sizes",1,0,0,0,0,0,0,0
"51173",5,"4248",76,0,2007,3,"N","Smyth County, Virginia","Private","Alcoholic beverage merchant wholesalers","County, NAICS 4-digit -- by ownership sector","All establishment sizes",1,0,0,0,0,0,0,0
"51173",5,"4248",76,0,2007,4,"N","Smyth County, Virginia","Private","Alcoholic beverage merchant wholesalers","County, NAICS 4-digit -- by ownership sector","All establishment sizes",1,0,0,0,0,0,0,0
"51173",5,42481,77,0,2007,1,"N","Smyth County, Virginia","Private","Beer and ale merchant wholesalers","County, NAICS 5-digit -- by ownership sector","All establishment sizes",1,0,0,0,0,0,0,0
"51173",5,"42481",77,0,2007,2,"N","Smyth County, Virginia","Private","Beer and ale merchant wholesalers","County, NAICS 5-digit -- by ownership sector","All establishment sizes",1,0,0,0,0,0,0,0
"51173",5,"42481",77,0,2007,3,"N","Smyth County, Virginia","Private","Beer and ale merchant wholesalers","County, NAICS 5-digit -- by ownership sector","All establishment sizes",1,0,0,0,0,0,0,0
"51173",5,"42481",77,0,2007,4,"N","Smyth County, Virginia","Private","Beer and ale merchant wholesalers","County, NAICS 5-digit -- by ownership sector","All establishment sizes",1,0,0,0,0,0,0,0
"51173",5,424810,78,0,2007,1,"N","Smyth County, Virginia","Private","Beer and ale merchant wholesalers","County, NAICS 6-digit -- by ownership sector","All establishment sizes",1,0,0,0,0,0,0,0
"51173",5,"424810",78,0,2007,2,"N","Smyth County, Virginia","Private","Beer and ale merchant wholesalers","County, NAICS 6-digit -- by ownership sector","All establishment sizes",1,0,0,0,0,0,0,0
"51173",5,"424810",78,0,2007,3,"N","Smyth County, Virginia","Private","Beer and ale merchant wholesalers","County, NAICS 6-digit -- by ownership sector","All establishment sizes",1,0,0,0,0,0,0,0
"51173",5,"424810",78,0,2007,4,"N","Smyth County, Virginia","Private","Beer and ale merchant wholesalers","County, NAICS 6-digit -- by ownership sector","All establishment sizes",1,0,0,0,0,0,0,0
"51173",5,4249,76,0,2007,1,"","Smyth County, Virginia","Private","Misc. nondurable goods merchant wholesalers","County, NAICS 4-digit -- by ownership sector","All establishment sizes",3,25,25,25,112762,100971,1515,347
"51173",5,"4249",76,0,2007,2,"","Smyth County, Virginia","Private","Misc. nondurable goods merchant wholesalers","County, NAICS 4-digit -- by ownership sector","All establishment sizes",3,26,29,26,120248,55745,656,343
"51173",5,"4249",76,0,2007,3,"","Smyth County, Virginia","Private","Misc. nondurable goods merchant wholesalers","County, NAICS 4-digit -- by ownership sector","All establishment sizes",3,26,25,26,104525,28333,179,313
"51173",5,"4249",76,0,2007,4,"","Smyth County, Virginia","Private","Misc. nondurable goods merchant wholesalers","County, NAICS 4-digit -- by ownership sector","All establishment sizes",3,24,25,25,130578,25278,306,407
"51173",5,42491,77,0,2007,1,"N","Smyth County, Virginia","Private","Farm supplies merchant wholesalers","County, NAICS 5-digit -- by ownership sector","All establishment sizes",2,0,0,0,0,0,0,0
"51173",5,"42491",77,0,2007,2,"N","Smyth County, Virginia","Private","Farm supplies merchant wholesalers","County, NAICS 5-digit -- by ownership sector","All establishment sizes",2,0,0,0,0,0,0,0
"51173",5,"42491",77,0,2007,3,"N","Smyth County, Virginia","Private","Farm supplies merchant wholesalers","County, NAICS 5-digit -- by ownership sector","All establishment sizes",2,0,0,0,0,0,0,0
"51173",5,"42491",77,0,2007,4,"N","Smyth County, Virginia","Private","Farm supplies merchant wholesalers","County, NAICS 5-digit -- by ownership sector","All establishment sizes",2,0,0,0,0,0,0,0
"51173",5,424910,78,0,2007,1,"N","Smyth County, Virginia","Private","Farm supplies merchant wholesalers","County, NAICS 6-digit -- by ownership sector","All establishment sizes",2,0,0,0,0,0,0,0
"51173",5,"424910",78,0,2007,2,"N","Smyth County, Virginia","Private","Farm supplies merchant wholesalers","County, NAICS 6-digit -- by ownership sector","All establishment sizes",2,0,0,0,0,0,0,0
"51173",5,"424910",78,0,2007,3,"N","Smyth County, Virginia","Private","Farm supplies merchant wholesalers","County, NAICS 6-digit -- by ownership sector","All establishment sizes",2,0,0,0,0,0,0,0
"51173",5,"424910",78,0,2007,4,"N","Smyth County, Virginia","Private","Farm supplies merchant wholesalers","County, NAICS 6-digit -- by ownership sector","All establishment sizes",2,0,0,0,0,0,0,0
"51173",5,42492,77,0,2007,1,"N","Smyth County, Virginia","Private","Book and periodical merchant wholesalers","County, NAICS 5-digit -- by ownership sector","All establishment sizes",1,0,0,0,0,0,0,0
"51173",5,"42492",77,0,2007,2,"N","Smyth County, Virginia","Private","Book and periodical merchant wholesalers","County, NAICS 5-digit -- by ownership sector","All establishment sizes",1,0,0,0,0,0,0,0
"51173",5,"42492",77,0,2007,3,"N","Smyth County, Virginia","Private","Book and periodical merchant wholesalers","County, NAICS 5-digit -- by ownership sector","All establishment sizes",1,0,0,0,0,0,0,0
"51173",5,"42492",77,0,2007,4,"N","Smyth County, Virginia","Private","Book and periodical merchant wholesalers","County, NAICS 5-digit -- by ownership sector","All establishment sizes",1,0,0,0,0,0,0,0
"51173",5,424920,78,0,2007,1,"N","Smyth County, Virginia","Private","Book and periodical merchant wholesalers","County, NAICS 6-digit -- by ownership sector","All establishment sizes",1,0,0,0,0,0,0,0
"51173",5,"424920",78,0,2007,2,"N","Smyth County, Virginia","Private","Book and periodical merchant wholesalers","County, NAICS 6-digit -- by ownership sector","All establishment sizes",1,0,0,0,0,0,0,0
"51173",5,"424920",78,0,2007,3,"N","Smyth County, Virginia","Private","Book and periodical merchant wholesalers","County, NAICS 6-digit -- by ownership sector","All establishment sizes",1,0,0,0,0,0,0,0
"51173",5,"424920",78,0,2007,4,"N","Smyth County, Virginia","Private","Book and periodical merchant wholesalers","County, NAICS 6-digit -- by ownership sector","All establishment sizes",1,0,0,0,0,0,0,0
"51173",5,425,75,0,2007,1,"N","Smyth County, Virginia","Private","Electronic markets and agents and brokers","County, NAICS 3-digit -- by ownership sector","All establishment sizes",11,0,0,0,0,0,0,0
"51173",5,"425",75,0,2007,2,"N","Smyth County, Virginia","Private","Electronic markets and agents and brokers","County, NAICS 3-digit -- by ownership sector","All establishment sizes",11,0,0,0,0,0,0,0
"51173",5,"425",75,0,2007,3,"N","Smyth County, Virginia","Private","Electronic markets and agents and brokers","County, NAICS 3-digit -- by ownership sector","All establishment sizes",12,0,0,0,0,0,0,0
"51173",5,"425",75,0,2007,4,"N","Smyth County, Virginia","Private","Electronic markets and agents and brokers","County, NAICS 3-digit -- by ownership sector","All establishment sizes",10,0,0,0,0,0,0,0
"51173",5,4251,76,0,2007,1,"N","Smyth County, Virginia","Private","Electronic markets and agents and brokers","County, NAICS 4-digit -- by ownership sector","All establishment sizes",11,0,0,0,0,0,0,0
"51173",5,"4251",76,0,2007,2,"N","Smyth County, Virginia","Private","Electronic markets and agents and brokers","County, NAICS 4-digit -- by ownership sector","All establishment sizes",11,0,0,0,0,0,0,0
"51173",5,"4251",76,0,2007,3,"N","Smyth County, Virginia","Private","Electronic markets and agents and brokers","County, NAICS 4-digit -- by ownership sector","All establishment sizes",12,0,0,0,0,0,0,0
"51173",5,"4251",76,0,2007,4,"N","Smyth County, Virginia","Private","Electronic markets and agents and brokers","County, NAICS 4-digit -- by ownership sector","All establishment sizes",10,0,0,0,0,0,0,0
"51173",5,42512,77,0,2007,1,"N","Smyth County, Virginia","Private","Wholesale trade agents and brokers","County, NAICS 5-digit -- by ownership sector","All establishment sizes",11,0,0,0,0,0,0,0
"51173",5,"42512",77,0,2007,2,"N","Smyth County, Virginia","Private","Wholesale trade agents and brokers","County, NAICS 5-digit -- by ownership sector","All establishment sizes",11,0,0,0,0,0,0,0
"51173",5,"42512",77,0,2007,3,"N","Smyth County, Virginia","Private","Wholesale trade agents and brokers","County, NAICS 5-digit -- by ownership sector","All establishment sizes",12,0,0,0,0,0,0,0
"51173",5,"42512",77,0,2007,4,"N","Smyth County, Virginia","Private","Wholesale trade agents and brokers","County, NAICS 5-digit -- by ownership sector","All establishment sizes",10,0,0,0,0,0,0,0
"51173",5,425120,78,0,2007,1,"N","Smyth County, Virginia","Private","Wholesale trade agents and brokers","County, NAICS 6-digit -- by ownership sector","All establishment sizes",11,0,0,0,0,0,0,0
"51173",5,"425120",78,0,2007,2,"N","Smyth County, Virginia","Private","Wholesale trade agents and brokers","County, NAICS 6-digit -- by ownership sector","All establishment sizes",11,0,0,0,0,0,0,0
"51173",5,"425120",78,0,2007,3,"N","Smyth County, Virginia","Private","Wholesale trade agents and brokers","County, NAICS 6-digit -- by ownership sector","All establishment sizes",12,0,0,0,0,0,0,0
"51173",5,"425120",78,0,2007,4,"N","Smyth County, Virginia","Private","Wholesale trade agents and brokers","County, NAICS 6-digit -- by ownership sector","All establishment sizes",10,0,0,0,0,0,0,0
"51173",5,44-45,74,0,2007,1,"","Smyth County, Virginia","Private","Retail trade","County, NAICS Sector -- by ownership sector","All establishment sizes",115,1275,1258,1287,5656732,4743101,40482,342
"51173",5,"44-45",74,0,2007,2,"","Smyth County, Virginia","Private","Retail trade","County, NAICS Sector -- by ownership sector","All establishment sizes",117,1311,1323,1319,6009869,2564088,19700,351
"51173",5,"44-45",74,0,2007,3,"","Smyth County, Virginia","Private","Retail trade","County, NAICS Sector -- by ownership sector","All establishment sizes",117,1335,1345,1341,6185743,1319964,9699,355
"51173",5,"44-45",74,0,2007,4,"","Smyth County, Virginia","Private","Retail trade","County, NAICS Sector -- by ownership sector","All establishment sizes",115,1309,1315,1336,6723546,1059176,7724,392
"51173",5,441,75,0,2007,1,"","Smyth County, Virginia","Private","Motor vehicle and parts dealers","County, NAICS 3-digit -- by ownership sector","All establishment sizes",21,150,146,148,827128,710856,12665,430
"51173",5,"441",75,0,2007,2,"","Smyth County, Virginia","Private","Motor vehicle and parts dealers","County, NAICS 3-digit -- by ownership sector","All establishment sizes",21,160,165,166,915316,359682,5635,430
"51173",5,"441",75,0,2007,3,"","Smyth County, Virginia","Private","Motor vehicle and parts dealers","County, NAICS 3-digit -- by ownership sector","All establishment sizes",21,159,163,154,937493,162752,1628,455
"51173",5,"441",75,0,2007,4,"","Smyth County, Virginia","Private","Motor vehicle and parts dealers","County, NAICS 3-digit -- by ownership sector","All establishment sizes",21,150,152,150,913224,102567,1163,466
"51173",5,4411,76,0,2007,1,"","Smyth County, Virginia","Private","Automobile dealers","County, NAICS 4-digit -- by ownership sector","All establishment sizes",11,83,83,84,518625,434149,9876,479
"51173",5,"4411",76,0,2007,2,"","Smyth County, Virginia","Private","Automobile dealers","County, NAICS 4-digit -- by ownership sector","All establishment sizes",11,95,98,101,582645,214758,4068,457
"51173",5,"4411",76,0,2007,3,"","Smyth County, Virginia","Private","Automobile dealers","County, NAICS 4-digit -- by ownership sector","All establishment sizes",11,94,100,93,607059,113122,1296,488
"51173",5,"4411",76,0,2007,4,"","Smyth County, Virginia","Private","Automobile dealers","County, NAICS 4-digit -- by ownership sector","All establishment sizes",11,85,87,87,566650,62832,861,505
"51173",5,44111,77,0,2007,1,"N","Smyth County, Virginia","Private","New car dealers","County, NAICS 5-digit -- by ownership sector","All establishment sizes",2,0,0,0,0,0,0,0
"51173",5,"44111",77,0,2007,2,"N","Smyth County, Virginia","Private","New car dealers","County, NAICS 5-digit -- by ownership sector","All establishment sizes",2,0,0,0,0,0,0,0
"51173",5,"44111",77,0,2007,3,"N","Smyth County, Virginia","Private","New car dealers","County, NAICS 5-digit -- by ownership sector","All establishment sizes",2,0,0,0,0,0,0,0
"51173",5,"44111",77,0,2007,4,"N","Smyth County, Virginia","Private","New car dealers","County, NAICS 5-digit -- by ownership sector","All establishment sizes",2,0,0,0,0,0,0,0
"51173",5,441110,78,0,2007,1,"N","Smyth County, Virginia","Private","New car dealers","County, NAICS 6-digit -- by ownership sector","All establishment sizes",2,0,0,0,0,0,0,0
"51173",5,"441110",78,0,2007,2,"N","Smyth County, Virginia","Private","New car dealers","County, NAICS 6-digit -- by ownership sector","All establishment sizes",2,0,0,0,0,0,0,0
"51173",5,"441110",78,0,2007,3,"N","Smyth County, Virginia","Private","New car dealers","County, NAICS 6-digit -- by ownership sector","All establishment sizes",2,0,0,0,0,0,0,0
"51173",5,"441110",78,0,2007,4,"N","Smyth County, Virginia","Private","New car dealers","County, NAICS 6-digit -- by ownership sector","All establishment sizes",2,0,0,0,0,0,0,0
"51173",5,44112,77,0,2007,1,"N","Smyth County, Virginia","Private","Used car dealers","County, NAICS 5-digit -- by ownership sector","All establishment sizes",9,0,0,0,0,0,0,0
"51173",5,"44112",77,0,2007,2,"N","Smyth County, Virginia","Private","Used car dealers","County, NAICS 5-digit -- by ownership sector","All establishment sizes",9,0,0,0,0,0,0,0
"51173",5,"44112",77,0,2007,3,"N","Smyth County, Virginia","Private","Used car dealers","County, NAICS 5-digit -- by ownership sector","All establishment sizes",9,0,0,0,0,0,0,0
"51173",5,"44112",77,0,2007,4,"N","Smyth County, Virginia","Private","Used car dealers","County, NAICS 5-digit -- by ownership sector","All establishment sizes",9,0,0,0,0,0,0,0
"51173",5,441120,78,0,2007,1,"N","Smyth County, Virginia","Private","Used car dealers","County, NAICS 6-digit -- by ownership sector","All establishment sizes",9,0,0,0,0,0,0,0
"51173",5,"441120",78,0,2007,2,"N","Smyth County, Virginia","Private","Used car dealers","County, NAICS 6-digit -- by ownership sector","All establishment sizes",9,0,0,0,0,0,0,0
"51173",5,"441120",78,0,2007,3,"N","Smyth County, Virginia","Private","Used car dealers","County, NAICS 6-digit -- by ownership sector","All establishment sizes",9,0,0,0,0,0,0,0
"51173",5,"441120",78,0,2007,4,"N","Smyth County, Virginia","Private","Used car dealers","County, NAICS 6-digit -- by ownership sector","All establishment sizes",9,0,0,0,0,0,0,0
"51173",5,4413,76,0,2007,1,"","Smyth County, Virginia","Private","Auto parts, accessories, and tire stores","County, NAICS 4-digit -- by ownership sector","All establishment sizes",10,67,63,64,308503,276707,2789,367
"51173",5,"4413",76,0,2007,2,"","Smyth County, Virginia","Private","Auto parts, accessories, and tire stores","County, NAICS 4-digit -- by ownership sector","All establishment sizes",10,65,67,65,332671,144924,1567,390
"51173",5,"4413",76,0,2007,3,"","Smyth County, Virginia","Private","Auto parts, accessories, and tire stores","County, NAICS 4-digit -- by ownership sector","All establishment sizes",10,65,63,61,330434,49630,332,403
"51173",5,"4413",76,0,2007,4,"","Smyth County, Virginia","Private","Auto parts, accessories, and tire stores","County, NAICS 4-digit -- by ownership sector","All establishment sizes",10,65,65,63,346574,39735,302,414
"51173",5,44131,77,0,2007,1,"","Smyth County, Virginia","Private","Automotive parts and accessories stores","County, NAICS 5-digit -- by ownership sector","All establishment sizes",7,48,46,47,216880,188459,1600,355
"51173",5,"44131",77,0,2007,2,"","Smyth County, Virginia","Private","Automotive parts and accessories stores","County, NAICS 5-digit -- by ownership sector","All establishment sizes",7,47,49,46,234003,101697,1115,380
"51173",5,"44131",77,0,2007,3,"","Smyth County, Virginia","Private","Automotive parts and accessories stores","County, NAICS 5-digit -- by ownership sector","All establishment sizes",7,45,45,44,234498,36216,222,404
"51173",5,"44131",77,0,2007,4,"","Smyth County, Virginia","Private","Automotive parts and accessories stores","County, NAICS 5-digit -- by ownership sector","All establishment sizes",7,47,46,45,235423,25267,129,394
"51173",5,441310,78,0,2007,1,"","Smyth County, Virginia","Private","Automotive parts and accessories stores","County, NAICS 6-digit -- by ownership sector","All establishment sizes",7,48,46,47,216880,188459,1600,355
"51173",5,"441310",78,0,2007,2,"","Smyth County, Virginia","Private","Automotive parts and accessories stores","County, NAICS 6-digit -- by ownership sector","All establishment sizes",7,47,49,46,234003,101697,1115,380
"51173",5,"441310",78,0,2007,3,"","Smyth County, Virginia","Private","Automotive parts and accessories stores","County, NAICS 6-digit -- by ownership sector","All establishment sizes",7,45,45,44,234498,36216,222,404
"51173",5,"441310",78,0,2007,4,"","Smyth County, Virginia","Private","Automotive parts and accessories stores","County, NAICS 6-digit -- by ownership sector","All establishment sizes",7,47,46,45,235423,25267,129,394
"51173",5,44132,77,0,2007,1,"","Smyth County, Virginia","Private","Tire dealers","County, NAICS 5-digit -- by ownership sector","All establishment sizes",3,19,17,17,91623,88248,1189,399
"51173",5,"44132",77,0,2007,2,"","Smyth County, Virginia","Private","Tire dealers","County, NAICS 5-digit -- by ownership sector","All establishment sizes",3,18,18,19,98668,43227,452,414
"51173",5,"44132",77,0,2007,3,"","Smyth County, Virginia","Private","Tire dealers","County, NAICS 5-digit -- by ownership sector","All establishment sizes",3,20,18,17,95936,13414,110,403
"51173",5,"44132",77,0,2007,4,"","Smyth County, Virginia","Private","Tire dealers","County, NAICS 5-digit -- by ownership sector","All establishment sizes",3,18,19,18,111151,14468,173,466
"51173",5,441320,78,0,2007,1,"","Smyth County, Virginia","Private","Tire dealers","County, NAICS 6-digit -- by ownership sector","All establishment sizes",3,19,17,17,91623,88248,1189,399
"51173",5,"441320",78,0,2007,2,"","Smyth County, Virginia","Private","Tire dealers","County, NAICS 6-digit -- by ownership sector","All establishment sizes",3,18,18,19,98668,43227,452,414
"51173",5,"441320",78,0,2007,3,"","Smyth County, Virginia","Private","Tire dealers","County, NAICS 6-digit -- by ownership sector","All establishment sizes",3,20,18,17,95936,13414,110,403
"51173",5,"441320",78,0,2007,4,"","Smyth County, Virginia","Private","Tire dealers","County, NAICS 6-digit -- by ownership sector","All establishment sizes",3,18,19,18,111151,14468,173,466
"51173",5,442,75,0,2007,1,"","Smyth County, Virginia","Private","Furniture and home furnishings stores","County, NAICS 3-digit -- by ownership sector","All establishment sizes",5,21,20,20,90490,76560,168,342
"51173",5,"442",75,0,2007,2,"","Smyth County, Virginia","Private","Furniture and home furnishings stores","County, NAICS 3-digit -- by ownership sector","All establishment sizes",5,24,24,24,88957,33884,75,285
"51173",5,"442",75,0,2007,3,"","Smyth County, Virginia","Private","Furniture and home furnishings stores","County, NAICS 3-digit -- by ownership sector","All establishment sizes",4,18,18,13,89712,10106,19,423
"51173",5,"442",75,0,2007,4,"","Smyth County, Virginia","Private","Furniture and home furnishings stores","County, NAICS 3-digit -- by ownership sector","All establishment sizes",4,18,18,18,89134,8882,20,381
"51173",5,4421,76,0,2007,1,"N","Smyth County, Virginia","Private","Furniture stores","County, NAICS 4-digit -- by ownership sector","All establishment sizes",2,0,0,0,0,0,0,0
"51173",5,"4421",76,0,2007,2,"N","Smyth County, Virginia","Private","Furniture stores","County, NAICS 4-digit -- by ownership sector","All establishment sizes",2,0,0,0,0,0,0,0
"51173",5,"4421",76,0,2007,3,"N","Smyth County, Virginia","Private","Furniture stores","County, NAICS 4-digit -- by ownership sector","All establishment sizes",2,0,0,0,0,0,0,0
"51173",5,"4421",76,0,2007,4,"N","Smyth County, Virginia","Private","Furniture stores","County, NAICS 4-digit -- by ownership sector","All establishment sizes",2,0,0,0,0,0,0,0
"51173",5,44211,77,0,2007,1,"N","Smyth County, Virginia","Private","Furniture stores","County, NAICS 5-digit -- by ownership sector","All establishment sizes",2,0,0,0,0,0,0,0
"51173",5,"44211",77,0,2007,2,"N","Smyth County, Virginia","Private","Furniture stores","County, NAICS 5-digit -- by ownership sector","All establishment sizes",2,0,0,0,0,0,0,0
"51173",5,"44211",77,0,2007,3,"N","Smyth County, Virginia","Private","Furniture stores","County, NAICS 5-digit -- by ownership sector","All establishment sizes",2,0,0,0,0,0,0,0
"51173",5,"44211",77,0,2007,4,"N","Smyth County, Virginia","Private","Furniture stores","County, NAICS 5-digit -- by ownership sector","All establishment sizes",2,0,0,0,0,0,0,0
"51173",5,442110,78,0,2007,1,"N","Smyth County, Virginia","Private","Furniture stores","County, NAICS 6-digit -- by ownership sector","All establishment sizes",2,0,0,0,0,0,0,0
"51173",5,"442110",78,0,2007,2,"N","Smyth County, Virginia","Private","Furniture stores","County, NAICS 6-digit -- by ownership sector","All establishment sizes",2,0,0,0,0,0,0,0
"51173",5,"442110",78,0,2007,3,"N","Smyth County, Virginia","Private","Furniture stores","County, NAICS 6-digit -- by ownership sector","All establishment sizes",2,0,0,0,0,0,0,0
"51173",5,"442110",78,0,2007,4,"N","Smyth County, Virginia","Private","Furniture stores","County, NAICS 6-digit -- by ownership sector","All establishment sizes",2,0,0,0,0,0,0,0
"51173",5,4422,76,0,2007,1,"N","Smyth County, Virginia","Private","Home furnishings stores","County, NAICS 4-digit -- by ownership sector","All establishment sizes",3,0,0,0,0,0,0,0
"51173",5,"4422",76,0,2007,2,"N","Smyth County, Virginia","Private","Home furnishings stores","County, NAICS 4-digit -- by ownership sector","All establishment sizes",3,0,0,0,0,0,0,0
"51173",5,"4422",76,0,2007,3,"N","Smyth County, Virginia","Private","Home furnishings stores","County, NAICS 4-digit -- by ownership sector","All establishment sizes",2,0,0,0,0,0,0,0
"51173",5,"4422",76,0,2007,4,"N","Smyth County, Virginia","Private","Home furnishings stores","County, NAICS 4-digit -- by ownership sector","All establishment sizes",2,0,0,0,0,0,0,0
"51173",5,44221,77,0,2007,1,"N","Smyth County, Virginia","Private","Floor covering stores","County, NAICS 5-digit -- by ownership sector","All establishment sizes",2,0,0,0,0,0,0,0
"51173",5,"44221",77,0,2007,2,"N","Smyth County, Virginia","Private","Floor covering stores","County, NAICS 5-digit -- by ownership sector","All establishment sizes",2,0,0,0,0,0,0,0
"51173",5,"44221",77,0,2007,3,"N","Smyth County, Virginia","Private","Floor covering stores","County, NAICS 5-digit -- by ownership sector","All establishment sizes",2,0,0,0,0,0,0,0
"51173",5,"44221",77,0,2007,4,"N","Smyth County, Virginia","Private","Floor covering stores","County, NAICS 5-digit -- by ownership sector","All establishment sizes",2,0,0,0,0,0,0,0
"51173",5,442210,78,0,2007,1,"N","Smyth County, Virginia","Private","Floor covering stores","County, NAICS 6-digit -- by ownership sector","All establishment sizes",2,0,0,0,0,0,0,0
"51173",5,"442210",78,0,2007,2,"N","Smyth County, Virginia","Private","Floor covering stores","County, NAICS 6-digit -- by ownership sector","All establishment sizes",2,0,0,0,0,0,0,0
"51173",5,"442210",78,0,2007,3,"N","Smyth County, Virginia","Private","Floor covering stores","County, NAICS 6-digit -- by ownership sector","All establishment sizes",2,0,0,0,0,0,0,0
"51173",5,"442210",78,0,2007,4,"N","Smyth County, Virginia","Private","Floor covering stores","County, NAICS 6-digit -- by ownership sector","All establishment sizes",2,0,0,0,0,0,0,0
"51173",5,44229,77,0,2007,1,"N","Smyth County, Virginia","Private","Other home furnishings stores","County, NAICS 5-digit -- by ownership sector","All establishment sizes",1,0,0,0,0,0,0,0
"51173",5,"44229",77,0,2007,2,"N","Smyth County, Virginia","Private","Other home furnishings stores","County, NAICS 5-digit -- by ownership sector","All establishment sizes",1,0,0,0,0,0,0,0
"51173",5,"44229",77,0,2007,3,"-","Smyth County, Virginia","Private","Other home furnishings stores","County, NAICS 5-digit -- by ownership sector","All establishment sizes",0,0,0,0,0,0,0,0
"51173",5,"44229",77,0,2007,4,"-","Smyth County, Virginia","Private","Other home furnishings stores","County, NAICS 5-digit -- by ownership sector","All establishment sizes",0,0,0,0,0,0,0,0
"51173",5,442299,78,0,2007,1,"N","Smyth County, Virginia","Private","All other home furnishings stores","County, NAICS 6-digit -- by ownership sector","All establishment sizes",1,0,0,0,0,0,0,0
"51173",5,"442299",78,0,2007,2,"N","Smyth County, Virginia","Private","All other home furnishings stores","County, NAICS 6-digit -- by ownership sector","All establishment sizes",1,0,0,0,0,0,0,0
"51173",5,"442299",78,0,2007,3,"-","Smyth County, Virginia","Private","All other home furnishings stores","County, NAICS 6-digit -- by ownership sector","All establishment sizes",0,0,0,0,0,0,0,0
"51173",5,"442299",78,0,2007,4,"-","Smyth County, Virginia","Private","All other home furnishings stores","County, NAICS 6-digit -- by ownership sector","All establishment sizes",0,0,0,0,0,0,0,0
"51173",5,443,75,0,2007,1,"","Smyth County, Virginia","Private","Electronics and appliance stores","County, NAICS 3-digit -- by ownership sector","All establishment sizes",5,15,14,14,77804,66864,604,418
"51173",5,"443",75,0,2007,2,"","Smyth County, Virginia","Private","Electronics and appliance stores","County, NAICS 3-digit -- by ownership sector","All establishment sizes",5,16,14,15,79360,28425,48,407
"51173",5,"443",75,0,2007,3,"","Smyth County, Virginia","Private","Electronics and appliance stores","County, NAICS 3-digit -- by ownership sector","All establishment sizes",5,17,15,15,91560,12446,21,450
"51173",5,"443",75,0,2007,4,"","Smyth County, Virginia","Private","Electronics and appliance stores","County, NAICS 3-digit -- by ownership sector","All establishment sizes",5,16,15,15,95054,8363,15,477
"51173",5,4431,76,0,2007,1,"","Smyth County, Virginia","Private","Electronics and appliance stores","County, NAICS 4-digit -- by ownership sector","All establishment sizes",5,15,14,14,77804,66864,604,418
"51173",5,"4431",76,0,2007,2,"","Smyth County, Virginia","Private","Electronics and appliance stores","County, NAICS 4-digit -- by ownership sector","All establishment sizes",5,16,14,15,79360,28425,48,407
"51173",5,"4431",76,0,2007,3,"","Smyth County, Virginia","Private","Electronics and appliance stores","County, NAICS 4-digit -- by ownership sector","All establishment sizes",5,17,15,15,91560,12446,21,450
"51173",5,"4431",76,0,2007,4,"","Smyth County, Virginia","Private","Electronics and appliance stores","County, NAICS 4-digit -- by ownership sector","All establishment sizes",5,16,15,15,95054,8363,15,477
"51173",5,44311,77,0,2007,1,"N","Smyth County, Virginia","Private","Appliance, TV, and other electronics stores","County, NAICS 5-digit -- by ownership sector","All establishment sizes",3,0,0,0,0,0,0,0
"51173",5,"44311",77,0,2007,2,"N","Smyth County, Virginia","Private","Appliance, TV, and other electronics stores","County, NAICS 5-digit -- by ownership sector","All establishment sizes",3,0,0,0,0,0,0,0
"51173",5,"44311",77,0,2007,3,"N","Smyth County, Virginia","Private","Appliance, TV, and other electronics stores","County, NAICS 5-digit -- by ownership sector","All establishment sizes",3,0,0,0,0,0,0,0
"51173",5,"44311",77,0,2007,4,"N","Smyth County, Virginia","Private","Appliance, TV, and other electronics stores","County, NAICS 5-digit -- by ownership sector","All establishment sizes",3,0,0,0,0,0,0,0
"51173",5,443111,78,0,2007,1,"N","Smyth County, Virginia","Private","Household appliance stores","County, NAICS 6-digit -- by ownership sector","All establishment sizes",1,0,0,0,0,0,0,0
"51173",5,"443111",78,0,2007,2,"N","Smyth County, Virginia","Private","Household appliance stores","County, NAICS 6-digit -- by ownership sector","All establishment sizes",1,0,0,0,0,0,0,0
"51173",5,"443111",78,0,2007,3,"N","Smyth County, Virginia","Private","Household appliance stores","County, NAICS 6-digit -- by ownership sector","All establishment sizes",1,0,0,0,0,0,0,0
"51173",5,"443111",78,0,2007,4,"N","Smyth County, Virginia","Private","Household appliance stores","County, NAICS 6-digit -- by ownership sector","All establishment sizes",1,0,0,0,0,0,0,0
"51173",5,443112,78,0,2007,1,"N","Smyth County, Virginia","Private","Radio, TV, and other electronics stores","County, NAICS 6-digit -- by ownership sector","All establishment sizes",2,0,0,0,0,0,0,0
"51173",5,"443112",78,0,2007,2,"N","Smyth County, Virginia","Private","Radio, TV, and other electronics stores","County, NAICS 6-digit -- by ownership sector","All establishment sizes",2,0,0,0,0,0,0,0
"51173",5,"443112",78,0,2007,3,"N","Smyth County, Virginia","Private","Radio, TV, and other electronics stores","County, NAICS 6-digit -- by ownership sector","All establishment sizes",2,0,0,0,0,0,0,0
"51173",5,"443112",78,0,2007,4,"N","Smyth County, Virginia","Private","Radio, TV, and other electronics stores","County, NAICS 6-digit -- by ownership sector","All establishment sizes",2,0,0,0,0,0,0,0
"51173",5,44312,77,0,2007,1,"N","Smyth County, Virginia","Private","Computer and software stores","County, NAICS 5-digit -- by ownership sector","All establishment sizes",2,0,0,0,0,0,0,0
"51173",5,"44312",77,0,2007,2,"N","Smyth County, Virginia","Private","Computer and software stores","County, NAICS 5-digit -- by ownership sector","All establishment sizes",2,0,0,0,0,0,0,0
"51173",5,"44312",77,0,2007,3,"N","Smyth County, Virginia","Private","Computer and software stores","County, NAICS 5-digit -- by ownership sector","All establishment sizes",2,0,0,0,0,0,0,0
"51173",5,"44312",77,0,2007,4,"N","Smyth County, Virginia","Private","Computer and software stores","County, NAICS 5-digit -- by ownership sector","All establishment sizes",2,0,0,0,0,0,0,0
"51173",5,443120,78,0,2007,1,"N","Smyth County, Virginia","Private","Computer and software stores","County, NAICS 6-digit -- by ownership sector","All establishment sizes",2,0,0,0,0,0,0,0
"51173",5,"443120",78,0,2007,2,"N","Smyth County, Virginia","Private","Computer and software stores","County, NAICS 6-digit -- by ownership sector","All establishment sizes",2,0,0,0,0,0,0,0
"51173",5,"443120",78,0,2007,3,"N","Smyth County, Virginia","Private","Computer and software stores","County, NAICS 6-digit -- by ownership sector","All establishment sizes",2,0,0,0,0,0,0,0
"51173",5,"443120",78,0,2007,4,"N","Smyth County, Virginia","Private","Computer and software stores","County, NAICS 6-digit -- by ownership sector","All establishment sizes",2,0,0,0,0,0,0,0
"51173",5,444,75,0,2007,1,"","Smyth County, Virginia","Private","Building material and garden supply stores","County, NAICS 3-digit -- by ownership sector","All establishment sizes",9,71,73,75,595735,473116,4582,628
"51173",5,"444",75,0,2007,2,"","Smyth County, Virginia","Private","Building material and garden supply stores","County, NAICS 3-digit -- by ownership sector","All establishment sizes",9,78,78,78,611745,111473,856,603
"51173",5,"444",75,0,2007,3,"","Smyth County, Virginia","Private","Building material and garden supply stores","County, NAICS 3-digit -- by ownership sector","All establishment sizes",9,77,75,76,606548,30075,257,614
"51173",5,"444",75,0,2007,4,"","Smyth County, Virginia","Private","Building material and garden supply stores","County, NAICS 3-digit -- by ownership sector","All establishment sizes",9,77,75,76,812101,24483,234,822
"51173",5,4441,76,0,2007,1,"N","Smyth County, Virginia","Private","Building material and supplies dealers","County, NAICS 4-digit -- by ownership sector","All establishment sizes",7,0,0,0,0,0,0,0
"51173",5,"4441",76,0,2007,2,"N","Smyth County, Virginia","Private","Building material and supplies dealers","County, NAICS 4-digit -- by ownership sector","All establishment sizes",7,0,0,0,0,0,0,0
"51173",5,"4441",76,0,2007,3,"N","Smyth County, Virginia","Private","Building material and supplies dealers","County, NAICS 4-digit -- by ownership sector","All establishment sizes",7,0,0,0,0,0,0,0
"51173",5,"4441",76,0,2007,4,"N","Smyth County, Virginia","Private","Building material and supplies dealers","County, NAICS 4-digit -- by ownership sector","All establishment sizes",7,0,0,0,0,0,0,0
"51173",5,44411,77,0,2007,1,"N","Smyth County, Virginia","Private","Home centers","County, NAICS 5-digit -- by ownership sector","All establishment sizes",2,0,0,0,0,0,0,0
"51173",5,"44411",77,0,2007,2,"N","Smyth County, Virginia","Private","Home centers","County, NAICS 5-digit -- by ownership sector","All establishment sizes",2,0,0,0,0,0,0,0
"51173",5,"44411",77,0,2007,3,"N","Smyth County, Virginia","Private","Home centers","County, NAICS 5-digit -- by ownership sector","All establishment sizes",2,0,0,0,0,0,0,0
"51173",5,"44411",77,0,2007,4,"N","Smyth County, Virginia","Private","Home centers","County, NAICS 5-digit -- by ownership sector","All establishment sizes",2,0,0,0,0,0,0,0
"51173",5,444110,78,0,2007,1,"N","Smyth County, Virginia","Private","Home centers","County, NAICS 6-digit -- by ownership sector","All establishment sizes",2,0,0,0,0,0,0,0
"51173",5,"444110",78,0,2007,2,"N","Smyth County, Virginia","Private","Home centers","County, NAICS 6-digit -- by ownership sector","All establishment sizes",2,0,0,0,0,0,0,0
"51173",5,"444110",78,0,2007,3,"N","Smyth County, Virginia","Private","Home centers","County, NAICS 6-digit -- by ownership sector","All establishment sizes",2,0,0,0,0,0,0,0
"51173",5,"444110",78,0,2007,4,"N","Smyth County, Virginia","Private","Home centers","County, NAICS 6-digit -- by ownership sector","All establishment sizes",2,0,0,0,0,0,0,0
"51173",5,44412,77,0,2007,1,"N","Smyth County, Virginia","Private","Paint and wallpaper stores","County, NAICS 5-digit -- by ownership sector","All establishment sizes",2,0,0,0,0,0,0,0
"51173",5,"44412",77,0,2007,2,"N","Smyth County, Virginia","Private","Paint and wallpaper stores","County, NAICS 5-digit -- by ownership sector","All establishment sizes",2,0,0,0,0,0,0,0
"51173",5,"44412",77,0,2007,3,"N","Smyth County, Virginia","Private","Paint and wallpaper stores","County, NAICS 5-digit -- by ownership sector","All establishment sizes",2,0,0,0,0,0,0,0
"51173",5,"44412",77,0,2007,4,"N","Smyth County, Virginia","Private","Paint and wallpaper stores","County, NAICS 5-digit -- by ownership sector","All establishment sizes",2,0,0,0,0,0,0,0
"51173",5,444120,78,0,2007,1,"N","Smyth County, Virginia","Private","Paint and wallpaper stores","County, NAICS 6-digit -- by ownership sector","All establishment sizes",2,0,0,0,0,0,0,0
"51173",5,"444120",78,0,2007,2,"N","Smyth County, Virginia","Private","Paint and wallpaper stores","County, NAICS 6-digit -- by ownership sector","All establishment sizes",2,0,0,0,0,0,0,0
"51173",5,"444120",78,0,2007,3,"N","Smyth County, Virginia","Private","Paint and wallpaper stores","County, NAICS 6-digit -- by ownership sector","All establishment sizes",2,0,0,0,0,0,0,0
"51173",5,"444120",78,0,2007,4,"N","Smyth County, Virginia","Private","Paint and wallpaper stores","County, NAICS 6-digit -- by ownership sector","All establishment sizes",2,0,0,0,0,0,0,0
"51173",5,44413,77,0,2007,1,"N","Smyth County, Virginia","Private","Hardware stores","County, NAICS 5-digit -- by ownership sector","All establishment sizes",2,0,0,0,0,0,0,0
"51173",5,"44413",77,0,2007,2,"N","Smyth County, Virginia","Private","Hardware stores","County, NAICS 5-digit -- by ownership sector","All establishment sizes",2,0,0,0,0,0,0,0
"51173",5,"44413",77,0,2007,3,"N","Smyth County, Virginia","Private","Hardware stores","County, NAICS 5-digit -- by ownership sector","All establishment sizes",2,0,0,0,0,0,0,0
"51173",5,"44413",77,0,2007,4,"N","Smyth County, Virginia","Private","Hardware stores","County, NAICS 5-digit -- by ownership sector","All establishment sizes",2,0,0,0,0,0,0,0
"51173",5,444130,78,0,2007,1,"N","Smyth County, Virginia","Private","Hardware stores","County, NAICS 6-digit -- by ownership sector","All establishment sizes",2,0,0,0,0,0,0,0
"51173",5,"444130",78,0,2007,2,"N","Smyth County, Virginia","Private","Hardware stores","County, NAICS 6-digit -- by ownership sector","All establishment sizes",2,0,0,0,0,0,0,0
"51173",5,"444130",78,0,2007,3,"N","Smyth County, Virginia","Private","Hardware stores","County, NAICS 6-digit -- by ownership sector","All establishment sizes",2,0,0,0,0,0,0,0
"51173",5,"444130",78,0,2007,4,"N","Smyth County, Virginia","Private","Hardware stores","County, NAICS 6-digit -- by ownership sector","All establishment sizes",2,0,0,0,0,0,0,0
"51173",5,44419,77,0,2007,1,"N","Smyth County, Virginia","Private","Other building material dealers","County, NAICS 5-digit -- by ownership sector","All establishment sizes",1,0,0,0,0,0,0,0
"51173",5,"44419",77,0,2007,2,"N","Smyth County, Virginia","Private","Other building material dealers","County, NAICS 5-digit -- by ownership sector","All establishment sizes",1,0,0,0,0,0,0,0
"51173",5,"44419",77,0,2007,3,"N","Smyth County, Virginia","Private","Other building material dealers","County, NAICS 5-digit -- by ownership sector","All establishment sizes",1,0,0,0,0,0,0,0
"51173",5,"44419",77,0,2007,4,"N","Smyth County, Virginia","Private","Other building material dealers","County, NAICS 5-digit -- by ownership sector","All establishment sizes",1,0,0,0,0,0,0,0
"51173",5,444190,78,0,2007,1,"N","Smyth County, Virginia","Private","Other building material dealers","County, NAICS 6-digit -- by ownership sector","All establishment sizes",1,0,0,0,0,0,0,0
"51173",5,"444190",78,0,2007,2,"N","Smyth County, Virginia","Private","Other building material dealers","County, NAICS 6-digit -- by ownership sector","All establishment sizes",1,0,0,0,0,0,0,0
"51173",5,"444190",78,0,2007,3,"N","Smyth County, Virginia","Private","Other building material dealers","County, NAICS 6-digit -- by ownership sector","All establishment sizes",1,0,0,0,0,0,0,0
"51173",5,"444190",78,0,2007,4,"N","Smyth County, Virginia","Private","Other building material dealers","County, NAICS 6-digit -- by ownership sector","All establishment sizes",1,0,0,0,0,0,0,0
"51173",5,4442,76,0,2007,1,"N","Smyth County, Virginia","Private","Lawn and garden equipment and supplies stores","County, NAICS 4-digit -- by ownership sector","All establishment sizes",2,0,0,0,0,0,0,0
"51173",5,"4442",76,0,2007,2,"N","Smyth County, Virginia","Private","Lawn and garden equipment and supplies stores","County, NAICS 4-digit -- by ownership sector","All establishment sizes",2,0,0,0,0,0,0,0
"51173",5,"4442",76,0,2007,3,"N","Smyth County, Virginia","Private","Lawn and garden equipment and supplies stores","County, NAICS 4-digit -- by ownership sector","All establishment sizes",2,0,0,0,0,0,0,0
"51173",5,"4442",76,0,2007,4,"N","Smyth County, Virginia","Private","Lawn and garden equipment and supplies stores","County, NAICS 4-digit -- by ownership sector","All establishment sizes",2,0,0,0,0,0,0,0
"51173",5,44422,77,0,2007,1,"N","Smyth County, Virginia","Private","Nursery, garden, and farm supply stores","County, NAICS 5-digit -- by ownership sector","All establishment sizes",2,0,0,0,0,0,0,0
"51173",5,"44422",77,0,2007,2,"N","Smyth County, Virginia","Private","Nursery, garden, and farm supply stores","County, NAICS 5-digit -- by ownership sector","All establishment sizes",2,0,0,0,0,0,0,0
"51173",5,"44422",77,0,2007,3,"N","Smyth County, Virginia","Private","Nursery, garden, and farm supply stores","County, NAICS 5-digit -- by ownership sector","All establishment sizes",2,0,0,0,0,0,0,0
"51173",5,"44422",77,0,2007,4,"N","Smyth County, Virginia","Private","Nursery, garden, and farm supply stores","County, NAICS 5-digit -- by ownership sector","All establishment sizes",2,0,0,0,0,0,0,0
"51173",5,444220,78,0,2007,1,"N","Smyth County, Virginia","Private","Nursery, garden, and farm supply stores","County, NAICS 6-digit -- by ownership sector","All establishment sizes",2,0,0,0,0,0,0,0
"51173",5,"444220",78,0,2007,2,"N","Smyth County, Virginia","Private","Nursery, garden, and farm supply stores","County, NAICS 6-digit -- by ownership sector","All establishment sizes",2,0,0,0,0,0,0,0
"51173",5,"444220",78,0,2007,3,"N","Smyth County, Virginia","Private","Nursery, garden, and farm supply stores","County, NAICS 6-digit -- by ownership sector","All establishment sizes",2,0,0,0,0,0,0,0
"51173",5,"444220",78,0,2007,4,"N","Smyth County, Virginia","Private","Nursery, garden, and farm supply stores","County, NAICS 6-digit -- by ownership sector","All establishment sizes",2,0,0,0,0,0,0,0
"51173",5,445,75,0,2007,1,"","Smyth County, Virginia","Private","Food and beverage stores","County, NAICS 3-digit -- by ownership sector","All establishment sizes",14,433,442,447,1445498,1299193,7610,252
"51173",5,"445",75,0,2007,2,"","Smyth County, Virginia","Private","Food and beverage stores","County, NAICS 3-digit -- by ownership sector","All establishment sizes",16,449,460,460,1526607,756850,4907,257
"51173",5,"445",75,0,2007,3,"","Smyth County, Virginia","Private","Food and beverage stores","County, NAICS 3-digit -- by ownership sector","All establishment sizes",16,457,461,471,1562541,432390,2712,260
"51173",5,"445",75,0,2007,4,"","Smyth County, Virginia","Private","Food and beverage stores","County, NAICS 3-digit -- by ownership sector","All establishment sizes",15,456,463,469,1601671,329387,2347,266
"51173",5,4451,76,0,2007,1,"","Smyth County, Virginia","Private","Grocery stores","County, NAICS 4-digit -- by ownership sector","All establishment sizes",11,401,412,417,1271854,1140539,6173,239
"51173",5,"4451",76,0,2007,2,"","Smyth County, Virginia","Private","Grocery stores","County, NAICS 4-digit -- by ownership sector","All establishment sizes",12,414,424,425,1332999,689027,4224,244
"51173",5,"4451",76,0,2007,3,"","Smyth County, Virginia","Private","Grocery stores","County, NAICS 4-digit -- by ownership sector","All establishment sizes",12,420,424,435,1373225,406162,2462,248
"51173",5,"4451",76,0,2007,4,"","Smyth County, Virginia","Private","Grocery stores","County, NAICS 4-digit -- by ownership sector","All establishment sizes",11,421,430,435,1396099,309519,2135,251
"51173",5,44511,77,0,2007,1,"","Smyth County, Virginia","Private","Supermarkets and other grocery stores","County, NAICS 5-digit -- by ownership sector","All establishment sizes",5,379,390,387,1213446,1082131,5943,242
"51173",5,"44511",77,0,2007,2,"","Smyth County, Virginia","Private","Supermarkets and other grocery stores","County, NAICS 5-digit -- by ownership sector","All establishment sizes",6,392,404,402,1271020,639752,4043,245
"51173",5,"44511",77,0,2007,3,"","Smyth County, Virginia","Private","Supermarkets and other grocery stores","County, NAICS 5-digit -- by ownership sector","All establishment sizes",6,393,395,406,1303525,373076,2350,252
"51173",5,"44511",77,0,2007,4,"","Smyth County, Virginia","Private","Supermarkets and other grocery stores","County, NAICS 5-digit -- by ownership sector","All establishment sizes",6,400,411,415,1330481,298467,2037,250
"51173",5,445110,78,0,2007,1,"","Smyth County, Virginia","Private","Supermarkets and other grocery stores","County, NAICS 6-digit -- by ownership sector","All establishment sizes",5,379,390,387,1213446,1082131,5943,242
"51173",5,"445110",78,0,2007,2,"","Smyth County, Virginia","Private","Supermarkets and other grocery stores","County, NAICS 6-digit -- by ownership sector","All establishment sizes",6,392,404,402,1271020,639752,4043,245
"51173",5,"445110",78,0,2007,3,"","Smyth County, Virginia","Private","Supermarkets and other grocery stores","County, NAICS 6-digit -- by ownership sector","All establishment sizes",6,393,395,406,1303525,373076,2350,252
"51173",5,"445110",78,0,2007,4,"","Smyth County, Virginia","Private","Supermarkets and other grocery stores","County, NAICS 6-digit -- by ownership sector","All establishment sizes",6,400,411,415,1330481,298467,2037,250
"51173",5,44512,77,0,2007,1,"","Smyth County, Virginia","Private","Convenience stores","County, NAICS 5-digit -- by ownership sector","All establishment sizes",6,22,22,30,58408,58408,230,182
"51173",5,"44512",77,0,2007,2,"","Smyth County, Virginia","Private","Convenience stores","County, NAICS 5-digit -- by ownership sector","All establishment sizes",6,22,20,23,61979,49275,181,220
"51173",5,"44512",77,0,2007,3,"","Smyth County, Virginia","Private","Convenience stores","County, NAICS 5-digit -- by ownership sector","All establishment sizes",6,27,29,29,69700,33086,112,189
"51173",5,"44512",77,0,2007,4,"","Smyth County, Virginia","Private","Convenience stores","County, NAICS 5-digit -- by ownership sector","All establishment sizes",5,21,19,20,65618,11052,98,252
"51173",5,445120,78,0,2007,1,"","Smyth County, Virginia","Private","Convenience stores","County, NAICS 6-digit -- by ownership sector","All establishment sizes",6,22,22,30,58408,58408,230,182
"51173",5,"445120",78,0,2007,2,"","Smyth County, Virginia","Private","Convenience stores","County, NAICS 6-digit -- by ownership sector","All establishment sizes",6,22,20,23,61979,49275,181,220
"51173",5,"445120",78,0,2007,3,"","Smyth County, Virginia","Private","Convenience stores","County, NAICS 6-digit -- by ownership sector","All establishment sizes",6,27,29,29,69700,33086,112,189
"51173",5,"445120",78,0,2007,4,"","Smyth County, Virginia","Private","Convenience stores","County, NAICS 6-digit -- by ownership sector","All establishment sizes",5,21,19,20,65618,11052,98,252
"51173",5,4452,76,0,2007,1,"N","Smyth County, Virginia","Private","Specialty food stores","County, NAICS 4-digit -- by ownership sector","All establishment sizes",2,0,0,0,0,0,0,0
"51173",5,"4452",76,0,2007,2,"N","Smyth County, Virginia","Private","Specialty food stores","County, NAICS 4-digit -- by ownership sector","All establishment sizes",3,0,0,0,0,0,0,0
"51173",5,"4452",76,0,2007,3,"N","Smyth County, Virginia","Private","Specialty food stores","County, NAICS 4-digit -- by ownership sector","All establishment sizes",3,0,0,0,0,0,0,0
"51173",5,"4452",76,0,2007,4,"N","Smyth County, Virginia","Private","Specialty food stores","County, NAICS 4-digit -- by ownership sector","All establishment sizes",3,0,0,0,0,0,0,0
"51173",5,44521,77,0,2007,1,"N","Smyth County, Virginia","Private","Meat markets","County, NAICS 5-digit -- by ownership sector","All establishment sizes",1,0,0,0,0,0,0,0
"51173",5,"44521",77,0,2007,2,"N","Smyth County, Virginia","Private","Meat markets","County, NAICS 5-digit -- by ownership sector","All establishment sizes",1,0,0,0,0,0,0,0
"51173",5,"44521",77,0,2007,3,"N","Smyth County, Virginia","Private","Meat markets","County, NAICS 5-digit -- by ownership sector","All establishment sizes",1,0,0,0,0,0,0,0
"51173",5,"44521",77,0,2007,4,"N","Smyth County, Virginia","Private","Meat markets","County, NAICS 5-digit -- by ownership sector","All establishment sizes",1,0,0,0,0,0,0,0
"51173",5,445210,78,0,2007,1,"N","Smyth County, Virginia","Private","Meat markets","County, NAICS 6-digit -- by ownership sector","All establishment sizes",1,0,0,0,0,0,0,0
"51173",5,"445210",78,0,2007,2,"N","Smyth County, Virginia","Private","Meat markets","County, NAICS 6-digit -- by ownership sector","All establishment sizes",1,0,0,0,0,0,0,0
"51173",5,"445210",78,0,2007,3,"N","Smyth County, Virginia","Private","Meat markets","County, NAICS 6-digit -- by ownership sector","All establishment sizes",1,0,0,0,0,0,0,0
"51173",5,"445210",78,0,2007,4,"N","Smyth County, Virginia","Private","Meat markets","County, NAICS 6-digit -- by ownership sector","All establishment sizes",1,0,0,0,0,0,0,0
"51173",5,44523,77,0,2007,1,"N","Smyth County, Virginia","Private","Fruit and vegetable markets","County, NAICS 5-digit -- by ownership sector","All establishment sizes",1,0,0,0,0,0,0,0
"51173",5,"44523",77,0,2007,2,"N","Smyth County, Virginia","Private","Fruit and vegetable markets","County, NAICS 5-digit -- by ownership sector","All establishment sizes",2,0,0,0,0,0,0,0
"51173",5,"44523",77,0,2007,3,"N","Smyth County, Virginia","Private","Fruit and vegetable markets","County, NAICS 5-digit -- by ownership sector","All establishment sizes",2,0,0,0,0,0,0,0
"51173",5,"44523",77,0,2007,4,"N","Smyth County, Virginia","Private","Fruit and vegetable markets","County, NAICS 5-digit -- by ownership sector","All establishment sizes",2,0,0,0,0,0,0,0
"51173",5,445230,78,0,2007,1,"N","Smyth County, Virginia","Private","Fruit and vegetable markets","County, NAICS 6-digit -- by ownership sector","All establishment sizes",1,0,0,0,0,0,0,0
"51173",5,"445230",78,0,2007,2,"N","Smyth County, Virginia","Private","Fruit and vegetable markets","County, NAICS 6-digit -- by ownership sector","All establishment sizes",2,0,0,0,0,0,0,0
"51173",5,"445230",78,0,2007,3,"N","Smyth County, Virginia","Private","Fruit and vegetable markets","County, NAICS 6-digit -- by ownership sector","All establishment sizes",2,0,0,0,0,0,0,0
"51173",5,"445230",78,0,2007,4,"N","Smyth County, Virginia","Private","Fruit and vegetable markets","County, NAICS 6-digit -- by ownership sector","All establishment sizes",2,0,0,0,0,0,0,0
"51173",5,4453,76,0,2007,1,"N","Smyth County, Virginia","Private","Beer, wine, and liquor stores","County, NAICS 4-digit -- by ownership sector","All establishment sizes",1,0,0,0,0,0,0,0
"51173",5,"4453",76,0,2007,2,"N","Smyth County, Virginia","Private","Beer, wine, and liquor stores","County, NAICS 4-digit -- by ownership sector","All establishment sizes",1,0,0,0,0,0,0,0
"51173",5,"4453",76,0,2007,3,"N","Smyth County, Virginia","Private","Beer, wine, and liquor stores","County, NAICS 4-digit -- by ownership sector","All establishment sizes",1,0,0,0,0,0,0,0
"51173",5,"4453",76,0,2007,4,"N","Smyth County, Virginia","Private","Beer, wine, and liquor stores","County, NAICS 4-digit -- by ownership sector","All establishment sizes",1,0,0,0,0,0,0,0
"51173",5,44531,77,0,2007,1,"N","Smyth County, Virginia","Private","Beer, wine, and liquor stores","County, NAICS 5-digit -- by ownership sector","All establishment sizes",1,0,0,0,0,0,0,0
"51173",5,"44531",77,0,2007,2,"N","Smyth County, Virginia","Private","Beer, wine, and liquor stores","County, NAICS 5-digit -- by ownership sector","All establishment sizes",1,0,0,0,0,0,0,0
"51173",5,"44531",77,0,2007,3,"N","Smyth County, Virginia","Private","Beer, wine, and liquor stores","County, NAICS 5-digit -- by ownership sector","All establishment sizes",1,0,0,0,0,0,0,0
"51173",5,"44531",77,0,2007,4,"N","Smyth County, Virginia","Private","Beer, wine, and liquor stores","County, NAICS 5-digit -- by ownership sector","All establishment sizes",1,0,0,0,0,0,0,0
"51173",5,445310,78,0,2007,1,"N","Smyth County, Virginia","Private","Beer, wine, and liquor stores","County, NAICS 6-digit -- by ownership sector","All establishment sizes",1,0,0,0,0,0,0,0
"51173",5,"445310",78,0,2007,2,"N","Smyth County, Virginia","Private","Beer, wine, and liquor stores","County, NAICS 6-digit -- by ownership sector","All establishment sizes",1,0,0,0,0,0,0,0
"51173",5,"445310",78,0,2007,3,"N","Smyth County, Virginia","Private","Beer, wine, and liquor stores","County, NAICS 6-digit -- by ownership sector","All establishment sizes",1,0,0,0,0,0,0,0
"51173",5,"445310",78,0,2007,4,"N","Smyth County, Virginia","Private","Beer, wine, and liquor stores","County, NAICS 6-digit -- by ownership sector","All establishment sizes",1,0,0,0,0,0,0,0
"51173",5,446,75,0,2007,1,"","Smyth County, Virginia","Private","Health and personal care stores","County, NAICS 3-digit -- by ownership sector","All establishment sizes",10,94,88,91,665471,372754,1977,563
"51173",5,"446",75,0,2007,2,"","Smyth County, Virginia","Private","Health and personal care stores","County, NAICS 3-digit -- by ownership sector","All establishment sizes",10,93,92,96,714084,210115,1069,586
"51173",5,"446",75,0,2007,3,"","Smyth County, Virginia","Private","Health and personal care stores","County, NAICS 3-digit -- by ownership sector","All establishment sizes",11,110,117,109,917040,136558,860,630
"51173",5,"446",75,0,2007,4,"","Smyth County, Virginia","Private","Health and personal care stores","County, NAICS 3-digit -- by ownership sector","All establishment sizes",11,111,108,114,1023703,87406,450,709
"51173",5,4461,76,0,2007,1,"","Smyth County, Virginia","Private","Health and personal care stores","County, NAICS 4-digit -- by ownership sector","All establishment sizes",10,94,88,91,665471,372754,1977,563
"51173",5,"4461",76,0,2007,2,"","Smyth County, Virginia","Private","Health and personal care stores","County, NAICS 4-digit -- by ownership sector","All establishment sizes",10,93,92,96,714084,210115,1069,586
"51173",5,"4461",76,0,2007,3,"","Smyth County, Virginia","Private","Health and personal care stores","County, NAICS 4-digit -- by ownership sector","All establishment sizes",11,110,117,109,917040,136558,860,630
"51173",5,"4461",76,0,2007,4,"","Smyth County, Virginia","Private","Health and personal care stores","County, NAICS 4-digit -- by ownership sector","All establishment sizes",11,111,108,114,1023703,87406,450,709
"51173",5,44611,77,0,2007,1,"N","Smyth County, Virginia","Private","Pharmacies and drug stores","County, NAICS 5-digit -- by ownership sector","All establishment sizes",8,0,0,0,0,0,0,0
"51173",5,"44611",77,0,2007,2,"N","Smyth County, Virginia","Private","Pharmacies and drug stores","County, NAICS 5-digit -- by ownership sector","All establishment sizes",8,0,0,0,0,0,0,0
"51173",5,"44611",77,0,2007,3,"N","Smyth County, Virginia","Private","Pharmacies and drug stores","County, NAICS 5-digit -- by ownership sector","All establishment sizes",9,0,0,0,0,0,0,0
"51173",5,"44611",77,0,2007,4,"N","Smyth County, Virginia","Private","Pharmacies and drug stores","County, NAICS 5-digit -- by ownership sector","All establishment sizes",9,0,0,0,0,0,0,0
"51173",5,446110,78,0,2007,1,"N","Smyth County, Virginia","Private","Pharmacies and drug stores","County, NAICS 6-digit -- by ownership sector","All establishment sizes",8,0,0,0,0,0,0,0
"51173",5,"446110",78,0,2007,2,"N","Smyth County, Virginia","Private","Pharmacies and drug stores","County, NAICS 6-digit -- by ownership sector","All establishment sizes",8,0,0,0,0,0,0,0
"51173",5,"446110",78,0,2007,3,"N","Smyth County, Virginia","Private","Pharmacies and drug stores","County, NAICS 6-digit -- by ownership sector","All establishment sizes",9,0,0,0,0,0,0,0
"51173",5,"446110",78,0,2007,4,"N","Smyth County, Virginia","Private","Pharmacies and drug stores","County, NAICS 6-digit -- by ownership sector","All establishment sizes",9,0,0,0,0,0,0,0
"51173",5,44619,77,0,2007,1,"N","Smyth County, Virginia","Private","Other health and personal care stores","County, NAICS 5-digit -- by ownership sector","All establishment sizes",2,0,0,0,0,0,0,0
"51173",5,"44619",77,0,2007,2,"N","Smyth County, Virginia","Private","Other health and personal care stores","County, NAICS 5-digit -- by ownership sector","All establishment sizes",2,0,0,0,0,0,0,0
"51173",5,"44619",77,0,2007,3,"N","Smyth County, Virginia","Private","Other health and personal care stores","County, NAICS 5-digit -- by ownership sector","All establishment sizes",2,0,0,0,0,0,0,0
"51173",5,"44619",77,0,2007,4,"N","Smyth County, Virginia","Private","Other health and personal care stores","County, NAICS 5-digit -- by ownership sector","All establishment sizes",2,0,0,0,0,0,0,0
"51173",5,446191,78,0,2007,1,"N","Smyth County, Virginia","Private","Food, health, supplement stores","County, NAICS 6-digit -- by ownership sector","All establishment sizes",1,0,0,0,0,0,0,0
"51173",5,"446191",78,0,2007,2,"N","Smyth County, Virginia","Private","Food, health, supplement stores","County, NAICS 6-digit -- by ownership sector","All establishment sizes",1,0,0,0,0,0,0,0
"51173",5,"446191",78,0,2007,3,"N","Smyth County, Virginia","Private","Food, health, supplement stores","County, NAICS 6-digit -- by ownership sector","All establishment sizes",1,0,0,0,0,0,0,0
"51173",5,"446191",78,0,2007,4,"N","Smyth County, Virginia","Private","Food, health, supplement stores","County, NAICS 6-digit -- by ownership sector","All establishment sizes",1,0,0,0,0,0,0,0
"51173",5,446199,78,0,2007,1,"N","Smyth County, Virginia","Private","All other health and personal care stores","County, NAICS 6-digit -- by ownership sector","All establishment sizes",1,0,0,0,0,0,0,0
"51173",5,"446199",78,0,2007,2,"N","Smyth County, Virginia","Private","All other health and personal care stores","County, NAICS 6-digit -- by ownership sector","All establishment sizes",1,0,0,0,0,0,0,0
"51173",5,"446199",78,0,2007,3,"N","Smyth County, Virginia","Private","All other health and personal care stores","County, NAICS 6-digit -- by ownership sector","All establishment sizes",1,0,0,0,0,0,0,0
"51173",5,"446199",78,0,2007,4,"N","Smyth County, Virginia","Private","All other health and personal care stores","County, NAICS 6-digit -- by ownership sector","All establishment sizes",1,0,0,0,0,0,0,0
"51173",5,447,75,0,2007,1,"","Smyth County, Virginia","Private","Gasoline stations","County, NAICS 3-digit -- by ownership sector","All establishment sizes",20,169,153,151,513208,491449,3021,250
"51173",5,"447",75,0,2007,2,"","Smyth County, Virginia","Private","Gasoline stations","County, NAICS 3-digit -- by ownership sector","All establishment sizes",20,153,148,150,546792,371518,2213,280
"51173",5,"447",75,0,2007,3,"","Smyth County, Virginia","Private","Gasoline stations","County, NAICS 3-digit -- by ownership sector","All establishment sizes",20,163,160,166,537593,223365,1269,254
"51173",5,"447",75,0,2007,4,"","Smyth County, Virginia","Private","Gasoline stations","County, NAICS 3-digit -- by ownership sector","All establishment sizes",20,149,146,151,529989,222581,987,274
"51173",5,4471,76,0,2007,1,"","Smyth County, Virginia","Private","Gasoline stations","County, NAICS 4-digit -- by ownership sector","All establishment sizes",20,169,153,151,513208,491449,3021,250
"51173",5,"4471",76,0,2007,2,"","Smyth County, Virginia","Private","Gasoline stations","County, NAICS 4-digit -- by ownership sector","All establishment sizes",20,153,148,150,546792,371518,2213,280
"51173",5,"4471",76,0,2007,3,"","Smyth County, Virginia","Private","Gasoline stations","County, NAICS 4-digit -- by ownership sector","All establishment sizes",20,163,160,166,537593,223365,1269,254
"51173",5,"4471",76,0,2007,4,"","Smyth County, Virginia","Private","Gasoline stations","County, NAICS 4-digit -- by ownership sector","All establishment sizes",20,149,146,151,529989,222581,987,274
"51173",5,44711,77,0,2007,1,"","Smyth County, Virginia","Private","Gasoline stations with convenience stores","County, NAICS 5-digit -- by ownership sector","All establishment sizes",20,169,153,151,513208,491449,3021,250
"51173",5,"44711",77,0,2007,2,"","Smyth County, Virginia","Private","Gasoline stations with convenience stores","County, NAICS 5-digit -- by ownership sector","All establishment sizes",20,153,148,150,546792,371518,2213,280
"51173",5,"44711",77,0,2007,3,"","Smyth County, Virginia","Private","Gasoline stations with convenience stores","County, NAICS 5-digit -- by ownership sector","All establishment sizes",20,163,160,166,537593,223365,1269,254
"51173",5,"44711",77,0,2007,4,"","Smyth County, Virginia","Private","Gasoline stations with convenience stores","County, NAICS 5-digit -- by ownership sector","All establishment sizes",20,149,146,151,529989,222581,987,274
"51173",5,447110,78,0,2007,1,"","Smyth County, Virginia","Private","Gasoline stations with convenience stores","County, NAICS 6-digit -- by ownership sector","All establishment sizes",20,169,153,151,513208,491449,3021,250
"51173",5,"447110",78,0,2007,2,"","Smyth County, Virginia","Private","Gasoline stations with convenience stores","County, NAICS 6-digit -- by ownership sector","All establishment sizes",20,153,148,150,546792,371518,2213,280
"51173",5,"447110",78,0,2007,3,"","Smyth County, Virginia","Private","Gasoline stations with convenience stores","County, NAICS 6-digit -- by ownership sector","All establishment sizes",20,163,160,166,537593,223365,1269,254
"51173",5,"447110",78,0,2007,4,"","Smyth County, Virginia","Private","Gasoline stations with convenience stores","County, NAICS 6-digit -- by ownership sector","All establishment sizes",20,149,146,151,529989,222581,987,274
"51173",5,448,75,0,2007,1,"","Smyth County, Virginia","Private","Clothing and clothing accessories stores","County, NAICS 3-digit -- by ownership sector","All establishment sizes",9,35,34,35,133684,125601,371,297
"51173",5,"448",75,0,2007,2,"","Smyth County, Virginia","Private","Clothing and clothing accessories stores","County, NAICS 3-digit -- by ownership sector","All establishment sizes",9,36,36,37,126671,71686,226,268
"51173",5,"448",75,0,2007,3,"","Smyth County, Virginia","Private","Clothing and clothing accessories stores","County, NAICS 3-digit -- by ownership sector","All establishment sizes",9,35,38,35,131718,48630,158,281
"51173",5,"448",75,0,2007,4,"","Smyth County, Virginia","Private","Clothing and clothing accessories stores","County, NAICS 3-digit -- by ownership sector","All establishment sizes",9,36,37,39,146582,38505,130,302
"51173",5,4481,76,0,2007,1,"","Smyth County, Virginia","Private","Clothing stores","County, NAICS 4-digit -- by ownership sector","All establishment sizes",5,20,19,19,71715,70582,155,285
"51173",5,"4481",76,0,2007,2,"","Smyth County, Virginia","Private","Clothing stores","County, NAICS 4-digit -- by ownership sector","All establishment sizes",5,20,19,18,61295,41890,88,248
"51173",5,"4481",76,0,2007,3,"","Smyth County, Virginia","Private","Clothing stores","County, NAICS 4-digit -- by ownership sector","All establishment sizes",5,18,20,18,64591,30248,65,266
"51173",5,"4481",76,0,2007,4,"","Smyth County, Virginia","Private","Clothing stores","County, NAICS 4-digit -- by ownership sector","All establishment sizes",5,17,18,18,61747,16953,41,269
"51173",5,44811,77,0,2007,1,"N","Smyth County, Virginia","Private","Men's clothing stores","County, NAICS 5-digit -- by ownership sector","All establishment sizes",1,0,0,0,0,0,0,0
"51173",5,"44811",77,0,2007,2,"N","Smyth County, Virginia","Private","Men's clothing stores","County, NAICS 5-digit -- by ownership sector","All establishment sizes",1,0,0,0,0,0,0,0
"51173",5,"44811",77,0,2007,3,"N","Smyth County, Virginia","Private","Men's clothing stores","County, NAICS 5-digit -- by ownership sector","All establishment sizes",1,0,0,0,0,0,0,0
"51173",5,"44811",77,0,2007,4,"N","Smyth County, Virginia","Private","Men's clothing stores","County, NAICS 5-digit -- by ownership sector","All establishment sizes",1,0,0,0,0,0,0,0
"51173",5,448110,78,0,2007,1,"N","Smyth County, Virginia","Private","Men's clothing stores","County, NAICS 6-digit -- by ownership sector","All establishment sizes",1,0,0,0,0,0,0,0
"51173",5,"448110",78,0,2007,2,"N","Smyth County, Virginia","Private","Men's clothing stores","County, NAICS 6-digit -- by ownership sector","All establishment sizes",1,0,0,0,0,0,0,0
"51173",5,"448110",78,0,2007,3,"N","Smyth County, Virginia","Private","Men's clothing stores","County, NAICS 6-digit -- by ownership sector","All establishment sizes",1,0,0,0,0,0,0,0
"51173",5,"448110",78,0,2007,4,"N","Smyth County, Virginia","Private","Men's clothing stores","County, NAICS 6-digit -- by ownership sector","All establishment sizes",1,0,0,0,0,0,0,0
"51173",5,44812,77,0,2007,1,"N","Smyth County, Virginia","Private","Women's clothing stores","County, NAICS 5-digit -- by ownership sector","All establishment sizes",1,0,0,0,0,0,0,0
"51173",5,"44812",77,0,2007,2,"N","Smyth County, Virginia","Private","Women's clothing stores","County, NAICS 5-digit -- by ownership sector","All establishment sizes",1,0,0,0,0,0,0,0
"51173",5,"44812",77,0,2007,3,"N","Smyth County, Virginia","Private","Women's clothing stores","County, NAICS 5-digit -- by ownership sector","All establishment sizes",1,0,0,0,0,0,0,0
"51173",5,"44812",77,0,2007,4,"N","Smyth County, Virginia","Private","Women's clothing stores","County, NAICS 5-digit -- by ownership sector","All establishment sizes",1,0,0,0,0,0,0,0
"51173",5,448120,78,0,2007,1,"N","Smyth County, Virginia","Private","Women's clothing stores","County, NAICS 6-digit -- by ownership sector","All establishment sizes",1,0,0,0,0,0,0,0
"51173",5,"448120",78,0,2007,2,"N","Smyth County, Virginia","Private","Women's clothing stores","County, NAICS 6-digit -- by ownership sector","All establishment sizes",1,0,0,0,0,0,0,0
"51173",5,"448120",78,0,2007,3,"N","Smyth County, Virginia","Private","Women's clothing stores","County, NAICS 6-digit -- by ownership sector","All establishment sizes",1,0,0,0,0,0,0,0
"51173",5,"448120",78,0,2007,4,"N","Smyth County, Virginia","Private","Women's clothing stores","County, NAICS 6-digit -- by ownership sector","All establishment sizes",1,0,0,0,0,0,0,0
"51173",5,44814,77,0,2007,1,"N","Smyth County, Virginia","Private","Family clothing stores","County, NAICS 5-digit -- by ownership sector","All establishment sizes",2,0,0,0,0,0,0,0
"51173",5,"44814",77,0,2007,2,"N","Smyth County, Virginia","Private","Family clothing stores","County, NAICS 5-digit -- by ownership sector","All establishment sizes",2,0,0,0,0,0,0,0
"51173",5,"44814",77,0,2007,3,"N","Smyth County, Virginia","Private","Family clothing stores","County, NAICS 5-digit -- by ownership sector","All establishment sizes",2,0,0,0,0,0,0,0
"51173",5,"44814",77,0,2007,4,"N","Smyth County, Virginia","Private","Family clothing stores","County, NAICS 5-digit -- by ownership sector","All establishment sizes",2,0,0,0,0,0,0,0
"51173",5,448140,78,0,2007,1,"N","Smyth County, Virginia","Private","Family clothing stores","County, NAICS 6-digit -- by ownership sector","All establishment sizes",2,0,0,0,0,0,0,0
"51173",5,"448140",78,0,2007,2,"N","Smyth County, Virginia","Private","Family clothing stores","County, NAICS 6-digit -- by ownership sector","All establishment sizes",2,0,0,0,0,0,0,0
"51173",5,"448140",78,0,2007,3,"N","Smyth County, Virginia","Private","Family clothing stores","County, NAICS 6-digit -- by ownership sector","All establishment sizes",2,0,0,0,0,0,0,0
"51173",5,"448140",78,0,2007,4,"N","Smyth County, Virginia","Private","Family clothing stores","County, NAICS 6-digit -- by ownership sector","All establishment sizes",2,0,0,0,0,0,0,0
"51173",5,44819,77,0,2007,1,"N","Smyth County, Virginia","Private","Other clothing stores","County, NAICS 5-digit -- by ownership sector","All establishment sizes",1,0,0,0,0,0,0,0
"51173",5,"44819",77,0,2007,2,"N","Smyth County, Virginia","Private","Other clothing stores","County, NAICS 5-digit -- by ownership sector","All establishment sizes",1,0,0,0,0,0,0,0
"51173",5,"44819",77,0,2007,3,"N","Smyth County, Virginia","Private","Other clothing stores","County, NAICS 5-digit -- by ownership sector","All establishment sizes",1,0,0,0,0,0,0,0
"51173",5,"44819",77,0,2007,4,"N","Smyth County, Virginia","Private","Other clothing stores","County, NAICS 5-digit -- by ownership sector","All establishment sizes",1,0,0,0,0,0,0,0
"51173",5,448190,78,0,2007,1,"N","Smyth County, Virginia","Private","Other clothing stores","County, NAICS 6-digit -- by ownership sector","All establishment sizes",1,0,0,0,0,0,0,0
"51173",5,"448190",78,0,2007,2,"N","Smyth County, Virginia","Private","Other clothing stores","County, NAICS 6-digit -- by ownership sector","All establishment sizes",1,0,0,0,0,0,0,0
"51173",5,"448190",78,0,2007,3,"N","Smyth County, Virginia","Private","Other clothing stores","County, NAICS 6-digit -- by ownership sector","All establishment sizes",1,0,0,0,0,0,0,0
"51173",5,"448190",78,0,2007,4,"N","Smyth County, Virginia","Private","Other clothing stores","County, NAICS 6-digit -- by ownership sector","All establishment sizes",1,0,0,0,0,0,0,0
"51173",5,4482,76,0,2007,1,"N","Smyth County, Virginia","Private","Shoe stores","County, NAICS 4-digit -- by ownership sector","All establishment sizes",1,0,0,0,0,0,0,0
"51173",5,"4482",76,0,2007,2,"N","Smyth County, Virginia","Private","Shoe stores","County, NAICS 4-digit -- by ownership sector","All establishment sizes",1,0,0,0,0,0,0,0
"51173",5,"4482",76,0,2007,3,"N","Smyth County, Virginia","Private","Shoe stores","County, NAICS 4-digit -- by ownership sector","All establishment sizes",1,0,0,0,0,0,0,0
"51173",5,"4482",76,0,2007,4,"N","Smyth County, Virginia","Private","Shoe stores","County, NAICS 4-digit -- by ownership sector","All establishment sizes",1,0,0,0,0,0,0,0
"51173",5,44821,77,0,2007,1,"N","Smyth County, Virginia","Private","Shoe stores","County, NAICS 5-digit -- by ownership sector","All establishment sizes",1,0,0,0,0,0,0,0
"51173",5,"44821",77,0,2007,2,"N","Smyth County, Virginia","Private","Shoe stores","County, NAICS 5-digit -- by ownership sector","All establishment sizes",1,0,0,0,0,0,0,0
"51173",5,"44821",77,0,2007,3,"N","Smyth County, Virginia","Private","Shoe stores","County, NAICS 5-digit -- by ownership sector","All establishment sizes",1,0,0,0,0,0,0,0
"51173",5,"44821",77,0,2007,4,"N","Smyth County, Virginia","Private","Shoe stores","County, NAICS 5-digit -- by ownership sector","All establishment sizes",1,0,0,0,0,0,0,0
"51173",5,448210,78,0,2007,1,"N","Smyth County, Virginia","Private","Shoe stores","County, NAICS 6-digit -- by ownership sector","All establishment sizes",1,0,0,0,0,0,0,0
"51173",5,"448210",78,0,2007,2,"N","Smyth County, Virginia","Private","Shoe stores","County, NAICS 6-digit -- by ownership sector","All establishment sizes",1,0,0,0,0,0,0,0
"51173",5,"448210",78,0,2007,3,"N","Smyth County, Virginia","Private","Shoe stores","County, NAICS 6-digit -- by ownership sector","All establishment sizes",1,0,0,0,0,0,0,0
"51173",5,"448210",78,0,2007,4,"N","Smyth County, Virginia","Private","Shoe stores","County, NAICS 6-digit -- by ownership sector","All establishment sizes",1,0,0,0,0,0,0,0
"51173",5,4483,76,0,2007,1,"N","Smyth County, Virginia","Private","Jewelry, luggage, and leather goods stores","County, NAICS 4-digit -- by ownership sector","All establishment sizes",3,0,0,0,0,0,0,0
"51173",5,"4483",76,0,2007,2,"N","Smyth County, Virginia","Private","Jewelry, luggage, and leather goods stores","County, NAICS 4-digit -- by ownership sector","All establishment sizes",3,0,0,0,0,0,0,0
"51173",5,"4483",76,0,2007,3,"N","Smyth County, Virginia","Private","Jewelry, luggage, and leather goods stores","County, NAICS 4-digit -- by ownership sector","All establishment sizes",3,0,0,0,0,0,0,0
"51173",5,"4483",76,0,2007,4,"N","Smyth County, Virginia","Private","Jewelry, luggage, and leather goods stores","County, NAICS 4-digit -- by ownership sector","All establishment sizes",3,0,0,0,0,0,0,0
"51173",5,44831,77,0,2007,1,"N","Smyth County, Virginia","Private","Jewelry stores","County, NAICS 5-digit -- by ownership sector","All establishment sizes",3,0,0,0,0,0,0,0
"51173",5,"44831",77,0,2007,2,"N","Smyth County, Virginia","Private","Jewelry stores","County, NAICS 5-digit -- by ownership sector","All establishment sizes",3,0,0,0,0,0,0,0
"51173",5,"44831",77,0,2007,3,"N","Smyth County, Virginia","Private","Jewelry stores","County, NAICS 5-digit -- by ownership sector","All establishment sizes",3,0,0,0,0,0,0,0
"51173",5,"44831",77,0,2007,4,"N","Smyth County, Virginia","Private","Jewelry stores","County, NAICS 5-digit -- by ownership sector","All establishment sizes",3,0,0,0,0,0,0,0
"51173",5,448310,78,0,2007,1,"N","Smyth County, Virginia","Private","Jewelry stores","County, NAICS 6-digit -- by ownership sector","All establishment sizes",3,0,0,0,0,0,0,0
"51173",5,"448310",78,0,2007,2,"N","Smyth County, Virginia","Private","Jewelry stores","County, NAICS 6-digit -- by ownership sector","All establishment sizes",3,0,0,0,0,0,0,0
"51173",5,"448310",78,0,2007,3,"N","Smyth County, Virginia","Private","Jewelry stores","County, NAICS 6-digit -- by ownership sector","All establishment sizes",3,0,0,0,0,0,0,0
"51173",5,"448310",78,0,2007,4,"N","Smyth County, Virginia","Private","Jewelry stores","County, NAICS 6-digit -- by ownership sector","All establishment sizes",3,0,0,0,0,0,0,0
"51173",5,452,75,0,2007,1,"","Smyth County, Virginia","Private","General merchandise stores","County, NAICS 3-digit -- by ownership sector","All establishment sizes",8,227,224,244,1010008,870548,6073,335
"51173",5,"452",75,0,2007,2,"","Smyth County, Virginia","Private","General merchandise stores","County, NAICS 3-digit -- by ownership sector","All establishment sizes",8,239,243,229,1120889,525016,3716,364
"51173",5,"452",75,0,2007,3,"","Smyth County, Virginia","Private","General merchandise stores","County, NAICS 3-digit -- by ownership sector","All establishment sizes",8,235,231,235,998992,201036,1505,329
"51173",5,"452",75,0,2007,4,"","Smyth County, Virginia","Private","General merchandise stores","County, NAICS 3-digit -- by ownership sector","All establishment sizes",8,234,239,242,1159771,183292,1355,374
"51173",5,4521,76,0,2007,1,"N","Smyth County, Virginia","Private","Department stores","County, NAICS 4-digit -- by ownership sector","All establishment sizes",1,0,0,0,0,0,0,0
"51173",5,"4521",76,0,2007,2,"N","Smyth County, Virginia","Private","Department stores","County, NAICS 4-digit -- by ownership sector","All establishment sizes",1,0,0,0,0,0,0,0
"51173",5,"4521",76,0,2007,3,"N","Smyth County, Virginia","Private","Department stores","County, NAICS 4-digit -- by ownership sector","All establishment sizes",1,0,0,0,0,0,0,0
"51173",5,"4521",76,0,2007,4,"N","Smyth County, Virginia","Private","Department stores","County, NAICS 4-digit -- by ownership sector","All establishment sizes",1,0,0,0,0,0,0,0
"51173",5,45211,77,0,2007,1,"N","Smyth County, Virginia","Private","Department stores","County, NAICS 5-digit -- by ownership sector","All establishment sizes",1,0,0,0,0,0,0,0
"51173",5,"45211",77,0,2007,2,"N","Smyth County, Virginia","Private","Department stores","County, NAICS 5-digit -- by ownership sector","All establishment sizes",1,0,0,0,0,0,0,0
"51173",5,"45211",77,0,2007,3,"N","Smyth County, Virginia","Private","Department stores","County, NAICS 5-digit -- by ownership sector","All establishment sizes",1,0,0,0,0,0,0,0
"51173",5,"45211",77,0,2007,4,"N","Smyth County, Virginia","Private","Department stores","County, NAICS 5-digit -- by ownership sector","All establishment sizes",1,0,0,0,0,0,0,0
"51173",5,452112,78,0,2007,1,"N","Smyth County, Virginia","Private","Discount department stores","County, NAICS 6-digit -- by ownership sector","All establishment sizes",1,0,0,0,0,0,0,0
"51173",5,"452112",78,0,2007,2,"N","Smyth County, Virginia","Private","Discount department stores","County, NAICS 6-digit -- by ownership sector","All establishment sizes",1,0,0,0,0,0,0,0
"51173",5,"452112",78,0,2007,3,"N","Smyth County, Virginia","Private","Discount department stores","County, NAICS 6-digit -- by ownership sector","All establishment sizes",1,0,0,0,0,0,0,0
"51173",5,"452112",78,0,2007,4,"N","Smyth County, Virginia","Private","Discount department stores","County, NAICS 6-digit -- by ownership sector","All establishment sizes",1,0,0,0,0,0,0,0
"51173",5,4529,76,0,2007,1,"N","Smyth County, Virginia","Private","Other general merchandise stores","County, NAICS 4-digit -- by ownership sector","All establishment sizes",7,0,0,0,0,0,0,0
"51173",5,"4529",76,0,2007,2,"N","Smyth County, Virginia","Private","Other general merchandise stores","County, NAICS 4-digit -- by ownership sector","All establishment sizes",7,0,0,0,0,0,0,0
"51173",5,"4529",76,0,2007,3,"N","Smyth County, Virginia","Private","Other general merchandise stores","County, NAICS 4-digit -- by ownership sector","All establishment sizes",7,0,0,0,0,0,0,0
"51173",5,"4529",76,0,2007,4,"N","Smyth County, Virginia","Private","Other general merchandise stores","County, NAICS 4-digit -- by ownership sector","All establishment sizes",7,0,0,0,0,0,0,0
"51173",5,45299,77,0,2007,1,"N","Smyth County, Virginia","Private","All other general merchandise stores","County, NAICS 5-digit -- by ownership sector","All establishment sizes",7,0,0,0,0,0,0,0
"51173",5,"45299",77,0,2007,2,"N","Smyth County, Virginia","Private","All other general merchandise stores","County, NAICS 5-digit -- by ownership sector","All establishment sizes",7,0,0,0,0,0,0,0
"51173",5,"45299",77,0,2007,3,"N","Smyth County, Virginia","Private","All other general merchandise stores","County, NAICS 5-digit -- by ownership sector","All establishment sizes",7,0,0,0,0,0,0,0
"51173",5,"45299",77,0,2007,4,"N","Smyth County, Virginia","Private","All other general merchandise stores","County, NAICS 5-digit -- by ownership sector","All establishment sizes",7,0,0,0,0,0,0,0
"51173",5,452990,78,0,2007,1,"N","Smyth County, Virginia","Private","All other general merchandise stores","County, NAICS 6-digit -- by ownership sector","All establishment sizes",7,0,0,0,0,0,0,0
"51173",5,"452990",78,0,2007,2,"N","Smyth County, Virginia","Private","All other general merchandise stores","County, NAICS 6-digit -- by ownership sector","All establishment sizes",7,0,0,0,0,0,0,0
"51173",5,"452990",78,0,2007,3,"N","Smyth County, Virginia","Private","All other general merchandise stores","County, NAICS 6-digit -- by ownership sector","All establishment sizes",7,0,0,0,0,0,0,0
"51173",5,"452990",78,0,2007,4,"N","Smyth County, Virginia","Private","All other general merchandise stores","County, NAICS 6-digit -- by ownership sector","All establishment sizes",7,0,0,0,0,0,0,0
"51173",5,453,75,0,2007,1,"","Smyth County, Virginia","Private","Miscellaneous store retailers","County, NAICS 3-digit -- by ownership sector","All establishment sizes",10,38,42,43,166253,146730,1023,312
"51173",5,"453",75,0,2007,2,"","Smyth County, Virginia","Private","Miscellaneous store retailers","County, NAICS 3-digit -- by ownership sector","All establishment sizes",10,44,44,45,151619,61653,283,263
"51173",5,"453",75,0,2007,3,"","Smyth County, Virginia","Private","Miscellaneous store retailers","County, NAICS 3-digit -- by ownership sector","All establishment sizes",10,38,40,42,155579,37461,189,299
"51173",5,"453",75,0,2007,4,"","Smyth County, Virginia","Private","Miscellaneous store retailers","County, NAICS 3-digit -- by ownership sector","All establishment sizes",9,37,37,36,196397,32609,178,412
"51173",5,4531,76,0,2007,1,"N","Smyth County, Virginia","Private","Florists","County, NAICS 4-digit -- by ownership sector","All establishment sizes",4,0,0,0,0,0,0,0
"51173",5,"4531",76,0,2007,2,"N","Smyth County, Virginia","Private","Florists","County, NAICS 4-digit -- by ownership sector","All establishment sizes",4,0,0,0,0,0,0,0
"51173",5,"4531",76,0,2007,3,"N","Smyth County, Virginia","Private","Florists","County, NAICS 4-digit -- by ownership sector","All establishment sizes",4,0,0,0,0,0,0,0
"51173",5,"4531",76,0,2007,4,"N","Smyth County, Virginia","Private","Florists","County, NAICS 4-digit -- by ownership sector","All establishment sizes",3,0,0,0,0,0,0,0
"51173",5,45311,77,0,2007,1,"N","Smyth County, Virginia","Private","Florists","County, NAICS 5-digit -- by ownership sector","All establishment sizes",4,0,0,0,0,0,0,0
"51173",5,"45311",77,0,2007,2,"N","Smyth County, Virginia","Private","Florists","County, NAICS 5-digit -- by ownership sector","All establishment sizes",4,0,0,0,0,0,0,0
"51173",5,"45311",77,0,2007,3,"N","Smyth County, Virginia","Private","Florists","County, NAICS 5-digit -- by ownership sector","All establishment sizes",4,0,0,0,0,0,0,0
"51173",5,"45311",77,0,2007,4,"N","Smyth County, Virginia","Private","Florists","County, NAICS 5-digit -- by ownership sector","All establishment sizes",3,0,0,0,0,0,0,0
"51173",5,453110,78,0,2007,1,"N","Smyth County, Virginia","Private","Florists","County, NAICS 6-digit -- by ownership sector","All establishment sizes",4,0,0,0,0,0,0,0
"51173",5,"453110",78,0,2007,2,"N","Smyth County, Virginia","Private","Florists","County, NAICS 6-digit -- by ownership sector","All establishment sizes",4,0,0,0,0,0,0,0
"51173",5,"453110",78,0,2007,3,"N","Smyth County, Virginia","Private","Florists","County, NAICS 6-digit -- by ownership sector","All establishment sizes",4,0,0,0,0,0,0,0
"51173",5,"453110",78,0,2007,4,"N","Smyth County, Virginia","Private","Florists","County, NAICS 6-digit -- by ownership sector","All establishment sizes",3,0,0,0,0,0,0,0
"51173",5,4532,76,0,2007,1,"N","Smyth County, Virginia","Private","Office supplies, stationery, and gift stores","County, NAICS 4-digit -- by ownership sector","All establishment sizes",2,0,0,0,0,0,0,0
"51173",5,"4532",76,0,2007,2,"N","Smyth County, Virginia","Private","Office supplies, stationery, and gift stores","County, NAICS 4-digit -- by ownership sector","All establishment sizes",2,0,0,0,0,0,0,0
"51173",5,"4532",76,0,2007,3,"N","Smyth County, Virginia","Private","Office supplies, stationery, and gift stores","County, NAICS 4-digit -- by ownership sector","All establishment sizes",2,0,0,0,0,0,0,0
"51173",5,"4532",76,0,2007,4,"N","Smyth County, Virginia","Private","Office supplies, stationery, and gift stores","County, NAICS 4-digit -- by ownership sector","All establishment sizes",2,0,0,0,0,0,0,0
"51173",5,45321,77,0,2007,1,"N","Smyth County, Virginia","Private","Office supplies and stationery stores","County, NAICS 5-digit -- by ownership sector","All establishment sizes",1,0,0,0,0,0,0,0
"51173",5,"45321",77,0,2007,2,"N","Smyth County, Virginia","Private","Office supplies and stationery stores","County, NAICS 5-digit -- by ownership sector","All establishment sizes",1,0,0,0,0,0,0,0
"51173",5,"45321",77,0,2007,3,"N","Smyth County, Virginia","Private","Office supplies and stationery stores","County, NAICS 5-digit -- by ownership sector","All establishment sizes",1,0,0,0,0,0,0,0
"51173",5,"45321",77,0,2007,4,"N","Smyth County, Virginia","Private","Office supplies and stationery stores","County, NAICS 5-digit -- by ownership sector","All establishment sizes",1,0,0,0,0,0,0,0
"51173",5,453210,78,0,2007,1,"N","Smyth County, Virginia","Private","Office supplies and stationery stores","County, NAICS 6-digit -- by ownership sector","All establishment sizes",1,0,0,0,0,0,0,0
"51173",5,"453210",78,0,2007,2,"N","Smyth County, Virginia","Private","Office supplies and stationery stores","County, NAICS 6-digit -- by ownership sector","All establishment sizes",1,0,0,0,0,0,0,0
"51173",5,"453210",78,0,2007,3,"N","Smyth County, Virginia","Private","Office supplies and stationery stores","County, NAICS 6-digit -- by ownership sector","All establishment sizes",1,0,0,0,0,0,0,0
"51173",5,"453210",78,0,2007,4,"N","Smyth County, Virginia","Private","Office supplies and stationery stores","County, NAICS 6-digit -- by ownership sector","All establishment sizes",1,0,0,0,0,0,0,0
"51173",5,45322,77,0,2007,1,"N","Smyth County, Virginia","Private","Gift, novelty, and souvenir stores","County, NAICS 5-digit -- by ownership sector","All establishment sizes",1,0,0,0,0,0,0,0
"51173",5,"45322",77,0,2007,2,"N","Smyth County, Virginia","Private","Gift, novelty, and souvenir stores","County, NAICS 5-digit -- by ownership sector","All establishment sizes",1,0,0,0,0,0,0,0
"51173",5,"45322",77,0,2007,3,"N","Smyth County, Virginia","Private","Gift, novelty, and souvenir stores","County, NAICS 5-digit -- by ownership sector","All establishment sizes",1,0,0,0,0,0,0,0
"51173",5,"45322",77,0,2007,4,"N","Smyth County, Virginia","Private","Gift, novelty, and souvenir stores","County, NAICS 5-digit -- by ownership sector","All establishment sizes",1,0,0,0,0,0,0,0
"51173",5,453220,78,0,2007,1,"N","Smyth County, Virginia","Private","Gift, novelty, and souvenir stores","County, NAICS 6-digit -- by ownership sector","All establishment sizes",1,0,0,0,0,0,0,0
"51173",5,"453220",78,0,2007,2,"N","Smyth County, Virginia","Private","Gift, novelty, and souvenir stores","County, NAICS 6-digit -- by ownership sector","All establishment sizes",1,0,0,0,0,0,0,0
"51173",5,"453220",78,0,2007,3,"N","Smyth County, Virginia","Private","Gift, novelty, and souvenir stores","County, NAICS 6-digit -- by ownership sector","All establishment sizes",1,0,0,0,0,0,0,0
"51173",5,"453220",78,0,2007,4,"N","Smyth County, Virginia","Private","Gift, novelty, and souvenir stores","County, NAICS 6-digit -- by ownership sector","All establishment sizes",1,0,0,0,0,0,0,0
"51173",5,4539,76,0,2007,1,"","Smyth County, Virginia","Private","Other miscellaneous store retailers","County, NAICS 4-digit -- by ownership sector","All establishment sizes",4,22,25,26,113732,96944,938,360
"51173",5,"4539",76,0,2007,2,"","Smyth County, Virginia","Private","Other miscellaneous store retailers","County, NAICS 4-digit -- by ownership sector","All establishment sizes",4,29,29,30,106467,34565,237,279
"51173",5,"4539",76,0,2007,3,"","Smyth County, Virginia","Private","Other miscellaneous store retailers","County, NAICS 4-digit -- by ownership sector","All establishment sizes",4,26,28,30,108384,24673,167,298
"51173",5,"4539",76,0,2007,4,"","Smyth County, Virginia","Private","Other miscellaneous store retailers","County, NAICS 4-digit -- by ownership sector","All establishment sizes",4,23,23,22,94427,20851,157,320
"51173",5,45393,77,0,2007,1,"N","Smyth County, Virginia","Private","Manufactured, mobile, home dealers","County, NAICS 5-digit -- by ownership sector","All establishment sizes",2,0,0,0,0,0,0,0
"51173",5,"45393",77,0,2007,2,"N","Smyth County, Virginia","Private","Manufactured, mobile, home dealers","County, NAICS 5-digit -- by ownership sector","All establishment sizes",2,0,0,0,0,0,0,0
"51173",5,"45393",77,0,2007,3,"N","Smyth County, Virginia","Private","Manufactured, mobile, home dealers","County, NAICS 5-digit -- by ownership sector","All establishment sizes",2,0,0,0,0,0,0,0
"51173",5,"45393",77,0,2007,4,"N","Smyth County, Virginia","Private","Manufactured, mobile, home dealers","County, NAICS 5-digit -- by ownership sector","All establishment sizes",2,0,0,0,0,0,0,0
"51173",5,453930,78,0,2007,1,"N","Smyth County, Virginia","Private","Manufactured, mobile, home dealers","County, NAICS 6-digit -- by ownership sector","All establishment sizes",2,0,0,0,0,0,0,0
"51173",5,"453930",78,0,2007,2,"N","Smyth County, Virginia","Private","Manufactured, mobile, home dealers","County, NAICS 6-digit -- by ownership sector","All establishment sizes",2,0,0,0,0,0,0,0
"51173",5,"453930",78,0,2007,3,"N","Smyth County, Virginia","Private","Manufactured, mobile, home dealers","County, NAICS 6-digit -- by ownership sector","All establishment sizes",2,0,0,0,0,0,0,0
"51173",5,"453930",78,0,2007,4,"N","Smyth County, Virginia","Private","Manufactured, mobile, home dealers","County, NAICS 6-digit -- by ownership sector","All establishment sizes",2,0,0,0,0,0,0,0
"51173",5,45399,77,0,2007,1,"N","Smyth County, Virginia","Private","All other miscellaneous store retailers","County, NAICS 5-digit -- by ownership sector","All establishment sizes",2,0,0,0,0,0,0,0
"51173",5,"45399",77,0,2007,2,"N","Smyth County, Virginia","Private","All other miscellaneous store retailers","County, NAICS 5-digit -- by ownership sector","All establishment sizes",2,0,0,0,0,0,0,0
"51173",5,"45399",77,0,2007,3,"N","Smyth County, Virginia","Private","All other miscellaneous store retailers","County, NAICS 5-digit -- by ownership sector","All establishment sizes",2,0,0,0,0,0,0,0
"51173",5,"45399",77,0,2007,4,"N","Smyth County, Virginia","Private","All other miscellaneous store retailers","County, NAICS 5-digit -- by ownership sector","All establishment sizes",2,0,0,0,0,0,0,0
"51173",5,453991,78,0,2007,1,"N","Smyth County, Virginia","Private","Tobacco stores","County, NAICS 6-digit -- by ownership sector","All establishment sizes",1,0,0,0,0,0,0,0
"51173",5,"453991",78,0,2007,2,"N","Smyth County, Virginia","Private","Tobacco stores","County, NAICS 6-digit -- by ownership sector","All establishment sizes",1,0,0,0,0,0,0,0
"51173",5,"453991",78,0,2007,3,"N","Smyth County, Virginia","Private","Tobacco stores","County, NAICS 6-digit -- by ownership sector","All establishment sizes",1,0,0,0,0,0,0,0
"51173",5,"453991",78,0,2007,4,"N","Smyth County, Virginia","Private","Tobacco stores","County, NAICS 6-digit -- by ownership sector","All establishment sizes",1,0,0,0,0,0,0,0
"51173",5,453998,78,0,2007,1,"N","Smyth County, Virginia","Private","Store retailers not specified elsewhere","County, NAICS 6-digit -- by ownership sector","All establishment sizes",1,0,0,0,0,0,0,0
"51173",5,"453998",78,0,2007,2,"N","Smyth County, Virginia","Private","Store retailers not specified elsewhere","County, NAICS 6-digit -- by ownership sector","All establishment sizes",1,0,0,0,0,0,0,0
"51173",5,"453998",78,0,2007,3,"N","Smyth County, Virginia","Private","Store retailers not specified elsewhere","County, NAICS 6-digit -- by ownership sector","All establishment sizes",1,0,0,0,0,0,0,0
"51173",5,"453998",78,0,2007,4,"N","Smyth County, Virginia","Private","Store retailers not specified elsewhere","County, NAICS 6-digit -- by ownership sector","All establishment sizes",1,0,0,0,0,0,0,0
"51173",5,454,75,0,2007,1,"","Smyth County, Virginia","Private","Nonstore retailers","County, NAICS 3-digit -- by ownership sector","All establishment sizes",4,22,22,19,131453,109430,2388,482
"51173",5,"454",75,0,2007,2,"","Smyth County, Virginia","Private","Nonstore retailers","County, NAICS 3-digit -- by ownership sector","All establishment sizes",4,19,19,19,127829,33786,672,518
"51173",5,"454",75,0,2007,3,"","Smyth County, Virginia","Private","Nonstore retailers","County, NAICS 3-digit -- by ownership sector","All establishment sizes",4,26,27,25,156967,25145,1081,464
"51173",5,"454",75,0,2007,4,"","Smyth County, Virginia","Private","Nonstore retailers","County, NAICS 3-digit -- by ownership sector","All establishment sizes",4,25,25,26,155920,21101,845,473
"51173",5,4541,76,0,2007,1,"N","Smyth County, Virginia","Private","Electronic shopping and mail-order houses","County, NAICS 4-digit -- by ownership sector","All establishment sizes",1,0,0,0,0,0,0,0
"51173",5,"4541",76,0,2007,2,"N","Smyth County, Virginia","Private","Electronic shopping and mail-order houses","County, NAICS 4-digit -- by ownership sector","All establishment sizes",1,0,0,0,0,0,0,0
"51173",5,"4541",76,0,2007,3,"N","Smyth County, Virginia","Private","Electronic shopping and mail-order houses","County, NAICS 4-digit -- by ownership sector","All establishment sizes",1,0,0,0,0,0,0,0
"51173",5,"4541",76,0,2007,4,"N","Smyth County, Virginia","Private","Electronic shopping and mail-order houses","County, NAICS 4-digit -- by ownership sector","All establishment sizes",1,0,0,0,0,0,0,0
"51173",5,45411,77,0,2007,1,"N","Smyth County, Virginia","Private","Electronic shopping and mail-order houses","County, NAICS 5-digit -- by ownership sector","All establishment sizes",1,0,0,0,0,0,0,0
"51173",5,"45411",77,0,2007,2,"N","Smyth County, Virginia","Private","Electronic shopping and mail-order houses","County, NAICS 5-digit -- by ownership sector","All establishment sizes",1,0,0,0,0,0,0,0
"51173",5,"45411",77,0,2007,3,"N","Smyth County, Virginia","Private","Electronic shopping and mail-order houses","County, NAICS 5-digit -- by ownership sector","All establishment sizes",1,0,0,0,0,0,0,0
"51173",5,"45411",77,0,2007,4,"N","Smyth County, Virginia","Private","Electronic shopping and mail-order houses","County, NAICS 5-digit -- by ownership sector","All establishment sizes",1,0,0,0,0,0,0,0
"51173",5,454113,78,0,2007,1,"N","Smyth County, Virginia","Private","Mail-order houses","County, NAICS 6-digit -- by ownership sector","All establishment sizes",1,0,0,0,0,0,0,0
"51173",5,"454113",78,0,2007,2,"N","Smyth County, Virginia","Private","Mail-order houses","County, NAICS 6-digit -- by ownership sector","All establishment sizes",1,0,0,0,0,0,0,0
"51173",5,"454113",78,0,2007,3,"N","Smyth County, Virginia","Private","Mail-order houses","County, NAICS 6-digit -- by ownership sector","All establishment sizes",1,0,0,0,0,0,0,0
"51173",5,"454113",78,0,2007,4,"N","Smyth County, Virginia","Private","Mail-order houses","County, NAICS 6-digit -- by ownership sector","All establishment sizes",1,0,0,0,0,0,0,0
"51173",5,4542,76,0,2007,1,"N","Smyth County, Virginia","Private","Vending machine operators","County, NAICS 4-digit -- by ownership sector","All establishment sizes",1,0,0,0,0,0,0,0
"51173",5,"4542",76,0,2007,2,"N","Smyth County, Virginia","Private","Vending machine operators","County, NAICS 4-digit -- by ownership sector","All establishment sizes",1,0,0,0,0,0,0,0
"51173",5,"4542",76,0,2007,3,"N","Smyth County, Virginia","Private","Vending machine operators","County, NAICS 4-digit -- by ownership sector","All establishment sizes",1,0,0,0,0,0,0,0
"51173",5,"4542",76,0,2007,4,"N","Smyth County, Virginia","Private","Vending machine operators","County, NAICS 4-digit -- by ownership sector","All establishment sizes",1,0,0,0,0,0,0,0
"51173",5,45421,77,0,2007,1,"N","Smyth County, Virginia","Private","Vending machine operators","County, NAICS 5-digit -- by ownership sector","All establishment sizes",1,0,0,0,0,0,0,0
"51173",5,"45421",77,0,2007,2,"N","Smyth County, Virginia","Private","Vending machine operators","County, NAICS 5-digit -- by ownership sector","All establishment sizes",1,0,0,0,0,0,0,0
"51173",5,"45421",77,0,2007,3,"N","Smyth County, Virginia","Private","Vending machine operators","County, NAICS 5-digit -- by ownership sector","All establishment sizes",1,0,0,0,0,0,0,0
"51173",5,"45421",77,0,2007,4,"N","Smyth County, Virginia","Private","Vending machine operators","County, NAICS 5-digit -- by ownership sector","All establishment sizes",1,0,0,0,0,0,0,0
"51173",5,454210,78,0,2007,1,"N","Smyth County, Virginia","Private","Vending machine operators","County, NAICS 6-digit -- by ownership sector","All establishment sizes",1,0,0,0,0,0,0,0
"51173",5,"454210",78,0,2007,2,"N","Smyth County, Virginia","Private","Vending machine operators","County, NAICS 6-digit -- by ownership sector","All establishment sizes",1,0,0,0,0,0,0,0
"51173",5,"454210",78,0,2007,3,"N","Smyth County, Virginia","Private","Vending machine operators","County, NAICS 6-digit -- by ownership sector","All establishment sizes",1,0,0,0,0,0,0,0
"51173",5,"454210",78,0,2007,4,"N","Smyth County, Virginia","Private","Vending machine operators","County, NAICS 6-digit -- by ownership sector","All establishment sizes",1,0,0,0,0,0,0,0
"51173",5,4543,76,0,2007,1,"N","Smyth County, Virginia","Private","Direct selling establishments","County, NAICS 4-digit -- by ownership sector","All establishment sizes",2,0,0,0,0,0,0,0
"51173",5,"4543",76,0,2007,2,"N","Smyth County, Virginia","Private","Direct selling establishments","County, NAICS 4-digit -- by ownership sector","All establishment sizes",2,0,0,0,0,0,0,0
"51173",5,"4543",76,0,2007,3,"N","Smyth County, Virginia","Private","Direct selling establishments","County, NAICS 4-digit -- by ownership sector","All establishment sizes",2,0,0,0,0,0,0,0
"51173",5,"4543",76,0,2007,4,"N","Smyth County, Virginia","Private","Direct selling establishments","County, NAICS 4-digit -- by ownership sector","All establishment sizes",2,0,0,0,0,0,0,0
"51173",5,45431,77,0,2007,1,"N","Smyth County, Virginia","Private","Fuel dealers","County, NAICS 5-digit -- by ownership sector","All establishment sizes",2,0,0,0,0,0,0,0
"51173",5,"45431",77,0,2007,2,"N","Smyth County, Virginia","Private","Fuel dealers","County, NAICS 5-digit -- by ownership sector","All establishment sizes",2,0,0,0,0,0,0,0
"51173",5,"45431",77,0,2007,3,"N","Smyth County, Virginia","Private","Fuel dealers","County, NAICS 5-digit -- by ownership sector","All establishment sizes",2,0,0,0,0,0,0,0
"51173",5,"45431",77,0,2007,4,"N","Smyth County, Virginia","Private","Fuel dealers","County, NAICS 5-digit -- by ownership sector","All establishment sizes",2,0,0,0,0,0,0,0
"51173",5,454311,78,0,2007,1,"N","Smyth County, Virginia","Private","Heating oil dealers","County, NAICS 6-digit -- by ownership sector","All establishment sizes",2,0,0,0,0,0,0,0
"51173",5,"454311",78,0,2007,2,"N","Smyth County, Virginia","Private","Heating oil dealers","County, NAICS 6-digit -- by ownership sector","All establishment sizes",2,0,0,0,0,0,0,0
"51173",5,"454311",78,0,2007,3,"N","Smyth County, Virginia","Private","Heating oil dealers","County, NAICS 6-digit -- by ownership sector","All establishment sizes",2,0,0,0,0,0,0,0
"51173",5,"454311",78,0,2007,4,"N","Smyth County, Virginia","Private","Heating oil dealers","County, NAICS 6-digit -- by ownership sector","All establishment sizes",2,0,0,0,0,0,0,0
"51173",5,48-49,74,0,2007,1,"","Smyth County, Virginia","Private","Transportation and warehousing","County, NAICS Sector -- by ownership sector","All establishment sizes",28,201,204,205,1918735,1294297,19148,726
"51173",5,"48-49",74,0,2007,2,"","Smyth County, Virginia","Private","Transportation and warehousing","County, NAICS Sector -- by ownership sector","All establishment sizes",28,202,203,210,1900727,275876,4385,713
"51173",5,"48-49",74,0,2007,3,"","Smyth County, Virginia","Private","Transportation and warehousing","County, NAICS Sector -- by ownership sector","All establishment sizes",29,195,200,206,1874814,180245,3113,720
"51173",5,"48-49",74,0,2007,4,"","Smyth County, Virginia","Private","Transportation and warehousing","County, NAICS Sector -- by ownership sector","All establishment sizes",29,206,201,203,1937329,200176,3382,733
"51173",5,484,75,0,2007,1,"","Smyth County, Virginia","Private","Truck transportation","County, NAICS 3-digit -- by ownership sector","All establishment sizes",17,138,138,140,1144712,895822,13711,635
"51173",5,"484",75,0,2007,2,"","Smyth County, Virginia","Private","Truck transportation","County, NAICS 3-digit -- by ownership sector","All establishment sizes",17,141,146,152,1283672,226741,3448,675
"51173",5,"484",75,0,2007,3,"","Smyth County, Virginia","Private","Truck transportation","County, NAICS 3-digit -- by ownership sector","All establishment sizes",17,141,145,150,1271187,142123,2267,673
"51173",5,"484",75,0,2007,4,"","Smyth County, Virginia","Private","Truck transportation","County, NAICS 3-digit -- by ownership sector","All establishment sizes",17,156,151,150,1392858,162677,2695,703
"51173",5,4841,76,0,2007,1,"","Smyth County, Virginia","Private","General freight trucking","County, NAICS 4-digit -- by ownership sector","All establishment sizes",11,77,78,78,677463,537586,8659,671
"51173",5,"4841",76,0,2007,2,"","Smyth County, Virginia","Private","General freight trucking","County, NAICS 4-digit -- by ownership sector","All establishment sizes",11,79,81,86,794900,138984,2570,746
"51173",5,"4841",76,0,2007,3,"","Smyth County, Virginia","Private","General freight trucking","County, NAICS 4-digit -- by ownership sector","All establishment sizes",11,80,80,82,755191,71853,1282,720
"51173",5,"4841",76,0,2007,4,"","Smyth County, Virginia","Private","General freight trucking","County, NAICS 4-digit -- by ownership sector","All establishment sizes",11,88,89,88,861403,111379,2102,750
"51173",5,48411,77,0,2007,1,"N","Smyth County, Virginia","Private","General freight trucking, local","County, NAICS 5-digit -- by ownership sector","All establishment sizes",3,0,0,0,0,0,0,0
"51173",5,"48411",77,0,2007,2,"N","Smyth County, Virginia","Private","General freight trucking, local","County, NAICS 5-digit -- by ownership sector","All establishment sizes",3,0,0,0,0,0,0,0
"51173",5,"48411",77,0,2007,3,"N","Smyth County, Virginia","Private","General freight trucking, local","County, NAICS 5-digit -- by ownership sector","All establishment sizes",3,0,0,0,0,0,0,0
"51173",5,"48411",77,0,2007,4,"N","Smyth County, Virginia","Private","General freight trucking, local","County, NAICS 5-digit -- by ownership sector","All establishment sizes",3,0,0,0,0,0,0,0
"51173",5,484110,78,0,2007,1,"N","Smyth County, Virginia","Private","General freight trucking, local","County, NAICS 6-digit -- by ownership sector","All establishment sizes",3,0,0,0,0,0,0,0
"51173",5,"484110",78,0,2007,2,"N","Smyth County, Virginia","Private","General freight trucking, local","County, NAICS 6-digit -- by ownership sector","All establishment sizes",3,0,0,0,0,0,0,0
"51173",5,"484110",78,0,2007,3,"N","Smyth County, Virginia","Private","General freight trucking, local","County, NAICS 6-digit -- by ownership sector","All establishment sizes",3,0,0,0,0,0,0,0
"51173",5,"484110",78,0,2007,4,"N","Smyth County, Virginia","Private","General freight trucking, local","County, NAICS 6-digit -- by ownership sector","All establishment sizes",3,0,0,0,0,0,0,0
"51173",5,48412,77,0,2007,1,"N","Smyth County, Virginia","Private","General freight trucking, long-distance","County, NAICS 5-digit -- by ownership sector","All establishment sizes",8,0,0,0,0,0,0,0
"51173",5,"48412",77,0,2007,2,"N","Smyth County, Virginia","Private","General freight trucking, long-distance","County, NAICS 5-digit -- by ownership sector","All establishment sizes",8,0,0,0,0,0,0,0
"51173",5,"48412",77,0,2007,3,"N","Smyth County, Virginia","Private","General freight trucking, long-distance","County, NAICS 5-digit -- by ownership sector","All establishment sizes",8,0,0,0,0,0,0,0
"51173",5,"48412",77,0,2007,4,"N","Smyth County, Virginia","Private","General freight trucking, long-distance","County, NAICS 5-digit -- by ownership sector","All establishment sizes",8,0,0,0,0,0,0,0
"51173",5,484121,78,0,2007,1,"","Smyth County, Virginia","Private","General freight trucking, long-distance TL","County, NAICS 6-digit -- by ownership sector","All establishment sizes",5,51,51,52,461817,352202,4289,692
"51173",5,"484121",78,0,2007,2,"","Smyth County, Virginia","Private","General freight trucking, long-distance TL","County, NAICS 6-digit -- by ownership sector","All establishment sizes",5,51,50,54,497333,68195,1069,740
"51173",5,"484121",78,0,2007,3,"","Smyth County, Virginia","Private","General freight trucking, long-distance TL","County, NAICS 6-digit -- by ownership sector","All establishment sizes",5,52,51,54,516412,36791,582,759
"51173",5,"484121",78,0,2007,4,"","Smyth County, Virginia","Private","General freight trucking, long-distance TL","County, NAICS 6-digit -- by ownership sector","All establishment sizes",5,56,55,54,482819,57854,824,675
"51173",5,484122,78,0,2007,1,"N","Smyth County, Virginia","Private","General freight trucking, long-distance LTL","County, NAICS 6-digit -- by ownership sector","All establishment sizes",3,0,0,0,0,0,0,0
"51173",5,"484122",78,0,2007,2,"N","Smyth County, Virginia","Private","General freight trucking, long-distance LTL","County, NAICS 6-digit -- by ownership sector","All establishment sizes",3,0,0,0,0,0,0,0
"51173",5,"484122",78,0,2007,3,"N","Smyth County, Virginia","Private","General freight trucking, long-distance LTL","County, NAICS 6-digit -- by ownership sector","All establishment sizes",3,0,0,0,0,0,0,0
"51173",5,"484122",78,0,2007,4,"N","Smyth County, Virginia","Private","General freight trucking, long-distance LTL","County, NAICS 6-digit -- by ownership sector","All establishment sizes",3,0,0,0,0,0,0,0
"51173",5,4842,76,0,2007,1,"","Smyth County, Virginia","Private","Specialized freight trucking","County, NAICS 4-digit -- by ownership sector","All establishment sizes",6,61,60,62,467249,358236,5052,589
"51173",5,"4842",76,0,2007,2,"","Smyth County, Virginia","Private","Specialized freight trucking","County, NAICS 4-digit -- by ownership sector","All establishment sizes",6,62,65,66,488772,87757,878,584
"51173",5,"4842",76,0,2007,3,"","Smyth County, Virginia","Private","Specialized freight trucking","County, NAICS 4-digit -- by ownership sector","All establishment sizes",6,61,65,68,515996,70270,985,614
"51173",5,"4842",76,0,2007,4,"","Smyth County, Virginia","Private","Specialized freight trucking","County, NAICS 4-digit -- by ownership sector","All establishment sizes",6,68,62,62,531455,51298,593,639
"51173",5,48422,77,0,2007,1,"N","Smyth County, Virginia","Private","Other specialized trucking, local","County, NAICS 5-digit -- by ownership sector","All establishment sizes",3,0,0,0,0,0,0,0
"51173",5,"48422",77,0,2007,2,"N","Smyth County, Virginia","Private","Other specialized trucking, local","County, NAICS 5-digit -- by ownership sector","All establishment sizes",3,0,0,0,0,0,0,0
"51173",5,"48422",77,0,2007,3,"N","Smyth County, Virginia","Private","Other specialized trucking, local","County, NAICS 5-digit -- by ownership sector","All establishment sizes",3,0,0,0,0,0,0,0
"51173",5,"48422",77,0,2007,4,"N","Smyth County, Virginia","Private","Other specialized trucking, local","County, NAICS 5-digit -- by ownership sector","All establishment sizes",3,0,0,0,0,0,0,0
"51173",5,484220,78,0,2007,1,"N","Smyth County, Virginia","Private","Other specialized trucking, local","County, NAICS 6-digit -- by ownership sector","All establishment sizes",3,0,0,0,0,0,0,0
"51173",5,"484220",78,0,2007,2,"N","Smyth County, Virginia","Private","Other specialized trucking, local","County, NAICS 6-digit -- by ownership sector","All establishment sizes",3,0,0,0,0,0,0,0
"51173",5,"484220",78,0,2007,3,"N","Smyth County, Virginia","Private","Other specialized trucking, local","County, NAICS 6-digit -- by ownership sector","All establishment sizes",3,0,0,0,0,0,0,0
"51173",5,"484220",78,0,2007,4,"N","Smyth County, Virginia","Private","Other specialized trucking, local","County, NAICS 6-digit -- by ownership sector","All establishment sizes",3,0,0,0,0,0,0,0
"51173",5,48423,77,0,2007,1,"N","Smyth County, Virginia","Private","Other specialized trucking, long-distance","County, NAICS 5-digit -- by ownership sector","All establishment sizes",3,0,0,0,0,0,0,0
"51173",5,"48423",77,0,2007,2,"N","Smyth County, Virginia","Private","Other specialized trucking, long-distance","County, NAICS 5-digit -- by ownership sector","All establishment sizes",3,0,0,0,0,0,0,0
"51173",5,"48423",77,0,2007,3,"N","Smyth County, Virginia","Private","Other specialized trucking, long-distance","County, NAICS 5-digit -- by ownership sector","All establishment sizes",3,0,0,0,0,0,0,0
"51173",5,"48423",77,0,2007,4,"N","Smyth County, Virginia","Private","Other specialized trucking, long-distance","County, NAICS 5-digit -- by ownership sector","All establishment sizes",3,0,0,0,0,0,0,0
"51173",5,484230,78,0,2007,1,"N","Smyth County, Virginia","Private","Other specialized trucking, long-distance","County, NAICS 6-digit -- by ownership sector","All establishment sizes",3,0,0,0,0,0,0,0
"51173",5,"484230",78,0,2007,2,"N","Smyth County, Virginia","Private","Other specialized trucking, long-distance","County, NAICS 6-digit -- by ownership sector","All establishment sizes",3,0,0,0,0,0,0,0
"51173",5,"484230",78,0,2007,3,"N","Smyth County, Virginia","Private","Other specialized trucking, long-distance","County, NAICS 6-digit -- by ownership sector","All establishment sizes",3,0,0,0,0,0,0,0
"51173",5,"484230",78,0,2007,4,"N","Smyth County, Virginia","Private","Other specialized trucking, long-distance","County, NAICS 6-digit -- by ownership sector","All establishment sizes",3,0,0,0,0,0,0,0
"51173",5,485,75,0,2007,1,"N","Smyth County, Virginia","Private","Transit and ground passenger transportation","County, NAICS 3-digit -- by ownership sector","All establishment sizes",1,0,0,0,0,0,0,0
"51173",5,"485",75,0,2007,2,"N","Smyth County, Virginia","Private","Transit and ground passenger transportation","County, NAICS 3-digit -- by ownership sector","All establishment sizes",1,0,0,0,0,0,0,0
"51173",5,"485",75,0,2007,3,"N","Smyth County, Virginia","Private","Transit and ground passenger transportation","County, NAICS 3-digit -- by ownership sector","All establishment sizes",1,0,0,0,0,0,0,0
"51173",5,"485",75,0,2007,4,"N","Smyth County, Virginia","Private","Transit and ground passenger transportation","County, NAICS 3-digit -- by ownership sector","All establishment sizes",1,0,0,0,0,0,0,0
"51173",5,4853,76,0,2007,1,"N","Smyth County, Virginia","Private","Taxi and limousine service","County, NAICS 4-digit -- by ownership sector","All establishment sizes",1,0,0,0,0,0,0,0
"51173",5,"4853",76,0,2007,2,"N","Smyth County, Virginia","Private","Taxi and limousine service","County, NAICS 4-digit -- by ownership sector","All establishment sizes",1,0,0,0,0,0,0,0
"51173",5,"4853",76,0,2007,3,"N","Smyth County, Virginia","Private","Taxi and limousine service","County, NAICS 4-digit -- by ownership sector","All establishment sizes",1,0,0,0,0,0,0,0
"51173",5,"4853",76,0,2007,4,"N","Smyth County, Virginia","Private","Taxi and limousine service","County, NAICS 4-digit -- by ownership sector","All establishment sizes",1,0,0,0,0,0,0,0
"51173",5,48531,77,0,2007,1,"N","Smyth County, Virginia","Private","Taxi service","County, NAICS 5-digit -- by ownership sector","All establishment sizes",1,0,0,0,0,0,0,0
"51173",5,"48531",77,0,2007,2,"N","Smyth County, Virginia","Private","Taxi service","County, NAICS 5-digit -- by ownership sector","All establishment sizes",1,0,0,0,0,0,0,0
"51173",5,"48531",77,0,2007,3,"N","Smyth County, Virginia","Private","Taxi service","County, NAICS 5-digit -- by ownership sector","All establishment sizes",1,0,0,0,0,0,0,0
"51173",5,"48531",77,0,2007,4,"N","Smyth County, Virginia","Private","Taxi service","County, NAICS 5-digit -- by ownership sector","All establishment sizes",1,0,0,0,0,0,0,0
"51173",5,485310,78,0,2007,1,"N","Smyth County, Virginia","Private","Taxi service","County, NAICS 6-digit -- by ownership sector","All establishment sizes",1,0,0,0,0,0,0,0
"51173",5,"485310",78,0,2007,2,"N","Smyth County, Virginia","Private","Taxi service","County, NAICS 6-digit -- by ownership sector","All establishment sizes",1,0,0,0,0,0,0,0
"51173",5,"485310",78,0,2007,3,"N","Smyth County, Virginia","Private","Taxi service","County, NAICS 6-digit -- by ownership sector","All establishment sizes",1,0,0,0,0,0,0,0
"51173",5,"485310",78,0,2007,4,"N","Smyth County, Virginia","Private","Taxi service","County, NAICS 6-digit -- by ownership sector","All establishment sizes",1,0,0,0,0,0,0,0
"51173",5,486,75,0,2007,1,"N","Smyth County, Virginia","Private","Pipeline transportation","County, NAICS 3-digit -- by ownership sector","All establishment sizes",3,0,0,0,0,0,0,0
"51173",5,"486",75,0,2007,2,"N","Smyth County, Virginia","Private","Pipeline transportation","County, NAICS 3-digit -- by ownership sector","All establishment sizes",3,0,0,0,0,0,0,0
"51173",5,"486",75,0,2007,3,"N","Smyth County, Virginia","Private","Pipeline transportation","County, NAICS 3-digit -- by ownership sector","All establishment sizes",3,0,0,0,0,0,0,0
"51173",5,"486",75,0,2007,4,"N","Smyth County, Virginia","Private","Pipeline transportation","County, NAICS 3-digit -- by ownership sector","All establishment sizes",3,0,0,0,0,0,0,0
"51173",5,4862,76,0,2007,1,"N","Smyth County, Virginia","Private","Pipeline transportation of natural gas","County, NAICS 4-digit -- by ownership sector","All establishment sizes",3,0,0,0,0,0,0,0
"51173",5,"4862",76,0,2007,2,"N","Smyth County, Virginia","Private","Pipeline transportation of natural gas","County, NAICS 4-digit -- by ownership sector","All establishment sizes",3,0,0,0,0,0,0,0
"51173",5,"4862",76,0,2007,3,"N","Smyth County, Virginia","Private","Pipeline transportation of natural gas","County, NAICS 4-digit -- by ownership sector","All establishment sizes",3,0,0,0,0,0,0,0
"51173",5,"4862",76,0,2007,4,"N","Smyth County, Virginia","Private","Pipeline transportation of natural gas","County, NAICS 4-digit -- by ownership sector","All establishment sizes",3,0,0,0,0,0,0,0
"51173",5,48621,77,0,2007,1,"N","Smyth County, Virginia","Private","Pipeline transportation of natural gas","County, NAICS 5-digit -- by ownership sector","All establishment sizes",3,0,0,0,0,0,0,0
"51173",5,"48621",77,0,2007,2,"N","Smyth County, Virginia","Private","Pipeline transportation of natural gas","County, NAICS 5-digit -- by ownership sector","All establishment sizes",3,0,0,0,0,0,0,0
"51173",5,"48621",77,0,2007,3,"N","Smyth County, Virginia","Private","Pipeline transportation of natural gas","County, NAICS 5-digit -- by ownership sector","All establishment sizes",3,0,0,0,0,0,0,0
"51173",5,"48621",77,0,2007,4,"N","Smyth County, Virginia","Private","Pipeline transportation of natural gas","County, NAICS 5-digit -- by ownership sector","All establishment sizes",3,0,0,0,0,0,0,0
"51173",5,486210,78,0,2007,1,"N","Smyth County, Virginia","Private","Pipeline transportation of natural gas","County, NAICS 6-digit -- by ownership sector","All establishment sizes",3,0,0,0,0,0,0,0
"51173",5,"486210",78,0,2007,2,"N","Smyth County, Virginia","Private","Pipeline transportation of natural gas","County, NAICS 6-digit -- by ownership sector","All establishment sizes",3,0,0,0,0,0,0,0
"51173",5,"486210",78,0,2007,3,"N","Smyth County, Virginia","Private","Pipeline transportation of natural gas","County, NAICS 6-digit -- by ownership sector","All establishment sizes",3,0,0,0,0,0,0,0
"51173",5,"486210",78,0,2007,4,"N","Smyth County, Virginia","Private","Pipeline transportation of natural gas","County, NAICS 6-digit -- by ownership sector","All establishment sizes",3,0,0,0,0,0,0,0
"51173",5,488,75,0,2007,1,"","Smyth County, Virginia","Private","Support activities for transportation","County, NAICS 3-digit -- by ownership sector","All establishment sizes",5,23,24,24,141052,115784,2685,458
"51173",5,"488",75,0,2007,2,"","Smyth County, Virginia","Private","Support activities for transportation","County, NAICS 3-digit -- by ownership sector","All establishment sizes",5,22,21,21,153076,39569,902,552
"51173",5,"488",75,0,2007,3,"","Smyth County, Virginia","Private","Support activities for transportation","County, NAICS 3-digit -- by ownership sector","All establishment sizes",6,22,22,23,145127,26752,731,500
"51173",5,"488",75,0,2007,4,"","Smyth County, Virginia","Private","Support activities for transportation","County, NAICS 3-digit -- by ownership sector","All establishment sizes",6,22,22,22,181534,27395,605,635
"51173",5,4881,76,0,2007,1,"N","Smyth County, Virginia","Private","Support activities for air transportation","County, NAICS 4-digit -- by ownership sector","All establishment sizes",2,0,0,0,0,0,0,0
"51173",5,"4881",76,0,2007,2,"N","Smyth County, Virginia","Private","Support activities for air transportation","County, NAICS 4-digit -- by ownership sector","All establishment sizes",2,0,0,0,0,0,0,0
"51173",5,"4881",76,0,2007,3,"N","Smyth County, Virginia","Private","Support activities for air transportation","County, NAICS 4-digit -- by ownership sector","All establishment sizes",2,0,0,0,0,0,0,0
"51173",5,"4881",76,0,2007,4,"N","Smyth County, Virginia","Private","Support activities for air transportation","County, NAICS 4-digit -- by ownership sector","All establishment sizes",2,0,0,0,0,0,0,0
"51173",5,48811,77,0,2007,1,"N","Smyth County, Virginia","Private","Airport operations","County, NAICS 5-digit -- by ownership sector","All establishment sizes",1,0,0,0,0,0,0,0
"51173",5,"48811",77,0,2007,2,"N","Smyth County, Virginia","Private","Airport operations","County, NAICS 5-digit -- by ownership sector","All establishment sizes",1,0,0,0,0,0,0,0
"51173",5,"48811",77,0,2007,3,"N","Smyth County, Virginia","Private","Airport operations","County, NAICS 5-digit -- by ownership sector","All establishment sizes",1,0,0,0,0,0,0,0
"51173",5,"48811",77,0,2007,4,"N","Smyth County, Virginia","Private","Airport operations","County, NAICS 5-digit -- by ownership sector","All establishment sizes",1,0,0,0,0,0,0,0
"51173",5,488119,78,0,2007,1,"N","Smyth County, Virginia","Private","Other airport operations","County, NAICS 6-digit -- by ownership sector","All establishment sizes",1,0,0,0,0,0,0,0
"51173",5,"488119",78,0,2007,2,"N","Smyth County, Virginia","Private","Other airport operations","County, NAICS 6-digit -- by ownership sector","All establishment sizes",1,0,0,0,0,0,0,0
"51173",5,"488119",78,0,2007,3,"N","Smyth County, Virginia","Private","Other airport operations","County, NAICS 6-digit -- by ownership sector","All establishment sizes",1,0,0,0,0,0,0,0
"51173",5,"488119",78,0,2007,4,"N","Smyth County, Virginia","Private","Other airport operations","County, NAICS 6-digit -- by ownership sector","All establishment sizes",1,0,0,0,0,0,0,0
"51173",5,48819,77,0,2007,1,"N","Smyth County, Virginia","Private","Other support activities for air transport.","County, NAICS 5-digit -- by ownership sector","All establishment sizes",1,0,0,0,0,0,0,0
"51173",5,"48819",77,0,2007,2,"N","Smyth County, Virginia","Private","Other support activities for air transport.","County, NAICS 5-digit -- by ownership sector","All establishment sizes",1,0,0,0,0,0,0,0
"51173",5,"48819",77,0,2007,3,"N","Smyth County, Virginia","Private","Other support activities for air transport.","County, NAICS 5-digit -- by ownership sector","All establishment sizes",1,0,0,0,0,0,0,0
"51173",5,"48819",77,0,2007,4,"N","Smyth County, Virginia","Private","Other support activities for air transport.","County, NAICS 5-digit -- by ownership sector","All establishment sizes",1,0,0,0,0,0,0,0
"51173",5,488190,78,0,2007,1,"N","Smyth County, Virginia","Private","Other support activities for air transport.","County, NAICS 6-digit -- by ownership sector","All establishment sizes",1,0,0,0,0,0,0,0
"51173",5,"488190",78,0,2007,2,"N","Smyth County, Virginia","Private","Other support activities for air transport.","County, NAICS 6-digit -- by ownership sector","All establishment sizes",1,0,0,0,0,0,0,0
"51173",5,"488190",78,0,2007,3,"N","Smyth County, Virginia","Private","Other support activities for air transport.","County, NAICS 6-digit -- by ownership sector","All establishment sizes",1,0,0,0,0,0,0,0
"51173",5,"488190",78,0,2007,4,"N","Smyth County, Virginia","Private","Other support activities for air transport.","County, NAICS 6-digit -- by ownership sector","All establishment sizes",1,0,0,0,0,0,0,0
"51173",5,4884,76,0,2007,1,"N","Smyth County, Virginia","Private","Support activities for road transportation","County, NAICS 4-digit -- by ownership sector","All establishment sizes",2,0,0,0,0,0,0,0
"51173",5,"4884",76,0,2007,2,"N","Smyth County, Virginia","Private","Support activities for road transportation","County, NAICS 4-digit -- by ownership sector","All establishment sizes",2,0,0,0,0,0,0,0
"51173",5,"4884",76,0,2007,3,"N","Smyth County, Virginia","Private","Support activities for road transportation","County, NAICS 4-digit -- by ownership sector","All establishment sizes",2,0,0,0,0,0,0,0
"51173",5,"4884",76,0,2007,4,"N","Smyth County, Virginia","Private","Support activities for road transportation","County, NAICS 4-digit -- by ownership sector","All establishment sizes",2,0,0,0,0,0,0,0
"51173",5,48841,77,0,2007,1,"N","Smyth County, Virginia","Private","Motor vehicle towing","County, NAICS 5-digit -- by ownership sector","All establishment sizes",2,0,0,0,0,0,0,0
"51173",5,"48841",77,0,2007,2,"N","Smyth County, Virginia","Private","Motor vehicle towing","County, NAICS 5-digit -- by ownership sector","All establishment sizes",2,0,0,0,0,0,0,0
"51173",5,"48841",77,0,2007,3,"N","Smyth County, Virginia","Private","Motor vehicle towing","County, NAICS 5-digit -- by ownership sector","All establishment sizes",2,0,0,0,0,0,0,0
"51173",5,"48841",77,0,2007,4,"N","Smyth County, Virginia","Private","Motor vehicle towing","County, NAICS 5-digit -- by ownership sector","All establishment sizes",2,0,0,0,0,0,0,0
"51173",5,488410,78,0,2007,1,"N","Smyth County, Virginia","Private","Motor vehicle towing","County, NAICS 6-digit -- by ownership sector","All establishment sizes",2,0,0,0,0,0,0,0
"51173",5,"488410",78,0,2007,2,"N","Smyth County, Virginia","Private","Motor vehicle towing","County, NAICS 6-digit -- by ownership sector","All establishment sizes",2,0,0,0,0,0,0,0
"51173",5,"488410",78,0,2007,3,"N","Smyth County, Virginia","Private","Motor vehicle towing","County, NAICS 6-digit -- by ownership sector","All establishment sizes",2,0,0,0,0,0,0,0
"51173",5,"488410",78,0,2007,4,"N","Smyth County, Virginia","Private","Motor vehicle towing","County, NAICS 6-digit -- by ownership sector","All establishment sizes",2,0,0,0,0,0,0,0
"51173",5,4885,76,0,2007,1,"-","Smyth County, Virginia","Private","Freight transportation arrangement","County, NAICS 4-digit -- by ownership sector","All establishment sizes",0,0,0,0,0,0,0,0
"51173",5,"4885",76,0,2007,2,"-","Smyth County, Virginia","Private","Freight transportation arrangement","County, NAICS 4-digit -- by ownership sector","All establishment sizes",0,0,0,0,0,0,0,0
"51173",5,"4885",76,0,2007,3,"N","Smyth County, Virginia","Private","Freight transportation arrangement","County, NAICS 4-digit -- by ownership sector","All establishment sizes",1,0,0,0,0,0,0,0
"51173",5,"4885",76,0,2007,4,"N","Smyth County, Virginia","Private","Freight transportation arrangement","County, NAICS 4-digit -- by ownership sector","All establishment sizes",1,0,0,0,0,0,0,0
"51173",5,48851,77,0,2007,1,"-","Smyth County, Virginia","Private","Freight transportation arrangement","County, NAICS 5-digit -- by ownership sector","All establishment sizes",0,0,0,0,0,0,0,0
"51173",5,"48851",77,0,2007,2,"-","Smyth County, Virginia","Private","Freight transportation arrangement","County, NAICS 5-digit -- by ownership sector","All establishment sizes",0,0,0,0,0,0,0,0
"51173",5,"48851",77,0,2007,3,"N","Smyth County, Virginia","Private","Freight transportation arrangement","County, NAICS 5-digit -- by ownership sector","All establishment sizes",1,0,0,0,0,0,0,0
"51173",5,"48851",77,0,2007,4,"N","Smyth County, Virginia","Private","Freight transportation arrangement","County, NAICS 5-digit -- by ownership sector","All establishment sizes",1,0,0,0,0,0,0,0
"51173",5,488510,78,0,2007,1,"-","Smyth County, Virginia","Private","Freight transportation arrangement","County, NAICS 6-digit -- by ownership sector","All establishment sizes",0,0,0,0,0,0,0,0
"51173",5,"488510",78,0,2007,2,"-","Smyth County, Virginia","Private","Freight transportation arrangement","County, NAICS 6-digit -- by ownership sector","All establishment sizes",0,0,0,0,0,0,0,0
"51173",5,"488510",78,0,2007,3,"N","Smyth County, Virginia","Private","Freight transportation arrangement","County, NAICS 6-digit -- by ownership sector","All establishment sizes",1,0,0,0,0,0,0,0
"51173",5,"488510",78,0,2007,4,"N","Smyth County, Virginia","Private","Freight transportation arrangement","County, NAICS 6-digit -- by ownership sector","All establishment sizes",1,0,0,0,0,0,0,0
"51173",5,4889,76,0,2007,1,"N","Smyth County, Virginia","Private","Other support activities for transportation","County, NAICS 4-digit -- by ownership sector","All establishment sizes",1,0,0,0,0,0,0,0
"51173",5,"4889",76,0,2007,2,"N","Smyth County, Virginia","Private","Other support activities for transportation","County, NAICS 4-digit -- by ownership sector","All establishment sizes",1,0,0,0,0,0,0,0
"51173",5,"4889",76,0,2007,3,"N","Smyth County, Virginia","Private","Other support activities for transportation","County, NAICS 4-digit -- by ownership sector","All establishment sizes",1,0,0,0,0,0,0,0
"51173",5,"4889",76,0,2007,4,"N","Smyth County, Virginia","Private","Other support activities for transportation","County, NAICS 4-digit -- by ownership sector","All establishment sizes",1,0,0,0,0,0,0,0
"51173",5,48899,77,0,2007,1,"N","Smyth County, Virginia","Private","Other support activities for transportation","County, NAICS 5-digit -- by ownership sector","All establishment sizes",1,0,0,0,0,0,0,0
"51173",5,"48899",77,0,2007,2,"N","Smyth County, Virginia","Private","Other support activities for transportation","County, NAICS 5-digit -- by ownership sector","All establishment sizes",1,0,0,0,0,0,0,0
"51173",5,"48899",77,0,2007,3,"N","Smyth County, Virginia","Private","Other support activities for transportation","County, NAICS 5-digit -- by ownership sector","All establishment sizes",1,0,0,0,0,0,0,0
"51173",5,"48899",77,0,2007,4,"N","Smyth County, Virginia","Private","Other support activities for transportation","County, NAICS 5-digit -- by ownership sector","All establishment sizes",1,0,0,0,0,0,0,0
"51173",5,488991,78,0,2007,1,"N","Smyth County, Virginia","Private","Packing and crating","County, NAICS 6-digit -- by ownership sector","All establishment sizes",1,0,0,0,0,0,0,0
"51173",5,"488991",78,0,2007,2,"N","Smyth County, Virginia","Private","Packing and crating","County, NAICS 6-digit -- by ownership sector","All establishment sizes",1,0,0,0,0,0,0,0
"51173",5,"488991",78,0,2007,3,"N","Smyth County, Virginia","Private","Packing and crating","County, NAICS 6-digit -- by ownership sector","All establishment sizes",1,0,0,0,0,0,0,0
"51173",5,"488991",78,0,2007,4,"N","Smyth County, Virginia","Private","Packing and crating","County, NAICS 6-digit -- by ownership sector","All establishment sizes",1,0,0,0,0,0,0,0
"51173",5,493,75,0,2007,1,"N","Smyth County, Virginia","Private","Warehousing and storage","County, NAICS 3-digit -- by ownership sector","All establishment sizes",2,0,0,0,0,0,0,0
"51173",5,"493",75,0,2007,2,"N","Smyth County, Virginia","Private","Warehousing and storage","County, NAICS 3-digit -- by ownership sector","All establishment sizes",2,0,0,0,0,0,0,0
"51173",5,"493",75,0,2007,3,"N","Smyth County, Virginia","Private","Warehousing and storage","County, NAICS 3-digit -- by ownership sector","All establishment sizes",2,0,0,0,0,0,0,0
"51173",5,"493",75,0,2007,4,"N","Smyth County, Virginia","Private","Warehousing and storage","County, NAICS 3-digit -- by ownership sector","All establishment sizes",2,0,0,0,0,0,0,0
"51173",5,4931,76,0,2007,1,"N","Smyth County, Virginia","Private","Warehousing and storage","County, NAICS 4-digit -- by ownership sector","All establishment sizes",2,0,0,0,0,0,0,0
"51173",5,"4931",76,0,2007,2,"N","Smyth County, Virginia","Private","Warehousing and storage","County, NAICS 4-digit -- by ownership sector","All establishment sizes",2,0,0,0,0,0,0,0
"51173",5,"4931",76,0,2007,3,"N","Smyth County, Virginia","Private","Warehousing and storage","County, NAICS 4-digit -- by ownership sector","All establishment sizes",2,0,0,0,0,0,0,0
"51173",5,"4931",76,0,2007,4,"N","Smyth County, Virginia","Private","Warehousing and storage","County, NAICS 4-digit -- by ownership sector","All establishment sizes",2,0,0,0,0,0,0,0
"51173",5,49312,77,0,2007,1,"N","Smyth County, Virginia","Private","Refrigerated warehousing and storage","County, NAICS 5-digit -- by ownership sector","All establishment sizes",1,0,0,0,0,0,0,0
"51173",5,"49312",77,0,2007,2,"N","Smyth County, Virginia","Private","Refrigerated warehousing and storage","County, NAICS 5-digit -- by ownership sector","All establishment sizes",1,0,0,0,0,0,0,0
"51173",5,"49312",77,0,2007,3,"N","Smyth County, Virginia","Private","Refrigerated warehousing and storage","County, NAICS 5-digit -- by ownership sector","All establishment sizes",1,0,0,0,0,0,0,0
"51173",5,"49312",77,0,2007,4,"N","Smyth County, Virginia","Private","Refrigerated warehousing and storage","County, NAICS 5-digit -- by ownership sector","All establishment sizes",1,0,0,0,0,0,0,0
"51173",5,493120,78,0,2007,1,"N","Smyth County, Virginia","Private","Refrigerated warehousing and storage","County, NAICS 6-digit -- by ownership sector","All establishment sizes",1,0,0,0,0,0,0,0
"51173",5,"493120",78,0,2007,2,"N","Smyth County, Virginia","Private","Refrigerated warehousing and storage","County, NAICS 6-digit -- by ownership sector","All establishment sizes",1,0,0,0,0,0,0,0
"51173",5,"493120",78,0,2007,3,"N","Smyth County, Virginia","Private","Refrigerated warehousing and storage","County, NAICS 6-digit -- by ownership sector","All establishment sizes",1,0,0,0,0,0,0,0
"51173",5,"493120",78,0,2007,4,"N","Smyth County, Virginia","Private","Refrigerated warehousing and storage","County, NAICS 6-digit -- by ownership sector","All establishment sizes",1,0,0,0,0,0,0,0
"51173",5,49319,77,0,2007,1,"N","Smyth County, Virginia","Private","Other warehousing and storage","County, NAICS 5-digit -- by ownership sector","All establishment sizes",1,0,0,0,0,0,0,0
"51173",5,"49319",77,0,2007,2,"N","Smyth County, Virginia","Private","Other warehousing and storage","County, NAICS 5-digit -- by ownership sector","All establishment sizes",1,0,0,0,0,0,0,0
"51173",5,"49319",77,0,2007,3,"N","Smyth County, Virginia","Private","Other warehousing and storage","County, NAICS 5-digit -- by ownership sector","All establishment sizes",1,0,0,0,0,0,0,0
"51173",5,"49319",77,0,2007,4,"N","Smyth County, Virginia","Private","Other warehousing and storage","County, NAICS 5-digit -- by ownership sector","All establishment sizes",1,0,0,0,0,0,0,0
"51173",5,493190,78,0,2007,1,"N","Smyth County, Virginia","Private","Other warehousing and storage","County, NAICS 6-digit -- by ownership sector","All establishment sizes",1,0,0,0,0,0,0,0
"51173",5,"493190",78,0,2007,2,"N","Smyth County, Virginia","Private","Other warehousing and storage","County, NAICS 6-digit -- by ownership sector","All establishment sizes",1,0,0,0,0,0,0,0
"51173",5,"493190",78,0,2007,3,"N","Smyth County, Virginia","Private","Other warehousing and storage","County, NAICS 6-digit -- by ownership sector","All establishment sizes",1,0,0,0,0,0,0,0
"51173",5,"493190",78,0,2007,4,"N","Smyth County, Virginia","Private","Other warehousing and storage","County, NAICS 6-digit -- by ownership sector","All establishment sizes",1,0,0,0,0,0,0,0
"51173",5,51,74,0,2007,1,"","Smyth County, Virginia","Private","Information","County, NAICS Sector -- by ownership sector","All establishment sizes",13,67,67,73,604288,386363,6172,674
"51173",5,"51",74,0,2007,2,"","Smyth County, Virginia","Private","Information","County, NAICS Sector -- by ownership sector","All establishment sizes",13,71,69,71,587665,76778,2279,643
"51173",5,"51",74,0,2007,3,"","Smyth County, Virginia","Private","Information","County, NAICS Sector -- by ownership sector","All establishment sizes",13,72,69,69,578047,43956,1131,635
"51173",5,"51",74,0,2007,4,"","Smyth County, Virginia","Private","Information","County, NAICS Sector -- by ownership sector","All establishment sizes",14,69,69,68,632889,20945,497,709
"51173",5,511,75,0,2007,1,"","Smyth County, Virginia","Private","Publishing industries, except Internet","County, NAICS 3-digit -- by ownership sector","All establishment sizes",3,18,17,24,101282,80593,949,396
"51173",5,"511",75,0,2007,2,"","Smyth County, Virginia","Private","Publishing industries, except Internet","County, NAICS 3-digit -- by ownership sector","All establishment sizes",3,17,15,17,92119,33645,453,434
"51173",5,"511",75,0,2007,3,"","Smyth County, Virginia","Private","Publishing industries, except Internet","County, NAICS 3-digit -- by ownership sector","All establishment sizes",3,17,17,17,97662,14728,167,442
"51173",5,"511",75,0,2007,4,"","Smyth County, Virginia","Private","Publishing industries, except Internet","County, NAICS 3-digit -- by ownership sector","All establishment sizes",3,17,18,17,127032,2825,22,564
"51173",5,5111,76,0,2007,1,"","Smyth County, Virginia","Private","Newspaper, book, and directory publishers","County, NAICS 4-digit -- by ownership sector","All establishment sizes",3,18,17,24,101282,80593,949,396
"51173",5,"5111",76,0,2007,2,"","Smyth County, Virginia","Private","Newspaper, book, and directory publishers","County, NAICS 4-digit -- by ownership sector","All establishment sizes",3,17,15,17,92119,33645,453,434
"51173",5,"5111",76,0,2007,3,"","Smyth County, Virginia","Private","Newspaper, book, and directory publishers","County, NAICS 4-digit -- by ownership sector","All establishment sizes",3,17,17,17,97662,14728,167,442
"51173",5,"5111",76,0,2007,4,"","Smyth County, Virginia","Private","Newspaper, book, and directory publishers","County, NAICS 4-digit -- by ownership sector","All establishment sizes",3,17,18,17,127032,2825,22,564
"51173",5,51111,77,0,2007,1,"N","Smyth County, Virginia","Private","Newspaper publishers","County, NAICS 5-digit -- by ownership sector","All establishment sizes",2,0,0,0,0,0,0,0
"51173",5,"51111",77,0,2007,2,"N","Smyth County, Virginia","Private","Newspaper publishers","County, NAICS 5-digit -- by ownership sector","All establishment sizes",2,0,0,0,0,0,0,0
"51173",5,"51111",77,0,2007,3,"N","Smyth County, Virginia","Private","Newspaper publishers","County, NAICS 5-digit -- by ownership sector","All establishment sizes",2,0,0,0,0,0,0,0
"51173",5,"51111",77,0,2007,4,"N","Smyth County, Virginia","Private","Newspaper publishers","County, NAICS 5-digit -- by ownership sector","All establishment sizes",2,0,0,0,0,0,0,0
"51173",5,511110,78,0,2007,1,"N","Smyth County, Virginia","Private","Newspaper publishers","County, NAICS 6-digit -- by ownership sector","All establishment sizes",2,0,0,0,0,0,0,0
"51173",5,"511110",78,0,2007,2,"N","Smyth County, Virginia","Private","Newspaper publishers","County, NAICS 6-digit -- by ownership sector","All establishment sizes",2,0,0,0,0,0,0,0
"51173",5,"511110",78,0,2007,3,"N","Smyth County, Virginia","Private","Newspaper publishers","County, NAICS 6-digit -- by ownership sector","All establishment sizes",2,0,0,0,0,0,0,0
"51173",5,"511110",78,0,2007,4,"N","Smyth County, Virginia","Private","Newspaper publishers","County, NAICS 6-digit -- by ownership sector","All establishment sizes",2,0,0,0,0,0,0,0
"51173",5,51112,77,0,2007,1,"N","Smyth County, Virginia","Private","Periodical publishers","County, NAICS 5-digit -- by ownership sector","All establishment sizes",1,0,0,0,0,0,0,0
"51173",5,"51112",77,0,2007,2,"N","Smyth County, Virginia","Private","Periodical publishers","County, NAICS 5-digit -- by ownership sector","All establishment sizes",1,0,0,0,0,0,0,0
"51173",5,"51112",77,0,2007,3,"N","Smyth County, Virginia","Private","Periodical publishers","County, NAICS 5-digit -- by ownership sector","All establishment sizes",1,0,0,0,0,0,0,0
"51173",5,"51112",77,0,2007,4,"N","Smyth County, Virginia","Private","Periodical publishers","County, NAICS 5-digit -- by ownership sector","All establishment sizes",1,0,0,0,0,0,0,0
"51173",5,511120,78,0,2007,1,"N","Smyth County, Virginia","Private","Periodical publishers","County, NAICS 6-digit -- by ownership sector","All establishment sizes",1,0,0,0,0,0,0,0
"51173",5,"511120",78,0,2007,2,"N","Smyth County, Virginia","Private","Periodical publishers","County, NAICS 6-digit -- by ownership sector","All establishment sizes",1,0,0,0,0,0,0,0
"51173",5,"511120",78,0,2007,3,"N","Smyth County, Virginia","Private","Periodical publishers","County, NAICS 6-digit -- by ownership sector","All establishment sizes",1,0,0,0,0,0,0,0
"51173",5,"511120",78,0,2007,4,"N","Smyth County, Virginia","Private","Periodical publishers","County, NAICS 6-digit -- by ownership sector","All establishment sizes",1,0,0,0,0,0,0,0
"51173",5,512,75,0,2007,1,"N","Smyth County, Virginia","Private","Motion picture and sound recording industries","County, NAICS 3-digit -- by ownership sector","All establishment sizes",1,0,0,0,0,0,0,0
"51173",5,"512",75,0,2007,2,"N","Smyth County, Virginia","Private","Motion picture and sound recording industries","County, NAICS 3-digit -- by ownership sector","All establishment sizes",1,0,0,0,0,0,0,0
"51173",5,"512",75,0,2007,3,"N","Smyth County, Virginia","Private","Motion picture and sound recording industries","County, NAICS 3-digit -- by ownership sector","All establishment sizes",1,0,0,0,0,0,0,0
"51173",5,"512",75,0,2007,4,"N","Smyth County, Virginia","Private","Motion picture and sound recording industries","County, NAICS 3-digit -- by ownership sector","All establishment sizes",1,0,0,0,0,0,0,0
"51173",5,5121,76,0,2007,1,"N","Smyth County, Virginia","Private","Motion picture and video industries","County, NAICS 4-digit -- by ownership sector","All establishment sizes",1,0,0,0,0,0,0,0
"51173",5,"5121",76,0,2007,2,"N","Smyth County, Virginia","Private","Motion picture and video industries","County, NAICS 4-digit -- by ownership sector","All establishment sizes",1,0,0,0,0,0,0,0
"51173",5,"5121",76,0,2007,3,"N","Smyth County, Virginia","Private","Motion picture and video industries","County, NAICS 4-digit -- by ownership sector","All establishment sizes",1,0,0,0,0,0,0,0
"51173",5,"5121",76,0,2007,4,"N","Smyth County, Virginia","Private","Motion picture and video industries","County, NAICS 4-digit -- by ownership sector","All establishment sizes",1,0,0,0,0,0,0,0
"51173",5,51213,77,0,2007,1,"N","Smyth County, Virginia","Private","Motion picture and video exhibition","County, NAICS 5-digit -- by ownership sector","All establishment sizes",1,0,0,0,0,0,0,0
"51173",5,"51213",77,0,2007,2,"N","Smyth County, Virginia","Private","Motion picture and video exhibition","County, NAICS 5-digit -- by ownership sector","All establishment sizes",1,0,0,0,0,0,0,0
"51173",5,"51213",77,0,2007,3,"N","Smyth County, Virginia","Private","Motion picture and video exhibition","County, NAICS 5-digit -- by ownership sector","All establishment sizes",1,0,0,0,0,0,0,0
"51173",5,"51213",77,0,2007,4,"N","Smyth County, Virginia","Private","Motion picture and video exhibition","County, NAICS 5-digit -- by ownership sector","All establishment sizes",1,0,0,0,0,0,0,0
"51173",5,512131,78,0,2007,1,"N","Smyth County, Virginia","Private","Motion picture theaters, except drive-ins","County, NAICS 6-digit -- by ownership sector","All establishment sizes",1,0,0,0,0,0,0,0
"51173",5,"512131",78,0,2007,2,"N","Smyth County, Virginia","Private","Motion picture theaters, except drive-ins","County, NAICS 6-digit -- by ownership sector","All establishment sizes",1,0,0,0,0,0,0,0
"51173",5,"512131",78,0,2007,3,"N","Smyth County, Virginia","Private","Motion picture theaters, except drive-ins","County, NAICS 6-digit -- by ownership sector","All establishment sizes",1,0,0,0,0,0,0,0
"51173",5,"512131",78,0,2007,4,"N","Smyth County, Virginia","Private","Motion picture theaters, except drive-ins","County, NAICS 6-digit -- by ownership sector","All establishment sizes",1,0,0,0,0,0,0,0
"51173",5,515,75,0,2007,1,"N","Smyth County, Virginia","Private","Broadcasting, except Internet","County, NAICS 3-digit -- by ownership sector","All establishment sizes",2,0,0,0,0,0,0,0
"51173",5,"515",75,0,2007,2,"N","Smyth County, Virginia","Private","Broadcasting, except Internet","County, NAICS 3-digit -- by ownership sector","All establishment sizes",2,0,0,0,0,0,0,0
"51173",5,"515",75,0,2007,3,"N","Smyth County, Virginia","Private","Broadcasting, except Internet","County, NAICS 3-digit -- by ownership sector","All establishment sizes",2,0,0,0,0,0,0,0
"51173",5,"515",75,0,2007,4,"N","Smyth County, Virginia","Private","Broadcasting, except Internet","County, NAICS 3-digit -- by ownership sector","All establishment sizes",2,0,0,0,0,0,0,0
"51173",5,5151,76,0,2007,1,"N","Smyth County, Virginia","Private","Radio and television broadcasting","County, NAICS 4-digit -- by ownership sector","All establishment sizes",2,0,0,0,0,0,0,0
"51173",5,"5151",76,0,2007,2,"N","Smyth County, Virginia","Private","Radio and television broadcasting","County, NAICS 4-digit -- by ownership sector","All establishment sizes",2,0,0,0,0,0,0,0
"51173",5,"5151",76,0,2007,3,"N","Smyth County, Virginia","Private","Radio and television broadcasting","County, NAICS 4-digit -- by ownership sector","All establishment sizes",2,0,0,0,0,0,0,0
"51173",5,"5151",76,0,2007,4,"N","Smyth County, Virginia","Private","Radio and television broadcasting","County, NAICS 4-digit -- by ownership sector","All establishment sizes",2,0,0,0,0,0,0,0
"51173",5,51511,77,0,2007,1,"N","Smyth County, Virginia","Private","Radio broadcasting","County, NAICS 5-digit -- by ownership sector","All establishment sizes",2,0,0,0,0,0,0,0
"51173",5,"51511",77,0,2007,2,"N","Smyth County, Virginia","Private","Radio broadcasting","County, NAICS 5-digit -- by ownership sector","All establishment sizes",2,0,0,0,0,0,0,0
"51173",5,"51511",77,0,2007,3,"N","Smyth County, Virginia","Private","Radio broadcasting","County, NAICS 5-digit -- by ownership sector","All establishment sizes",2,0,0,0,0,0,0,0
"51173",5,"51511",77,0,2007,4,"N","Smyth County, Virginia","Private","Radio broadcasting","County, NAICS 5-digit -- by ownership sector","All establishment sizes",2,0,0,0,0,0,0,0
"51173",5,515112,78,0,2007,1,"N","Smyth County, Virginia","Private","Radio stations","County, NAICS 6-digit -- by ownership sector","All establishment sizes",2,0,0,0,0,0,0,0
"51173",5,"515112",78,0,2007,2,"N","Smyth County, Virginia","Private","Radio stations","County, NAICS 6-digit -- by ownership sector","All establishment sizes",2,0,0,0,0,0,0,0
"51173",5,"515112",78,0,2007,3,"N","Smyth County, Virginia","Private","Radio stations","County, NAICS 6-digit -- by ownership sector","All establishment sizes",2,0,0,0,0,0,0,0
"51173",5,"515112",78,0,2007,4,"N","Smyth County, Virginia","Private","Radio stations","County, NAICS 6-digit -- by ownership sector","All establishment sizes",2,0,0,0,0,0,0,0
"51173",5,517,75,0,2007,1,"","Smyth County, Virginia","Private","Telecommunications","County, NAICS 3-digit -- by ownership sector","All establishment sizes",5,30,31,31,370960,207823,1958,931
"51173",5,"517",75,0,2007,2,"","Smyth County, Virginia","Private","Telecommunications","County, NAICS 3-digit -- by ownership sector","All establishment sizes",5,31,31,31,349547,7783,40,867
"51173",5,"517",75,0,2007,3,"","Smyth County, Virginia","Private","Telecommunications","County, NAICS 3-digit -- by ownership sector","All establishment sizes",5,31,31,31,328595,8567,34,815
"51173",5,"517",75,0,2007,4,"","Smyth County, Virginia","Private","Telecommunications","County, NAICS 3-digit -- by ownership sector","All establishment sizes",5,30,30,29,345858,4038,19,897
"51173",5,5171,76,0,2007,1,"N","Smyth County, Virginia","Private","Wired telecommunications carriers","County, NAICS 4-digit -- by ownership sector","All establishment sizes",3,0,0,0,0,0,0,0
"51173",5,"5171",76,0,2007,2,"N","Smyth County, Virginia","Private","Wired telecommunications carriers","County, NAICS 4-digit -- by ownership sector","All establishment sizes",3,0,0,0,0,0,0,0
"51173",5,"5171",76,0,2007,3,"N","Smyth County, Virginia","Private","Wired telecommunications carriers","County, NAICS 4-digit -- by ownership sector","All establishment sizes",3,0,0,0,0,0,0,0
"51173",5,"5171",76,0,2007,4,"N","Smyth County, Virginia","Private","Wired telecommunications carriers","County, NAICS 4-digit -- by ownership sector","All establishment sizes",3,0,0,0,0,0,0,0
"51173",5,51711,77,0,2007,1,"N","Smyth County, Virginia","Private","Wired telecommunications carriers","County, NAICS 5-digit -- by ownership sector","All establishment sizes",3,0,0,0,0,0,0,0
"51173",5,"51711",77,0,2007,2,"N","Smyth County, Virginia","Private","Wired telecommunications carriers","County, NAICS 5-digit -- by ownership sector","All establishment sizes",3,0,0,0,0,0,0,0
"51173",5,"51711",77,0,2007,3,"N","Smyth County, Virginia","Private","Wired telecommunications carriers","County, NAICS 5-digit -- by ownership sector","All establishment sizes",3,0,0,0,0,0,0,0
"51173",5,"51711",77,0,2007,4,"N","Smyth County, Virginia","Private","Wired telecommunications carriers","County, NAICS 5-digit -- by ownership sector","All establishment sizes",3,0,0,0,0,0,0,0
"51173",5,517110,78,0,2007,1,"N","Smyth County, Virginia","Private","Wired telecommunications carriers","County, NAICS 6-digit -- by ownership sector","All establishment sizes",3,0,0,0,0,0,0,0
"51173",5,"517110",78,0,2007,2,"N","Smyth County, Virginia","Private","Wired telecommunications carriers","County, NAICS 6-digit -- by ownership sector","All establishment sizes",3,0,0,0,0,0,0,0
"51173",5,"517110",78,0,2007,3,"N","Smyth County, Virginia","Private","Wired telecommunications carriers","County, NAICS 6-digit -- by ownership sector","All establishment sizes",3,0,0,0,0,0,0,0
"51173",5,"517110",78,0,2007,4,"N","Smyth County, Virginia","Private","Wired telecommunications carriers","County, NAICS 6-digit -- by ownership sector","All establishment sizes",3,0,0,0,0,0,0,0
"51173",5,5179,76,0,2007,1,"N","Smyth County, Virginia","Private","Other telecommunications","County, NAICS 4-digit -- by ownership sector","All establishment sizes",2,0,0,0,0,0,0,0
"51173",5,"5179",76,0,2007,2,"N","Smyth County, Virginia","Private","Other telecommunications","County, NAICS 4-digit -- by ownership sector","All establishment sizes",2,0,0,0,0,0,0,0
"51173",5,"5179",76,0,2007,3,"N","Smyth County, Virginia","Private","Other telecommunications","County, NAICS 4-digit -- by ownership sector","All establishment sizes",2,0,0,0,0,0,0,0
"51173",5,"5179",76,0,2007,4,"N","Smyth County, Virginia","Private","Other telecommunications","County, NAICS 4-digit -- by ownership sector","All establishment sizes",2,0,0,0,0,0,0,0
"51173",5,51791,77,0,2007,1,"N","Smyth County, Virginia","Private","Other telecommunications","County, NAICS 5-digit -- by ownership sector","All establishment sizes",2,0,0,0,0,0,0,0
"51173",5,"51791",77,0,2007,2,"N","Smyth County, Virginia","Private","Other telecommunications","County, NAICS 5-digit -- by ownership sector","All establishment sizes",2,0,0,0,0,0,0,0
"51173",5,"51791",77,0,2007,3,"N","Smyth County, Virginia","Private","Other telecommunications","County, NAICS 5-digit -- by ownership sector","All establishment sizes",2,0,0,0,0,0,0,0
"51173",5,"51791",77,0,2007,4,"N","Smyth County, Virginia","Private","Other telecommunications","County, NAICS 5-digit -- by ownership sector","All establishment sizes",2,0,0,0,0,0,0,0
"51173",5,517911,78,0,2007,1,"N","Smyth County, Virginia","Private","Telecommunications resellers","County, NAICS 6-digit -- by ownership sector","All establishment sizes",1,0,0,0,0,0,0,0
"51173",5,"517911",78,0,2007,2,"N","Smyth County, Virginia","Private","Telecommunications resellers","County, NAICS 6-digit -- by ownership sector","All establishment sizes",1,0,0,0,0,0,0,0
"51173",5,"517911",78,0,2007,3,"N","Smyth County, Virginia","Private","Telecommunications resellers","County, NAICS 6-digit -- by ownership sector","All establishment sizes",1,0,0,0,0,0,0,0
"51173",5,"517911",78,0,2007,4,"N","Smyth County, Virginia","Private","Telecommunications resellers","County, NAICS 6-digit -- by ownership sector","All establishment sizes",1,0,0,0,0,0,0,0
"51173",5,517919,78,0,2007,1,"N","Smyth County, Virginia","Private","All other telecommunications","County, NAICS 6-digit -- by ownership sector","All establishment sizes",1,0,0,0,0,0,0,0
"51173",5,"517919",78,0,2007,2,"N","Smyth County, Virginia","Private","All other telecommunications","County, NAICS 6-digit -- by ownership sector","All establishment sizes",1,0,0,0,0,0,0,0
"51173",5,"517919",78,0,2007,3,"N","Smyth County, Virginia","Private","All other telecommunications","County, NAICS 6-digit -- by ownership sector","All establishment sizes",1,0,0,0,0,0,0,0
"51173",5,"517919",78,0,2007,4,"N","Smyth County, Virginia","Private","All other telecommunications","County, NAICS 6-digit -- by ownership sector","All establishment sizes",1,0,0,0,0,0,0,0
"51173",5,518,75,0,2007,1,"N","Smyth County, Virginia","Private","Data processing, hosting and related services","County, NAICS 3-digit -- by ownership sector","All establishment sizes",2,0,0,0,0,0,0,0
"51173",5,"518",75,0,2007,2,"N","Smyth County, Virginia","Private","Data processing, hosting and related services","County, NAICS 3-digit -- by ownership sector","All establishment sizes",2,0,0,0,0,0,0,0
"51173",5,"518",75,0,2007,3,"N","Smyth County, Virginia","Private","Data processing, hosting and related services","County, NAICS 3-digit -- by ownership sector","All establishment sizes",2,0,0,0,0,0,0,0
"51173",5,"518",75,0,2007,4,"N","Smyth County, Virginia","Private","Data processing, hosting and related services","County, NAICS 3-digit -- by ownership sector","All establishment sizes",2,0,0,0,0,0,0,0
"51173",5,5182,76,0,2007,1,"N","Smyth County, Virginia","Private","Data processing, hosting and related services","County, NAICS 4-digit -- by ownership sector","All establishment sizes",2,0,0,0,0,0,0,0
"51173",5,"5182",76,0,2007,2,"N","Smyth County, Virginia","Private","Data processing, hosting and related services","County, NAICS 4-digit -- by ownership sector","All establishment sizes",2,0,0,0,0,0,0,0
"51173",5,"5182",76,0,2007,3,"N","Smyth County, Virginia","Private","Data processing, hosting and related services","County, NAICS 4-digit -- by ownership sector","All establishment sizes",2,0,0,0,0,0,0,0
"51173",5,"5182",76,0,2007,4,"N","Smyth County, Virginia","Private","Data processing, hosting and related services","County, NAICS 4-digit -- by ownership sector","All establishment sizes",2,0,0,0,0,0,0,0
"51173",5,51821,77,0,2007,1,"N","Smyth County, Virginia","Private","Data processing, hosting and related services","County, NAICS 5-digit -- by ownership sector","All establishment sizes",2,0,0,0,0,0,0,0
"51173",5,"51821",77,0,2007,2,"N","Smyth County, Virginia","Private","Data processing, hosting and related services","County, NAICS 5-digit -- by ownership sector","All establishment sizes",2,0,0,0,0,0,0,0
"51173",5,"51821",77,0,2007,3,"N","Smyth County, Virginia","Private","Data processing, hosting and related services","County, NAICS 5-digit -- by ownership sector","All establishment sizes",2,0,0,0,0,0,0,0
"51173",5,"51821",77,0,2007,4,"N","Smyth County, Virginia","Private","Data processing, hosting and related services","County, NAICS 5-digit -- by ownership sector","All establishment sizes",2,0,0,0,0,0,0,0
"51173",5,518210,78,0,2007,1,"N","Smyth County, Virginia","Private","Data processing, hosting and related services","County, NAICS 6-digit -- by ownership sector","All establishment sizes",2,0,0,0,0,0,0,0
"51173",5,"518210",78,0,2007,2,"N","Smyth County, Virginia","Private","Data processing, hosting and related services","County, NAICS 6-digit -- by ownership sector","All establishment sizes",2,0,0,0,0,0,0,0
"51173",5,"518210",78,0,2007,3,"N","Smyth County, Virginia","Private","Data processing, hosting and related services","County, NAICS 6-digit -- by ownership sector","All establishment sizes",2,0,0,0,0,0,0,0
"51173",5,"518210",78,0,2007,4,"N","Smyth County, Virginia","Private","Data processing, hosting and related services","County, NAICS 6-digit -- by ownership sector","All establishment sizes",2,0,0,0,0,0,0,0
"51173",5,519,75,0,2007,1,"-","Smyth County, Virginia","Private","Other information services","County, NAICS 3-digit -- by ownership sector","All establishment sizes",0,0,0,0,0,0,0,0
"51173",5,"519",75,0,2007,2,"-","Smyth County, Virginia","Private","Other information services","County, NAICS 3-digit -- by ownership sector","All establishment sizes",0,0,0,0,0,0,0,0
"51173",5,"519",75,0,2007,3,"-","Smyth County, Virginia","Private","Other information services","County, NAICS 3-digit -- by ownership sector","All establishment sizes",0,0,0,0,0,0,0,0
"51173",5,"519",75,0,2007,4,"N","Smyth County, Virginia","Private","Other information services","County, NAICS 3-digit -- by ownership sector","All establishment sizes",1,0,0,0,0,0,0,0
"51173",5,5191,76,0,2007,1,"-","Smyth County, Virginia","Private","Other information services","County, NAICS 4-digit -- by ownership sector","All establishment sizes",0,0,0,0,0,0,0,0
"51173",5,"5191",76,0,2007,2,"-","Smyth County, Virginia","Private","Other information services","County, NAICS 4-digit -- by ownership sector","All establishment sizes",0,0,0,0,0,0,0,0
"51173",5,"5191",76,0,2007,3,"-","Smyth County, Virginia","Private","Other information services","County, NAICS 4-digit -- by ownership sector","All establishment sizes",0,0,0,0,0,0,0,0
"51173",5,"5191",76,0,2007,4,"N","Smyth County, Virginia","Private","Other information services","County, NAICS 4-digit -- by ownership sector","All establishment sizes",1,0,0,0,0,0,0,0
"51173",5,51913,77,0,2007,1,"-","Smyth County, Virginia","Private","Internet publishing and web search portals","County, NAICS 5-digit -- by ownership sector","All establishment sizes",0,0,0,0,0,0,0,0
"51173",5,"51913",77,0,2007,2,"-","Smyth County, Virginia","Private","Internet publishing and web search portals","County, NAICS 5-digit -- by ownership sector","All establishment sizes",0,0,0,0,0,0,0,0
"51173",5,"51913",77,0,2007,3,"-","Smyth County, Virginia","Private","Internet publishing and web search portals","County, NAICS 5-digit -- by ownership sector","All establishment sizes",0,0,0,0,0,0,0,0
"51173",5,"51913",77,0,2007,4,"N","Smyth County, Virginia","Private","Internet publishing and web search portals","County, NAICS 5-digit -- by ownership sector","All establishment sizes",1,0,0,0,0,0,0,0
"51173",5,519130,78,0,2007,1,"-","Smyth County, Virginia","Private","Internet publishing and web search portals","County, NAICS 6-digit -- by ownership sector","All establishment sizes",0,0,0,0,0,0,0,0
"51173",5,"519130",78,0,2007,2,"-","Smyth County, Virginia","Private","Internet publishing and web search portals","County, NAICS 6-digit -- by ownership sector","All establishment sizes",0,0,0,0,0,0,0,0
"51173",5,"519130",78,0,2007,3,"-","Smyth County, Virginia","Private","Internet publishing and web search portals","County, NAICS 6-digit -- by ownership sector","All establishment sizes",0,0,0,0,0,0,0,0
"51173",5,"519130",78,0,2007,4,"N","Smyth County, Virginia","Private","Internet publishing and web search portals","County, NAICS 6-digit -- by ownership sector","All establishment sizes",1,0,0,0,0,0,0,0
"51173",5,52,74,0,2007,1,"","Smyth County, Virginia","Private","Finance and insurance","County, NAICS Sector -- by ownership sector","All establishment sizes",37,176,171,175,1412778,903362,9706,625
"51173",5,"52",74,0,2007,2,"","Smyth County, Virginia","Private","Finance and insurance","County, NAICS Sector -- by ownership sector","All establishment sizes",40,171,172,181,1294900,227059,2462,570
"51173",5,"52",74,0,2007,3,"","Smyth County, Virginia","Private","Finance and insurance","County, NAICS Sector -- by ownership sector","All establishment sizes",39,176,184,177,1301572,89296,912,559
"51173",5,"52",74,0,2007,4,"","Smyth County, Virginia","Private","Finance and insurance","County, NAICS Sector -- by ownership sector","All establishment sizes",39,186,186,187,1491183,96895,972,616
"51173",5,522,75,0,2007,1,"","Smyth County, Virginia","Private","Credit intermediation and related activities","County, NAICS 3-digit -- by ownership sector","All establishment sizes",18,111,108,112,784493,540598,7993,547
"51173",5,"522",75,0,2007,2,"","Smyth County, Virginia","Private","Credit intermediation and related activities","County, NAICS 3-digit -- by ownership sector","All establishment sizes",19,112,115,121,770448,156638,1925,511
"51173",5,"522",75,0,2007,3,"","Smyth County, Virginia","Private","Credit intermediation and related activities","County, NAICS 3-digit -- by ownership sector","All establishment sizes",19,120,123,121,817963,62128,850,519
"51173",5,"522",75,0,2007,4,"","Smyth County, Virginia","Private","Credit intermediation and related activities","County, NAICS 3-digit -- by ownership sector","All establishment sizes",19,121,118,118,900326,49416,878,582
"51173",5,5221,76,0,2007,1,"","Smyth County, Virginia","Private","Depository credit intermediation","County, NAICS 4-digit -- by ownership sector","All establishment sizes",13,97,95,97,685039,448944,3876,547
"51173",5,"5221",76,0,2007,2,"","Smyth County, Virginia","Private","Depository credit intermediation","County, NAICS 4-digit -- by ownership sector","All establishment sizes",14,97,100,106,670415,129583,861,511
"51173",5,"5221",76,0,2007,3,"","Smyth County, Virginia","Private","Depository credit intermediation","County, NAICS 4-digit -- by ownership sector","All establishment sizes",14,104,107,106,705421,48716,367,514
"51173",5,"5221",76,0,2007,4,"","Smyth County, Virginia","Private","Depository credit intermediation","County, NAICS 4-digit -- by ownership sector","All establishment sizes",14,106,103,103,793963,33948,303,587
"51173",5,52211,77,0,2007,1,"N","Smyth County, Virginia","Private","Commercial banking","County, NAICS 5-digit -- by ownership sector","All establishment sizes",12,0,0,0,0,0,0,0
"51173",5,"52211",77,0,2007,2,"N","Smyth County, Virginia","Private","Commercial banking","County, NAICS 5-digit -- by ownership sector","All establishment sizes",13,0,0,0,0,0,0,0
"51173",5,"52211",77,0,2007,3,"N","Smyth County, Virginia","Private","Commercial banking","County, NAICS 5-digit -- by ownership sector","All establishment sizes",13,0,0,0,0,0,0,0
"51173",5,"52211",77,0,2007,4,"N","Smyth County, Virginia","Private","Commercial banking","County, NAICS 5-digit -- by ownership sector","All establishment sizes",13,0,0,0,0,0,0,0
"51173",5,522110,78,0,2007,1,"N","Smyth County, Virginia","Private","Commercial banking","County, NAICS 6-digit -- by ownership sector","All establishment sizes",12,0,0,0,0,0,0,0
"51173",5,"522110",78,0,2007,2,"N","Smyth County, Virginia","Private","Commercial banking","County, NAICS 6-digit -- by ownership sector","All establishment sizes",13,0,0,0,0,0,0,0
"51173",5,"522110",78,0,2007,3,"N","Smyth County, Virginia","Private","Commercial banking","County, NAICS 6-digit -- by ownership sector","All establishment sizes",13,0,0,0,0,0,0,0
"51173",5,"522110",78,0,2007,4,"N","Smyth County, Virginia","Private","Commercial banking","County, NAICS 6-digit -- by ownership sector","All establishment sizes",13,0,0,0,0,0,0,0
"51173",5,52213,77,0,2007,1,"N","Smyth County, Virginia","Private","Credit unions","County, NAICS 5-digit -- by ownership sector","All establishment sizes",1,0,0,0,0,0,0,0
"51173",5,"52213",77,0,2007,2,"N","Smyth County, Virginia","Private","Credit unions","County, NAICS 5-digit -- by ownership sector","All establishment sizes",1,0,0,0,0,0,0,0
"51173",5,"52213",77,0,2007,3,"N","Smyth County, Virginia","Private","Credit unions","County, NAICS 5-digit -- by ownership sector","All establishment sizes",1,0,0,0,0,0,0,0
"51173",5,"52213",77,0,2007,4,"N","Smyth County, Virginia","Private","Credit unions","County, NAICS 5-digit -- by ownership sector","All establishment sizes",1,0,0,0,0,0,0,0
"51173",5,522130,78,0,2007,1,"N","Smyth County, Virginia","Private","Credit unions","County, NAICS 6-digit -- by ownership sector","All establishment sizes",1,0,0,0,0,0,0,0
"51173",5,"522130",78,0,2007,2,"N","Smyth County, Virginia","Private","Credit unions","County, NAICS 6-digit -- by ownership sector","All establishment sizes",1,0,0,0,0,0,0,0
"51173",5,"522130",78,0,2007,3,"N","Smyth County, Virginia","Private","Credit unions","County, NAICS 6-digit -- by ownership sector","All establishment sizes",1,0,0,0,0,0,0,0
"51173",5,"522130",78,0,2007,4,"N","Smyth County, Virginia","Private","Credit unions","County, NAICS 6-digit -- by ownership sector","All establishment sizes",1,0,0,0,0,0,0,0
"51173",5,5222,76,0,2007,1,"N","Smyth County, Virginia","Private","Nondepository credit intermediation","County, NAICS 4-digit -- by ownership sector","All establishment sizes",4,0,0,0,0,0,0,0
"51173",5,"5222",76,0,2007,2,"N","Smyth County, Virginia","Private","Nondepository credit intermediation","County, NAICS 4-digit -- by ownership sector","All establishment sizes",4,0,0,0,0,0,0,0
"51173",5,"5222",76,0,2007,3,"N","Smyth County, Virginia","Private","Nondepository credit intermediation","County, NAICS 4-digit -- by ownership sector","All establishment sizes",4,0,0,0,0,0,0,0
"51173",5,"5222",76,0,2007,4,"N","Smyth County, Virginia","Private","Nondepository credit intermediation","County, NAICS 4-digit -- by ownership sector","All establishment sizes",4,0,0,0,0,0,0,0
"51173",5,52229,77,0,2007,1,"N","Smyth County, Virginia","Private","Other nondepository credit intermediation","County, NAICS 5-digit -- by ownership sector","All establishment sizes",4,0,0,0,0,0,0,0
"51173",5,"52229",77,0,2007,2,"N","Smyth County, Virginia","Private","Other nondepository credit intermediation","County, NAICS 5-digit -- by ownership sector","All establishment sizes",4,0,0,0,0,0,0,0
"51173",5,"52229",77,0,2007,3,"N","Smyth County, Virginia","Private","Other nondepository credit intermediation","County, NAICS 5-digit -- by ownership sector","All establishment sizes",4,0,0,0,0,0,0,0
"51173",5,"52229",77,0,2007,4,"N","Smyth County, Virginia","Private","Other nondepository credit intermediation","County, NAICS 5-digit -- by ownership sector","All establishment sizes",4,0,0,0,0,0,0,0
"51173",5,522291,78,0,2007,1,"N","Smyth County, Virginia","Private","Consumer lending","County, NAICS 6-digit -- by ownership sector","All establishment sizes",4,0,0,0,0,0,0,0
"51173",5,"522291",78,0,2007,2,"N","Smyth County, Virginia","Private","Consumer lending","County, NAICS 6-digit -- by ownership sector","All establishment sizes",4,0,0,0,0,0,0,0
"51173",5,"522291",78,0,2007,3,"N","Smyth County, Virginia","Private","Consumer lending","County, NAICS 6-digit -- by ownership sector","All establishment sizes",4,0,0,0,0,0,0,0
"51173",5,"522291",78,0,2007,4,"N","Smyth County, Virginia","Private","Consumer lending","County, NAICS 6-digit -- by ownership sector","All establishment sizes",4,0,0,0,0,0,0,0
"51173",5,5223,76,0,2007,1,"N","Smyth County, Virginia","Private","Activities related to credit intermediation","County, NAICS 4-digit -- by ownership sector","All establishment sizes",1,0,0,0,0,0,0,0
"51173",5,"5223",76,0,2007,2,"N","Smyth County, Virginia","Private","Activities related to credit intermediation","County, NAICS 4-digit -- by ownership sector","All establishment sizes",1,0,0,0,0,0,0,0
"51173",5,"5223",76,0,2007,3,"N","Smyth County, Virginia","Private","Activities related to credit intermediation","County, NAICS 4-digit -- by ownership sector","All establishment sizes",1,0,0,0,0,0,0,0
"51173",5,"5223",76,0,2007,4,"N","Smyth County, Virginia","Private","Activities related to credit intermediation","County, NAICS 4-digit -- by ownership sector","All establishment sizes",1,0,0,0,0,0,0,0
"51173",5,52231,77,0,2007,1,"N","Smyth County, Virginia","Private","Mortgage and nonmortgage loan brokers","County, NAICS 5-digit -- by ownership sector","All establishment sizes",1,0,0,0,0,0,0,0
"51173",5,"52231",77,0,2007,2,"N","Smyth County, Virginia","Private","Mortgage and nonmortgage loan brokers","County, NAICS 5-digit -- by ownership sector","All establishment sizes",1,0,0,0,0,0,0,0
"51173",5,"52231",77,0,2007,3,"N","Smyth County, Virginia","Private","Mortgage and nonmortgage loan brokers","County, NAICS 5-digit -- by ownership sector","All establishment sizes",1,0,0,0,0,0,0,0
"51173",5,"52231",77,0,2007,4,"N","Smyth County, Virginia","Private","Mortgage and nonmortgage loan brokers","County, NAICS 5-digit -- by ownership sector","All establishment sizes",1,0,0,0,0,0,0,0
"51173",5,522310,78,0,2007,1,"N","Smyth County, Virginia","Private","Mortgage and nonmortgage loan brokers","County, NAICS 6-digit -- by ownership sector","All establishment sizes",1,0,0,0,0,0,0,0
"51173",5,"522310",78,0,2007,2,"N","Smyth County, Virginia","Private","Mortgage and nonmortgage loan brokers","County, NAICS 6-digit -- by ownership sector","All establishment sizes",1,0,0,0,0,0,0,0
"51173",5,"522310",78,0,2007,3,"N","Smyth County, Virginia","Private","Mortgage and nonmortgage loan brokers","County, NAICS 6-digit -- by ownership sector","All establishment sizes",1,0,0,0,0,0,0,0
"51173",5,"522310",78,0,2007,4,"N","Smyth County, Virginia","Private","Mortgage and nonmortgage loan brokers","County, NAICS 6-digit -- by ownership sector","All establishment sizes",1,0,0,0,0,0,0,0
"51173",5,523,75,0,2007,1,"N","Smyth County, Virginia","Private","Securities, commodity contracts, investments","County, NAICS 3-digit -- by ownership sector","All establishment sizes",1,0,0,0,0,0,0,0
"51173",5,"523",75,0,2007,2,"N","Smyth County, Virginia","Private","Securities, commodity contracts, investments","County, NAICS 3-digit -- by ownership sector","All establishment sizes",2,0,0,0,0,0,0,0
"51173",5,"523",75,0,2007,3,"N","Smyth County, Virginia","Private","Securities, commodity contracts, investments","County, NAICS 3-digit -- by ownership sector","All establishment sizes",1,0,0,0,0,0,0,0
"51173",5,"523",75,0,2007,4,"N","Smyth County, Virginia","Private","Securities, commodity contracts, investments","County, NAICS 3-digit -- by ownership sector","All establishment sizes",1,0,0,0,0,0,0,0
"51173",5,5231,76,0,2007,1,"N","Smyth County, Virginia","Private","Securities and commodity contracts brokerage","County, NAICS 4-digit -- by ownership sector","All establishment sizes",1,0,0,0,0,0,0,0
"51173",5,"5231",76,0,2007,2,"N","Smyth County, Virginia","Private","Securities and commodity contracts brokerage","County, NAICS 4-digit -- by ownership sector","All establishment sizes",2,0,0,0,0,0,0,0
"51173",5,"5231",76,0,2007,3,"N","Smyth County, Virginia","Private","Securities and commodity contracts brokerage","County, NAICS 4-digit -- by ownership sector","All establishment sizes",1,0,0,0,0,0,0,0
"51173",5,"5231",76,0,2007,4,"N","Smyth County, Virginia","Private","Securities and commodity contracts brokerage","County, NAICS 4-digit -- by ownership sector","All establishment sizes",1,0,0,0,0,0,0,0
"51173",5,52312,77,0,2007,1,"N","Smyth County, Virginia","Private","Securities brokerage","County, NAICS 5-digit -- by ownership sector","All establishment sizes",1,0,0,0,0,0,0,0
"51173",5,"52312",77,0,2007,2,"N","Smyth County, Virginia","Private","Securities brokerage","County, NAICS 5-digit -- by ownership sector","All establishment sizes",2,0,0,0,0,0,0,0
"51173",5,"52312",77,0,2007,3,"N","Smyth County, Virginia","Private","Securities brokerage","County, NAICS 5-digit -- by ownership sector","All establishment sizes",1,0,0,0,0,0,0,0
"51173",5,"52312",77,0,2007,4,"N","Smyth County, Virginia","Private","Securities brokerage","County, NAICS 5-digit -- by ownership sector","All establishment sizes",1,0,0,0,0,0,0,0
"51173",5,523120,78,0,2007,1,"N","Smyth County, Virginia","Private","Securities brokerage","County, NAICS 6-digit -- by ownership sector","All establishment sizes",1,0,0,0,0,0,0,0
"51173",5,"523120",78,0,2007,2,"N","Smyth County, Virginia","Private","Securities brokerage","County, NAICS 6-digit -- by ownership sector","All establishment sizes",2,0,0,0,0,0,0,0
"51173",5,"523120",78,0,2007,3,"N","Smyth County, Virginia","Private","Securities brokerage","County, NAICS 6-digit -- by ownership sector","All establishment sizes",1,0,0,0,0,0,0,0
"51173",5,"523120",78,0,2007,4,"N","Smyth County, Virginia","Private","Securities brokerage","County, NAICS 6-digit -- by ownership sector","All establishment sizes",1,0,0,0,0,0,0,0
"51173",5,524,75,0,2007,1,"N","Smyth County, Virginia","Private","Insurance carriers and related activities","County, NAICS 3-digit -- by ownership sector","All establishment sizes",18,0,0,0,0,0,0,0
"51173",5,"524",75,0,2007,2,"N","Smyth County, Virginia","Private","Insurance carriers and related activities","County, NAICS 3-digit -- by ownership sector","All establishment sizes",19,0,0,0,0,0,0,0
"51173",5,"524",75,0,2007,3,"N","Smyth County, Virginia","Private","Insurance carriers and related activities","County, NAICS 3-digit -- by ownership sector","All establishment sizes",19,0,0,0,0,0,0,0
"51173",5,"524",75,0,2007,4,"N","Smyth County, Virginia","Private","Insurance carriers and related activities","County, NAICS 3-digit -- by ownership sector","All establishment sizes",19,0,0,0,0,0,0,0
"51173",5,5241,76,0,2007,1,"N","Smyth County, Virginia","Private","Insurance carriers","County, NAICS 4-digit -- by ownership sector","All establishment sizes",1,0,0,0,0,0,0,0
"51173",5,"5241",76,0,2007,2,"N","Smyth County, Virginia","Private","Insurance carriers","County, NAICS 4-digit -- by ownership sector","All establishment sizes",1,0,0,0,0,0,0,0
"51173",5,"5241",76,0,2007,3,"N","Smyth County, Virginia","Private","Insurance carriers","County, NAICS 4-digit -- by ownership sector","All establishment sizes",1,0,0,0,0,0,0,0
"51173",5,"5241",76,0,2007,4,"N","Smyth County, Virginia","Private","Insurance carriers","County, NAICS 4-digit -- by ownership sector","All establishment sizes",1,0,0,0,0,0,0,0
"51173",5,52412,77,0,2007,1,"N","Smyth County, Virginia","Private","Direct insurers, except life and health","County, NAICS 5-digit -- by ownership sector","All establishment sizes",1,0,0,0,0,0,0,0
"51173",5,"52412",77,0,2007,2,"N","Smyth County, Virginia","Private","Direct insurers, except life and health","County, NAICS 5-digit -- by ownership sector","All establishment sizes",1,0,0,0,0,0,0,0
"51173",5,"52412",77,0,2007,3,"N","Smyth County, Virginia","Private","Direct insurers, except life and health","County, NAICS 5-digit -- by ownership sector","All establishment sizes",1,0,0,0,0,0,0,0
"51173",5,"52412",77,0,2007,4,"N","Smyth County, Virginia","Private","Direct insurers, except life and health","County, NAICS 5-digit -- by ownership sector","All establishment sizes",1,0,0,0,0,0,0,0
"51173",5,524126,78,0,2007,1,"N","Smyth County, Virginia","Private","Direct property and casualty insurers","County, NAICS 6-digit -- by ownership sector","All establishment sizes",1,0,0,0,0,0,0,0
"51173",5,"524126",78,0,2007,2,"N","Smyth County, Virginia","Private","Direct property and casualty insurers","County, NAICS 6-digit -- by ownership sector","All establishment sizes",1,0,0,0,0,0,0,0
"51173",5,"524126",78,0,2007,3,"N","Smyth County, Virginia","Private","Direct property and casualty insurers","County, NAICS 6-digit -- by ownership sector","All establishment sizes",1,0,0,0,0,0,0,0
"51173",5,"524126",78,0,2007,4,"N","Smyth County, Virginia","Private","Direct property and casualty insurers","County, NAICS 6-digit -- by ownership sector","All establishment sizes",1,0,0,0,0,0,0,0
"51173",5,5242,76,0,2007,1,"","Smyth County, Virginia","Private","Insurance agencies and brokerages","County, NAICS 4-digit -- by ownership sector","All establishment sizes",17,45,44,42,319870,232546,1327,563
"51173",5,"5242",76,0,2007,2,"","Smyth County, Virginia","Private","Insurance agencies and brokerages","County, NAICS 4-digit -- by ownership sector","All establishment sizes",18,39,38,41,289619,60815,499,566
"51173",5,"5242",76,0,2007,3,"","Smyth County, Virginia","Private","Insurance agencies and brokerages","County, NAICS 4-digit -- by ownership sector","All establishment sizes",18,37,40,37,265388,21891,36,537
"51173",5,"5242",76,0,2007,4,"","Smyth County, Virginia","Private","Insurance agencies and brokerages","County, NAICS 4-digit -- by ownership sector","All establishment sizes",18,47,49,50,359172,41679,70,568
"51173",5,52421,77,0,2007,1,"","Smyth County, Virginia","Private","Insurance agencies and brokerages","County, NAICS 5-digit -- by ownership sector","All establishment sizes",17,45,44,42,319870,232546,1327,563
"51173",5,"52421",77,0,2007,2,"","Smyth County, Virginia","Private","Insurance agencies and brokerages","County, NAICS 5-digit -- by ownership sector","All establishment sizes",18,39,38,41,289619,60815,499,566
"51173",5,"52421",77,0,2007,3,"","Smyth County, Virginia","Private","Insurance agencies and brokerages","County, NAICS 5-digit -- by ownership sector","All establishment sizes",18,37,40,37,265388,21891,36,537
"51173",5,"52421",77,0,2007,4,"","Smyth County, Virginia","Private","Insurance agencies and brokerages","County, NAICS 5-digit -- by ownership sector","All establishment sizes",18,47,49,50,359172,41679,70,568
"51173",5,524210,78,0,2007,1,"","Smyth County, Virginia","Private","Insurance agencies and brokerages","County, NAICS 6-digit -- by ownership sector","All establishment sizes",17,45,44,42,319870,232546,1327,563
"51173",5,"524210",78,0,2007,2,"","Smyth County, Virginia","Private","Insurance agencies and brokerages","County, NAICS 6-digit -- by ownership sector","All establishment sizes",18,39,38,41,289619,60815,499,566
"51173",5,"524210",78,0,2007,3,"","Smyth County, Virginia","Private","Insurance agencies and brokerages","County, NAICS 6-digit -- by ownership sector","All establishment sizes",18,37,40,37,265388,21891,36,537
"51173",5,"524210",78,0,2007,4,"","Smyth County, Virginia","Private","Insurance agencies and brokerages","County, NAICS 6-digit -- by ownership sector","All establishment sizes",18,47,49,50,359172,41679,70,568
"51173",5,53,74,0,2007,1,"","Smyth County, Virginia","Private","Real estate and rental and leasing","County, NAICS Sector -- by ownership sector","All establishment sizes",20,84,81,79,617731,454976,15221,584
"51173",5,"53",74,0,2007,2,"","Smyth County, Virginia","Private","Real estate and rental and leasing","County, NAICS Sector -- by ownership sector","All establishment sizes",20,81,86,80,623409,123156,2980,582
"51173",5,"53",74,0,2007,3,"","Smyth County, Virginia","Private","Real estate and rental and leasing","County, NAICS Sector -- by ownership sector","All establishment sizes",19,84,91,88,677929,76485,1951,595
"51173",5,"53",74,0,2007,4,"","Smyth County, Virginia","Private","Real estate and rental and leasing","County, NAICS Sector -- by ownership sector","All establishment sizes",18,84,87,88,891957,97179,1772,795
"51173",5,531,75,0,2007,1,"","Smyth County, Virginia","Private","Real estate","County, NAICS 3-digit -- by ownership sector","All establishment sizes",11,15,15,15,63469,59092,1392,325
"51173",5,"531",75,0,2007,2,"","Smyth County, Virginia","Private","Real estate","County, NAICS 3-digit -- by ownership sector","All establishment sizes",11,17,16,16,70619,40989,1093,333
"51173",5,"531",75,0,2007,3,"","Smyth County, Virginia","Private","Real estate","County, NAICS 3-digit -- by ownership sector","All establishment sizes",11,17,20,17,70238,19106,364,300
"51173",5,"531",75,0,2007,4,"","Smyth County, Virginia","Private","Real estate","County, NAICS 3-digit -- by ownership sector","All establishment sizes",10,17,17,16,95020,28185,415,439
"51173",5,5311,76,0,2007,1,"","Smyth County, Virginia","Private","Lessors of real estate","County, NAICS 4-digit -- by ownership sector","All establishment sizes",4,7,7,7,30371,25994,559,334
"51173",5,"5311",76,0,2007,2,"N","Smyth County, Virginia","Private","Lessors of real estate","County, NAICS 4-digit -- by ownership sector","All establishment sizes",4,0,0,0,0,0,0,0
"51173",5,"5311",76,0,2007,3,"","Smyth County, Virginia","Private","Lessors of real estate","County, NAICS 4-digit -- by ownership sector","All establishment sizes",4,8,11,9,35972,10468,252,296
"51173",5,"5311",76,0,2007,4,"N","Smyth County, Virginia","Private","Lessors of real estate","County, NAICS 4-digit -- by ownership sector","All establishment sizes",3,0,0,0,0,0,0,0
"51173",5,53111,77,0,2007,1,"","Smyth County, Virginia","Private","Lessors of residential buildings","County, NAICS 5-digit -- by ownership sector","All establishment sizes",4,7,7,7,30371,25994,559,334
"51173",5,"53111",77,0,2007,2,"N","Smyth County, Virginia","Private","Lessors of residential buildings","County, NAICS 5-digit -- by ownership sector","All establishment sizes",4,0,0,0,0,0,0,0
"51173",5,"53111",77,0,2007,3,"","Smyth County, Virginia","Private","Lessors of residential buildings","County, NAICS 5-digit -- by ownership sector","All establishment sizes",4,8,11,9,35972,10468,252,296
"51173",5,"53111",77,0,2007,4,"N","Smyth County, Virginia","Private","Lessors of residential buildings","County, NAICS 5-digit -- by ownership sector","All establishment sizes",3,0,0,0,0,0,0,0
"51173",5,531110,78,0,2007,1,"","Smyth County, Virginia","Private","Lessors of residential buildings","County, NAICS 6-digit -- by ownership sector","All establishment sizes",4,7,7,7,30371,25994,559,334
"51173",5,"531110",78,0,2007,2,"N","Smyth County, Virginia","Private","Lessors of residential buildings","County, NAICS 6-digit -- by ownership sector","All establishment sizes",4,0,0,0,0,0,0,0
"51173",5,"531110",78,0,2007,3,"","Smyth County, Virginia","Private","Lessors of residential buildings","County, NAICS 6-digit -- by ownership sector","All establishment sizes",4,8,11,9,35972,10468,252,296
"51173",5,"531110",78,0,2007,4,"N","Smyth County, Virginia","Private","Lessors of residential buildings","County, NAICS 6-digit -- by ownership sector","All establishment sizes",3,0,0,0,0,0,0,0
"51173",5,5312,76,0,2007,1,"N","Smyth County, Virginia","Private","Offices of real estate agents and brokers","County, NAICS 4-digit -- by ownership sector","All establishment sizes",1,0,0,0,0,0,0,0
"51173",5,"5312",76,0,2007,2,"N","Smyth County, Virginia","Private","Offices of real estate agents and brokers","County, NAICS 4-digit -- by ownership sector","All establishment sizes",1,0,0,0,0,0,0,0
"51173",5,"5312",76,0,2007,3,"N","Smyth County, Virginia","Private","Offices of real estate agents and brokers","County, NAICS 4-digit -- by ownership sector","All establishment sizes",1,0,0,0,0,0,0,0
"51173",5,"5312",76,0,2007,4,"N","Smyth County, Virginia","Private","Offices of real estate agents and brokers","County, NAICS 4-digit -- by ownership sector","All establishment sizes",1,0,0,0,0,0,0,0
"51173",5,53121,77,0,2007,1,"N","Smyth County, Virginia","Private","Offices of real estate agents and brokers","County, NAICS 5-digit -- by ownership sector","All establishment sizes",1,0,0,0,0,0,0,0
"51173",5,"53121",77,0,2007,2,"N","Smyth County, Virginia","Private","Offices of real estate agents and brokers","County, NAICS 5-digit -- by ownership sector","All establishment sizes",1,0,0,0,0,0,0,0
"51173",5,"53121",77,0,2007,3,"N","Smyth County, Virginia","Private","Offices of real estate agents and brokers","County, NAICS 5-digit -- by ownership sector","All establishment sizes",1,0,0,0,0,0,0,0
"51173",5,"53121",77,0,2007,4,"N","Smyth County, Virginia","Private","Offices of real estate agents and brokers","County, NAICS 5-digit -- by ownership sector","All establishment sizes",1,0,0,0,0,0,0,0
"51173",5,531210,78,0,2007,1,"N","Smyth County, Virginia","Private","Offices of real estate agents and brokers","County, NAICS 6-digit -- by ownership sector","All establishment sizes",1,0,0,0,0,0,0,0
"51173",5,"531210",78,0,2007,2,"N","Smyth County, Virginia","Private","Offices of real estate agents and brokers","County, NAICS 6-digit -- by ownership sector","All establishment sizes",1,0,0,0,0,0,0,0
"51173",5,"531210",78,0,2007,3,"N","Smyth County, Virginia","Private","Offices of real estate agents and brokers","County, NAICS 6-digit -- by ownership sector","All establishment sizes",1,0,0,0,0,0,0,0
"51173",5,"531210",78,0,2007,4,"N","Smyth County, Virginia","Private","Offices of real estate agents and brokers","County, NAICS 6-digit -- by ownership sector","All establishment sizes",1,0,0,0,0,0,0,0
"51173",5,5313,76,0,2007,1,"N","Smyth County, Virginia","Private","Activities related to real estate","County, NAICS 4-digit -- by ownership sector","All establishment sizes",6,0,0,0,0,0,0,0
"51173",5,"5313",76,0,2007,2,"","Smyth County, Virginia","Private","Activities related to real estate","County, NAICS 4-digit -- by ownership sector","All establishment sizes",6,8,8,8,36061,22541,628,347
"51173",5,"5313",76,0,2007,3,"N","Smyth County, Virginia","Private","Activities related to real estate","County, NAICS 4-digit -- by ownership sector","All establishment sizes",6,0,0,0,0,0,0,0
"51173",5,"5313",76,0,2007,4,"N","Smyth County, Virginia","Private","Activities related to real estate","County, NAICS 4-digit -- by ownership sector","All establishment sizes",6,0,0,0,0,0,0,0
"51173",5,53131,77,0,2007,1,"","Smyth County, Virginia","Private","Real estate property managers","County, NAICS 5-digit -- by ownership sector","All establishment sizes",4,6,6,6,28748,28748,826,369
"51173",5,"53131",77,0,2007,2,"","Smyth County, Virginia","Private","Real estate property managers","County, NAICS 5-digit -- by ownership sector","All establishment sizes",4,7,7,7,31711,18191,621,348
"51173",5,"53131",77,0,2007,3,"","Smyth County, Virginia","Private","Real estate property managers","County, NAICS 5-digit -- by ownership sector","All establishment sizes",4,7,7,6,29916,4288,105,345
"51173",5,"53131",77,0,2007,4,"","Smyth County, Virginia","Private","Real estate property managers","County, NAICS 5-digit -- by ownership sector","All establishment sizes",4,7,7,6,30899,708,1,357
"51173",5,531311,78,0,2007,1,"N","Smyth County, Virginia","Private","Residential property managers","County, NAICS 6-digit -- by ownership sector","All establishment sizes",3,0,0,0,0,0,0,0
"51173",5,"531311",78,0,2007,2,"N","Smyth County, Virginia","Private","Residential property managers","County, NAICS 6-digit -- by ownership sector","All establishment sizes",3,0,0,0,0,0,0,0
"51173",5,"531311",78,0,2007,3,"N","Smyth County, Virginia","Private","Residential property managers","County, NAICS 6-digit -- by ownership sector","All establishment sizes",3,0,0,0,0,0,0,0
"51173",5,"531311",78,0,2007,4,"N","Smyth County, Virginia","Private","Residential property managers","County, NAICS 6-digit -- by ownership sector","All establishment sizes",3,0,0,0,0,0,0,0
"51173",5,531312,78,0,2007,1,"N","Smyth County, Virginia","Private","Nonresidential property managers","County, NAICS 6-digit -- by ownership sector","All establishment sizes",1,0,0,0,0,0,0,0
"51173",5,"531312",78,0,2007,2,"N","Smyth County, Virginia","Private","Nonresidential property managers","County, NAICS 6-digit -- by ownership sector","All establishment sizes",1,0,0,0,0,0,0,0
"51173",5,"531312",78,0,2007,3,"N","Smyth County, Virginia","Private","Nonresidential property managers","County, NAICS 6-digit -- by ownership sector","All establishment sizes",1,0,0,0,0,0,0,0
"51173",5,"531312",78,0,2007,4,"N","Smyth County, Virginia","Private","Nonresidential property managers","County, NAICS 6-digit -- by ownership sector","All establishment sizes",1,0,0,0,0,0,0,0
"51173",5,53132,77,0,2007,1,"N","Smyth County, Virginia","Private","Offices of real estate appraisers","County, NAICS 5-digit -- by ownership sector","All establishment sizes",1,0,0,0,0,0,0,0
"51173",5,"53132",77,0,2007,2,"N","Smyth County, Virginia","Private","Offices of real estate appraisers","County, NAICS 5-digit -- by ownership sector","All establishment sizes",1,0,0,0,0,0,0,0
"51173",5,"53132",77,0,2007,3,"N","Smyth County, Virginia","Private","Offices of real estate appraisers","County, NAICS 5-digit -- by ownership sector","All establishment sizes",1,0,0,0,0,0,0,0
"51173",5,"53132",77,0,2007,4,"N","Smyth County, Virginia","Private","Offices of real estate appraisers","County, NAICS 5-digit -- by ownership sector","All establishment sizes",1,0,0,0,0,0,0,0
"51173",5,531320,78,0,2007,1,"N","Smyth County, Virginia","Private","Offices of real estate appraisers","County, NAICS 6-digit -- by ownership sector","All establishment sizes",1,0,0,0,0,0,0,0
"51173",5,"531320",78,0,2007,2,"N","Smyth County, Virginia","Private","Offices of real estate appraisers","County, NAICS 6-digit -- by ownership sector","All establishment sizes",1,0,0,0,0,0,0,0
"51173",5,"531320",78,0,2007,3,"N","Smyth County, Virginia","Private","Offices of real estate appraisers","County, NAICS 6-digit -- by ownership sector","All establishment sizes",1,0,0,0,0,0,0,0
"51173",5,"531320",78,0,2007,4,"N","Smyth County, Virginia","Private","Offices of real estate appraisers","County, NAICS 6-digit -- by ownership sector","All establishment sizes",1,0,0,0,0,0,0,0
"51173",5,53139,77,0,2007,1,"N","Smyth County, Virginia","Private","Other activities related to real estate","County, NAICS 5-digit -- by ownership sector","All establishment sizes",1,0,0,0,0,0,0,0
"51173",5,"53139",77,0,2007,2,"N","Smyth County, Virginia","Private","Other activities related to real estate","County, NAICS 5-digit -- by ownership sector","All establishment sizes",1,0,0,0,0,0,0,0
"51173",5,"53139",77,0,2007,3,"N","Smyth County, Virginia","Private","Other activities related to real estate","County, NAICS 5-digit -- by ownership sector","All establishment sizes",1,0,0,0,0,0,0,0
"51173",5,"53139",77,0,2007,4,"N","Smyth County, Virginia","Private","Other activities related to real estate","County, NAICS 5-digit -- by ownership sector","All establishment sizes",1,0,0,0,0,0,0,0
"51173",5,531390,78,0,2007,1,"N","Smyth County, Virginia","Private","Other activities related to real estate","County, NAICS 6-digit -- by ownership sector","All establishment sizes",1,0,0,0,0,0,0,0
"51173",5,"531390",78,0,2007,2,"N","Smyth County, Virginia","Private","Other activities related to real estate","County, NAICS 6-digit -- by ownership sector","All establishment sizes",1,0,0,0,0,0,0,0
"51173",5,"531390",78,0,2007,3,"N","Smyth County, Virginia","Private","Other activities related to real estate","County, NAICS 6-digit -- by ownership sector","All establishment sizes",1,0,0,0,0,0,0,0
"51173",5,"531390",78,0,2007,4,"N","Smyth County, Virginia","Private","Other activities related to real estate","County, NAICS 6-digit -- by ownership sector","All establishment sizes",1,0,0,0,0,0,0,0
"51173",5,532,75,0,2007,1,"","Smyth County, Virginia","Private","Rental and leasing services","County, NAICS 3-digit -- by ownership sector","All establishment sizes",9,69,66,64,554262,395884,13829,643
"51173",5,"532",75,0,2007,2,"","Smyth County, Virginia","Private","Rental and leasing services","County, NAICS 3-digit -- by ownership sector","All establishment sizes",9,64,70,64,552790,82167,1887,644
"51173",5,"532",75,0,2007,3,"","Smyth County, Virginia","Private","Rental and leasing services","County, NAICS 3-digit -- by ownership sector","All establishment sizes",8,67,71,71,607691,57379,1587,671
"51173",5,"532",75,0,2007,4,"","Smyth County, Virginia","Private","Rental and leasing services","County, NAICS 3-digit -- by ownership sector","All establishment sizes",8,67,70,72,796937,68994,1357,880
"51173",5,5321,76,0,2007,1,"N","Smyth County, Virginia","Private","Automotive equipment rental and leasing","County, NAICS 4-digit -- by ownership sector","All establishment sizes",3,0,0,0,0,0,0,0
"51173",5,"5321",76,0,2007,2,"N","Smyth County, Virginia","Private","Automotive equipment rental and leasing","County, NAICS 4-digit -- by ownership sector","All establishment sizes",3,0,0,0,0,0,0,0
"51173",5,"5321",76,0,2007,3,"N","Smyth County, Virginia","Private","Automotive equipment rental and leasing","County, NAICS 4-digit -- by ownership sector","All establishment sizes",2,0,0,0,0,0,0,0
"51173",5,"5321",76,0,2007,4,"N","Smyth County, Virginia","Private","Automotive equipment rental and leasing","County, NAICS 4-digit -- by ownership sector","All establishment sizes",2,0,0,0,0,0,0,0
"51173",5,53211,77,0,2007,1,"N","Smyth County, Virginia","Private","Passenger car rental and leasing","County, NAICS 5-digit -- by ownership sector","All establishment sizes",1,0,0,0,0,0,0,0
"51173",5,"53211",77,0,2007,2,"N","Smyth County, Virginia","Private","Passenger car rental and leasing","County, NAICS 5-digit -- by ownership sector","All establishment sizes",1,0,0,0,0,0,0,0
"51173",5,"53211",77,0,2007,3,"N","Smyth County, Virginia","Private","Passenger car rental and leasing","County, NAICS 5-digit -- by ownership sector","All establishment sizes",1,0,0,0,0,0,0,0
"51173",5,"53211",77,0,2007,4,"N","Smyth County, Virginia","Private","Passenger car rental and leasing","County, NAICS 5-digit -- by ownership sector","All establishment sizes",1,0,0,0,0,0,0,0
"51173",5,532111,78,0,2007,1,"N","Smyth County, Virginia","Private","Passenger car rental","County, NAICS 6-digit -- by ownership sector","All establishment sizes",1,0,0,0,0,0,0,0
"51173",5,"532111",78,0,2007,2,"N","Smyth County, Virginia","Private","Passenger car rental","County, NAICS 6-digit -- by ownership sector","All establishment sizes",1,0,0,0,0,0,0,0
"51173",5,"532111",78,0,2007,3,"N","Smyth County, Virginia","Private","Passenger car rental","County, NAICS 6-digit -- by ownership sector","All establishment sizes",1,0,0,0,0,0,0,0
"51173",5,"532111",78,0,2007,4,"N","Smyth County, Virginia","Private","Passenger car rental","County, NAICS 6-digit -- by ownership sector","All establishment sizes",1,0,0,0,0,0,0,0
"51173",5,53212,77,0,2007,1,"N","Smyth County, Virginia","Private","Truck, trailer, and RV rental and leasing","County, NAICS 5-digit -- by ownership sector","All establishment sizes",2,0,0,0,0,0,0,0
"51173",5,"53212",77,0,2007,2,"N","Smyth County, Virginia","Private","Truck, trailer, and RV rental and leasing","County, NAICS 5-digit -- by ownership sector","All establishment sizes",2,0,0,0,0,0,0,0
"51173",5,"53212",77,0,2007,3,"N","Smyth County, Virginia","Private","Truck, trailer, and RV rental and leasing","County, NAICS 5-digit -- by ownership sector","All establishment sizes",1,0,0,0,0,0,0,0
"51173",5,"53212",77,0,2007,4,"N","Smyth County, Virginia","Private","Truck, trailer, and RV rental and leasing","County, NAICS 5-digit -- by ownership sector","All establishment sizes",1,0,0,0,0,0,0,0
"51173",5,532120,78,0,2007,1,"N","Smyth County, Virginia","Private","Truck, trailer, and RV rental and leasing","County, NAICS 6-digit -- by ownership sector","All establishment sizes",2,0,0,0,0,0,0,0
"51173",5,"532120",78,0,2007,2,"N","Smyth County, Virginia","Private","Truck, trailer, and RV rental and leasing","County, NAICS 6-digit -- by ownership sector","All establishment sizes",2,0,0,0,0,0,0,0
"51173",5,"532120",78,0,2007,3,"N","Smyth County, Virginia","Private","Truck, trailer, and RV rental and leasing","County, NAICS 6-digit -- by ownership sector","All establishment sizes",1,0,0,0,0,0,0,0
"51173",5,"532120",78,0,2007,4,"N","Smyth County, Virginia","Private","Truck, trailer, and RV rental and leasing","County, NAICS 6-digit -- by ownership sector","All establishment sizes",1,0,0,0,0,0,0,0
"51173",5,5322,76,0,2007,1,"","Smyth County, Virginia","Private","Consumer goods rental","County, NAICS 4-digit -- by ownership sector","All establishment sizes",5,39,38,38,222264,174493,1598,446
"51173",5,"5322",76,0,2007,2,"","Smyth County, Virginia","Private","Consumer goods rental","County, NAICS 4-digit -- by ownership sector","All establishment sizes",5,37,39,39,221538,50791,555,445
"51173",5,"5322",76,0,2007,3,"","Smyth County, Virginia","Private","Consumer goods rental","County, NAICS 4-digit -- by ownership sector","All establishment sizes",5,41,43,43,283314,32422,405,515
"51173",5,"5322",76,0,2007,4,"","Smyth County, Virginia","Private","Consumer goods rental","County, NAICS 4-digit -- by ownership sector","All establishment sizes",5,42,43,45,481700,50250,407,855
"51173",5,53221,77,0,2007,1,"N","Smyth County, Virginia","Private","Consumer electronics and appliances rental","County, NAICS 5-digit -- by ownership sector","All establishment sizes",1,0,0,0,0,0,0,0
"51173",5,"53221",77,0,2007,2,"N","Smyth County, Virginia","Private","Consumer electronics and appliances rental","County, NAICS 5-digit -- by ownership sector","All establishment sizes",1,0,0,0,0,0,0,0
"51173",5,"53221",77,0,2007,3,"N","Smyth County, Virginia","Private","Consumer electronics and appliances rental","County, NAICS 5-digit -- by ownership sector","All establishment sizes",1,0,0,0,0,0,0,0
"51173",5,"53221",77,0,2007,4,"N","Smyth County, Virginia","Private","Consumer electronics and appliances rental","County, NAICS 5-digit -- by ownership sector","All establishment sizes",1,0,0,0,0,0,0,0
"51173",5,532210,78,0,2007,1,"N","Smyth County, Virginia","Private","Consumer electronics and appliances rental","County, NAICS 6-digit -- by ownership sector","All establishment sizes",1,0,0,0,0,0,0,0
"51173",5,"532210",78,0,2007,2,"N","Smyth County, Virginia","Private","Consumer electronics and appliances rental","County, NAICS 6-digit -- by ownership sector","All establishment sizes",1,0,0,0,0,0,0,0
"51173",5,"532210",78,0,2007,3,"N","Smyth County, Virginia","Private","Consumer electronics and appliances rental","County, NAICS 6-digit -- by ownership sector","All establishment sizes",1,0,0,0,0,0,0,0
"51173",5,"532210",78,0,2007,4,"N","Smyth County, Virginia","Private","Consumer electronics and appliances rental","County, NAICS 6-digit -- by ownership sector","All establishment sizes",1,0,0,0,0,0,0,0
"51173",5,53223,77,0,2007,1,"N","Smyth County, Virginia","Private","Video tape and disc rental","County, NAICS 5-digit -- by ownership sector","All establishment sizes",2,0,0,0,0,0,0,0
"51173",5,"53223",77,0,2007,2,"N","Smyth County, Virginia","Private","Video tape and disc rental","County, NAICS 5-digit -- by ownership sector","All establishment sizes",2,0,0,0,0,0,0,0
"51173",5,"53223",77,0,2007,3,"N","Smyth County, Virginia","Private","Video tape and disc rental","County, NAICS 5-digit -- by ownership sector","All establishment sizes",2,0,0,0,0,0,0,0
"51173",5,"53223",77,0,2007,4,"N","Smyth County, Virginia","Private","Video tape and disc rental","County, NAICS 5-digit -- by ownership sector","All establishment sizes",2,0,0,0,0,0,0,0
"51173",5,532230,78,0,2007,1,"N","Smyth County, Virginia","Private","Video tape and disc rental","County, NAICS 6-digit -- by ownership sector","All establishment sizes",2,0,0,0,0,0,0,0
"51173",5,"532230",78,0,2007,2,"N","Smyth County, Virginia","Private","Video tape and disc rental","County, NAICS 6-digit -- by ownership sector","All establishment sizes",2,0,0,0,0,0,0,0
"51173",5,"532230",78,0,2007,3,"N","Smyth County, Virginia","Private","Video tape and disc rental","County, NAICS 6-digit -- by ownership sector","All establishment sizes",2,0,0,0,0,0,0,0
"51173",5,"532230",78,0,2007,4,"N","Smyth County, Virginia","Private","Video tape and disc rental","County, NAICS 6-digit -- by ownership sector","All establishment sizes",2,0,0,0,0,0,0,0
"51173",5,53229,77,0,2007,1,"N","Smyth County, Virginia","Private","Other consumer goods rental","County, NAICS 5-digit -- by ownership sector","All establishment sizes",2,0,0,0,0,0,0,0
"51173",5,"53229",77,0,2007,2,"N","Smyth County, Virginia","Private","Other consumer goods rental","County, NAICS 5-digit -- by ownership sector","All establishment sizes",2,0,0,0,0,0,0,0
"51173",5,"53229",77,0,2007,3,"N","Smyth County, Virginia","Private","Other consumer goods rental","County, NAICS 5-digit -- by ownership sector","All establishment sizes",2,0,0,0,0,0,0,0
"51173",5,"53229",77,0,2007,4,"N","Smyth County, Virginia","Private","Other consumer goods rental","County, NAICS 5-digit -- by ownership sector","All establishment sizes",2,0,0,0,0,0,0,0
"51173",5,532291,78,0,2007,1,"N","Smyth County, Virginia","Private","Home health equipment rental","County, NAICS 6-digit -- by ownership sector","All establishment sizes",2,0,0,0,0,0,0,0
"51173",5,"532291",78,0,2007,2,"N","Smyth County, Virginia","Private","Home health equipment rental","County, NAICS 6-digit -- by ownership sector","All establishment sizes",2,0,0,0,0,0,0,0
"51173",5,"532291",78,0,2007,3,"N","Smyth County, Virginia","Private","Home health equipment rental","County, NAICS 6-digit -- by ownership sector","All establishment sizes",2,0,0,0,0,0,0,0
"51173",5,"532291",78,0,2007,4,"N","Smyth County, Virginia","Private","Home health equipment rental","County, NAICS 6-digit -- by ownership sector","All establishment sizes",2,0,0,0,0,0,0,0
"51173",5,5324,76,0,2007,1,"N","Smyth County, Virginia","Private","Machinery and equipment rental and leasing","County, NAICS 4-digit -- by ownership sector","All establishment sizes",1,0,0,0,0,0,0,0
"51173",5,"5324",76,0,2007,2,"N","Smyth County, Virginia","Private","Machinery and equipment rental and leasing","County, NAICS 4-digit -- by ownership sector","All establishment sizes",1,0,0,0,0,0,0,0
"51173",5,"5324",76,0,2007,3,"N","Smyth County, Virginia","Private","Machinery and equipment rental and leasing","County, NAICS 4-digit -- by ownership sector","All establishment sizes",1,0,0,0,0,0,0,0
"51173",5,"5324",76,0,2007,4,"N","Smyth County, Virginia","Private","Machinery and equipment rental and leasing","County, NAICS 4-digit -- by ownership sector","All establishment sizes",1,0,0,0,0,0,0,0
"51173",5,53249,77,0,2007,1,"N","Smyth County, Virginia","Private","Other machinery rental and leasing","County, NAICS 5-digit -- by ownership sector","All establishment sizes",1,0,0,0,0,0,0,0
"51173",5,"53249",77,0,2007,2,"N","Smyth County, Virginia","Private","Other machinery rental and leasing","County, NAICS 5-digit -- by ownership sector","All establishment sizes",1,0,0,0,0,0,0,0
"51173",5,"53249",77,0,2007,3,"N","Smyth County, Virginia","Private","Other machinery rental and leasing","County, NAICS 5-digit -- by ownership sector","All establishment sizes",1,0,0,0,0,0,0,0
"51173",5,"53249",77,0,2007,4,"N","Smyth County, Virginia","Private","Other machinery rental and leasing","County, NAICS 5-digit -- by ownership sector","All establishment sizes",1,0,0,0,0,0,0,0
"51173",5,532490,78,0,2007,1,"N","Smyth County, Virginia","Private","Other machinery rental and leasing","County, NAICS 6-digit -- by ownership sector","All establishment sizes",1,0,0,0,0,0,0,0
"51173",5,"532490",78,0,2007,2,"N","Smyth County, Virginia","Private","Other machinery rental and leasing","County, NAICS 6-digit -- by ownership sector","All establishment sizes",1,0,0,0,0,0,0,0
"51173",5,"532490",78,0,2007,3,"N","Smyth County, Virginia","Private","Other machinery rental and leasing","County, NAICS 6-digit -- by ownership sector","All establishment sizes",1,0,0,0,0,0,0,0
"51173",5,"532490",78,0,2007,4,"N","Smyth County, Virginia","Private","Other machinery rental and leasing","County, NAICS 6-digit -- by ownership sector","All establishment sizes",1,0,0,0,0,0,0,0
"51173",5,54,74,0,2007,1,"N","Smyth County, Virginia","Private","Professional and technical services","County, NAICS Sector -- by ownership sector","All establishment sizes",36,0,0,0,0,0,0,0
"51173",5,"54",74,0,2007,2,"N","Smyth County, Virginia","Private","Professional and technical services","County, NAICS Sector -- by ownership sector","All establishment sizes",36,0,0,0,0,0,0,0
"51173",5,"54",74,0,2007,3,"N","Smyth County, Virginia","Private","Professional and technical services","County, NAICS Sector -- by ownership sector","All establishment sizes",34,0,0,0,0,0,0,0
"51173",5,"54",74,0,2007,4,"N","Smyth County, Virginia","Private","Professional and technical services","County, NAICS Sector -- by ownership sector","All establishment sizes",34,0,0,0,0,0,0,0
"51173",5,541,75,0,2007,1,"N","Smyth County, Virginia","Private","Professional and Technical Services","County, NAICS 3-digit -- by ownership sector","All establishment sizes",36,0,0,0,0,0,0,0
"51173",5,"541",75,0,2007,2,"N","Smyth County, Virginia","Private","Professional and Technical Services","County, NAICS 3-digit -- by ownership sector","All establishment sizes",36,0,0,0,0,0,0,0
"51173",5,"541",75,0,2007,3,"N","Smyth County, Virginia","Private","Professional and Technical Services","County, NAICS 3-digit -- by ownership sector","All establishment sizes",34,0,0,0,0,0,0,0
"51173",5,"541",75,0,2007,4,"N","Smyth County, Virginia","Private","Professional and Technical Services","County, NAICS 3-digit -- by ownership sector","All establishment sizes",34,0,0,0,0,0,0,0
"51173",5,5411,76,0,2007,1,"","Smyth County, Virginia","Private","Legal services","County, NAICS 4-digit -- by ownership sector","All establishment sizes",9,67,67,68,502932,410831,3120,575
"51173",5,"5411",76,0,2007,2,"","Smyth County, Virginia","Private","Legal services","County, NAICS 4-digit -- by ownership sector","All establishment sizes",9,63,65,65,555290,93845,746,664
"51173",5,"5411",76,0,2007,3,"","Smyth County, Virginia","Private","Legal services","County, NAICS 4-digit -- by ownership sector","All establishment sizes",9,64,66,66,541970,25108,251,638
"51173",5,"5411",76,0,2007,4,"","Smyth County, Virginia","Private","Legal services","County, NAICS 4-digit -- by ownership sector","All establishment sizes",9,66,67,69,586178,18536,187,670
"51173",5,54111,77,0,2007,1,"","Smyth County, Virginia","Private","Offices of lawyers","County, NAICS 5-digit -- by ownership sector","All establishment sizes",9,67,67,68,502932,410831,3120,575
"51173",5,"54111",77,0,2007,2,"","Smyth County, Virginia","Private","Offices of lawyers","County, NAICS 5-digit -- by ownership sector","All establishment sizes",9,63,65,65,555290,93845,746,664
"51173",5,"54111",77,0,2007,3,"","Smyth County, Virginia","Private","Offices of lawyers","County, NAICS 5-digit -- by ownership sector","All establishment sizes",9,64,66,66,541970,25108,251,638
"51173",5,"54111",77,0,2007,4,"","Smyth County, Virginia","Private","Offices of lawyers","County, NAICS 5-digit -- by ownership sector","All establishment sizes",9,66,67,69,586178,18536,187,670
"51173",5,541110,78,0,2007,1,"","Smyth County, Virginia","Private","Offices of lawyers","County, NAICS 6-digit -- by ownership sector","All establishment sizes",9,67,67,68,502932,410831,3120,575
"51173",5,"541110",78,0,2007,2,"","Smyth County, Virginia","Private","Offices of lawyers","County, NAICS 6-digit -- by ownership sector","All establishment sizes",9,63,65,65,555290,93845,746,664
"51173",5,"541110",78,0,2007,3,"","Smyth County, Virginia","Private","Offices of lawyers","County, NAICS 6-digit -- by ownership sector","All establishment sizes",9,64,66,66,541970,25108,251,638
"51173",5,"541110",78,0,2007,4,"","Smyth County, Virginia","Private","Offices of lawyers","County, NAICS 6-digit -- by ownership sector","All establishment sizes",9,66,67,69,586178,18536,187,670
"51173",5,5412,76,0,2007,1,"","Smyth County, Virginia","Private","Accounting and bookkeeping services","County, NAICS 4-digit -- by ownership sector","All establishment sizes",10,72,87,85,319994,295921,9348,303
"51173",5,"5412",76,0,2007,2,"","Smyth County, Virginia","Private","Accounting and bookkeeping services","County, NAICS 4-digit -- by ownership sector","All establishment sizes",10,58,39,38,243782,81312,2667,417
"51173",5,"5412",76,0,2007,3,"","Smyth County, Virginia","Private","Accounting and bookkeeping services","County, NAICS 4-digit -- by ownership sector","All establishment sizes",10,44,43,43,243416,22283,430,432
"51173",5,"5412",76,0,2007,4,"","Smyth County, Virginia","Private","Accounting and bookkeeping services","County, NAICS 4-digit -- by ownership sector","All establishment sizes",10,40,39,54,370864,23892,659,643
"51173",5,54121,77,0,2007,1,"","Smyth County, Virginia","Private","Accounting and bookkeeping services","County, NAICS 5-digit -- by ownership sector","All establishment sizes",10,72,87,85,319994,295921,9348,303
"51173",5,"54121",77,0,2007,2,"","Smyth County, Virginia","Private","Accounting and bookkeeping services","County, NAICS 5-digit -- by ownership sector","All establishment sizes",10,58,39,38,243782,81312,2667,417
"51173",5,"54121",77,0,2007,3,"","Smyth County, Virginia","Private","Accounting and bookkeeping services","County, NAICS 5-digit -- by ownership sector","All establishment sizes",10,44,43,43,243416,22283,430,432
"51173",5,"54121",77,0,2007,4,"","Smyth County, Virginia","Private","Accounting and bookkeeping services","County, NAICS 5-digit -- by ownership sector","All establishment sizes",10,40,39,54,370864,23892,659,643
"51173",5,541211,78,0,2007,1,"","Smyth County, Virginia","Private","Offices of certified public accountants","County, NAICS 6-digit -- by ownership sector","All establishment sizes",3,18,20,20,145084,121104,545,577
"51173",5,"541211",78,0,2007,2,"","Smyth County, Virginia","Private","Offices of certified public accountants","County, NAICS 6-digit -- by ownership sector","All establishment sizes",3,20,19,19,127174,23469,51,506
"51173",5,"541211",78,0,2007,3,"N","Smyth County, Virginia","Private","Offices of certified public accountants","County, NAICS 6-digit -- by ownership sector","All establishment sizes",3,0,0,0,0,0,0,0
"51173",5,"541211",78,0,2007,4,"N","Smyth County, Virginia","Private","Offices of certified public accountants","County, NAICS 6-digit -- by ownership sector","All establishment sizes",3,0,0,0,0,0,0,0
"51173",5,541213,78,0,2007,1,"N","Smyth County, Virginia","Private","Tax preparation services","County, NAICS 6-digit -- by ownership sector","All establishment sizes",3,0,0,0,0,0,0,0
"51173",5,"541213",78,0,2007,2,"N","Smyth County, Virginia","Private","Tax preparation services","County, NAICS 6-digit -- by ownership sector","All establishment sizes",3,0,0,0,0,0,0,0
"51173",5,"541213",78,0,2007,3,"N","Smyth County, Virginia","Private","Tax preparation services","County, NAICS 6-digit -- by ownership sector","All establishment sizes",3,0,0,0,0,0,0,0
"51173",5,"541213",78,0,2007,4,"N","Smyth County, Virginia","Private","Tax preparation services","County, NAICS 6-digit -- by ownership sector","All establishment sizes",3,0,0,0,0,0,0,0
"51173",5,541219,78,0,2007,1,"N","Smyth County, Virginia","Private","Other accounting services","County, NAICS 6-digit -- by ownership sector","All establishment sizes",4,0,0,0,0,0,0,0
"51173",5,"541219",78,0,2007,2,"N","Smyth County, Virginia","Private","Other accounting services","County, NAICS 6-digit -- by ownership sector","All establishment sizes",4,0,0,0,0,0,0,0
"51173",5,"541219",78,0,2007,3,"","Smyth County, Virginia","Private","Other accounting services","County, NAICS 6-digit -- by ownership sector","All establishment sizes",4,21,22,22,69952,8354,321,248
"51173",5,"541219",78,0,2007,4,"N","Smyth County, Virginia","Private","Other accounting services","County, NAICS 6-digit -- by ownership sector","All establishment sizes",4,0,0,0,0,0,0,0
"51173",5,5413,76,0,2007,1,"","Smyth County, Virginia","Private","Architectural and engineering services","County, NAICS 4-digit -- by ownership sector","All establishment sizes",6,11,13,14,91136,79594,1131,553
"51173",5,"5413",76,0,2007,2,"","Smyth County, Virginia","Private","Architectural and engineering services","County, NAICS 4-digit -- by ownership sector","All establishment sizes",6,14,14,14,94882,41018,684,521
"51173",5,"5413",76,0,2007,3,"","Smyth County, Virginia","Private","Architectural and engineering services","County, NAICS 4-digit -- by ownership sector","All establishment sizes",5,20,14,15,101152,16704,369,476
"51173",5,"5413",76,0,2007,4,"","Smyth County, Virginia","Private","Architectural and engineering services","County, NAICS 4-digit -- by ownership sector","All establishment sizes",5,15,14,15,118700,9460,243,623
"51173",5,54131,77,0,2007,1,"N","Smyth County, Virginia","Private","Architectural services","County, NAICS 5-digit -- by ownership sector","All establishment sizes",1,0,0,0,0,0,0,0
"51173",5,"54131",77,0,2007,2,"N","Smyth County, Virginia","Private","Architectural services","County, NAICS 5-digit -- by ownership sector","All establishment sizes",1,0,0,0,0,0,0,0
"51173",5,"54131",77,0,2007,3,"N","Smyth County, Virginia","Private","Architectural services","County, NAICS 5-digit -- by ownership sector","All establishment sizes",1,0,0,0,0,0,0,0
"51173",5,"54131",77,0,2007,4,"N","Smyth County, Virginia","Private","Architectural services","County, NAICS 5-digit -- by ownership sector","All establishment sizes",1,0,0,0,0,0,0,0
"51173",5,541310,78,0,2007,1,"N","Smyth County, Virginia","Private","Architectural services","County, NAICS 6-digit -- by ownership sector","All establishment sizes",1,0,0,0,0,0,0,0
"51173",5,"541310",78,0,2007,2,"N","Smyth County, Virginia","Private","Architectural services","County, NAICS 6-digit -- by ownership sector","All establishment sizes",1,0,0,0,0,0,0,0
"51173",5,"541310",78,0,2007,3,"N","Smyth County, Virginia","Private","Architectural services","County, NAICS 6-digit -- by ownership sector","All establishment sizes",1,0,0,0,0,0,0,0
"51173",5,"541310",78,0,2007,4,"N","Smyth County, Virginia","Private","Architectural services","County, NAICS 6-digit -- by ownership sector","All establishment sizes",1,0,0,0,0,0,0,0
"51173",5,54133,77,0,2007,1,"N","Smyth County, Virginia","Private","Engineering services","County, NAICS 5-digit -- by ownership sector","All establishment sizes",5,0,0,0,0,0,0,0
"51173",5,"54133",77,0,2007,2,"N","Smyth County, Virginia","Private","Engineering services","County, NAICS 5-digit -- by ownership sector","All establishment sizes",5,0,0,0,0,0,0,0
"51173",5,"54133",77,0,2007,3,"N","Smyth County, Virginia","Private","Engineering services","County, NAICS 5-digit -- by ownership sector","All establishment sizes",4,0,0,0,0,0,0,0
"51173",5,"54133",77,0,2007,4,"N","Smyth County, Virginia","Private","Engineering services","County, NAICS 5-digit -- by ownership sector","All establishment sizes",4,0,0,0,0,0,0,0
"51173",5,541330,78,0,2007,1,"N","Smyth County, Virginia","Private","Engineering services","County, NAICS 6-digit -- by ownership sector","All establishment sizes",5,0,0,0,0,0,0,0
"51173",5,"541330",78,0,2007,2,"N","Smyth County, Virginia","Private","Engineering services","County, NAICS 6-digit -- by ownership sector","All establishment sizes",5,0,0,0,0,0,0,0
"51173",5,"541330",78,0,2007,3,"N","Smyth County, Virginia","Private","Engineering services","County, NAICS 6-digit -- by ownership sector","All establishment sizes",4,0,0,0,0,0,0,0
"51173",5,"541330",78,0,2007,4,"N","Smyth County, Virginia","Private","Engineering services","County, NAICS 6-digit -- by ownership sector","All establishment sizes",4,0,0,0,0,0,0,0
"51173",5,5415,76,0,2007,1,"N","Smyth County, Virginia","Private","Computer systems design and related services","County, NAICS 4-digit -- by ownership sector","All establishment sizes",3,0,0,0,0,0,0,0
"51173",5,"5415",76,0,2007,2,"N","Smyth County, Virginia","Private","Computer systems design and related services","County, NAICS 4-digit -- by ownership sector","All establishment sizes",3,0,0,0,0,0,0,0
"51173",5,"5415",76,0,2007,3,"N","Smyth County, Virginia","Private","Computer systems design and related services","County, NAICS 4-digit -- by ownership sector","All establishment sizes",3,0,0,0,0,0,0,0
"51173",5,"5415",76,0,2007,4,"N","Smyth County, Virginia","Private","Computer systems design and related services","County, NAICS 4-digit -- by ownership sector","All establishment sizes",3,0,0,0,0,0,0,0
"51173",5,54151,77,0,2007,1,"N","Smyth County, Virginia","Private","Computer systems design and related services","County, NAICS 5-digit -- by ownership sector","All establishment sizes",3,0,0,0,0,0,0,0
"51173",5,"54151",77,0,2007,2,"N","Smyth County, Virginia","Private","Computer systems design and related services","County, NAICS 5-digit -- by ownership sector","All establishment sizes",3,0,0,0,0,0,0,0
"51173",5,"54151",77,0,2007,3,"N","Smyth County, Virginia","Private","Computer systems design and related services","County, NAICS 5-digit -- by ownership sector","All establishment sizes",3,0,0,0,0,0,0,0
"51173",5,"54151",77,0,2007,4,"N","Smyth County, Virginia","Private","Computer systems design and related services","County, NAICS 5-digit -- by ownership sector","All establishment sizes",3,0,0,0,0,0,0,0
"51173",5,541511,78,0,2007,1,"N","Smyth County, Virginia","Private","Custom computer programming services","County, NAICS 6-digit -- by ownership sector","All establishment sizes",2,0,0,0,0,0,0,0
"51173",5,"541511",78,0,2007,2,"N","Smyth County, Virginia","Private","Custom computer programming services","County, NAICS 6-digit -- by ownership sector","All establishment sizes",2,0,0,0,0,0,0,0
"51173",5,"541511",78,0,2007,3,"N","Smyth County, Virginia","Private","Custom computer programming services","County, NAICS 6-digit -- by ownership sector","All establishment sizes",2,0,0,0,0,0,0,0
"51173",5,"541511",78,0,2007,4,"N","Smyth County, Virginia","Private","Custom computer programming services","County, NAICS 6-digit -- by ownership sector","All establishment sizes",2,0,0,0,0,0,0,0
"51173",5,541512,78,0,2007,1,"N","Smyth County, Virginia","Private","Computer systems design services","County, NAICS 6-digit -- by ownership sector","All establishment sizes",1,0,0,0,0,0,0,0
"51173",5,"541512",78,0,2007,2,"N","Smyth County, Virginia","Private","Computer systems design services","County, NAICS 6-digit -- by ownership sector","All establishment sizes",1,0,0,0,0,0,0,0
"51173",5,"541512",78,0,2007,3,"N","Smyth County, Virginia","Private","Computer systems design services","County, NAICS 6-digit -- by ownership sector","All establishment sizes",1,0,0,0,0,0,0,0
"51173",5,"541512",78,0,2007,4,"N","Smyth County, Virginia","Private","Computer systems design services","County, NAICS 6-digit -- by ownership sector","All establishment sizes",1,0,0,0,0,0,0,0
"51173",5,5416,76,0,2007,1,"N","Smyth County, Virginia","Private","Management and technical consulting services","County, NAICS 4-digit -- by ownership sector","All establishment sizes",3,0,0,0,0,0,0,0
"51173",5,"5416",76,0,2007,2,"N","Smyth County, Virginia","Private","Management and technical consulting services","County, NAICS 4-digit -- by ownership sector","All establishment sizes",3,0,0,0,0,0,0,0
"51173",5,"5416",76,0,2007,3,"N","Smyth County, Virginia","Private","Management and technical consulting services","County, NAICS 4-digit -- by ownership sector","All establishment sizes",2,0,0,0,0,0,0,0
"51173",5,"5416",76,0,2007,4,"N","Smyth County, Virginia","Private","Management and technical consulting services","County, NAICS 4-digit -- by ownership sector","All establishment sizes",2,0,0,0,0,0,0,0
"51173",5,54161,77,0,2007,1,"N","Smyth County, Virginia","Private","Management consulting services","County, NAICS 5-digit -- by ownership sector","All establishment sizes",2,0,0,0,0,0,0,0
"51173",5,"54161",77,0,2007,2,"N","Smyth County, Virginia","Private","Management consulting services","County, NAICS 5-digit -- by ownership sector","All establishment sizes",2,0,0,0,0,0,0,0
"51173",5,"54161",77,0,2007,3,"N","Smyth County, Virginia","Private","Management consulting services","County, NAICS 5-digit -- by ownership sector","All establishment sizes",2,0,0,0,0,0,0,0
"51173",5,"54161",77,0,2007,4,"N","Smyth County, Virginia","Private","Management consulting services","County, NAICS 5-digit -- by ownership sector","All establishment sizes",2,0,0,0,0,0,0,0
"51173",5,541611,78,0,2007,1,"N","Smyth County, Virginia","Private","Administrative management consulting services","County, NAICS 6-digit -- by ownership sector","All establishment sizes",2,0,0,0,0,0,0,0
"51173",5,"541611",78,0,2007,2,"N","Smyth County, Virginia","Private","Administrative management consulting services","County, NAICS 6-digit -- by ownership sector","All establishment sizes",2,0,0,0,0,0,0,0
"51173",5,"541611",78,0,2007,3,"N","Smyth County, Virginia","Private","Administrative management consulting services","County, NAICS 6-digit -- by ownership sector","All establishment sizes",2,0,0,0,0,0,0,0
"51173",5,"541611",78,0,2007,4,"N","Smyth County, Virginia","Private","Administrative management consulting services","County, NAICS 6-digit -- by ownership sector","All establishment sizes",2,0,0,0,0,0,0,0
"51173",5,54162,77,0,2007,1,"N","Smyth County, Virginia","Private","Environmental consulting services","County, NAICS 5-digit -- by ownership sector","All establishment sizes",1,0,0,0,0,0,0,0
"51173",5,"54162",77,0,2007,2,"N","Smyth County, Virginia","Private","Environmental consulting services","County, NAICS 5-digit -- by ownership sector","All establishment sizes",1,0,0,0,0,0,0,0
"51173",5,"54162",77,0,2007,3,"-","Smyth County, Virginia","Private","Environmental consulting services","County, NAICS 5-digit -- by ownership sector","All establishment sizes",0,0,0,0,0,0,0,0
"51173",5,"54162",77,0,2007,4,"-","Smyth County, Virginia","Private","Environmental consulting services","County, NAICS 5-digit -- by ownership sector","All establishment sizes",0,0,0,0,0,0,0,0
"51173",5,541620,78,0,2007,1,"N","Smyth County, Virginia","Private","Environmental consulting services","County, NAICS 6-digit -- by ownership sector","All establishment sizes",1,0,0,0,0,0,0,0
"51173",5,"541620",78,0,2007,2,"N","Smyth County, Virginia","Private","Environmental consulting services","County, NAICS 6-digit -- by ownership sector","All establishment sizes",1,0,0,0,0,0,0,0
"51173",5,"541620",78,0,2007,3,"-","Smyth County, Virginia","Private","Environmental consulting services","County, NAICS 6-digit -- by ownership sector","All establishment sizes",0,0,0,0,0,0,0,0
"51173",5,"541620",78,0,2007,4,"-","Smyth County, Virginia","Private","Environmental consulting services","County, NAICS 6-digit -- by ownership sector","All establishment sizes",0,0,0,0,0,0,0,0
"51173",5,5418,76,0,2007,1,"N","Smyth County, Virginia","Private","Advertising, PR, and related services","County, NAICS 4-digit -- by ownership sector","All establishment sizes",2,0,0,0,0,0,0,0
"51173",5,"5418",76,0,2007,2,"N","Smyth County, Virginia","Private","Advertising, PR, and related services","County, NAICS 4-digit -- by ownership sector","All establishment sizes",2,0,0,0,0,0,0,0
"51173",5,"5418",76,0,2007,3,"N","Smyth County, Virginia","Private","Advertising, PR, and related services","County, NAICS 4-digit -- by ownership sector","All establishment sizes",2,0,0,0,0,0,0,0
"51173",5,"5418",76,0,2007,4,"N","Smyth County, Virginia","Private","Advertising, PR, and related services","County, NAICS 4-digit -- by ownership sector","All establishment sizes",2,0,0,0,0,0,0,0
"51173",5,54189,77,0,2007,1,"N","Smyth County, Virginia","Private","Other services related to advertising","County, NAICS 5-digit -- by ownership sector","All establishment sizes",2,0,0,0,0,0,0,0
"51173",5,"54189",77,0,2007,2,"N","Smyth County, Virginia","Private","Other services related to advertising","County, NAICS 5-digit -- by ownership sector","All establishment sizes",2,0,0,0,0,0,0,0
"51173",5,"54189",77,0,2007,3,"N","Smyth County, Virginia","Private","Other services related to advertising","County, NAICS 5-digit -- by ownership sector","All establishment sizes",2,0,0,0,0,0,0,0
"51173",5,"54189",77,0,2007,4,"N","Smyth County, Virginia","Private","Other services related to advertising","County, NAICS 5-digit -- by ownership sector","All establishment sizes",2,0,0,0,0,0,0,0
"51173",5,541890,78,0,2007,1,"N","Smyth County, Virginia","Private","Other services related to advertising","County, NAICS 6-digit -- by ownership sector","All establishment sizes",2,0,0,0,0,0,0,0
"51173",5,"541890",78,0,2007,2,"N","Smyth County, Virginia","Private","Other services related to advertising","County, NAICS 6-digit -- by ownership sector","All establishment sizes",2,0,0,0,0,0,0,0
"51173",5,"541890",78,0,2007,3,"N","Smyth County, Virginia","Private","Other services related to advertising","County, NAICS 6-digit -- by ownership sector","All establishment sizes",2,0,0,0,0,0,0,0
"51173",5,"541890",78,0,2007,4,"N","Smyth County, Virginia","Private","Other services related to advertising","County, NAICS 6-digit -- by ownership sector","All establishment sizes",2,0,0,0,0,0,0,0
"51173",5,5419,76,0,2007,1,"N","Smyth County, Virginia","Private","Other professional and technical services","County, NAICS 4-digit -- by ownership sector","All establishment sizes",3,0,0,0,0,0,0,0
"51173",5,"5419",76,0,2007,2,"N","Smyth County, Virginia","Private","Other professional and technical services","County, NAICS 4-digit -- by ownership sector","All establishment sizes",3,0,0,0,0,0,0,0
"51173",5,"5419",76,0,2007,3,"N","Smyth County, Virginia","Private","Other professional and technical services","County, NAICS 4-digit -- by ownership sector","All establishment sizes",3,0,0,0,0,0,0,0
"51173",5,"5419",76,0,2007,4,"N","Smyth County, Virginia","Private","Other professional and technical services","County, NAICS 4-digit -- by ownership sector","All establishment sizes",3,0,0,0,0,0,0,0
"51173",5,54192,77,0,2007,1,"N","Smyth County, Virginia","Private","Photographic services","County, NAICS 5-digit -- by ownership sector","All establishment sizes",1,0,0,0,0,0,0,0
"51173",5,"54192",77,0,2007,2,"N","Smyth County, Virginia","Private","Photographic services","County, NAICS 5-digit -- by ownership sector","All establishment sizes",1,0,0,0,0,0,0,0
"51173",5,"54192",77,0,2007,3,"N","Smyth County, Virginia","Private","Photographic services","County, NAICS 5-digit -- by ownership sector","All establishment sizes",1,0,0,0,0,0,0,0
"51173",5,"54192",77,0,2007,4,"N","Smyth County, Virginia","Private","Photographic services","County, NAICS 5-digit -- by ownership sector","All establishment sizes",1,0,0,0,0,0,0,0
"51173",5,541921,78,0,2007,1,"N","Smyth County, Virginia","Private","Photography studios, portrait","County, NAICS 6-digit -- by ownership sector","All establishment sizes",1,0,0,0,0,0,0,0
"51173",5,"541921",78,0,2007,2,"N","Smyth County, Virginia","Private","Photography studios, portrait","County, NAICS 6-digit -- by ownership sector","All establishment sizes",1,0,0,0,0,0,0,0
"51173",5,"541921",78,0,2007,3,"N","Smyth County, Virginia","Private","Photography studios, portrait","County, NAICS 6-digit -- by ownership sector","All establishment sizes",1,0,0,0,0,0,0,0
"51173",5,"541921",78,0,2007,4,"N","Smyth County, Virginia","Private","Photography studios, portrait","County, NAICS 6-digit -- by ownership sector","All establishment sizes",1,0,0,0,0,0,0,0
"51173",5,54194,77,0,2007,1,"N","Smyth County, Virginia","Private","Veterinary services","County, NAICS 5-digit -- by ownership sector","All establishment sizes",2,0,0,0,0,0,0,0
"51173",5,"54194",77,0,2007,2,"N","Smyth County, Virginia","Private","Veterinary services","County, NAICS 5-digit -- by ownership sector","All establishment sizes",2,0,0,0,0,0,0,0
"51173",5,"54194",77,0,2007,3,"N","Smyth County, Virginia","Private","Veterinary services","County, NAICS 5-digit -- by ownership sector","All establishment sizes",2,0,0,0,0,0,0,0
"51173",5,"54194",77,0,2007,4,"N","Smyth County, Virginia","Private","Veterinary services","County, NAICS 5-digit -- by ownership sector","All establishment sizes",2,0,0,0,0,0,0,0
"51173",5,541940,78,0,2007,1,"N","Smyth County, Virginia","Private","Veterinary services","County, NAICS 6-digit -- by ownership sector","All establishment sizes",2,0,0,0,0,0,0,0
"51173",5,"541940",78,0,2007,2,"N","Smyth County, Virginia","Private","Veterinary services","County, NAICS 6-digit -- by ownership sector","All establishment sizes",2,0,0,0,0,0,0,0
"51173",5,"541940",78,0,2007,3,"N","Smyth County, Virginia","Private","Veterinary services","County, NAICS 6-digit -- by ownership sector","All establishment sizes",2,0,0,0,0,0,0,0
"51173",5,"541940",78,0,2007,4,"N","Smyth County, Virginia","Private","Veterinary services","County, NAICS 6-digit -- by ownership sector","All establishment sizes",2,0,0,0,0,0,0,0
"51173",5,55,74,0,2007,1,"N","Smyth County, Virginia","Private","Management of companies and enterprises","County, NAICS Sector -- by ownership sector","All establishment sizes",3,0,0,0,0,0,0,0
"51173",5,"55",74,0,2007,2,"N","Smyth County, Virginia","Private","Management of companies and enterprises","County, NAICS Sector -- by ownership sector","All establishment sizes",3,0,0,0,0,0,0,0
"51173",5,"55",74,0,2007,3,"N","Smyth County, Virginia","Private","Management of companies and enterprises","County, NAICS Sector -- by ownership sector","All establishment sizes",3,0,0,0,0,0,0,0
"51173",5,"55",74,0,2007,4,"N","Smyth County, Virginia","Private","Management of companies and enterprises","County, NAICS Sector -- by ownership sector","All establishment sizes",3,0,0,0,0,0,0,0
"51173",5,551,75,0,2007,1,"N","Smyth County, Virginia","Private","Management of companies and enterprises","County, NAICS 3-digit -- by ownership sector","All establishment sizes",3,0,0,0,0,0,0,0
"51173",5,"551",75,0,2007,2,"N","Smyth County, Virginia","Private","Management of companies and enterprises","County, NAICS 3-digit -- by ownership sector","All establishment sizes",3,0,0,0,0,0,0,0
"51173",5,"551",75,0,2007,3,"N","Smyth County, Virginia","Private","Management of companies and enterprises","County, NAICS 3-digit -- by ownership sector","All establishment sizes",3,0,0,0,0,0,0,0
"51173",5,"551",75,0,2007,4,"N","Smyth County, Virginia","Private","Management of companies and enterprises","County, NAICS 3-digit -- by ownership sector","All establishment sizes",3,0,0,0,0,0,0,0
"51173",5,5511,76,0,2007,1,"N","Smyth County, Virginia","Private","Management of companies and enterprises","County, NAICS 4-digit -- by ownership sector","All establishment sizes",3,0,0,0,0,0,0,0
"51173",5,"5511",76,0,2007,2,"N","Smyth County, Virginia","Private","Management of companies and enterprises","County, NAICS 4-digit -- by ownership sector","All establishment sizes",3,0,0,0,0,0,0,0
"51173",5,"5511",76,0,2007,3,"N","Smyth County, Virginia","Private","Management of companies and enterprises","County, NAICS 4-digit -- by ownership sector","All establishment sizes",3,0,0,0,0,0,0,0
"51173",5,"5511",76,0,2007,4,"N","Smyth County, Virginia","Private","Management of companies and enterprises","County, NAICS 4-digit -- by ownership sector","All establishment sizes",3,0,0,0,0,0,0,0
"51173",5,55111,77,0,2007,1,"N","Smyth County, Virginia","Private","Management of companies and enterprises","County, NAICS 5-digit -- by ownership sector","All establishment sizes",3,0,0,0,0,0,0,0
"51173",5,"55111",77,0,2007,2,"N","Smyth County, Virginia","Private","Management of companies and enterprises","County, NAICS 5-digit -- by ownership sector","All establishment sizes",3,0,0,0,0,0,0,0
"51173",5,"55111",77,0,2007,3,"N","Smyth County, Virginia","Private","Management of companies and enterprises","County, NAICS 5-digit -- by ownership sector","All establishment sizes",3,0,0,0,0,0,0,0
"51173",5,"55111",77,0,2007,4,"N","Smyth County, Virginia","Private","Management of companies and enterprises","County, NAICS 5-digit -- by ownership sector","All establishment sizes",3,0,0,0,0,0,0,0
"51173",5,551114,78,0,2007,1,"N","Smyth County, Virginia","Private","Managing offices","County, NAICS 6-digit -- by ownership sector","All establishment sizes",3,0,0,0,0,0,0,0
"51173",5,"551114",78,0,2007,2,"N","Smyth County, Virginia","Private","Managing offices","County, NAICS 6-digit -- by ownership sector","All establishment sizes",3,0,0,0,0,0,0,0
"51173",5,"551114",78,0,2007,3,"N","Smyth County, Virginia","Private","Managing offices","County, NAICS 6-digit -- by ownership sector","All establishment sizes",3,0,0,0,0,0,0,0
"51173",5,"551114",78,0,2007,4,"N","Smyth County, Virginia","Private","Managing offices","County, NAICS 6-digit -- by ownership sector","All establishment sizes",3,0,0,0,0,0,0,0
"51173",5,56,74,0,2007,1,"","Smyth County, Virginia","Private","Administrative and waste services","County, NAICS Sector -- by ownership sector","All establishment sizes",26,690,690,651,2630741,2507074,81530,299
"51173",5,"56",74,0,2007,2,"","Smyth County, Virginia","Private","Administrative and waste services","County, NAICS Sector -- by ownership sector","All establishment sizes",26,685,705,803,2949456,2418098,79607,310
"51173",5,"56",74,0,2007,3,"","Smyth County, Virginia","Private","Administrative and waste services","County, NAICS Sector -- by ownership sector","All establishment sizes",27,813,847,750,3013437,2058522,65208,289
"51173",5,"56",74,0,2007,4,"","Smyth County, Virginia","Private","Administrative and waste services","County, NAICS Sector -- by ownership sector","All establishment sizes",24,794,726,687,2933998,1789108,58881,307
"51173",5,561,75,0,2007,1,"","Smyth County, Virginia","Private","Administrative and support services","County, NAICS 3-digit -- by ownership sector","All establishment sizes",22,676,676,638,2534366,2423128,81196,294
"51173",5,"561",75,0,2007,2,"","Smyth County, Virginia","Private","Administrative and support services","County, NAICS 3-digit -- by ownership sector","All establishment sizes",22,671,690,790,2847309,2392297,79357,305
"51173",5,"561",75,0,2007,3,"","Smyth County, Virginia","Private","Administrative and support services","County, NAICS 3-digit -- by ownership sector","All establishment sizes",23,799,832,736,2917293,2053015,65092,284
"51173",5,"561",75,0,2007,4,"","Smyth County, Virginia","Private","Administrative and support services","County, NAICS 3-digit -- by ownership sector","All establishment sizes",20,779,711,672,2819929,1784143,58872,301
"51173",5,5613,76,0,2007,1,"","Smyth County, Virginia","Private","Employment services","County, NAICS 4-digit -- by ownership sector","All establishment sizes",7,455,476,449,1783379,1721648,61898,298
"51173",5,"5613",76,0,2007,2,"","Smyth County, Virginia","Private","Employment services","County, NAICS 4-digit -- by ownership sector","All establishment sizes",7,481,505,594,2030854,1762265,62761,297
"51173",5,"5613",76,0,2007,3,"","Smyth County, Virginia","Private","Employment services","County, NAICS 4-digit -- by ownership sector","All establishment sizes",7,655,693,618,2472679,1854987,62224,290
"51173",5,"5613",76,0,2007,4,"","Smyth County, Virginia","Private","Employment services","County, NAICS 4-digit -- by ownership sector","All establishment sizes",7,651,582,550,2295767,1598859,56607,297
"51173",5,56131,77,0,2007,1,"N","Smyth County, Virginia","Private","Employment placement and executive search","County, NAICS 5-digit -- by ownership sector","All establishment sizes",1,0,0,0,0,0,0,0
"51173",5,"56131",77,0,2007,2,"N","Smyth County, Virginia","Private","Employment placement and executive search","County, NAICS 5-digit -- by ownership sector","All establishment sizes",1,0,0,0,0,0,0,0
"51173",5,"56131",77,0,2007,3,"N","Smyth County, Virginia","Private","Employment placement and executive search","County, NAICS 5-digit -- by ownership sector","All establishment sizes",1,0,0,0,0,0,0,0
"51173",5,"56131",77,0,2007,4,"N","Smyth County, Virginia","Private","Employment placement and executive search","County, NAICS 5-digit -- by ownership sector","All establishment sizes",1,0,0,0,0,0,0,0
"51173",5,561311,78,0,2007,1,"N","Smyth County, Virginia","Private","Employment placement agencies","County, NAICS 6-digit -- by ownership sector","All establishment sizes",1,0,0,0,0,0,0,0
"51173",5,"561311",78,0,2007,2,"N","Smyth County, Virginia","Private","Employment placement agencies","County, NAICS 6-digit -- by ownership sector","All establishment sizes",1,0,0,0,0,0,0,0
"51173",5,"561311",78,0,2007,3,"N","Smyth County, Virginia","Private","Employment placement agencies","County, NAICS 6-digit -- by ownership sector","All establishment sizes",1,0,0,0,0,0,0,0
"51173",5,"561311",78,0,2007,4,"N","Smyth County, Virginia","Private","Employment placement agencies","County, NAICS 6-digit -- by ownership sector","All establishment sizes",1,0,0,0,0,0,0,0
"51173",5,56132,77,0,2007,1,"N","Smyth County, Virginia","Private","Temporary help services","County, NAICS 5-digit -- by ownership sector","All establishment sizes",6,0,0,0,0,0,0,0
"51173",5,"56132",77,0,2007,2,"N","Smyth County, Virginia","Private","Temporary help services","County, NAICS 5-digit -- by ownership sector","All establishment sizes",6,0,0,0,0,0,0,0
"51173",5,"56132",77,0,2007,3,"N","Smyth County, Virginia","Private","Temporary help services","County, NAICS 5-digit -- by ownership sector","All establishment sizes",6,0,0,0,0,0,0,0
"51173",5,"56132",77,0,2007,4,"N","Smyth County, Virginia","Private","Temporary help services","County, NAICS 5-digit -- by ownership sector","All establishment sizes",6,0,0,0,0,0,0,0
"51173",5,561320,78,0,2007,1,"N","Smyth County, Virginia","Private","Temporary help services","County, NAICS 6-digit -- by ownership sector","All establishment sizes",6,0,0,0,0,0,0,0
"51173",5,"561320",78,0,2007,2,"N","Smyth County, Virginia","Private","Temporary help services","County, NAICS 6-digit -- by ownership sector","All establishment sizes",6,0,0,0,0,0,0,0
"51173",5,"561320",78,0,2007,3,"N","Smyth County, Virginia","Private","Temporary help services","County, NAICS 6-digit -- by ownership sector","All establishment sizes",6,0,0,0,0,0,0,0
"51173",5,"561320",78,0,2007,4,"N","Smyth County, Virginia","Private","Temporary help services","County, NAICS 6-digit -- by ownership sector","All establishment sizes",6,0,0,0,0,0,0,0
"51173",5,5614,76,0,2007,1,"N","Smyth County, Virginia","Private","Business support services","County, NAICS 4-digit -- by ownership sector","All establishment sizes",3,0,0,0,0,0,0,0
"51173",5,"5614",76,0,2007,2,"N","Smyth County, Virginia","Private","Business support services","County, NAICS 4-digit -- by ownership sector","All establishment sizes",3,0,0,0,0,0,0,0
"51173",5,"5614",76,0,2007,3,"N","Smyth County, Virginia","Private","Business support services","County, NAICS 4-digit -- by ownership sector","All establishment sizes",3,0,0,0,0,0,0,0
"51173",5,"5614",76,0,2007,4,"N","Smyth County, Virginia","Private","Business support services","County, NAICS 4-digit -- by ownership sector","All establishment sizes",3,0,0,0,0,0,0,0
"51173",5,56141,77,0,2007,1,"N","Smyth County, Virginia","Private","Document preparation services","County, NAICS 5-digit -- by ownership sector","All establishment sizes",1,0,0,0,0,0,0,0
"51173",5,"56141",77,0,2007,2,"N","Smyth County, Virginia","Private","Document preparation services","County, NAICS 5-digit -- by ownership sector","All establishment sizes",1,0,0,0,0,0,0,0
"51173",5,"56141",77,0,2007,3,"N","Smyth County, Virginia","Private","Document preparation services","County, NAICS 5-digit -- by ownership sector","All establishment sizes",1,0,0,0,0,0,0,0
"51173",5,"56141",77,0,2007,4,"N","Smyth County, Virginia","Private","Document preparation services","County, NAICS 5-digit -- by ownership sector","All establishment sizes",1,0,0,0,0,0,0,0
"51173",5,561410,78,0,2007,1,"N","Smyth County, Virginia","Private","Document preparation services","County, NAICS 6-digit -- by ownership sector","All establishment sizes",1,0,0,0,0,0,0,0
"51173",5,"561410",78,0,2007,2,"N","Smyth County, Virginia","Private","Document preparation services","County, NAICS 6-digit -- by ownership sector","All establishment sizes",1,0,0,0,0,0,0,0
"51173",5,"561410",78,0,2007,3,"N","Smyth County, Virginia","Private","Document preparation services","County, NAICS 6-digit -- by ownership sector","All establishment sizes",1,0,0,0,0,0,0,0
"51173",5,"561410",78,0,2007,4,"N","Smyth County, Virginia","Private","Document preparation services","County, NAICS 6-digit -- by ownership sector","All establishment sizes",1,0,0,0,0,0,0,0
"51173",5,56142,77,0,2007,1,"N","Smyth County, Virginia","Private","Telephone call centers","County, NAICS 5-digit -- by ownership sector","All establishment sizes",1,0,0,0,0,0,0,0
"51173",5,"56142",77,0,2007,2,"N","Smyth County, Virginia","Private","Telephone call centers","County, NAICS 5-digit -- by ownership sector","All establishment sizes",1,0,0,0,0,0,0,0
"51173",5,"56142",77,0,2007,3,"N","Smyth County, Virginia","Private","Telephone call centers","County, NAICS 5-digit -- by ownership sector","All establishment sizes",1,0,0,0,0,0,0,0
"51173",5,"56142",77,0,2007,4,"N","Smyth County, Virginia","Private","Telephone call centers","County, NAICS 5-digit -- by ownership sector","All establishment sizes",1,0,0,0,0,0,0,0
"51173",5,561422,78,0,2007,1,"N","Smyth County, Virginia","Private","Telemarketing and other contact centers","County, NAICS 6-digit -- by ownership sector","All establishment sizes",1,0,0,0,0,0,0,0
"51173",5,"561422",78,0,2007,2,"N","Smyth County, Virginia","Private","Telemarketing and other contact centers","County, NAICS 6-digit -- by ownership sector","All establishment sizes",1,0,0,0,0,0,0,0
"51173",5,"561422",78,0,2007,3,"N","Smyth County, Virginia","Private","Telemarketing and other contact centers","County, NAICS 6-digit -- by ownership sector","All establishment sizes",1,0,0,0,0,0,0,0
"51173",5,"561422",78,0,2007,4,"N","Smyth County, Virginia","Private","Telemarketing and other contact centers","County, NAICS 6-digit -- by ownership sector","All establishment sizes",1,0,0,0,0,0,0,0
"51173",5,56144,77,0,2007,1,"N","Smyth County, Virginia","Private","Collection agencies","County, NAICS 5-digit -- by ownership sector","All establishment sizes",1,0,0,0,0,0,0,0
"51173",5,"56144",77,0,2007,2,"N","Smyth County, Virginia","Private","Collection agencies","County, NAICS 5-digit -- by ownership sector","All establishment sizes",1,0,0,0,0,0,0,0
"51173",5,"56144",77,0,2007,3,"N","Smyth County, Virginia","Private","Collection agencies","County, NAICS 5-digit -- by ownership sector","All establishment sizes",1,0,0,0,0,0,0,0
"51173",5,"56144",77,0,2007,4,"N","Smyth County, Virginia","Private","Collection agencies","County, NAICS 5-digit -- by ownership sector","All establishment sizes",1,0,0,0,0,0,0,0
"51173",5,561440,78,0,2007,1,"N","Smyth County, Virginia","Private","Collection agencies","County, NAICS 6-digit -- by ownership sector","All establishment sizes",1,0,0,0,0,0,0,0
"51173",5,"561440",78,0,2007,2,"N","Smyth County, Virginia","Private","Collection agencies","County, NAICS 6-digit -- by ownership sector","All establishment sizes",1,0,0,0,0,0,0,0
"51173",5,"561440",78,0,2007,3,"N","Smyth County, Virginia","Private","Collection agencies","County, NAICS 6-digit -- by ownership sector","All establishment sizes",1,0,0,0,0,0,0,0
"51173",5,"561440",78,0,2007,4,"N","Smyth County, Virginia","Private","Collection agencies","County, NAICS 6-digit -- by ownership sector","All establishment sizes",1,0,0,0,0,0,0,0
"51173",5,5615,76,0,2007,1,"-","Smyth County, Virginia","Private","Travel arrangement and reservation services","County, NAICS 4-digit -- by ownership sector","All establishment sizes",0,0,0,0,0,0,0,0
"51173",5,"5615",76,0,2007,2,"-","Smyth County, Virginia","Private","Travel arrangement and reservation services","County, NAICS 4-digit -- by ownership sector","All establishment sizes",0,0,0,0,0,0,0,0
"51173",5,"5615",76,0,2007,3,"N","Smyth County, Virginia","Private","Travel arrangement and reservation services","County, NAICS 4-digit -- by ownership sector","All establishment sizes",1,0,0,0,0,0,0,0
"51173",5,"5615",76,0,2007,4,"-","Smyth County, Virginia","Private","Travel arrangement and reservation services","County, NAICS 4-digit -- by ownership sector","All establishment sizes",0,0,0,0,0,0,0,0
"51173",5,56159,77,0,2007,1,"-","Smyth County, Virginia","Private","Other travel arrangement services","County, NAICS 5-digit -- by ownership sector","All establishment sizes",0,0,0,0,0,0,0,0
"51173",5,"56159",77,0,2007,2,"-","Smyth County, Virginia","Private","Other travel arrangement services","County, NAICS 5-digit -- by ownership sector","All establishment sizes",0,0,0,0,0,0,0,0
"51173",5,"56159",77,0,2007,3,"N","Smyth County, Virginia","Private","Other travel arrangement services","County, NAICS 5-digit -- by ownership sector","All establishment sizes",1,0,0,0,0,0,0,0
"51173",5,"56159",77,0,2007,4,"-","Smyth County, Virginia","Private","Other travel arrangement services","County, NAICS 5-digit -- by ownership sector","All establishment sizes",0,0,0,0,0,0,0,0
"51173",5,561591,78,0,2007,1,"-","Smyth County, Virginia","Private","Convention and visitors bureaus","County, NAICS 6-digit -- by ownership sector","All establishment sizes",0,0,0,0,0,0,0,0
"51173",5,"561591",78,0,2007,2,"-","Smyth County, Virginia","Private","Convention and visitors bureaus","County, NAICS 6-digit -- by ownership sector","All establishment sizes",0,0,0,0,0,0,0,0
"51173",5,"561591",78,0,2007,3,"N","Smyth County, Virginia","Private","Convention and visitors bureaus","County, NAICS 6-digit -- by ownership sector","All establishment sizes",1,0,0,0,0,0,0,0
"51173",5,"561591",78,0,2007,4,"-","Smyth County, Virginia","Private","Convention and visitors bureaus","County, NAICS 6-digit -- by ownership sector","All establishment sizes",0,0,0,0,0,0,0,0
"51173",5,5617,76,0,2007,1,"","Smyth County, Virginia","Private","Services to buildings and dwellings","County, NAICS 4-digit -- by ownership sector","All establishment sizes",11,72,63,59,306998,266242,15369,365
"51173",5,"5617",76,0,2007,2,"","Smyth County, Virginia","Private","Services to buildings and dwellings","County, NAICS 4-digit -- by ownership sector","All establishment sizes",11,68,65,65,310447,221707,12930,362
"51173",5,"5617",76,0,2007,3,"","Smyth County, Virginia","Private","Services to buildings and dwellings","County, NAICS 4-digit -- by ownership sector","All establishment sizes",11,33,33,18,94103,34428,1217,259
"51173",5,"5617",76,0,2007,4,"","Smyth County, Virginia","Private","Services to buildings and dwellings","County, NAICS 4-digit -- by ownership sector","All establishment sizes",9,18,19,16,54131,22487,846,236
"51173",5,56171,77,0,2007,1,"N","Smyth County, Virginia","Private","Exterminating and pest control services","County, NAICS 5-digit -- by ownership sector","All establishment sizes",1,0,0,0,0,0,0,0
"51173",5,"56171",77,0,2007,2,"N","Smyth County, Virginia","Private","Exterminating and pest control services","County, NAICS 5-digit -- by ownership sector","All establishment sizes",1,0,0,0,0,0,0,0
"51173",5,"56171",77,0,2007,3,"N","Smyth County, Virginia","Private","Exterminating and pest control services","County, NAICS 5-digit -- by ownership sector","All establishment sizes",1,0,0,0,0,0,0,0
"51173",5,"56171",77,0,2007,4,"N","Smyth County, Virginia","Private","Exterminating and pest control services","County, NAICS 5-digit -- by ownership sector","All establishment sizes",1,0,0,0,0,0,0,0
"51173",5,561710,78,0,2007,1,"N","Smyth County, Virginia","Private","Exterminating and pest control services","County, NAICS 6-digit -- by ownership sector","All establishment sizes",1,0,0,0,0,0,0,0
"51173",5,"561710",78,0,2007,2,"N","Smyth County, Virginia","Private","Exterminating and pest control services","County, NAICS 6-digit -- by ownership sector","All establishment sizes",1,0,0,0,0,0,0,0
"51173",5,"561710",78,0,2007,3,"N","Smyth County, Virginia","Private","Exterminating and pest control services","County, NAICS 6-digit -- by ownership sector","All establishment sizes",1,0,0,0,0,0,0,0
"51173",5,"561710",78,0,2007,4,"N","Smyth County, Virginia","Private","Exterminating and pest control services","County, NAICS 6-digit -- by ownership sector","All establishment sizes",1,0,0,0,0,0,0,0
"51173",5,56172,77,0,2007,1,"N","Smyth County, Virginia","Private","Janitorial services","County, NAICS 5-digit -- by ownership sector","All establishment sizes",2,0,0,0,0,0,0,0
"51173",5,"56172",77,0,2007,2,"N","Smyth County, Virginia","Private","Janitorial services","County, NAICS 5-digit -- by ownership sector","All establishment sizes",2,0,0,0,0,0,0,0
"51173",5,"56172",77,0,2007,3,"N","Smyth County, Virginia","Private","Janitorial services","County, NAICS 5-digit -- by ownership sector","All establishment sizes",2,0,0,0,0,0,0,0
"51173",5,"56172",77,0,2007,4,"N","Smyth County, Virginia","Private","Janitorial services","County, NAICS 5-digit -- by ownership sector","All establishment sizes",2,0,0,0,0,0,0,0
"51173",5,561720,78,0,2007,1,"N","Smyth County, Virginia","Private","Janitorial services","County, NAICS 6-digit -- by ownership sector","All establishment sizes",2,0,0,0,0,0,0,0
"51173",5,"561720",78,0,2007,2,"N","Smyth County, Virginia","Private","Janitorial services","County, NAICS 6-digit -- by ownership sector","All establishment sizes",2,0,0,0,0,0,0,0
"51173",5,"561720",78,0,2007,3,"N","Smyth County, Virginia","Private","Janitorial services","County, NAICS 6-digit -- by ownership sector","All establishment sizes",2,0,0,0,0,0,0,0
"51173",5,"561720",78,0,2007,4,"N","Smyth County, Virginia","Private","Janitorial services","County, NAICS 6-digit -- by ownership sector","All establishment sizes",2,0,0,0,0,0,0,0
"51173",5,56173,77,0,2007,1,"N","Smyth County, Virginia","Private","Landscaping services","County, NAICS 5-digit -- by ownership sector","All establishment sizes",6,0,0,0,0,0,0,0
"51173",5,"56173",77,0,2007,2,"N","Smyth County, Virginia","Private","Landscaping services","County, NAICS 5-digit -- by ownership sector","All establishment sizes",6,0,0,0,0,0,0,0
"51173",5,"56173",77,0,2007,3,"N","Smyth County, Virginia","Private","Landscaping services","County, NAICS 5-digit -- by ownership sector","All establishment sizes",6,0,0,0,0,0,0,0
"51173",5,"56173",77,0,2007,4,"N","Smyth County, Virginia","Private","Landscaping services","County, NAICS 5-digit -- by ownership sector","All establishment sizes",3,0,0,0,0,0,0,0
"51173",5,561730,78,0,2007,1,"N","Smyth County, Virginia","Private","Landscaping services","County, NAICS 6-digit -- by ownership sector","All establishment sizes",6,0,0,0,0,0,0,0
"51173",5,"561730",78,0,2007,2,"N","Smyth County, Virginia","Private","Landscaping services","County, NAICS 6-digit -- by ownership sector","All establishment sizes",6,0,0,0,0,0,0,0
"51173",5,"561730",78,0,2007,3,"N","Smyth County, Virginia","Private","Landscaping services","County, NAICS 6-digit -- by ownership sector","All establishment sizes",6,0,0,0,0,0,0,0
"51173",5,"561730",78,0,2007,4,"N","Smyth County, Virginia","Private","Landscaping services","County, NAICS 6-digit -- by ownership sector","All establishment sizes",3,0,0,0,0,0,0,0
"51173",5,56174,77,0,2007,1,"-","Smyth County, Virginia","Private","Carpet and upholstery cleaning services","County, NAICS 5-digit -- by ownership sector","All establishment sizes",0,0,0,0,0,0,0,0
"51173",5,"56174",77,0,2007,2,"-","Smyth County, Virginia","Private","Carpet and upholstery cleaning services","County, NAICS 5-digit -- by ownership sector","All establishment sizes",0,0,0,0,0,0,0,0
"51173",5,"56174",77,0,2007,3,"-","Smyth County, Virginia","Private","Carpet and upholstery cleaning services","County, NAICS 5-digit -- by ownership sector","All establishment sizes",0,0,0,0,0,0,0,0
"51173",5,"56174",77,0,2007,4,"N","Smyth County, Virginia","Private","Carpet and upholstery cleaning services","County, NAICS 5-digit -- by ownership sector","All establishment sizes",1,0,0,0,0,0,0,0
"51173",5,561740,78,0,2007,1,"-","Smyth County, Virginia","Private","Carpet and upholstery cleaning services","County, NAICS 6-digit -- by ownership sector","All establishment sizes",0,0,0,0,0,0,0,0
"51173",5,"561740",78,0,2007,2,"-","Smyth County, Virginia","Private","Carpet and upholstery cleaning services","County, NAICS 6-digit -- by ownership sector","All establishment sizes",0,0,0,0,0,0,0,0
"51173",5,"561740",78,0,2007,3,"-","Smyth County, Virginia","Private","Carpet and upholstery cleaning services","County, NAICS 6-digit -- by ownership sector","All establishment sizes",0,0,0,0,0,0,0,0
"51173",5,"561740",78,0,2007,4,"N","Smyth County, Virginia","Private","Carpet and upholstery cleaning services","County, NAICS 6-digit -- by ownership sector","All establishment sizes",1,0,0,0,0,0,0,0
"51173",5,56179,77,0,2007,1,"N","Smyth County, Virginia","Private","Other services to buildings and dwellings","County, NAICS 5-digit -- by ownership sector","All establishment sizes",2,0,0,0,0,0,0,0
"51173",5,"56179",77,0,2007,2,"N","Smyth County, Virginia","Private","Other services to buildings and dwellings","County, NAICS 5-digit -- by ownership sector","All establishment sizes",2,0,0,0,0,0,0,0
"51173",5,"56179",77,0,2007,3,"N","Smyth County, Virginia","Private","Other services to buildings and dwellings","County, NAICS 5-digit -- by ownership sector","All establishment sizes",2,0,0,0,0,0,0,0
"51173",5,"56179",77,0,2007,4,"N","Smyth County, Virginia","Private","Other services to buildings and dwellings","County, NAICS 5-digit -- by ownership sector","All establishment sizes",2,0,0,0,0,0,0,0
"51173",5,561790,78,0,2007,1,"N","Smyth County, Virginia","Private","Other services to buildings and dwellings","County, NAICS 6-digit -- by ownership sector","All establishment sizes",2,0,0,0,0,0,0,0
"51173",5,"561790",78,0,2007,2,"N","Smyth County, Virginia","Private","Other services to buildings and dwellings","County, NAICS 6-digit -- by ownership sector","All establishment sizes",2,0,0,0,0,0,0,0
"51173",5,"561790",78,0,2007,3,"N","Smyth County, Virginia","Private","Other services to buildings and dwellings","County, NAICS 6-digit -- by ownership sector","All establishment sizes",2,0,0,0,0,0,0,0
"51173",5,"561790",78,0,2007,4,"N","Smyth County, Virginia","Private","Other services to buildings and dwellings","County, NAICS 6-digit -- by ownership sector","All establishment sizes",2,0,0,0,0,0,0,0
"51173",5,5619,76,0,2007,1,"N","Smyth County, Virginia","Private","Other support services","County, NAICS 4-digit -- by ownership sector","All establishment sizes",1,0,0,0,0,0,0,0
"51173",5,"5619",76,0,2007,2,"N","Smyth County, Virginia","Private","Other support services","County, NAICS 4-digit -- by ownership sector","All establishment sizes",1,0,0,0,0,0,0,0
"51173",5,"5619",76,0,2007,3,"N","Smyth County, Virginia","Private","Other support services","County, NAICS 4-digit -- by ownership sector","All establishment sizes",1,0,0,0,0,0,0,0
"51173",5,"5619",76,0,2007,4,"N","Smyth County, Virginia","Private","Other support services","County, NAICS 4-digit -- by ownership sector","All establishment sizes",1,0,0,0,0,0,0,0
"51173",5,56199,77,0,2007,1,"N","Smyth County, Virginia","Private","All other support services","County, NAICS 5-digit -- by ownership sector","All establishment sizes",1,0,0,0,0,0,0,0
"51173",5,"56199",77,0,2007,2,"N","Smyth County, Virginia","Private","All other support services","County, NAICS 5-digit -- by ownership sector","All establishment sizes",1,0,0,0,0,0,0,0
"51173",5,"56199",77,0,2007,3,"N","Smyth County, Virginia","Private","All other support services","County, NAICS 5-digit -- by ownership sector","All establishment sizes",1,0,0,0,0,0,0,0
"51173",5,"56199",77,0,2007,4,"N","Smyth County, Virginia","Private","All other support services","County, NAICS 5-digit -- by ownership sector","All establishment sizes",1,0,0,0,0,0,0,0
"51173",5,561990,78,0,2007,1,"N","Smyth County, Virginia","Private","All other support services","County, NAICS 6-digit -- by ownership sector","All establishment sizes",1,0,0,0,0,0,0,0
"51173",5,"561990",78,0,2007,2,"N","Smyth County, Virginia","Private","All other support services","County, NAICS 6-digit -- by ownership sector","All establishment sizes",1,0,0,0,0,0,0,0
"51173",5,"561990",78,0,2007,3,"N","Smyth County, Virginia","Private","All other support services","County, NAICS 6-digit -- by ownership sector","All establishment sizes",1,0,0,0,0,0,0,0
"51173",5,"561990",78,0,2007,4,"N","Smyth County, Virginia","Private","All other support services","County, NAICS 6-digit -- by ownership sector","All establishment sizes",1,0,0,0,0,0,0,0
"51173",5,562,75,0,2007,1,"","Smyth County, Virginia","Private","Waste management and remediation services","County, NAICS 3-digit -- by ownership sector","All establishment sizes",4,14,14,13,96375,83946,334,542
"51173",5,"562",75,0,2007,2,"","Smyth County, Virginia","Private","Waste management and remediation services","County, NAICS 3-digit -- by ownership sector","All establishment sizes",4,14,15,13,102147,25801,250,561
"51173",5,"562",75,0,2007,3,"","Smyth County, Virginia","Private","Waste management and remediation services","County, NAICS 3-digit -- by ownership sector","All establishment sizes",4,14,15,14,96144,5507,116,516
"51173",5,"562",75,0,2007,4,"","Smyth County, Virginia","Private","Waste management and remediation services","County, NAICS 3-digit -- by ownership sector","All establishment sizes",4,15,15,15,114069,4965,9,585
"51173",5,5621,76,0,2007,1,"N","Smyth County, Virginia","Private","Waste collection","County, NAICS 4-digit -- by ownership sector","All establishment sizes",2,0,0,0,0,0,0,0
"51173",5,"5621",76,0,2007,2,"N","Smyth County, Virginia","Private","Waste collection","County, NAICS 4-digit -- by ownership sector","All establishment sizes",2,0,0,0,0,0,0,0
"51173",5,"5621",76,0,2007,3,"N","Smyth County, Virginia","Private","Waste collection","County, NAICS 4-digit -- by ownership sector","All establishment sizes",2,0,0,0,0,0,0,0
"51173",5,"5621",76,0,2007,4,"N","Smyth County, Virginia","Private","Waste collection","County, NAICS 4-digit -- by ownership sector","All establishment sizes",2,0,0,0,0,0,0,0
"51173",5,56211,77,0,2007,1,"N","Smyth County, Virginia","Private","Waste collection","County, NAICS 5-digit -- by ownership sector","All establishment sizes",2,0,0,0,0,0,0,0
"51173",5,"56211",77,0,2007,2,"N","Smyth County, Virginia","Private","Waste collection","County, NAICS 5-digit -- by ownership sector","All establishment sizes",2,0,0,0,0,0,0,0
"51173",5,"56211",77,0,2007,3,"N","Smyth County, Virginia","Private","Waste collection","County, NAICS 5-digit -- by ownership sector","All establishment sizes",2,0,0,0,0,0,0,0
"51173",5,"56211",77,0,2007,4,"N","Smyth County, Virginia","Private","Waste collection","County, NAICS 5-digit -- by ownership sector","All establishment sizes",2,0,0,0,0,0,0,0
"51173",5,562111,78,0,2007,1,"N","Smyth County, Virginia","Private","Solid waste collection","County, NAICS 6-digit -- by ownership sector","All establishment sizes",1,0,0,0,0,0,0,0
"51173",5,"562111",78,0,2007,2,"N","Smyth County, Virginia","Private","Solid waste collection","County, NAICS 6-digit -- by ownership sector","All establishment sizes",1,0,0,0,0,0,0,0
"51173",5,"562111",78,0,2007,3,"N","Smyth County, Virginia","Private","Solid waste collection","County, NAICS 6-digit -- by ownership sector","All establishment sizes",1,0,0,0,0,0,0,0
"51173",5,"562111",78,0,2007,4,"N","Smyth County, Virginia","Private","Solid waste collection","County, NAICS 6-digit -- by ownership sector","All establishment sizes",1,0,0,0,0,0,0,0
"51173",5,562112,78,0,2007,1,"N","Smyth County, Virginia","Private","Hazardous waste collection","County, NAICS 6-digit -- by ownership sector","All establishment sizes",1,0,0,0,0,0,0,0
"51173",5,"562112",78,0,2007,2,"N","Smyth County, Virginia","Private","Hazardous waste collection","County, NAICS 6-digit -- by ownership sector","All establishment sizes",1,0,0,0,0,0,0,0
"51173",5,"562112",78,0,2007,3,"N","Smyth County, Virginia","Private","Hazardous waste collection","County, NAICS 6-digit -- by ownership sector","All establishment sizes",1,0,0,0,0,0,0,0
"51173",5,"562112",78,0,2007,4,"N","Smyth County, Virginia","Private","Hazardous waste collection","County, NAICS 6-digit -- by ownership sector","All establishment sizes",1,0,0,0,0,0,0,0
"51173",5,5629,76,0,2007,1,"N","Smyth County, Virginia","Private","Remediation and other waste services","County, NAICS 4-digit -- by ownership sector","All establishment sizes",2,0,0,0,0,0,0,0
"51173",5,"5629",76,0,2007,2,"N","Smyth County, Virginia","Private","Remediation and other waste services","County, NAICS 4-digit -- by ownership sector","All establishment sizes",2,0,0,0,0,0,0,0
"51173",5,"5629",76,0,2007,3,"N","Smyth County, Virginia","Private","Remediation and other waste services","County, NAICS 4-digit -- by ownership sector","All establishment sizes",2,0,0,0,0,0,0,0
"51173",5,"5629",76,0,2007,4,"N","Smyth County, Virginia","Private","Remediation and other waste services","County, NAICS 4-digit -- by ownership sector","All establishment sizes",2,0,0,0,0,0,0,0
"51173",5,56292,77,0,2007,1,"N","Smyth County, Virginia","Private","Materials recovery facilities","County, NAICS 5-digit -- by ownership sector","All establishment sizes",1,0,0,0,0,0,0,0
"51173",5,"56292",77,0,2007,2,"N","Smyth County, Virginia","Private","Materials recovery facilities","County, NAICS 5-digit -- by ownership sector","All establishment sizes",1,0,0,0,0,0,0,0
"51173",5,"56292",77,0,2007,3,"N","Smyth County, Virginia","Private","Materials recovery facilities","County, NAICS 5-digit -- by ownership sector","All establishment sizes",1,0,0,0,0,0,0,0
"51173",5,"56292",77,0,2007,4,"N","Smyth County, Virginia","Private","Materials recovery facilities","County, NAICS 5-digit -- by ownership sector","All establishment sizes",1,0,0,0,0,0,0,0
"51173",5,562920,78,0,2007,1,"N","Smyth County, Virginia","Private","Materials recovery facilities","County, NAICS 6-digit -- by ownership sector","All establishment sizes",1,0,0,0,0,0,0,0
"51173",5,"562920",78,0,2007,2,"N","Smyth County, Virginia","Private","Materials recovery facilities","County, NAICS 6-digit -- by ownership sector","All establishment sizes",1,0,0,0,0,0,0,0
"51173",5,"562920",78,0,2007,3,"N","Smyth County, Virginia","Private","Materials recovery facilities","County, NAICS 6-digit -- by ownership sector","All establishment sizes",1,0,0,0,0,0,0,0
"51173",5,"562920",78,0,2007,4,"N","Smyth County, Virginia","Private","Materials recovery facilities","County, NAICS 6-digit -- by ownership sector","All establishment sizes",1,0,0,0,0,0,0,0
"51173",5,56299,77,0,2007,1,"N","Smyth County, Virginia","Private","All other waste management services","County, NAICS 5-digit -- by ownership sector","All establishment sizes",1,0,0,0,0,0,0,0
"51173",5,"56299",77,0,2007,2,"N","Smyth County, Virginia","Private","All other waste management services","County, NAICS 5-digit -- by ownership sector","All establishment sizes",1,0,0,0,0,0,0,0
"51173",5,"56299",77,0,2007,3,"N","Smyth County, Virginia","Private","All other waste management services","County, NAICS 5-digit -- by ownership sector","All establishment sizes",1,0,0,0,0,0,0,0
"51173",5,"56299",77,0,2007,4,"N","Smyth County, Virginia","Private","All other waste management services","County, NAICS 5-digit -- by ownership sector","All establishment sizes",1,0,0,0,0,0,0,0
"51173",5,562991,78,0,2007,1,"N","Smyth County, Virginia","Private","Septic tank and related services","County, NAICS 6-digit -- by ownership sector","All establishment sizes",1,0,0,0,0,0,0,0
"51173",5,"562991",78,0,2007,2,"N","Smyth County, Virginia","Private","Septic tank and related services","County, NAICS 6-digit -- by ownership sector","All establishment sizes",1,0,0,0,0,0,0,0
"51173",5,"562991",78,0,2007,3,"N","Smyth County, Virginia","Private","Septic tank and related services","County, NAICS 6-digit -- by ownership sector","All establishment sizes",1,0,0,0,0,0,0,0
"51173",5,"562991",78,0,2007,4,"N","Smyth County, Virginia","Private","Septic tank and related services","County, NAICS 6-digit -- by ownership sector","All establishment sizes",1,0,0,0,0,0,0,0
"51173",5,62,74,0,2007,1,"","Smyth County, Virginia","Private","Health care and social assistance","County, NAICS Sector -- by ownership sector","All establishment sizes",83,1360,1380,1409,10268112,7181214,65745,571
"51173",5,"62",74,0,2007,2,"","Smyth County, Virginia","Private","Health care and social assistance","County, NAICS Sector -- by ownership sector","All establishment sizes",91,1410,1414,1389,11184948,2645108,27585,613
"51173",5,"62",74,0,2007,3,"","Smyth County, Virginia","Private","Health care and social assistance","County, NAICS Sector -- by ownership sector","All establishment sizes",104,1390,1435,1443,10762406,1362183,16901,582
"51173",5,"62",74,0,2007,4,"","Smyth County, Virginia","Private","Health care and social assistance","County, NAICS Sector -- by ownership sector","All establishment sizes",113,1462,1437,1454,13494566,1172716,15004,715
"51173",5,621,75,0,2007,1,"","Smyth County, Virginia","Private","Ambulatory health care services","County, NAICS 3-digit -- by ownership sector","All establishment sizes",35,248,246,249,2603016,1343492,11959,808
"51173",5,"621",75,0,2007,2,"","Smyth County, Virginia","Private","Ambulatory health care services","County, NAICS 3-digit -- by ownership sector","All establishment sizes",35,245,248,250,2967259,395570,3803,922
"51173",5,"621",75,0,2007,3,"","Smyth County, Virginia","Private","Ambulatory health care services","County, NAICS 3-digit -- by ownership sector","All establishment sizes",35,247,244,245,3103970,88660,629,973
"51173",5,"621",75,0,2007,4,"","Smyth County, Virginia","Private","Ambulatory health care services","County, NAICS 3-digit -- by ownership sector","All establishment sizes",37,253,250,261,3733301,127302,972,1128
"51173",5,6211,76,0,2007,1,"","Smyth County, Virginia","Private","Offices of physicians","County, NAICS 4-digit -- by ownership sector","All establishment sizes",16,115,113,115,1422560,635766,8017,957
"51173",5,"6211",76,0,2007,2,"","Smyth County, Virginia","Private","Offices of physicians","County, NAICS 4-digit -- by ownership sector","All establishment sizes",16,111,111,112,1613743,184722,2334,1115
"51173",5,"6211",76,0,2007,3,"","Smyth County, Virginia","Private","Offices of physicians","County, NAICS 4-digit -- by ownership sector","All establishment sizes",16,109,109,108,1563448,34632,281,1107
"51173",5,"6211",76,0,2007,4,"","Smyth County, Virginia","Private","Offices of physicians","County, NAICS 4-digit -- by ownership sector","All establishment sizes",17,116,115,112,2142097,61156,560,1441
"51173",5,62111,77,0,2007,1,"","Smyth County, Virginia","Private","Offices of physicians","County, NAICS 5-digit -- by ownership sector","All establishment sizes",16,115,113,115,1422560,635766,8017,957
"51173",5,"62111",77,0,2007,2,"","Smyth County, Virginia","Private","Offices of physicians","County, NAICS 5-digit -- by ownership sector","All establishment sizes",16,111,111,112,1613743,184722,2334,1115
"51173",5,"62111",77,0,2007,3,"","Smyth County, Virginia","Private","Offices of physicians","County, NAICS 5-digit -- by ownership sector","All establishment sizes",16,109,109,108,1563448,34632,281,1107
"51173",5,"62111",77,0,2007,4,"","Smyth County, Virginia","Private","Offices of physicians","County, NAICS 5-digit -- by ownership sector","All establishment sizes",17,116,115,112,2142097,61156,560,1441
"51173",5,621111,78,0,2007,1,"","Smyth County, Virginia","Private","Offices of physicians, except mental health","County, NAICS 6-digit -- by ownership sector","All establishment sizes",16,115,113,115,1422560,635766,8017,957
"51173",5,"621111",78,0,2007,2,"","Smyth County, Virginia","Private","Offices of physicians, except mental health","County, NAICS 6-digit -- by ownership sector","All establishment sizes",16,111,111,112,1613743,184722,2334,1115
"51173",5,"621111",78,0,2007,3,"","Smyth County, Virginia","Private","Offices of physicians, except mental health","County, NAICS 6-digit -- by ownership sector","All establishment sizes",16,109,109,108,1563448,34632,281,1107
"51173",5,"621111",78,0,2007,4,"","Smyth County, Virginia","Private","Offices of physicians, except mental health","County, NAICS 6-digit -- by ownership sector","All establishment sizes",17,116,115,112,2142097,61156,560,1441
"51173",5,6212,76,0,2007,1,"","Smyth County, Virginia","Private","Offices of dentists","County, NAICS 4-digit -- by ownership sector","All establishment sizes",11,76,75,76,742233,430433,1681,755
"51173",5,"6212",76,0,2007,2,"","Smyth County, Virginia","Private","Offices of dentists","County, NAICS 4-digit -- by ownership sector","All establishment sizes",11,78,78,78,863725,112366,603,852
"51173",5,"6212",76,0,2007,3,"","Smyth County, Virginia","Private","Offices of dentists","County, NAICS 4-digit -- by ownership sector","All establishment sizes",11,76,76,76,984858,22387,132,997
"51173",5,"6212",76,0,2007,4,"","Smyth County, Virginia","Private","Offices of dentists","County, NAICS 4-digit -- by ownership sector","All establishment sizes",11,77,75,82,1055828,39373,166,1041
"51173",5,62121,77,0,2007,1,"","Smyth County, Virginia","Private","Offices of dentists","County, NAICS 5-digit -- by ownership sector","All establishment sizes",11,76,75,76,742233,430433,1681,755
"51173",5,"62121",77,0,2007,2,"","Smyth County, Virginia","Private","Offices of dentists","County, NAICS 5-digit -- by ownership sector","All establishment sizes",11,78,78,78,863725,112366,603,852
"51173",5,"62121",77,0,2007,3,"","Smyth County, Virginia","Private","Offices of dentists","County, NAICS 5-digit -- by ownership sector","All establishment sizes",11,76,76,76,984858,22387,132,997
"51173",5,"62121",77,0,2007,4,"","Smyth County, Virginia","Private","Offices of dentists","County, NAICS 5-digit -- by ownership sector","All establishment sizes",11,77,75,82,1055828,39373,166,1041
"51173",5,621210,78,0,2007,1,"","Smyth County, Virginia","Private","Offices of dentists","County, NAICS 6-digit -- by ownership sector","All establishment sizes",11,76,75,76,742233,430433,1681,755
"51173",5,"621210",78,0,2007,2,"","Smyth County, Virginia","Private","Offices of dentists","County, NAICS 6-digit -- by ownership sector","All establishment sizes",11,78,78,78,863725,112366,603,852
"51173",5,"621210",78,0,2007,3,"","Smyth County, Virginia","Private","Offices of dentists","County, NAICS 6-digit -- by ownership sector","All establishment sizes",11,76,76,76,984858,22387,132,997
"51173",5,"621210",78,0,2007,4,"","Smyth County, Virginia","Private","Offices of dentists","County, NAICS 6-digit -- by ownership sector","All establishment sizes",11,77,75,82,1055828,39373,166,1041
"51173",5,6213,76,0,2007,1,"","Smyth County, Virginia","Private","Offices of other health practitioners","County, NAICS 4-digit -- by ownership sector","All establishment sizes",3,19,18,19,124247,108008,428,512
"51173",5,"6213",76,0,2007,2,"","Smyth County, Virginia","Private","Offices of other health practitioners","County, NAICS 4-digit -- by ownership sector","All establishment sizes",3,18,18,18,136910,27169,104,585
"51173",5,"6213",76,0,2007,3,"","Smyth County, Virginia","Private","Offices of other health practitioners","County, NAICS 4-digit -- by ownership sector","All establishment sizes",3,20,20,20,164943,13660,34,634
"51173",5,"6213",76,0,2007,4,"","Smyth County, Virginia","Private","Offices of other health practitioners","County, NAICS 4-digit -- by ownership sector","All establishment sizes",3,20,20,20,146592,12556,33,564
"51173",5,62131,77,0,2007,1,"N","Smyth County, Virginia","Private","Offices of chiropractors","County, NAICS 5-digit -- by ownership sector","All establishment sizes",1,0,0,0,0,0,0,0
"51173",5,"62131",77,0,2007,2,"N","Smyth County, Virginia","Private","Offices of chiropractors","County, NAICS 5-digit -- by ownership sector","All establishment sizes",1,0,0,0,0,0,0,0
"51173",5,"62131",77,0,2007,3,"N","Smyth County, Virginia","Private","Offices of chiropractors","County, NAICS 5-digit -- by ownership sector","All establishment sizes",1,0,0,0,0,0,0,0
"51173",5,"62131",77,0,2007,4,"N","Smyth County, Virginia","Private","Offices of chiropractors","County, NAICS 5-digit -- by ownership sector","All establishment sizes",1,0,0,0,0,0,0,0
"51173",5,621310,78,0,2007,1,"N","Smyth County, Virginia","Private","Offices of chiropractors","County, NAICS 6-digit -- by ownership sector","All establishment sizes",1,0,0,0,0,0,0,0
"51173",5,"621310",78,0,2007,2,"N","Smyth County, Virginia","Private","Offices of chiropractors","County, NAICS 6-digit -- by ownership sector","All establishment sizes",1,0,0,0,0,0,0,0
"51173",5,"621310",78,0,2007,3,"N","Smyth County, Virginia","Private","Offices of chiropractors","County, NAICS 6-digit -- by ownership sector","All establishment sizes",1,0,0,0,0,0,0,0
"51173",5,"621310",78,0,2007,4,"N","Smyth County, Virginia","Private","Offices of chiropractors","County, NAICS 6-digit -- by ownership sector","All establishment sizes",1,0,0,0,0,0,0,0
"51173",5,62132,77,0,2007,1,"N","Smyth County, Virginia","Private","Offices of optometrists","County, NAICS 5-digit -- by ownership sector","All establishment sizes",2,0,0,0,0,0,0,0
"51173",5,"62132",77,0,2007,2,"N","Smyth County, Virginia","Private","Offices of optometrists","County, NAICS 5-digit -- by ownership sector","All establishment sizes",2,0,0,0,0,0,0,0
"51173",5,"62132",77,0,2007,3,"N","Smyth County, Virginia","Private","Offices of optometrists","County, NAICS 5-digit -- by ownership sector","All establishment sizes",2,0,0,0,0,0,0,0
"51173",5,"62132",77,0,2007,4,"N","Smyth County, Virginia","Private","Offices of optometrists","County, NAICS 5-digit -- by ownership sector","All establishment sizes",2,0,0,0,0,0,0,0
"51173",5,621320,78,0,2007,1,"N","Smyth County, Virginia","Private","Offices of optometrists","County, NAICS 6-digit -- by ownership sector","All establishment sizes",2,0,0,0,0,0,0,0
"51173",5,"621320",78,0,2007,2,"N","Smyth County, Virginia","Private","Offices of optometrists","County, NAICS 6-digit -- by ownership sector","All establishment sizes",2,0,0,0,0,0,0,0
"51173",5,"621320",78,0,2007,3,"N","Smyth County, Virginia","Private","Offices of optometrists","County, NAICS 6-digit -- by ownership sector","All establishment sizes",2,0,0,0,0,0,0,0
"51173",5,"621320",78,0,2007,4,"N","Smyth County, Virginia","Private","Offices of optometrists","County, NAICS 6-digit -- by ownership sector","All establishment sizes",2,0,0,0,0,0,0,0
"51173",5,6214,76,0,2007,1,"N","Smyth County, Virginia","Private","Outpatient care centers","County, NAICS 4-digit -- by ownership sector","All establishment sizes",1,0,0,0,0,0,0,0
"51173",5,"6214",76,0,2007,2,"N","Smyth County, Virginia","Private","Outpatient care centers","County, NAICS 4-digit -- by ownership sector","All establishment sizes",1,0,0,0,0,0,0,0
"51173",5,"6214",76,0,2007,3,"N","Smyth County, Virginia","Private","Outpatient care centers","County, NAICS 4-digit -- by ownership sector","All establishment sizes",1,0,0,0,0,0,0,0
"51173",5,"6214",76,0,2007,4,"N","Smyth County, Virginia","Private","Outpatient care centers","County, NAICS 4-digit -- by ownership sector","All establishment sizes",1,0,0,0,0,0,0,0
"51173",5,62149,77,0,2007,1,"N","Smyth County, Virginia","Private","Other outpatient care centers","County, NAICS 5-digit -- by ownership sector","All establishment sizes",1,0,0,0,0,0,0,0
"51173",5,"62149",77,0,2007,2,"N","Smyth County, Virginia","Private","Other outpatient care centers","County, NAICS 5-digit -- by ownership sector","All establishment sizes",1,0,0,0,0,0,0,0
"51173",5,"62149",77,0,2007,3,"N","Smyth County, Virginia","Private","Other outpatient care centers","County, NAICS 5-digit -- by ownership sector","All establishment sizes",1,0,0,0,0,0,0,0
"51173",5,"62149",77,0,2007,4,"N","Smyth County, Virginia","Private","Other outpatient care centers","County, NAICS 5-digit -- by ownership sector","All establishment sizes",1,0,0,0,0,0,0,0
"51173",5,621493,78,0,2007,1,"N","Smyth County, Virginia","Private","Freestanding emergency medical centers","County, NAICS 6-digit -- by ownership sector","All establishment sizes",1,0,0,0,0,0,0,0
"51173",5,"621493",78,0,2007,2,"N","Smyth County, Virginia","Private","Freestanding emergency medical centers","County, NAICS 6-digit -- by ownership sector","All establishment sizes",1,0,0,0,0,0,0,0
"51173",5,"621493",78,0,2007,3,"N","Smyth County, Virginia","Private","Freestanding emergency medical centers","County, NAICS 6-digit -- by ownership sector","All establishment sizes",1,0,0,0,0,0,0,0
"51173",5,"621493",78,0,2007,4,"N","Smyth County, Virginia","Private","Freestanding emergency medical centers","County, NAICS 6-digit -- by ownership sector","All establishment sizes",1,0,0,0,0,0,0,0
"51173",5,6215,76,0,2007,1,"N","Smyth County, Virginia","Private","Medical and diagnostic laboratories","County, NAICS 4-digit -- by ownership sector","All establishment sizes",1,0,0,0,0,0,0,0
"51173",5,"6215",76,0,2007,2,"N","Smyth County, Virginia","Private","Medical and diagnostic laboratories","County, NAICS 4-digit -- by ownership sector","All establishment sizes",1,0,0,0,0,0,0,0
"51173",5,"6215",76,0,2007,3,"N","Smyth County, Virginia","Private","Medical and diagnostic laboratories","County, NAICS 4-digit -- by ownership sector","All establishment sizes",1,0,0,0,0,0,0,0
"51173",5,"6215",76,0,2007,4,"N","Smyth County, Virginia","Private","Medical and diagnostic laboratories","County, NAICS 4-digit -- by ownership sector","All establishment sizes",1,0,0,0,0,0,0,0
"51173",5,62151,77,0,2007,1,"N","Smyth County, Virginia","Private","Medical and diagnostic laboratories","County, NAICS 5-digit -- by ownership sector","All establishment sizes",1,0,0,0,0,0,0,0
"51173",5,"62151",77,0,2007,2,"N","Smyth County, Virginia","Private","Medical and diagnostic laboratories","County, NAICS 5-digit -- by ownership sector","All establishment sizes",1,0,0,0,0,0,0,0
"51173",5,"62151",77,0,2007,3,"N","Smyth County, Virginia","Private","Medical and diagnostic laboratories","County, NAICS 5-digit -- by ownership sector","All establishment sizes",1,0,0,0,0,0,0,0
"51173",5,"62151",77,0,2007,4,"N","Smyth County, Virginia","Private","Medical and diagnostic laboratories","County, NAICS 5-digit -- by ownership sector","All establishment sizes",1,0,0,0,0,0,0,0
"51173",5,621511,78,0,2007,1,"N","Smyth County, Virginia","Private","Medical laboratories","County, NAICS 6-digit -- by ownership sector","All establishment sizes",1,0,0,0,0,0,0,0
"51173",5,"621511",78,0,2007,2,"N","Smyth County, Virginia","Private","Medical laboratories","County, NAICS 6-digit -- by ownership sector","All establishment sizes",1,0,0,0,0,0,0,0
"51173",5,"621511",78,0,2007,3,"N","Smyth County, Virginia","Private","Medical laboratories","County, NAICS 6-digit -- by ownership sector","All establishment sizes",1,0,0,0,0,0,0,0
"51173",5,"621511",78,0,2007,4,"N","Smyth County, Virginia","Private","Medical laboratories","County, NAICS 6-digit -- by ownership sector","All establishment sizes",1,0,0,0,0,0,0,0
"51173",5,6216,76,0,2007,1,"N","Smyth County, Virginia","Private","Home health care services","County, NAICS 4-digit -- by ownership sector","All establishment sizes",1,0,0,0,0,0,0,0
"51173",5,"6216",76,0,2007,2,"N","Smyth County, Virginia","Private","Home health care services","County, NAICS 4-digit -- by ownership sector","All establishment sizes",1,0,0,0,0,0,0,0
"51173",5,"6216",76,0,2007,3,"N","Smyth County, Virginia","Private","Home health care services","County, NAICS 4-digit -- by ownership sector","All establishment sizes",1,0,0,0,0,0,0,0
"51173",5,"6216",76,0,2007,4,"N","Smyth County, Virginia","Private","Home health care services","County, NAICS 4-digit -- by ownership sector","All establishment sizes",1,0,0,0,0,0,0,0
"51173",5,62161,77,0,2007,1,"N","Smyth County, Virginia","Private","Home health care services","County, NAICS 5-digit -- by ownership sector","All establishment sizes",1,0,0,0,0,0,0,0
"51173",5,"62161",77,0,2007,2,"N","Smyth County, Virginia","Private","Home health care services","County, NAICS 5-digit -- by ownership sector","All establishment sizes",1,0,0,0,0,0,0,0
"51173",5,"62161",77,0,2007,3,"N","Smyth County, Virginia","Private","Home health care services","County, NAICS 5-digit -- by ownership sector","All establishment sizes",1,0,0,0,0,0,0,0
"51173",5,"62161",77,0,2007,4,"N","Smyth County, Virginia","Private","Home health care services","County, NAICS 5-digit -- by ownership sector","All establishment sizes",1,0,0,0,0,0,0,0
"51173",5,621610,78,0,2007,1,"N","Smyth County, Virginia","Private","Home health care services","County, NAICS 6-digit -- by ownership sector","All establishment sizes",1,0,0,0,0,0,0,0
"51173",5,"621610",78,0,2007,2,"N","Smyth County, Virginia","Private","Home health care services","County, NAICS 6-digit -- by ownership sector","All establishment sizes",1,0,0,0,0,0,0,0
"51173",5,"621610",78,0,2007,3,"N","Smyth County, Virginia","Private","Home health care services","County, NAICS 6-digit -- by ownership sector","All establishment sizes",1,0,0,0,0,0,0,0
"51173",5,"621610",78,0,2007,4,"N","Smyth County, Virginia","Private","Home health care services","County, NAICS 6-digit -- by ownership sector","All establishment sizes",1,0,0,0,0,0,0,0
"51173",5,6219,76,0,2007,1,"N","Smyth County, Virginia","Private","Other ambulatory health care services","County, NAICS 4-digit -- by ownership sector","All establishment sizes",2,0,0,0,0,0,0,0
"51173",5,"6219",76,0,2007,2,"N","Smyth County, Virginia","Private","Other ambulatory health care services","County, NAICS 4-digit -- by ownership sector","All establishment sizes",2,0,0,0,0,0,0,0
"51173",5,"6219",76,0,2007,3,"N","Smyth County, Virginia","Private","Other ambulatory health care services","County, NAICS 4-digit -- by ownership sector","All establishment sizes",2,0,0,0,0,0,0,0
"51173",5,"6219",76,0,2007,4,"","Smyth County, Virginia","Private","Other ambulatory health care services","County, NAICS 4-digit -- by ownership sector","All establishment sizes",3,27,29,34,269991,10902,207,692
"51173",5,62191,77,0,2007,1,"N","Smyth County, Virginia","Private","Ambulance services","County, NAICS 5-digit -- by ownership sector","All establishment sizes",2,0,0,0,0,0,0,0
"51173",5,"62191",77,0,2007,2,"N","Smyth County, Virginia","Private","Ambulance services","County, NAICS 5-digit -- by ownership sector","All establishment sizes",2,0,0,0,0,0,0,0
"51173",5,"62191",77,0,2007,3,"N","Smyth County, Virginia","Private","Ambulance services","County, NAICS 5-digit -- by ownership sector","All establishment sizes",2,0,0,0,0,0,0,0
"51173",5,"62191",77,0,2007,4,"","Smyth County, Virginia","Private","Ambulance services","County, NAICS 5-digit -- by ownership sector","All establishment sizes",3,27,29,34,269991,10902,207,692
"51173",5,621910,78,0,2007,1,"N","Smyth County, Virginia","Private","Ambulance services","County, NAICS 6-digit -- by ownership sector","All establishment sizes",2,0,0,0,0,0,0,0
"51173",5,"621910",78,0,2007,2,"N","Smyth County, Virginia","Private","Ambulance services","County, NAICS 6-digit -- by ownership sector","All establishment sizes",2,0,0,0,0,0,0,0
"51173",5,"621910",78,0,2007,3,"N","Smyth County, Virginia","Private","Ambulance services","County, NAICS 6-digit -- by ownership sector","All establishment sizes",2,0,0,0,0,0,0,0
"51173",5,"621910",78,0,2007,4,"","Smyth County, Virginia","Private","Ambulance services","County, NAICS 6-digit -- by ownership sector","All establishment sizes",3,27,29,34,269991,10902,207,692
"51173",5,622,75,0,2007,1,"N","Smyth County, Virginia","Private","Hospitals","County, NAICS 3-digit -- by ownership sector","All establishment sizes",2,0,0,0,0,0,0,0
"51173",5,"622",75,0,2007,2,"N","Smyth County, Virginia","Private","Hospitals","County, NAICS 3-digit -- by ownership sector","All establishment sizes",2,0,0,0,0,0,0,0
"51173",5,"622",75,0,2007,3,"N","Smyth County, Virginia","Private","Hospitals","County, NAICS 3-digit -- by ownership sector","All establishment sizes",2,0,0,0,0,0,0,0
"51173",5,"622",75,0,2007,4,"N","Smyth County, Virginia","Private","Hospitals","County, NAICS 3-digit -- by ownership sector","All establishment sizes",2,0,0,0,0,0,0,0
"51173",5,6221,76,0,2007,1,"N","Smyth County, Virginia","Private","General medical and surgical hospitals","County, NAICS 4-digit -- by ownership sector","All establishment sizes",2,0,0,0,0,0,0,0
"51173",5,"6221",76,0,2007,2,"N","Smyth County, Virginia","Private","General medical and surgical hospitals","County, NAICS 4-digit -- by ownership sector","All establishment sizes",2,0,0,0,0,0,0,0
"51173",5,"6221",76,0,2007,3,"N","Smyth County, Virginia","Private","General medical and surgical hospitals","County, NAICS 4-digit -- by ownership sector","All establishment sizes",2,0,0,0,0,0,0,0
"51173",5,"6221",76,0,2007,4,"N","Smyth County, Virginia","Private","General medical and surgical hospitals","County, NAICS 4-digit -- by ownership sector","All establishment sizes",2,0,0,0,0,0,0,0
"51173",5,62211,77,0,2007,1,"N","Smyth County, Virginia","Private","General medical and surgical hospitals","County, NAICS 5-digit -- by ownership sector","All establishment sizes",2,0,0,0,0,0,0,0
"51173",5,"62211",77,0,2007,2,"N","Smyth County, Virginia","Private","General medical and surgical hospitals","County, NAICS 5-digit -- by ownership sector","All establishment sizes",2,0,0,0,0,0,0,0
"51173",5,"62211",77,0,2007,3,"N","Smyth County, Virginia","Private","General medical and surgical hospitals","County, NAICS 5-digit -- by ownership sector","All establishment sizes",2,0,0,0,0,0,0,0
"51173",5,"62211",77,0,2007,4,"N","Smyth County, Virginia","Private","General medical and surgical hospitals","County, NAICS 5-digit -- by ownership sector","All establishment sizes",2,0,0,0,0,0,0,0
"51173",5,622110,78,0,2007,1,"N","Smyth County, Virginia","Private","General medical and surgical hospitals","County, NAICS 6-digit -- by ownership sector","All establishment sizes",2,0,0,0,0,0,0,0
"51173",5,"622110",78,0,2007,2,"N","Smyth County, Virginia","Private","General medical and surgical hospitals","County, NAICS 6-digit -- by ownership sector","All establishment sizes",2,0,0,0,0,0,0,0
"51173",5,"622110",78,0,2007,3,"N","Smyth County, Virginia","Private","General medical and surgical hospitals","County, NAICS 6-digit -- by ownership sector","All establishment sizes",2,0,0,0,0,0,0,0
"51173",5,"622110",78,0,2007,4,"N","Smyth County, Virginia","Private","General medical and surgical hospitals","County, NAICS 6-digit -- by ownership sector","All establishment sizes",2,0,0,0,0,0,0,0
"51173",5,623,75,0,2007,1,"","Smyth County, Virginia","Private","Nursing and residential care facilities","County, NAICS 3-digit -- by ownership sector","All establishment sizes",6,470,494,510,2683159,2315072,18605,420
"51173",5,"623",75,0,2007,2,"","Smyth County, Virginia","Private","Nursing and residential care facilities","County, NAICS 3-digit -- by ownership sector","All establishment sizes",6,530,545,539,2819139,1101109,10474,403
"51173",5,"623",75,0,2007,3,"","Smyth County, Virginia","Private","Nursing and residential care facilities","County, NAICS 3-digit -- by ownership sector","All establishment sizes",6,548,563,561,2886113,674059,8285,398
"51173",5,"623",75,0,2007,4,"","Smyth County, Virginia","Private","Nursing and residential care facilities","County, NAICS 3-digit -- by ownership sector","All establishment sizes",6,554,541,544,3025970,429340,5180,426
"51173",5,6231,76,0,2007,1,"","Smyth County, Virginia","Private","Nursing care facilities","County, NAICS 4-digit -- by ownership sector","All establishment sizes",3,311,336,348,1953019,1621086,8860,453
"51173",5,"6231",76,0,2007,2,"","Smyth County, Virginia","Private","Nursing care facilities","County, NAICS 4-digit -- by ownership sector","All establishment sizes",3,359,372,360,1956489,654379,3540,414
"51173",5,"6231",76,0,2007,3,"","Smyth County, Virginia","Private","Nursing care facilities","County, NAICS 4-digit -- by ownership sector","All establishment sizes",3,360,375,379,2045280,311432,1198,424
"51173",5,"6231",76,0,2007,4,"","Smyth County, Virginia","Private","Nursing care facilities","County, NAICS 4-digit -- by ownership sector","All establishment sizes",3,388,380,377,2167778,269944,2946,437
"51173",5,62311,77,0,2007,1,"","Smyth County, Virginia","Private","Nursing care facilities","County, NAICS 5-digit -- by ownership sector","All establishment sizes",3,311,336,348,1953019,1621086,8860,453
"51173",5,"62311",77,0,2007,2,"","Smyth County, Virginia","Private","Nursing care facilities","County, NAICS 5-digit -- by ownership sector","All establishment sizes",3,359,372,360,1956489,654379,3540,414
"51173",5,"62311",77,0,2007,3,"","Smyth County, Virginia","Private","Nursing care facilities","County, NAICS 5-digit -- by ownership sector","All establishment sizes",3,360,375,379,2045280,311432,1198,424
"51173",5,"62311",77,0,2007,4,"","Smyth County, Virginia","Private","Nursing care facilities","County, NAICS 5-digit -- by ownership sector","All establishment sizes",3,388,380,377,2167778,269944,2946,437
"51173",5,623110,78,0,2007,1,"","Smyth County, Virginia","Private","Nursing care facilities","County, NAICS 6-digit -- by ownership sector","All establishment sizes",3,311,336,348,1953019,1621086,8860,453
"51173",5,"623110",78,0,2007,2,"","Smyth County, Virginia","Private","Nursing care facilities","County, NAICS 6-digit -- by ownership sector","All establishment sizes",3,359,372,360,1956489,654379,3540,414
"51173",5,"623110",78,0,2007,3,"","Smyth County, Virginia","Private","Nursing care facilities","County, NAICS 6-digit -- by ownership sector","All establishment sizes",3,360,375,379,2045280,311432,1198,424
"51173",5,"623110",78,0,2007,4,"","Smyth County, Virginia","Private","Nursing care facilities","County, NAICS 6-digit -- by ownership sector","All establishment sizes",3,388,380,377,2167778,269944,2946,437
"51173",5,6232,76,0,2007,1,"N","Smyth County, Virginia","Private","Residential mental health facilities","County, NAICS 4-digit -- by ownership sector","All establishment sizes",1,0,0,0,0,0,0,0
"51173",5,"6232",76,0,2007,2,"N","Smyth County, Virginia","Private","Residential mental health facilities","County, NAICS 4-digit -- by ownership sector","All establishment sizes",1,0,0,0,0,0,0,0
"51173",5,"6232",76,0,2007,3,"N","Smyth County, Virginia","Private","Residential mental health facilities","County, NAICS 4-digit -- by ownership sector","All establishment sizes",1,0,0,0,0,0,0,0
"51173",5,"6232",76,0,2007,4,"N","Smyth County, Virginia","Private","Residential mental health facilities","County, NAICS 4-digit -- by ownership sector","All establishment sizes",1,0,0,0,0,0,0,0
"51173",5,62322,77,0,2007,1,"N","Smyth County, Virginia","Private","Residential mental and substance abuse care","County, NAICS 5-digit -- by ownership sector","All establishment sizes",1,0,0,0,0,0,0,0
"51173",5,"62322",77,0,2007,2,"N","Smyth County, Virginia","Private","Residential mental and substance abuse care","County, NAICS 5-digit -- by ownership sector","All establishment sizes",1,0,0,0,0,0,0,0
"51173",5,"62322",77,0,2007,3,"N","Smyth County, Virginia","Private","Residential mental and substance abuse care","County, NAICS 5-digit -- by ownership sector","All establishment sizes",1,0,0,0,0,0,0,0
"51173",5,"62322",77,0,2007,4,"N","Smyth County, Virginia","Private","Residential mental and substance abuse care","County, NAICS 5-digit -- by ownership sector","All establishment sizes",1,0,0,0,0,0,0,0
"51173",5,623220,78,0,2007,1,"N","Smyth County, Virginia","Private","Residential mental and substance abuse care","County, NAICS 6-digit -- by ownership sector","All establishment sizes",1,0,0,0,0,0,0,0
"51173",5,"623220",78,0,2007,2,"N","Smyth County, Virginia","Private","Residential mental and substance abuse care","County, NAICS 6-digit -- by ownership sector","All establishment sizes",1,0,0,0,0,0,0,0
"51173",5,"623220",78,0,2007,3,"N","Smyth County, Virginia","Private","Residential mental and substance abuse care","County, NAICS 6-digit -- by ownership sector","All establishment sizes",1,0,0,0,0,0,0,0
"51173",5,"623220",78,0,2007,4,"N","Smyth County, Virginia","Private","Residential mental and substance abuse care","County, NAICS 6-digit -- by ownership sector","All establishment sizes",1,0,0,0,0,0,0,0
"51173",5,6233,76,0,2007,1,"N","Smyth County, Virginia","Private","Community care facilities for the elderly","County, NAICS 4-digit -- by ownership sector","All establishment sizes",1,0,0,0,0,0,0,0
"51173",5,"6233",76,0,2007,2,"N","Smyth County, Virginia","Private","Community care facilities for the elderly","County, NAICS 4-digit -- by ownership sector","All establishment sizes",1,0,0,0,0,0,0,0
"51173",5,"6233",76,0,2007,3,"N","Smyth County, Virginia","Private","Community care facilities for the elderly","County, NAICS 4-digit -- by ownership sector","All establishment sizes",1,0,0,0,0,0,0,0
"51173",5,"6233",76,0,2007,4,"N","Smyth County, Virginia","Private","Community care facilities for the elderly","County, NAICS 4-digit -- by ownership sector","All establishment sizes",1,0,0,0,0,0,0,0
"51173",5,62331,77,0,2007,1,"N","Smyth County, Virginia","Private","Community care facilities for the elderly","County, NAICS 5-digit -- by ownership sector","All establishment sizes",1,0,0,0,0,0,0,0
"51173",5,"62331",77,0,2007,2,"N","Smyth County, Virginia","Private","Community care facilities for the elderly","County, NAICS 5-digit -- by ownership sector","All establishment sizes",1,0,0,0,0,0,0,0
"51173",5,"62331",77,0,2007,3,"N","Smyth County, Virginia","Private","Community care facilities for the elderly","County, NAICS 5-digit -- by ownership sector","All establishment sizes",1,0,0,0,0,0,0,0
"51173",5,"62331",77,0,2007,4,"N","Smyth County, Virginia","Private","Community care facilities for the elderly","County, NAICS 5-digit -- by ownership sector","All establishment sizes",1,0,0,0,0,0,0,0
"51173",5,623312,78,0,2007,1,"N","Smyth County, Virginia","Private","Homes for the elderly","County, NAICS 6-digit -- by ownership sector","All establishment sizes",1,0,0,0,0,0,0,0
"51173",5,"623312",78,0,2007,2,"N","Smyth County, Virginia","Private","Homes for the elderly","County, NAICS 6-digit -- by ownership sector","All establishment sizes",1,0,0,0,0,0,0,0
"51173",5,"623312",78,0,2007,3,"N","Smyth County, Virginia","Private","Homes for the elderly","County, NAICS 6-digit -- by ownership sector","All establishment sizes",1,0,0,0,0,0,0,0
"51173",5,"623312",78,0,2007,4,"N","Smyth County, Virginia","Private","Homes for the elderly","County, NAICS 6-digit -- by ownership sector","All establishment sizes",1,0,0,0,0,0,0,0
"51173",5,6239,76,0,2007,1,"N","Smyth County, Virginia","Private","Other residential care facilities","County, NAICS 4-digit -- by ownership sector","All establishment sizes",1,0,0,0,0,0,0,0
"51173",5,"6239",76,0,2007,2,"N","Smyth County, Virginia","Private","Other residential care facilities","County, NAICS 4-digit -- by ownership sector","All establishment sizes",1,0,0,0,0,0,0,0
"51173",5,"6239",76,0,2007,3,"N","Smyth County, Virginia","Private","Other residential care facilities","County, NAICS 4-digit -- by ownership sector","All establishment sizes",1,0,0,0,0,0,0,0
"51173",5,"6239",76,0,2007,4,"N","Smyth County, Virginia","Private","Other residential care facilities","County, NAICS 4-digit -- by ownership sector","All establishment sizes",1,0,0,0,0,0,0,0
"51173",5,62399,77,0,2007,1,"N","Smyth County, Virginia","Private","Other residential care facilities","County, NAICS 5-digit -- by ownership sector","All establishment sizes",1,0,0,0,0,0,0,0
"51173",5,"62399",77,0,2007,2,"N","Smyth County, Virginia","Private","Other residential care facilities","County, NAICS 5-digit -- by ownership sector","All establishment sizes",1,0,0,0,0,0,0,0
"51173",5,"62399",77,0,2007,3,"N","Smyth County, Virginia","Private","Other residential care facilities","County, NAICS 5-digit -- by ownership sector","All establishment sizes",1,0,0,0,0,0,0,0
"51173",5,"62399",77,0,2007,4,"N","Smyth County, Virginia","Private","Other residential care facilities","County, NAICS 5-digit -- by ownership sector","All establishment sizes",1,0,0,0,0,0,0,0
"51173",5,623990,78,0,2007,1,"N","Smyth County, Virginia","Private","Other residential care facilities","County, NAICS 6-digit -- by ownership sector","All establishment sizes",1,0,0,0,0,0,0,0
"51173",5,"623990",78,0,2007,2,"N","Smyth County, Virginia","Private","Other residential care facilities","County, NAICS 6-digit -- by ownership sector","All establishment sizes",1,0,0,0,0,0,0,0
"51173",5,"623990",78,0,2007,3,"N","Smyth County, Virginia","Private","Other residential care facilities","County, NAICS 6-digit -- by ownership sector","All establishment sizes",1,0,0,0,0,0,0,0
"51173",5,"623990",78,0,2007,4,"N","Smyth County, Virginia","Private","Other residential care facilities","County, NAICS 6-digit -- by ownership sector","All establishment sizes",1,0,0,0,0,0,0,0
"51173",5,624,75,0,2007,1,"N","Smyth County, Virginia","Private","Social assistance","County, NAICS 3-digit -- by ownership sector","All establishment sizes",40,0,0,0,0,0,0,0
"51173",5,"624",75,0,2007,2,"N","Smyth County, Virginia","Private","Social assistance","County, NAICS 3-digit -- by ownership sector","All establishment sizes",48,0,0,0,0,0,0,0
"51173",5,"624",75,0,2007,3,"N","Smyth County, Virginia","Private","Social assistance","County, NAICS 3-digit -- by ownership sector","All establishment sizes",61,0,0,0,0,0,0,0
"51173",5,"624",75,0,2007,4,"N","Smyth County, Virginia","Private","Social assistance","County, NAICS 3-digit -- by ownership sector","All establishment sizes",68,0,0,0,0,0,0,0
"51173",5,6241,76,0,2007,1,"","Smyth County, Virginia","Private","Individual and family services","County, NAICS 4-digit -- by ownership sector","All establishment sizes",34,28,30,44,83600,83600,1764,189
"51173",5,"6241",76,0,2007,2,"","Smyth County, Virginia","Private","Individual and family services","County, NAICS 4-digit -- by ownership sector","All establishment sizes",42,34,40,44,105798,90277,2028,207
"51173",5,"6241",76,0,2007,3,"","Smyth County, Virginia","Private","Individual and family services","County, NAICS 4-digit -- by ownership sector","All establishment sizes",54,45,52,58,162115,112482,2801,241
"51173",5,"6241",76,0,2007,4,"","Smyth County, Virginia","Private","Individual and family services","County, NAICS 4-digit -- by ownership sector","All establishment sizes",62,61,64,61,252150,139816,3592,313
"51173",5,62412,77,0,2007,1,"N","Smyth County, Virginia","Private","Services for the elderly and disabled","County, NAICS 5-digit -- by ownership sector","All establishment sizes",32,0,0,0,0,0,0,0
"51173",5,"62412",77,0,2007,2,"N","Smyth County, Virginia","Private","Services for the elderly and disabled","County, NAICS 5-digit -- by ownership sector","All establishment sizes",40,0,0,0,0,0,0,0
"51173",5,"62412",77,0,2007,3,"N","Smyth County, Virginia","Private","Services for the elderly and disabled","County, NAICS 5-digit -- by ownership sector","All establishment sizes",52,0,0,0,0,0,0,0
"51173",5,"62412",77,0,2007,4,"N","Smyth County, Virginia","Private","Services for the elderly and disabled","County, NAICS 5-digit -- by ownership sector","All establishment sizes",60,0,0,0,0,0,0,0
"51173",5,624120,78,0,2007,1,"N","Smyth County, Virginia","Private","Services for the elderly and disabled","County, NAICS 6-digit -- by ownership sector","All establishment sizes",32,0,0,0,0,0,0,0
"51173",5,"624120",78,0,2007,2,"N","Smyth County, Virginia","Private","Services for the elderly and disabled","County, NAICS 6-digit -- by ownership sector","All establishment sizes",40,0,0,0,0,0,0,0
"51173",5,"624120",78,0,2007,3,"N","Smyth County, Virginia","Private","Services for the elderly and disabled","County, NAICS 6-digit -- by ownership sector","All establishment sizes",52,0,0,0,0,0,0,0
"51173",5,"624120",78,0,2007,4,"N","Smyth County, Virginia","Private","Services for the elderly and disabled","County, NAICS 6-digit -- by ownership sector","All establishment sizes",60,0,0,0,0,0,0,0
"51173",5,62419,77,0,2007,1,"N","Smyth County, Virginia","Private","Other individual and family services","County, NAICS 5-digit -- by ownership sector","All establishment sizes",2,0,0,0,0,0,0,0
"51173",5,"62419",77,0,2007,2,"N","Smyth County, Virginia","Private","Other individual and family services","County, NAICS 5-digit -- by ownership sector","All establishment sizes",2,0,0,0,0,0,0,0
"51173",5,"62419",77,0,2007,3,"N","Smyth County, Virginia","Private","Other individual and family services","County, NAICS 5-digit -- by ownership sector","All establishment sizes",2,0,0,0,0,0,0,0
"51173",5,"62419",77,0,2007,4,"N","Smyth County, Virginia","Private","Other individual and family services","County, NAICS 5-digit -- by ownership sector","All establishment sizes",2,0,0,0,0,0,0,0
"51173",5,624190,78,0,2007,1,"N","Smyth County, Virginia","Private","Other individual and family services","County, NAICS 6-digit -- by ownership sector","All establishment sizes",2,0,0,0,0,0,0,0
"51173",5,"624190",78,0,2007,2,"N","Smyth County, Virginia","Private","Other individual and family services","County, NAICS 6-digit -- by ownership sector","All establishment sizes",2,0,0,0,0,0,0,0
"51173",5,"624190",78,0,2007,3,"N","Smyth County, Virginia","Private","Other individual and family services","County, NAICS 6-digit -- by ownership sector","All establishment sizes",2,0,0,0,0,0,0,0
"51173",5,"624190",78,0,2007,4,"N","Smyth County, Virginia","Private","Other individual and family services","County, NAICS 6-digit -- by ownership sector","All establishment sizes",2,0,0,0,0,0,0,0
"51173",5,6243,76,0,2007,1,"N","Smyth County, Virginia","Private","Vocational rehabilitation services","County, NAICS 4-digit -- by ownership sector","All establishment sizes",1,0,0,0,0,0,0,0
"51173",5,"6243",76,0,2007,2,"N","Smyth County, Virginia","Private","Vocational rehabilitation services","County, NAICS 4-digit -- by ownership sector","All establishment sizes",1,0,0,0,0,0,0,0
"51173",5,"6243",76,0,2007,3,"N","Smyth County, Virginia","Private","Vocational rehabilitation services","County, NAICS 4-digit -- by ownership sector","All establishment sizes",2,0,0,0,0,0,0,0
"51173",5,"6243",76,0,2007,4,"N","Smyth County, Virginia","Private","Vocational rehabilitation services","County, NAICS 4-digit -- by ownership sector","All establishment sizes",2,0,0,0,0,0,0,0
"51173",5,62431,77,0,2007,1,"N","Smyth County, Virginia","Private","Vocational rehabilitation services","County, NAICS 5-digit -- by ownership sector","All establishment sizes",1,0,0,0,0,0,0,0
"51173",5,"62431",77,0,2007,2,"N","Smyth County, Virginia","Private","Vocational rehabilitation services","County, NAICS 5-digit -- by ownership sector","All establishment sizes",1,0,0,0,0,0,0,0
"51173",5,"62431",77,0,2007,3,"N","Smyth County, Virginia","Private","Vocational rehabilitation services","County, NAICS 5-digit -- by ownership sector","All establishment sizes",2,0,0,0,0,0,0,0
"51173",5,"62431",77,0,2007,4,"N","Smyth County, Virginia","Private","Vocational rehabilitation services","County, NAICS 5-digit -- by ownership sector","All establishment sizes",2,0,0,0,0,0,0,0
"51173",5,624310,78,0,2007,1,"N","Smyth County, Virginia","Private","Vocational rehabilitation services","County, NAICS 6-digit -- by ownership sector","All establishment sizes",1,0,0,0,0,0,0,0
"51173",5,"624310",78,0,2007,2,"N","Smyth County, Virginia","Private","Vocational rehabilitation services","County, NAICS 6-digit -- by ownership sector","All establishment sizes",1,0,0,0,0,0,0,0
"51173",5,"624310",78,0,2007,3,"N","Smyth County, Virginia","Private","Vocational rehabilitation services","County, NAICS 6-digit -- by ownership sector","All establishment sizes",2,0,0,0,0,0,0,0
"51173",5,"624310",78,0,2007,4,"N","Smyth County, Virginia","Private","Vocational rehabilitation services","County, NAICS 6-digit -- by ownership sector","All establishment sizes",2,0,0,0,0,0,0,0
"51173",5,6244,76,0,2007,1,"N","Smyth County, Virginia","Private","Child day care services","County, NAICS 4-digit -- by ownership sector","All establishment sizes",5,0,0,0,0,0,0,0
"51173",5,"6244",76,0,2007,2,"N","Smyth County, Virginia","Private","Child day care services","County, NAICS 4-digit -- by ownership sector","All establishment sizes",5,0,0,0,0,0,0,0
"51173",5,"6244",76,0,2007,3,"N","Smyth County, Virginia","Private","Child day care services","County, NAICS 4-digit -- by ownership sector","All establishment sizes",5,0,0,0,0,0,0,0
"51173",5,"6244",76,0,2007,4,"N","Smyth County, Virginia","Private","Child day care services","County, NAICS 4-digit -- by ownership sector","All establishment sizes",4,0,0,0,0,0,0,0
"51173",5,62441,77,0,2007,1,"N","Smyth County, Virginia","Private","Child day care services","County, NAICS 5-digit -- by ownership sector","All establishment sizes",5,0,0,0,0,0,0,0
"51173",5,"62441",77,0,2007,2,"N","Smyth County, Virginia","Private","Child day care services","County, NAICS 5-digit -- by ownership sector","All establishment sizes",5,0,0,0,0,0,0,0
"51173",5,"62441",77,0,2007,3,"N","Smyth County, Virginia","Private","Child day care services","County, NAICS 5-digit -- by ownership sector","All establishment sizes",5,0,0,0,0,0,0,0
"51173",5,"62441",77,0,2007,4,"N","Smyth County, Virginia","Private","Child day care services","County, NAICS 5-digit -- by ownership sector","All establishment sizes",4,0,0,0,0,0,0,0
"51173",5,624410,78,0,2007,1,"N","Smyth County, Virginia","Private","Child day care services","County, NAICS 6-digit -- by ownership sector","All establishment sizes",5,0,0,0,0,0,0,0
"51173",5,"624410",78,0,2007,2,"N","Smyth County, Virginia","Private","Child day care services","County, NAICS 6-digit -- by ownership sector","All establishment sizes",5,0,0,0,0,0,0,0
"51173",5,"624410",78,0,2007,3,"N","Smyth County, Virginia","Private","Child day care services","County, NAICS 6-digit -- by ownership sector","All establishment sizes",5,0,0,0,0,0,0,0
"51173",5,"624410",78,0,2007,4,"N","Smyth County, Virginia","Private","Child day care services","County, NAICS 6-digit -- by ownership sector","All establishment sizes",4,0,0,0,0,0,0,0
"51173",5,71,74,0,2007,1,"","Smyth County, Virginia","Private","Arts, entertainment, and recreation","County, NAICS Sector -- by ownership sector","All establishment sizes",5,40,41,43,78629,73360,1968,146
"51173",5,"71",74,0,2007,2,"","Smyth County, Virginia","Private","Arts, entertainment, and recreation","County, NAICS Sector -- by ownership sector","All establishment sizes",5,48,62,62,113196,86483,2543,152
"51173",5,"71",74,0,2007,3,"","Smyth County, Virginia","Private","Arts, entertainment, and recreation","County, NAICS Sector -- by ownership sector","All establishment sizes",5,49,53,59,114734,58721,1726,164
"51173",5,"71",74,0,2007,4,"N","Smyth County, Virginia","Private","Arts, entertainment, and recreation","County, NAICS Sector -- by ownership sector","All establishment sizes",5,0,0,0,0,0,0,0
"51173",5,713,75,0,2007,1,"","Smyth County, Virginia","Private","Amusements, gambling, and recreation","County, NAICS 3-digit -- by ownership sector","All establishment sizes",5,40,41,43,78629,73360,1968,146
"51173",5,"713",75,0,2007,2,"","Smyth County, Virginia","Private","Amusements, gambling, and recreation","County, NAICS 3-digit -- by ownership sector","All establishment sizes",5,48,62,62,113196,86483,2543,152
"51173",5,"713",75,0,2007,3,"","Smyth County, Virginia","Private","Amusements, gambling, and recreation","County, NAICS 3-digit -- by ownership sector","All establishment sizes",5,49,53,59,114734,58721,1726,164
"51173",5,"713",75,0,2007,4,"N","Smyth County, Virginia","Private","Amusements, gambling, and recreation","County, NAICS 3-digit -- by ownership sector","All establishment sizes",5,0,0,0,0,0,0,0
"51173",5,7139,76,0,2007,1,"","Smyth County, Virginia","Private","Other amusement and recreation industries","County, NAICS 4-digit -- by ownership sector","All establishment sizes",5,40,41,43,78629,73360,1968,146
"51173",5,"7139",76,0,2007,2,"","Smyth County, Virginia","Private","Other amusement and recreation industries","County, NAICS 4-digit -- by ownership sector","All establishment sizes",5,48,62,62,113196,86483,2543,152
"51173",5,"7139",76,0,2007,3,"","Smyth County, Virginia","Private","Other amusement and recreation industries","County, NAICS 4-digit -- by ownership sector","All establishment sizes",5,49,53,59,114734,58721,1726,164
"51173",5,"7139",76,0,2007,4,"N","Smyth County, Virginia","Private","Other amusement and recreation industries","County, NAICS 4-digit -- by ownership sector","All establishment sizes",5,0,0,0,0,0,0,0
"51173",5,71394,77,0,2007,1,"N","Smyth County, Virginia","Private","Fitness and recreational sports centers","County, NAICS 5-digit -- by ownership sector","All establishment sizes",4,0,0,0,0,0,0,0
"51173",5,"71394",77,0,2007,2,"N","Smyth County, Virginia","Private","Fitness and recreational sports centers","County, NAICS 5-digit -- by ownership sector","All establishment sizes",4,0,0,0,0,0,0,0
"51173",5,"71394",77,0,2007,3,"N","Smyth County, Virginia","Private","Fitness and recreational sports centers","County, NAICS 5-digit -- by ownership sector","All establishment sizes",4,0,0,0,0,0,0,0
"51173",5,"71394",77,0,2007,4,"","Smyth County, Virginia","Private","Fitness and recreational sports centers","County, NAICS 5-digit -- by ownership sector","All establishment sizes",4,56,51,46,99001,29995,872,149
"51173",5,713940,78,0,2007,1,"N","Smyth County, Virginia","Private","Fitness and recreational sports centers","County, NAICS 6-digit -- by ownership sector","All establishment sizes",4,0,0,0,0,0,0,0
"51173",5,"713940",78,0,2007,2,"N","Smyth County, Virginia","Private","Fitness and recreational sports centers","County, NAICS 6-digit -- by ownership sector","All establishment sizes",4,0,0,0,0,0,0,0
"51173",5,"713940",78,0,2007,3,"N","Smyth County, Virginia","Private","Fitness and recreational sports centers","County, NAICS 6-digit -- by ownership sector","All establishment sizes",4,0,0,0,0,0,0,0
"51173",5,"713940",78,0,2007,4,"","Smyth County, Virginia","Private","Fitness and recreational sports centers","County, NAICS 6-digit -- by ownership sector","All establishment sizes",4,56,51,46,99001,29995,872,149
"51173",5,71395,77,0,2007,1,"N","Smyth County, Virginia","Private","Bowling centers","County, NAICS 5-digit -- by ownership sector","All establishment sizes",1,0,0,0,0,0,0,0
"51173",5,"71395",77,0,2007,2,"N","Smyth County, Virginia","Private","Bowling centers","County, NAICS 5-digit -- by ownership sector","All establishment sizes",1,0,0,0,0,0,0,0
"51173",5,"71395",77,0,2007,3,"N","Smyth County, Virginia","Private","Bowling centers","County, NAICS 5-digit -- by ownership sector","All establishment sizes",1,0,0,0,0,0,0,0
"51173",5,"71395",77,0,2007,4,"N","Smyth County, Virginia","Private","Bowling centers","County, NAICS 5-digit -- by ownership sector","All establishment sizes",1,0,0,0,0,0,0,0
"51173",5,713950,78,0,2007,1,"N","Smyth County, Virginia","Private","Bowling centers","County, NAICS 6-digit -- by ownership sector","All establishment sizes",1,0,0,0,0,0,0,0
"51173",5,"713950",78,0,2007,2,"N","Smyth County, Virginia","Private","Bowling centers","County, NAICS 6-digit -- by ownership sector","All establishment sizes",1,0,0,0,0,0,0,0
"51173",5,"713950",78,0,2007,3,"N","Smyth County, Virginia","Private","Bowling centers","County, NAICS 6-digit -- by ownership sector","All establishment sizes",1,0,0,0,0,0,0,0
"51173",5,"713950",78,0,2007,4,"N","Smyth County, Virginia","Private","Bowling centers","County, NAICS 6-digit -- by ownership sector","All establishment sizes",1,0,0,0,0,0,0,0
"51173",5,72,74,0,2007,1,"","Smyth County, Virginia","Private","Accommodation and food services","County, NAICS Sector -- by ownership sector","All establishment sizes",46,634,623,638,1632870,1563786,12075,199
"51173",5,"72",74,0,2007,2,"","Smyth County, Virginia","Private","Accommodation and food services","County, NAICS Sector -- by ownership sector","All establishment sizes",45,656,662,653,1802879,1343530,9923,211
"51173",5,"72",74,0,2007,3,"","Smyth County, Virginia","Private","Accommodation and food services","County, NAICS Sector -- by ownership sector","All establishment sizes",49,636,651,655,1800670,1028900,7699,214
"51173",5,"72",74,0,2007,4,"N","Smyth County, Virginia","Private","Accommodation and food services","County, NAICS Sector -- by ownership sector","All establishment sizes",47,0,0,0,0,0,0,0
"51173",5,721,75,0,2007,1,"","Smyth County, Virginia","Private","Accommodation","County, NAICS 3-digit -- by ownership sector","All establishment sizes",7,89,90,92,272694,260944,7537,232
"51173",5,"721",75,0,2007,2,"","Smyth County, Virginia","Private","Accommodation","County, NAICS 3-digit -- by ownership sector","All establishment sizes",6,99,92,93,297871,210181,5460,242
"51173",5,"721",75,0,2007,3,"","Smyth County, Virginia","Private","Accommodation","County, NAICS 3-digit -- by ownership sector","All establishment sizes",6,83,87,92,270738,142618,4089,238
"51173",5,"721",75,0,2007,4,"N","Smyth County, Virginia","Private","Accommodation","County, NAICS 3-digit -- by ownership sector","All establishment sizes",6,0,0,0,0,0,0,0
"51173",5,7211,76,0,2007,1,"N","Smyth County, Virginia","Private","Traveler accommodation","County, NAICS 4-digit -- by ownership sector","All establishment sizes",6,0,0,0,0,0,0,0
"51173",5,"7211",76,0,2007,2,"N","Smyth County, Virginia","Private","Traveler accommodation","County, NAICS 4-digit -- by ownership sector","All establishment sizes",5,0,0,0,0,0,0,0
"51173",5,"7211",76,0,2007,3,"N","Smyth County, Virginia","Private","Traveler accommodation","County, NAICS 4-digit -- by ownership sector","All establishment sizes",5,0,0,0,0,0,0,0
"51173",5,"7211",76,0,2007,4,"N","Smyth County, Virginia","Private","Traveler accommodation","County, NAICS 4-digit -- by ownership sector","All establishment sizes",5,0,0,0,0,0,0,0
"51173",5,72111,77,0,2007,1,"N","Smyth County, Virginia","Private","Hotels and motels, except casino hotels","County, NAICS 5-digit -- by ownership sector","All establishment sizes",6,0,0,0,0,0,0,0
"51173",5,"72111",77,0,2007,2,"N","Smyth County, Virginia","Private","Hotels and motels, except casino hotels","County, NAICS 5-digit -- by ownership sector","All establishment sizes",5,0,0,0,0,0,0,0
"51173",5,"72111",77,0,2007,3,"N","Smyth County, Virginia","Private","Hotels and motels, except casino hotels","County, NAICS 5-digit -- by ownership sector","All establishment sizes",5,0,0,0,0,0,0,0
"51173",5,"72111",77,0,2007,4,"N","Smyth County, Virginia","Private","Hotels and motels, except casino hotels","County, NAICS 5-digit -- by ownership sector","All establishment sizes",5,0,0,0,0,0,0,0
"51173",5,721110,78,0,2007,1,"N","Smyth County, Virginia","Private","Hotels and motels, except casino hotels","County, NAICS 6-digit -- by ownership sector","All establishment sizes",6,0,0,0,0,0,0,0
"51173",5,"721110",78,0,2007,2,"N","Smyth County, Virginia","Private","Hotels and motels, except casino hotels","County, NAICS 6-digit -- by ownership sector","All establishment sizes",5,0,0,0,0,0,0,0
"51173",5,"721110",78,0,2007,3,"N","Smyth County, Virginia","Private","Hotels and motels, except casino hotels","County, NAICS 6-digit -- by ownership sector","All establishment sizes",5,0,0,0,0,0,0,0
"51173",5,"721110",78,0,2007,4,"N","Smyth County, Virginia","Private","Hotels and motels, except casino hotels","County, NAICS 6-digit -- by ownership sector","All establishment sizes",5,0,0,0,0,0,0,0
"51173",5,7212,76,0,2007,1,"N","Smyth County, Virginia","Private","RV parks and recreational camps","County, NAICS 4-digit -- by ownership sector","All establishment sizes",1,0,0,0,0,0,0,0
"51173",5,"7212",76,0,2007,2,"N","Smyth County, Virginia","Private","RV parks and recreational camps","County, NAICS 4-digit -- by ownership sector","All establishment sizes",1,0,0,0,0,0,0,0
"51173",5,"7212",76,0,2007,3,"N","Smyth County, Virginia","Private","RV parks and recreational camps","County, NAICS 4-digit -- by ownership sector","All establishment sizes",1,0,0,0,0,0,0,0
"51173",5,"7212",76,0,2007,4,"N","Smyth County, Virginia","Private","RV parks and recreational camps","County, NAICS 4-digit -- by ownership sector","All establishment sizes",1,0,0,0,0,0,0,0
"51173",5,72121,77,0,2007,1,"N","Smyth County, Virginia","Private","RV parks and recreational camps","County, NAICS 5-digit -- by ownership sector","All establishment sizes",1,0,0,0,0,0,0,0
"51173",5,"72121",77,0,2007,2,"N","Smyth County, Virginia","Private","RV parks and recreational camps","County, NAICS 5-digit -- by ownership sector","All establishment sizes",1,0,0,0,0,0,0,0
"51173",5,"72121",77,0,2007,3,"N","Smyth County, Virginia","Private","RV parks and recreational camps","County, NAICS 5-digit -- by ownership sector","All establishment sizes",1,0,0,0,0,0,0,0
"51173",5,"72121",77,0,2007,4,"N","Smyth County, Virginia","Private","RV parks and recreational camps","County, NAICS 5-digit -- by ownership sector","All establishment sizes",1,0,0,0,0,0,0,0
"51173",5,721211,78,0,2007,1,"N","Smyth County, Virginia","Private","RV parks and campgrounds","County, NAICS 6-digit -- by ownership sector","All establishment sizes",1,0,0,0,0,0,0,0
"51173",5,"721211",78,0,2007,2,"N","Smyth County, Virginia","Private","RV parks and campgrounds","County, NAICS 6-digit -- by ownership sector","All establishment sizes",1,0,0,0,0,0,0,0
"51173",5,"721211",78,0,2007,3,"N","Smyth County, Virginia","Private","RV parks and campgrounds","County, NAICS 6-digit -- by ownership sector","All establishment sizes",1,0,0,0,0,0,0,0
"51173",5,"721211",78,0,2007,4,"N","Smyth County, Virginia","Private","RV parks and campgrounds","County, NAICS 6-digit -- by ownership sector","All establishment sizes",1,0,0,0,0,0,0,0
"51173",5,722,75,0,2007,1,"","Smyth County, Virginia","Private","Food services and drinking places","County, NAICS 3-digit -- by ownership sector","All establishment sizes",39,545,533,546,1360176,1302842,4538,193
"51173",5,"722",75,0,2007,2,"","Smyth County, Virginia","Private","Food services and drinking places","County, NAICS 3-digit -- by ownership sector","All establishment sizes",39,557,570,560,1505008,1133349,4463,206
"51173",5,"722",75,0,2007,3,"","Smyth County, Virginia","Private","Food services and drinking places","County, NAICS 3-digit -- by ownership sector","All establishment sizes",43,553,564,563,1529932,886282,3610,210
"51173",5,"722",75,0,2007,4,"","Smyth County, Virginia","Private","Food services and drinking places","County, NAICS 3-digit -- by ownership sector","All establishment sizes",41,555,552,554,1594658,724088,2975,222
"51173",5,7221,76,0,2007,1,"N","Smyth County, Virginia","Private","Full-service restaurants","County, NAICS 4-digit -- by ownership sector","All establishment sizes",15,0,0,0,0,0,0,0
"51173",5,"7221",76,0,2007,2,"N","Smyth County, Virginia","Private","Full-service restaurants","County, NAICS 4-digit -- by ownership sector","All establishment sizes",16,0,0,0,0,0,0,0
"51173",5,"7221",76,0,2007,3,"N","Smyth County, Virginia","Private","Full-service restaurants","County, NAICS 4-digit -- by ownership sector","All establishment sizes",18,0,0,0,0,0,0,0
"51173",5,"7221",76,0,2007,4,"","Smyth County, Virginia","Private","Full-service restaurants","County, NAICS 4-digit -- by ownership sector","All establishment sizes",16,150,162,161,462060,197886,1069,225
"51173",5,72211,77,0,2007,1,"N","Smyth County, Virginia","Private","Full-service restaurants","County, NAICS 5-digit -- by ownership sector","All establishment sizes",15,0,0,0,0,0,0,0
"51173",5,"72211",77,0,2007,2,"N","Smyth County, Virginia","Private","Full-service restaurants","County, NAICS 5-digit -- by ownership sector","All establishment sizes",16,0,0,0,0,0,0,0
"51173",5,"72211",77,0,2007,3,"N","Smyth County, Virginia","Private","Full-service restaurants","County, NAICS 5-digit -- by ownership sector","All establishment sizes",18,0,0,0,0,0,0,0
"51173",5,"72211",77,0,2007,4,"","Smyth County, Virginia","Private","Full-service restaurants","County, NAICS 5-digit -- by ownership sector","All establishment sizes",16,150,162,161,462060,197886,1069,225
"51173",5,722110,78,0,2007,1,"N","Smyth County, Virginia","Private","Full-service restaurants","County, NAICS 6-digit -- by ownership sector","All establishment sizes",15,0,0,0,0,0,0,0
"51173",5,"722110",78,0,2007,2,"N","Smyth County, Virginia","Private","Full-service restaurants","County, NAICS 6-digit -- by ownership sector","All establishment sizes",16,0,0,0,0,0,0,0
"51173",5,"722110",78,0,2007,3,"N","Smyth County, Virginia","Private","Full-service restaurants","County, NAICS 6-digit -- by ownership sector","All establishment sizes",18,0,0,0,0,0,0,0
"51173",5,"722110",78,0,2007,4,"","Smyth County, Virginia","Private","Full-service restaurants","County, NAICS 6-digit -- by ownership sector","All establishment sizes",16,150,162,161,462060,197886,1069,225
"51173",5,7222,76,0,2007,1,"","Smyth County, Virginia","Private","Limited-service eating places","County, NAICS 4-digit -- by ownership sector","All establishment sizes",22,376,364,373,934076,893106,3339,194
"51173",5,"7222",76,0,2007,2,"","Smyth County, Virginia","Private","Limited-service eating places","County, NAICS 4-digit -- by ownership sector","All establishment sizes",21,388,392,390,1034295,786006,3048,204
"51173",5,"7222",76,0,2007,3,"","Smyth County, Virginia","Private","Limited-service eating places","County, NAICS 4-digit -- by ownership sector","All establishment sizes",23,382,391,395,1050578,635640,2215,208
"51173",5,"7222",76,0,2007,4,"","Smyth County, Virginia","Private","Limited-service eating places","County, NAICS 4-digit -- by ownership sector","All establishment sizes",22,399,384,385,1094814,525620,1897,216
"51173",5,72221,77,0,2007,1,"","Smyth County, Virginia","Private","Limited-service eating places","County, NAICS 5-digit -- by ownership sector","All establishment sizes",22,376,364,373,934076,893106,3339,194
"51173",5,"72221",77,0,2007,2,"","Smyth County, Virginia","Private","Limited-service eating places","County, NAICS 5-digit -- by ownership sector","All establishment sizes",21,388,392,390,1034295,786006,3048,204
"51173",5,"72221",77,0,2007,3,"","Smyth County, Virginia","Private","Limited-service eating places","County, NAICS 5-digit -- by ownership sector","All establishment sizes",23,382,391,395,1050578,635640,2215,208
"51173",5,"72221",77,0,2007,4,"","Smyth County, Virginia","Private","Limited-service eating places","County, NAICS 5-digit -- by ownership sector","All establishment sizes",22,399,384,385,1094814,525620,1897,216
"51173",5,722211,78,0,2007,1,"","Smyth County, Virginia","Private","Limited-service restaurants","County, NAICS 6-digit -- by ownership sector","All establishment sizes",22,376,364,373,934076,893106,3339,194
"51173",5,"722211",78,0,2007,2,"","Smyth County, Virginia","Private","Limited-service restaurants","County, NAICS 6-digit -- by ownership sector","All establishment sizes",21,388,392,390,1034295,786006,3048,204
"51173",5,"722211",78,0,2007,3,"","Smyth County, Virginia","Private","Limited-service restaurants","County, NAICS 6-digit -- by ownership sector","All establishment sizes",23,382,391,395,1050578,635640,2215,208
"51173",5,"722211",78,0,2007,4,"","Smyth County, Virginia","Private","Limited-service restaurants","County, NAICS 6-digit -- by ownership sector","All establishment sizes",22,399,384,385,1094814,525620,1897,216
"51173",5,7223,76,0,2007,1,"N","Smyth County, Virginia","Private","Special food services","County, NAICS 4-digit -- by ownership sector","All establishment sizes",2,0,0,0,0,0,0,0
"51173",5,"7223",76,0,2007,2,"N","Smyth County, Virginia","Private","Special food services","County, NAICS 4-digit -- by ownership sector","All establishment sizes",2,0,0,0,0,0,0,0
"51173",5,"7223",76,0,2007,3,"N","Smyth County, Virginia","Private","Special food services","County, NAICS 4-digit -- by ownership sector","All establishment sizes",2,0,0,0,0,0,0,0
"51173",5,"7223",76,0,2007,4,"","Smyth County, Virginia","Private","Special food services","County, NAICS 4-digit -- by ownership sector","All establishment sizes",3,6,6,8,37784,582,9,436
"51173",5,72231,77,0,2007,1,"-","Smyth County, Virginia","Private","Food service contractors","County, NAICS 5-digit -- by ownership sector","All establishment sizes",0,0,0,0,0,0,0,0
"51173",5,"72231",77,0,2007,2,"-","Smyth County, Virginia","Private","Food service contractors","County, NAICS 5-digit -- by ownership sector","All establishment sizes",0,0,0,0,0,0,0,0
"51173",5,"72231",77,0,2007,3,"-","Smyth County, Virginia","Private","Food service contractors","County, NAICS 5-digit -- by ownership sector","All establishment sizes",0,0,0,0,0,0,0,0
"51173",5,"72231",77,0,2007,4,"N","Smyth County, Virginia","Private","Food service contractors","County, NAICS 5-digit -- by ownership sector","All establishment sizes",1,0,0,0,0,0,0,0
"51173",5,722310,78,0,2007,1,"-","Smyth County, Virginia","Private","Food service contractors","County, NAICS 6-digit -- by ownership sector","All establishment sizes",0,0,0,0,0,0,0,0
"51173",5,"722310",78,0,2007,2,"-","Smyth County, Virginia","Private","Food service contractors","County, NAICS 6-digit -- by ownership sector","All establishment sizes",0,0,0,0,0,0,0,0
"51173",5,"722310",78,0,2007,3,"-","Smyth County, Virginia","Private","Food service contractors","County, NAICS 6-digit -- by ownership sector","All establishment sizes",0,0,0,0,0,0,0,0
"51173",5,"722310",78,0,2007,4,"N","Smyth County, Virginia","Private","Food service contractors","County, NAICS 6-digit -- by ownership sector","All establishment sizes",1,0,0,0,0,0,0,0
"51173",5,72233,77,0,2007,1,"N","Smyth County, Virginia","Private","Mobile food services","County, NAICS 5-digit -- by ownership sector","All establishment sizes",2,0,0,0,0,0,0,0
"51173",5,"72233",77,0,2007,2,"N","Smyth County, Virginia","Private","Mobile food services","County, NAICS 5-digit -- by ownership sector","All establishment sizes",2,0,0,0,0,0,0,0
"51173",5,"72233",77,0,2007,3,"N","Smyth County, Virginia","Private","Mobile food services","County, NAICS 5-digit -- by ownership sector","All establishment sizes",2,0,0,0,0,0,0,0
"51173",5,"72233",77,0,2007,4,"N","Smyth County, Virginia","Private","Mobile food services","County, NAICS 5-digit -- by ownership sector","All establishment sizes",2,0,0,0,0,0,0,0
"51173",5,722330,78,0,2007,1,"N","Smyth County, Virginia","Private","Mobile food services","County, NAICS 6-digit -- by ownership sector","All establishment sizes",2,0,0,0,0,0,0,0
"51173",5,"722330",78,0,2007,2,"N","Smyth County, Virginia","Private","Mobile food services","County, NAICS 6-digit -- by ownership sector","All establishment sizes",2,0,0,0,0,0,0,0
"51173",5,"722330",78,0,2007,3,"N","Smyth County, Virginia","Private","Mobile food services","County, NAICS 6-digit -- by ownership sector","All establishment sizes",2,0,0,0,0,0,0,0
"51173",5,"722330",78,0,2007,4,"N","Smyth County, Virginia","Private","Mobile food services","County, NAICS 6-digit -- by ownership sector","All establishment sizes",2,0,0,0,0,0,0,0
"51173",5,81,74,0,2007,1,"","Smyth County, Virginia","Private","Other services, except public administration","County, NAICS Sector -- by ownership sector","All establishment sizes",56,239,228,233,1285540,1056094,20792,424
"51173",5,"81",74,0,2007,2,"","Smyth County, Virginia","Private","Other services, except public administration","County, NAICS Sector -- by ownership sector","All establishment sizes",55,235,234,244,1278971,417184,6434,414
"51173",5,"81",74,0,2007,3,"","Smyth County, Virginia","Private","Other services, except public administration","County, NAICS Sector -- by ownership sector","All establishment sizes",56,230,236,221,1413812,222492,4184,475
"51173",5,"81",74,0,2007,4,"","Smyth County, Virginia","Private","Other services, except public administration","County, NAICS Sector -- by ownership sector","All establishment sizes",56,218,209,211,1432278,164846,3272,518
"51173",5,811,75,0,2007,1,"","Smyth County, Virginia","Private","Repair and maintenance","County, NAICS 3-digit -- by ownership sector","All establishment sizes",15,75,73,73,589784,467738,10938,616
"51173",5,"811",75,0,2007,2,"","Smyth County, Virginia","Private","Repair and maintenance","County, NAICS 3-digit -- by ownership sector","All establishment sizes",15,77,78,80,611497,130104,1642,600
"51173",5,"811",75,0,2007,3,"","Smyth County, Virginia","Private","Repair and maintenance","County, NAICS 3-digit -- by ownership sector","All establishment sizes",16,81,85,86,737140,86464,1815,675
"51173",5,"811",75,0,2007,4,"","Smyth County, Virginia","Private","Repair and maintenance","County, NAICS 3-digit -- by ownership sector","All establishment sizes",18,86,76,81,592493,64735,1810,563
"51173",5,8111,76,0,2007,1,"","Smyth County, Virginia","Private","Automotive repair and maintenance","County, NAICS 4-digit -- by ownership sector","All establishment sizes",9,39,36,37,277671,234107,565,572
"51173",5,"8111",76,0,2007,2,"","Smyth County, Virginia","Private","Automotive repair and maintenance","County, NAICS 4-digit -- by ownership sector","All establishment sizes",9,41,42,43,303037,76604,251,555
"51173",5,"8111",76,0,2007,3,"","Smyth County, Virginia","Private","Automotive repair and maintenance","County, NAICS 4-digit -- by ownership sector","All establishment sizes",10,45,48,46,327084,51024,497,543
"51173",5,"8111",76,0,2007,4,"","Smyth County, Virginia","Private","Automotive repair and maintenance","County, NAICS 4-digit -- by ownership sector","All establishment sizes",12,48,48,48,351618,38241,383,563
"51173",5,81111,77,0,2007,1,"","Smyth County, Virginia","Private","Automotive mechanical and electrical repair","County, NAICS 5-digit -- by ownership sector","All establishment sizes",6,22,19,20,132620,124918,212,502
"51173",5,"81111",77,0,2007,2,"","Smyth County, Virginia","Private","Automotive mechanical and electrical repair","County, NAICS 5-digit -- by ownership sector","All establishment sizes",6,23,23,25,148337,53799,91,482
"51173",5,"81111",77,0,2007,3,"","Smyth County, Virginia","Private","Automotive mechanical and electrical repair","County, NAICS 5-digit -- by ownership sector","All establishment sizes",6,25,25,24,158927,24258,41,496
"51173",5,"81111",77,0,2007,4,"","Smyth County, Virginia","Private","Automotive mechanical and electrical repair","County, NAICS 5-digit -- by ownership sector","All establishment sizes",7,26,25,25,165249,21598,159,502
"51173",5,811111,78,0,2007,1,"N","Smyth County, Virginia","Private","General automotive repair","County, NAICS 6-digit -- by ownership sector","All establishment sizes",4,0,0,0,0,0,0,0
"51173",5,"811111",78,0,2007,2,"N","Smyth County, Virginia","Private","General automotive repair","County, NAICS 6-digit -- by ownership sector","All establishment sizes",4,0,0,0,0,0,0,0
"51173",5,"811111",78,0,2007,3,"N","Smyth County, Virginia","Private","General automotive repair","County, NAICS 6-digit -- by ownership sector","All establishment sizes",4,0,0,0,0,0,0,0
"51173",5,"811111",78,0,2007,4,"N","Smyth County, Virginia","Private","General automotive repair","County, NAICS 6-digit -- by ownership sector","All establishment sizes",5,0,0,0,0,0,0,0
"51173",5,811118,78,0,2007,1,"N","Smyth County, Virginia","Private","Other automotive mechanical and elec. repair","County, NAICS 6-digit -- by ownership sector","All establishment sizes",2,0,0,0,0,0,0,0
"51173",5,"811118",78,0,2007,2,"N","Smyth County, Virginia","Private","Other automotive mechanical and elec. repair","County, NAICS 6-digit -- by ownership sector","All establishment sizes",2,0,0,0,0,0,0,0
"51173",5,"811118",78,0,2007,3,"N","Smyth County, Virginia","Private","Other automotive mechanical and elec. repair","County, NAICS 6-digit -- by ownership sector","All establishment sizes",2,0,0,0,0,0,0,0
"51173",5,"811118",78,0,2007,4,"N","Smyth County, Virginia","Private","Other automotive mechanical and elec. repair","County, NAICS 6-digit -- by ownership sector","All establishment sizes",2,0,0,0,0,0,0,0
"51173",5,81112,77,0,2007,1,"N","Smyth County, Virginia","Private","Automotive body, interior, and glass repair","County, NAICS 5-digit -- by ownership sector","All establishment sizes",1,0,0,0,0,0,0,0
"51173",5,"81112",77,0,2007,2,"N","Smyth County, Virginia","Private","Automotive body, interior, and glass repair","County, NAICS 5-digit -- by ownership sector","All establishment sizes",1,0,0,0,0,0,0,0
"51173",5,"81112",77,0,2007,3,"N","Smyth County, Virginia","Private","Automotive body, interior, and glass repair","County, NAICS 5-digit -- by ownership sector","All establishment sizes",2,0,0,0,0,0,0,0
"51173",5,"81112",77,0,2007,4,"N","Smyth County, Virginia","Private","Automotive body, interior, and glass repair","County, NAICS 5-digit -- by ownership sector","All establishment sizes",2,0,0,0,0,0,0,0
"51173",5,811121,78,0,2007,1,"N","Smyth County, Virginia","Private","Automotive body and interior repair","County, NAICS 6-digit -- by ownership sector","All establishment sizes",1,0,0,0,0,0,0,0
"51173",5,"811121",78,0,2007,2,"N","Smyth County, Virginia","Private","Automotive body and interior repair","County, NAICS 6-digit -- by ownership sector","All establishment sizes",1,0,0,0,0,0,0,0
"51173",5,"811121",78,0,2007,3,"N","Smyth County, Virginia","Private","Automotive body and interior repair","County, NAICS 6-digit -- by ownership sector","All establishment sizes",2,0,0,0,0,0,0,0
"51173",5,"811121",78,0,2007,4,"N","Smyth County, Virginia","Private","Automotive body and interior repair","County, NAICS 6-digit -- by ownership sector","All establishment sizes",2,0,0,0,0,0,0,0
"51173",5,81119,77,0,2007,1,"N","Smyth County, Virginia","Private","Other automotive repair and maintenance","County, NAICS 5-digit -- by ownership sector","All establishment sizes",2,0,0,0,0,0,0,0
"51173",5,"81119",77,0,2007,2,"N","Smyth County, Virginia","Private","Other automotive repair and maintenance","County, NAICS 5-digit -- by ownership sector","All establishment sizes",2,0,0,0,0,0,0,0
"51173",5,"81119",77,0,2007,3,"N","Smyth County, Virginia","Private","Other automotive repair and maintenance","County, NAICS 5-digit -- by ownership sector","All establishment sizes",2,0,0,0,0,0,0,0
"51173",5,"81119",77,0,2007,4,"N","Smyth County, Virginia","Private","Other automotive repair and maintenance","County, NAICS 5-digit -- by ownership sector","All establishment sizes",3,0,0,0,0,0,0,0
"51173",5,811191,78,0,2007,1,"N","Smyth County, Virginia","Private","Automotive oil change and lubrication shops","County, NAICS 6-digit -- by ownership sector","All establishment sizes",1,0,0,0,0,0,0,0
"51173",5,"811191",78,0,2007,2,"N","Smyth County, Virginia","Private","Automotive oil change and lubrication shops","County, NAICS 6-digit -- by ownership sector","All establishment sizes",1,0,0,0,0,0,0,0
"51173",5,"811191",78,0,2007,3,"N","Smyth County, Virginia","Private","Automotive oil change and lubrication shops","County, NAICS 6-digit -- by ownership sector","All establishment sizes",1,0,0,0,0,0,0,0
"51173",5,"811191",78,0,2007,4,"N","Smyth County, Virginia","Private","Automotive oil change and lubrication shops","County, NAICS 6-digit -- by ownership sector","All establishment sizes",1,0,0,0,0,0,0,0
"51173",5,811192,78,0,2007,1,"N","Smyth County, Virginia","Private","Car washes","County, NAICS 6-digit -- by ownership sector","All establishment sizes",1,0,0,0,0,0,0,0
"51173",5,"811192",78,0,2007,2,"N","Smyth County, Virginia","Private","Car washes","County, NAICS 6-digit -- by ownership sector","All establishment sizes",1,0,0,0,0,0,0,0
"51173",5,"811192",78,0,2007,3,"N","Smyth County, Virginia","Private","Car washes","County, NAICS 6-digit -- by ownership sector","All establishment sizes",1,0,0,0,0,0,0,0
"51173",5,"811192",78,0,2007,4,"N","Smyth County, Virginia","Private","Car washes","County, NAICS 6-digit -- by ownership sector","All establishment sizes",2,0,0,0,0,0,0,0
"51173",5,8113,76,0,2007,1,"","Smyth County, Virginia","Private","Commercial machinery repair and maintenance","County, NAICS 4-digit -- by ownership sector","All establishment sizes",6,36,37,36,312113,233631,10373,661
"51173",5,"8113",76,0,2007,2,"","Smyth County, Virginia","Private","Commercial machinery repair and maintenance","County, NAICS 4-digit -- by ownership sector","All establishment sizes",6,36,36,37,308460,53500,1391,653
"51173",5,"8113",76,0,2007,3,"","Smyth County, Virginia","Private","Commercial machinery repair and maintenance","County, NAICS 4-digit -- by ownership sector","All establishment sizes",6,36,37,40,410056,35440,1318,837
"51173",5,"8113",76,0,2007,4,"","Smyth County, Virginia","Private","Commercial machinery repair and maintenance","County, NAICS 4-digit -- by ownership sector","All establishment sizes",6,38,28,33,240875,26494,1427,561
"51173",5,81131,77,0,2007,1,"","Smyth County, Virginia","Private","Commercial machinery repair and maintenance","County, NAICS 5-digit -- by ownership sector","All establishment sizes",6,36,37,36,312113,233631,10373,661
"51173",5,"81131",77,0,2007,2,"","Smyth County, Virginia","Private","Commercial machinery repair and maintenance","County, NAICS 5-digit -- by ownership sector","All establishment sizes",6,36,36,37,308460,53500,1391,653
"51173",5,"81131",77,0,2007,3,"","Smyth County, Virginia","Private","Commercial machinery repair and maintenance","County, NAICS 5-digit -- by ownership sector","All establishment sizes",6,36,37,40,410056,35440,1318,837
"51173",5,"81131",77,0,2007,4,"","Smyth County, Virginia","Private","Commercial machinery repair and maintenance","County, NAICS 5-digit -- by ownership sector","All establishment sizes",6,38,28,33,240875,26494,1427,561
"51173",5,811310,78,0,2007,1,"","Smyth County, Virginia","Private","Commercial machinery repair and maintenance","County, NAICS 6-digit -- by ownership sector","All establishment sizes",6,36,37,36,312113,233631,10373,661
"51173",5,"811310",78,0,2007,2,"","Smyth County, Virginia","Private","Commercial machinery repair and maintenance","County, NAICS 6-digit -- by ownership sector","All establishment sizes",6,36,36,37,308460,53500,1391,653
"51173",5,"811310",78,0,2007,3,"","Smyth County, Virginia","Private","Commercial machinery repair and maintenance","County, NAICS 6-digit -- by ownership sector","All establishment sizes",6,36,37,40,410056,35440,1318,837
"51173",5,"811310",78,0,2007,4,"","Smyth County, Virginia","Private","Commercial machinery repair and maintenance","County, NAICS 6-digit -- by ownership sector","All establishment sizes",6,38,28,33,240875,26494,1427,561
"51173",5,812,75,0,2007,1,"","Smyth County, Virginia","Private","Personal and laundry services","County, NAICS 3-digit -- by ownership sector","All establishment sizes",15,79,83,83,455640,374014,7650,429
"51173",5,"812",75,0,2007,2,"","Smyth County, Virginia","Private","Personal and laundry services","County, NAICS 3-digit -- by ownership sector","All establishment sizes",16,86,86,82,453430,154472,3079,412
"51173",5,"812",75,0,2007,3,"","Smyth County, Virginia","Private","Personal and laundry services","County, NAICS 3-digit -- by ownership sector","All establishment sizes",16,77,80,75,461136,67227,1507,459
"51173",5,"812",75,0,2007,4,"","Smyth County, Virginia","Private","Personal and laundry services","County, NAICS 3-digit -- by ownership sector","All establishment sizes",15,77,77,80,640206,57635,1285,631
"51173",5,8121,76,0,2007,1,"","Smyth County, Virginia","Private","Personal care services","County, NAICS 4-digit -- by ownership sector","All establishment sizes",6,16,17,17,54939,54895,619,254
"51173",5,"8121",76,0,2007,2,"","Smyth County, Virginia","Private","Personal care services","County, NAICS 4-digit -- by ownership sector","All establishment sizes",7,21,22,20,57270,40958,448,210
"51173",5,"8121",76,0,2007,3,"","Smyth County, Virginia","Private","Personal care services","County, NAICS 4-digit -- by ownership sector","All establishment sizes",7,17,19,16,51860,18283,281,230
"51173",5,"8121",76,0,2007,4,"","Smyth County, Virginia","Private","Personal care services","County, NAICS 4-digit -- by ownership sector","All establishment sizes",6,17,16,19,50724,11855,224,225
"51173",5,81211,77,0,2007,1,"N","Smyth County, Virginia","Private","Hair, nail, and skin care services","County, NAICS 5-digit -- by ownership sector","All establishment sizes",5,0,0,0,0,0,0,0
"51173",5,"81211",77,0,2007,2,"N","Smyth County, Virginia","Private","Hair, nail, and skin care services","County, NAICS 5-digit -- by ownership sector","All establishment sizes",6,0,0,0,0,0,0,0
"51173",5,"81211",77,0,2007,3,"N","Smyth County, Virginia","Private","Hair, nail, and skin care services","County, NAICS 5-digit -- by ownership sector","All establishment sizes",6,0,0,0,0,0,0,0
"51173",5,"81211",77,0,2007,4,"N","Smyth County, Virginia","Private","Hair, nail, and skin care services","County, NAICS 5-digit -- by ownership sector","All establishment sizes",5,0,0,0,0,0,0,0
"51173",5,812112,78,0,2007,1,"N","Smyth County, Virginia","Private","Beauty salons","County, NAICS 6-digit -- by ownership sector","All establishment sizes",5,0,0,0,0,0,0,0
"51173",5,"812112",78,0,2007,2,"N","Smyth County, Virginia","Private","Beauty salons","County, NAICS 6-digit -- by ownership sector","All establishment sizes",6,0,0,0,0,0,0,0
"51173",5,"812112",78,0,2007,3,"N","Smyth County, Virginia","Private","Beauty salons","County, NAICS 6-digit -- by ownership sector","All establishment sizes",6,0,0,0,0,0,0,0
"51173",5,"812112",78,0,2007,4,"N","Smyth County, Virginia","Private","Beauty salons","County, NAICS 6-digit -- by ownership sector","All establishment sizes",5,0,0,0,0,0,0,0
"51173",5,81219,77,0,2007,1,"N","Smyth County, Virginia","Private","Other personal care services","County, NAICS 5-digit -- by ownership sector","All establishment sizes",1,0,0,0,0,0,0,0
"51173",5,"81219",77,0,2007,2,"N","Smyth County, Virginia","Private","Other personal care services","County, NAICS 5-digit -- by ownership sector","All establishment sizes",1,0,0,0,0,0,0,0
"51173",5,"81219",77,0,2007,3,"N","Smyth County, Virginia","Private","Other personal care services","County, NAICS 5-digit -- by ownership sector","All establishment sizes",1,0,0,0,0,0,0,0
"51173",5,"81219",77,0,2007,4,"N","Smyth County, Virginia","Private","Other personal care services","County, NAICS 5-digit -- by ownership sector","All establishment sizes",1,0,0,0,0,0,0,0
"51173",5,812199,78,0,2007,1,"N","Smyth County, Virginia","Private","Other personal care services","County, NAICS 6-digit -- by ownership sector","All establishment sizes",1,0,0,0,0,0,0,0
"51173",5,"812199",78,0,2007,2,"N","Smyth County, Virginia","Private","Other personal care services","County, NAICS 6-digit -- by ownership sector","All establishment sizes",1,0,0,0,0,0,0,0
"51173",5,"812199",78,0,2007,3,"N","Smyth County, Virginia","Private","Other personal care services","County, NAICS 6-digit -- by ownership sector","All establishment sizes",1,0,0,0,0,0,0,0
"51173",5,"812199",78,0,2007,4,"N","Smyth County, Virginia","Private","Other personal care services","County, NAICS 6-digit -- by ownership sector","All establishment sizes",1,0,0,0,0,0,0,0
"51173",5,8122,76,0,2007,1,"","Smyth County, Virginia","Private","Death care services","County, NAICS 4-digit -- by ownership sector","All establishment sizes",5,36,36,36,203461,155734,647,435
"51173",5,"8122",76,0,2007,2,"","Smyth County, Virginia","Private","Death care services","County, NAICS 4-digit -- by ownership sector","All establishment sizes",5,35,33,34,188964,45364,247,428
"51173",5,"8122",76,0,2007,3,"","Smyth County, Virginia","Private","Death care services","County, NAICS 4-digit -- by ownership sector","All establishment sizes",5,34,34,32,206094,17401,107,476
"51173",5,"8122",76,0,2007,4,"","Smyth County, Virginia","Private","Death care services","County, NAICS 4-digit -- by ownership sector","All establishment sizes",5,33,34,35,335929,17868,92,760
"51173",5,81221,77,0,2007,1,"N","Smyth County, Virginia","Private","Funeral homes and funeral services","County, NAICS 5-digit -- by ownership sector","All establishment sizes",4,0,0,0,0,0,0,0
"51173",5,"81221",77,0,2007,2,"N","Smyth County, Virginia","Private","Funeral homes and funeral services","County, NAICS 5-digit -- by ownership sector","All establishment sizes",4,0,0,0,0,0,0,0
"51173",5,"81221",77,0,2007,3,"N","Smyth County, Virginia","Private","Funeral homes and funeral services","County, NAICS 5-digit -- by ownership sector","All establishment sizes",4,0,0,0,0,0,0,0
"51173",5,"81221",77,0,2007,4,"N","Smyth County, Virginia","Private","Funeral homes and funeral services","County, NAICS 5-digit -- by ownership sector","All establishment sizes",4,0,0,0,0,0,0,0
"51173",5,812210,78,0,2007,1,"N","Smyth County, Virginia","Private","Funeral homes and funeral services","County, NAICS 6-digit -- by ownership sector","All establishment sizes",4,0,0,0,0,0,0,0
"51173",5,"812210",78,0,2007,2,"N","Smyth County, Virginia","Private","Funeral homes and funeral services","County, NAICS 6-digit -- by ownership sector","All establishment sizes",4,0,0,0,0,0,0,0
"51173",5,"812210",78,0,2007,3,"N","Smyth County, Virginia","Private","Funeral homes and funeral services","County, NAICS 6-digit -- by ownership sector","All establishment sizes",4,0,0,0,0,0,0,0
"51173",5,"812210",78,0,2007,4,"N","Smyth County, Virginia","Private","Funeral homes and funeral services","County, NAICS 6-digit -- by ownership sector","All establishment sizes",4,0,0,0,0,0,0,0
"51173",5,81222,77,0,2007,1,"N","Smyth County, Virginia","Private","Cemeteries and crematories","County, NAICS 5-digit -- by ownership sector","All establishment sizes",1,0,0,0,0,0,0,0
"51173",5,"81222",77,0,2007,2,"N","Smyth County, Virginia","Private","Cemeteries and crematories","County, NAICS 5-digit -- by ownership sector","All establishment sizes",1,0,0,0,0,0,0,0
"51173",5,"81222",77,0,2007,3,"N","Smyth County, Virginia","Private","Cemeteries and crematories","County, NAICS 5-digit -- by ownership sector","All establishment sizes",1,0,0,0,0,0,0,0
"51173",5,"81222",77,0,2007,4,"N","Smyth County, Virginia","Private","Cemeteries and crematories","County, NAICS 5-digit -- by ownership sector","All establishment sizes",1,0,0,0,0,0,0,0
"51173",5,812220,78,0,2007,1,"N","Smyth County, Virginia","Private","Cemeteries and crematories","County, NAICS 6-digit -- by ownership sector","All establishment sizes",1,0,0,0,0,0,0,0
"51173",5,"812220",78,0,2007,2,"N","Smyth County, Virginia","Private","Cemeteries and crematories","County, NAICS 6-digit -- by ownership sector","All establishment sizes",1,0,0,0,0,0,0,0
"51173",5,"812220",78,0,2007,3,"N","Smyth County, Virginia","Private","Cemeteries and crematories","County, NAICS 6-digit -- by ownership sector","All establishment sizes",1,0,0,0,0,0,0,0
"51173",5,"812220",78,0,2007,4,"N","Smyth County, Virginia","Private","Cemeteries and crematories","County, NAICS 6-digit -- by ownership sector","All establishment sizes",1,0,0,0,0,0,0,0
"51173",5,8123,76,0,2007,1,"N","Smyth County, Virginia","Private","Drycleaning and laundry services","County, NAICS 4-digit -- by ownership sector","All establishment sizes",2,0,0,0,0,0,0,0
"51173",5,"8123",76,0,2007,2,"N","Smyth County, Virginia","Private","Drycleaning and laundry services","County, NAICS 4-digit -- by ownership sector","All establishment sizes",2,0,0,0,0,0,0,0
"51173",5,"8123",76,0,2007,3,"N","Smyth County, Virginia","Private","Drycleaning and laundry services","County, NAICS 4-digit -- by ownership sector","All establishment sizes",2,0,0,0,0,0,0,0
"51173",5,"8123",76,0,2007,4,"N","Smyth County, Virginia","Private","Drycleaning and laundry services","County, NAICS 4-digit -- by ownership sector","All establishment sizes",2,0,0,0,0,0,0,0
"51173",5,81232,77,0,2007,1,"N","Smyth County, Virginia","Private","Drycleaning and laundry services","County, NAICS 5-digit -- by ownership sector","All establishment sizes",1,0,0,0,0,0,0,0
"51173",5,"81232",77,0,2007,2,"N","Smyth County, Virginia","Private","Drycleaning and laundry services","County, NAICS 5-digit -- by ownership sector","All establishment sizes",1,0,0,0,0,0,0,0
"51173",5,"81232",77,0,2007,3,"N","Smyth County, Virginia","Private","Drycleaning and laundry services","County, NAICS 5-digit -- by ownership sector","All establishment sizes",1,0,0,0,0,0,0,0
"51173",5,"81232",77,0,2007,4,"N","Smyth County, Virginia","Private","Drycleaning and laundry services","County, NAICS 5-digit -- by ownership sector","All establishment sizes",1,0,0,0,0,0,0,0
"51173",5,812320,78,0,2007,1,"N","Smyth County, Virginia","Private","Drycleaning and laundry services","County, NAICS 6-digit -- by ownership sector","All establishment sizes",1,0,0,0,0,0,0,0
"51173",5,"812320",78,0,2007,2,"N","Smyth County, Virginia","Private","Drycleaning and laundry services","County, NAICS 6-digit -- by ownership sector","All establishment sizes",1,0,0,0,0,0,0,0
"51173",5,"812320",78,0,2007,3,"N","Smyth County, Virginia","Private","Drycleaning and laundry services","County, NAICS 6-digit -- by ownership sector","All establishment sizes",1,0,0,0,0,0,0,0
"51173",5,"812320",78,0,2007,4,"N","Smyth County, Virginia","Private","Drycleaning and laundry services","County, NAICS 6-digit -- by ownership sector","All establishment sizes",1,0,0,0,0,0,0,0
"51173",5,81233,77,0,2007,1,"N","Smyth County, Virginia","Private","Linen and uniform supply","County, NAICS 5-digit -- by ownership sector","All establishment sizes",1,0,0,0,0,0,0,0
"51173",5,"81233",77,0,2007,2,"N","Smyth County, Virginia","Private","Linen and uniform supply","County, NAICS 5-digit -- by ownership sector","All establishment sizes",1,0,0,0,0,0,0,0
"51173",5,"81233",77,0,2007,3,"N","Smyth County, Virginia","Private","Linen and uniform supply","County, NAICS 5-digit -- by ownership sector","All establishment sizes",1,0,0,0,0,0,0,0
"51173",5,"81233",77,0,2007,4,"N","Smyth County, Virginia","Private","Linen and uniform supply","County, NAICS 5-digit -- by ownership sector","All establishment sizes",1,0,0,0,0,0,0,0
"51173",5,812332,78,0,2007,1,"N","Smyth County, Virginia","Private","Industrial launderers","County, NAICS 6-digit -- by ownership sector","All establishment sizes",1,0,0,0,0,0,0,0
"51173",5,"812332",78,0,2007,2,"N","Smyth County, Virginia","Private","Industrial launderers","County, NAICS 6-digit -- by ownership sector","All establishment sizes",1,0,0,0,0,0,0,0
"51173",5,"812332",78,0,2007,3,"N","Smyth County, Virginia","Private","Industrial launderers","County, NAICS 6-digit -- by ownership sector","All establishment sizes",1,0,0,0,0,0,0,0
"51173",5,"812332",78,0,2007,4,"N","Smyth County, Virginia","Private","Industrial launderers","County, NAICS 6-digit -- by ownership sector","All establishment sizes",1,0,0,0,0,0,0,0
"51173",5,8129,76,0,2007,1,"N","Smyth County, Virginia","Private","Other personal services","County, NAICS 4-digit -- by ownership sector","All establishment sizes",2,0,0,0,0,0,0,0
"51173",5,"8129",76,0,2007,2,"N","Smyth County, Virginia","Private","Other personal services","County, NAICS 4-digit -- by ownership sector","All establishment sizes",2,0,0,0,0,0,0,0
"51173",5,"8129",76,0,2007,3,"N","Smyth County, Virginia","Private","Other personal services","County, NAICS 4-digit -- by ownership sector","All establishment sizes",2,0,0,0,0,0,0,0
"51173",5,"8129",76,0,2007,4,"N","Smyth County, Virginia","Private","Other personal services","County, NAICS 4-digit -- by ownership sector","All establishment sizes",2,0,0,0,0,0,0,0
"51173",5,81292,77,0,2007,1,"N","Smyth County, Virginia","Private","Photofinishing","County, NAICS 5-digit -- by ownership sector","All establishment sizes",1,0,0,0,0,0,0,0
"51173",5,"81292",77,0,2007,2,"N","Smyth County, Virginia","Private","Photofinishing","County, NAICS 5-digit -- by ownership sector","All establishment sizes",1,0,0,0,0,0,0,0
"51173",5,"81292",77,0,2007,3,"N","Smyth County, Virginia","Private","Photofinishing","County, NAICS 5-digit -- by ownership sector","All establishment sizes",1,0,0,0,0,0,0,0
"51173",5,"81292",77,0,2007,4,"N","Smyth County, Virginia","Private","Photofinishing","County, NAICS 5-digit -- by ownership sector","All establishment sizes",1,0,0,0,0,0,0,0
"51173",5,812921,78,0,2007,1,"N","Smyth County, Virginia","Private","Photofinishing laboratories, except one-hour","County, NAICS 6-digit -- by ownership sector","All establishment sizes",1,0,0,0,0,0,0,0
"51173",5,"812921",78,0,2007,2,"N","Smyth County, Virginia","Private","Photofinishing laboratories, except one-hour","County, NAICS 6-digit -- by ownership sector","All establishment sizes",1,0,0,0,0,0,0,0
"51173",5,"812921",78,0,2007,3,"N","Smyth County, Virginia","Private","Photofinishing laboratories, except one-hour","County, NAICS 6-digit -- by ownership sector","All establishment sizes",1,0,0,0,0,0,0,0
"51173",5,"812921",78,0,2007,4,"N","Smyth County, Virginia","Private","Photofinishing laboratories, except one-hour","County, NAICS 6-digit -- by ownership sector","All establishment sizes",1,0,0,0,0,0,0,0
"51173",5,81299,77,0,2007,1,"N","Smyth County, Virginia","Private","All other personal services","County, NAICS 5-digit -- by ownership sector","All establishment sizes",1,0,0,0,0,0,0,0
"51173",5,"81299",77,0,2007,2,"N","Smyth County, Virginia","Private","All other personal services","County, NAICS 5-digit -- by ownership sector","All establishment sizes",1,0,0,0,0,0,0,0
"51173",5,"81299",77,0,2007,3,"N","Smyth County, Virginia","Private","All other personal services","County, NAICS 5-digit -- by ownership sector","All establishment sizes",1,0,0,0,0,0,0,0
"51173",5,"81299",77,0,2007,4,"N","Smyth County, Virginia","Private","All other personal services","County, NAICS 5-digit -- by ownership sector","All establishment sizes",1,0,0,0,0,0,0,0
"51173",5,812990,78,0,2007,1,"N","Smyth County, Virginia","Private","All other personal services","County, NAICS 6-digit -- by ownership sector","All establishment sizes",1,0,0,0,0,0,0,0
"51173",5,"812990",78,0,2007,2,"N","Smyth County, Virginia","Private","All other personal services","County, NAICS 6-digit -- by ownership sector","All establishment sizes",1,0,0,0,0,0,0,0
"51173",5,"812990",78,0,2007,3,"N","Smyth County, Virginia","Private","All other personal services","County, NAICS 6-digit -- by ownership sector","All establishment sizes",1,0,0,0,0,0,0,0
"51173",5,"812990",78,0,2007,4,"N","Smyth County, Virginia","Private","All other personal services","County, NAICS 6-digit -- by ownership sector","All establishment sizes",1,0,0,0,0,0,0,0
"51173",5,813,75,0,2007,1,"","Smyth County, Virginia","Private","Membership associations and organizations","County, NAICS 3-digit -- by ownership sector","All establishment sizes",7,45,32,36,108522,82748,418,222
"51173",5,"813",75,0,2007,2,"","Smyth County, Virginia","Private","Membership associations and organizations","County, NAICS 3-digit -- by ownership sector","All establishment sizes",7,36,34,38,90102,32949,280,193
"51173",5,"813",75,0,2007,3,"","Smyth County, Virginia","Private","Membership associations and organizations","County, NAICS 3-digit -- by ownership sector","All establishment sizes",7,38,36,30,99938,24452,152,222
"51173",5,"813",75,0,2007,4,"","Smyth County, Virginia","Private","Membership associations and organizations","County, NAICS 3-digit -- by ownership sector","All establishment sizes",7,27,28,24,105893,23298,44,309
"51173",5,8133,76,0,2007,1,"N","Smyth County, Virginia","Private","Social advocacy organizations","County, NAICS 4-digit -- by ownership sector","All establishment sizes",1,0,0,0,0,0,0,0
"51173",5,"8133",76,0,2007,2,"N","Smyth County, Virginia","Private","Social advocacy organizations","County, NAICS 4-digit -- by ownership sector","All establishment sizes",1,0,0,0,0,0,0,0
"51173",5,"8133",76,0,2007,3,"N","Smyth County, Virginia","Private","Social advocacy organizations","County, NAICS 4-digit -- by ownership sector","All establishment sizes",1,0,0,0,0,0,0,0
"51173",5,"8133",76,0,2007,4,"N","Smyth County, Virginia","Private","Social advocacy organizations","County, NAICS 4-digit -- by ownership sector","All establishment sizes",1,0,0,0,0,0,0,0
"51173",5,81331,77,0,2007,1,"N","Smyth County, Virginia","Private","Social advocacy organizations","County, NAICS 5-digit -- by ownership sector","All establishment sizes",1,0,0,0,0,0,0,0
"51173",5,"81331",77,0,2007,2,"N","Smyth County, Virginia","Private","Social advocacy organizations","County, NAICS 5-digit -- by ownership sector","All establishment sizes",1,0,0,0,0,0,0,0
"51173",5,"81331",77,0,2007,3,"N","Smyth County, Virginia","Private","Social advocacy organizations","County, NAICS 5-digit -- by ownership sector","All establishment sizes",1,0,0,0,0,0,0,0
"51173",5,"81331",77,0,2007,4,"N","Smyth County, Virginia","Private","Social advocacy organizations","County, NAICS 5-digit -- by ownership sector","All establishment sizes",1,0,0,0,0,0,0,0
"51173",5,813319,78,0,2007,1,"N","Smyth County, Virginia","Private","Other social advocacy organizations","County, NAICS 6-digit -- by ownership sector","All establishment sizes",1,0,0,0,0,0,0,0
"51173",5,"813319",78,0,2007,2,"N","Smyth County, Virginia","Private","Other social advocacy organizations","County, NAICS 6-digit -- by ownership sector","All establishment sizes",1,0,0,0,0,0,0,0
"51173",5,"813319",78,0,2007,3,"N","Smyth County, Virginia","Private","Other social advocacy organizations","County, NAICS 6-digit -- by ownership sector","All establishment sizes",1,0,0,0,0,0,0,0
"51173",5,"813319",78,0,2007,4,"N","Smyth County, Virginia","Private","Other social advocacy organizations","County, NAICS 6-digit -- by ownership sector","All establishment sizes",1,0,0,0,0,0,0,0
"51173",5,8134,76,0,2007,1,"N","Smyth County, Virginia","Private","Civic and social organizations","County, NAICS 4-digit -- by ownership sector","All establishment sizes",1,0,0,0,0,0,0,0
"51173",5,"8134",76,0,2007,2,"N","Smyth County, Virginia","Private","Civic and social organizations","County, NAICS 4-digit -- by ownership sector","All establishment sizes",1,0,0,0,0,0,0,0
"51173",5,"8134",76,0,2007,3,"N","Smyth County, Virginia","Private","Civic and social organizations","County, NAICS 4-digit -- by ownership sector","All establishment sizes",1,0,0,0,0,0,0,0
"51173",5,"8134",76,0,2007,4,"N","Smyth County, Virginia","Private","Civic and social organizations","County, NAICS 4-digit -- by ownership sector","All establishment sizes",1,0,0,0,0,0,0,0
"51173",5,81341,77,0,2007,1,"N","Smyth County, Virginia","Private","Civic and social organizations","County, NAICS 5-digit -- by ownership sector","All establishment sizes",1,0,0,0,0,0,0,0
"51173",5,"81341",77,0,2007,2,"N","Smyth County, Virginia","Private","Civic and social organizations","County, NAICS 5-digit -- by ownership sector","All establishment sizes",1,0,0,0,0,0,0,0
"51173",5,"81341",77,0,2007,3,"N","Smyth County, Virginia","Private","Civic and social organizations","County, NAICS 5-digit -- by ownership sector","All establishment sizes",1,0,0,0,0,0,0,0
"51173",5,"81341",77,0,2007,4,"N","Smyth County, Virginia","Private","Civic and social organizations","County, NAICS 5-digit -- by ownership sector","All establishment sizes",1,0,0,0,0,0,0,0
"51173",5,813410,78,0,2007,1,"N","Smyth County, Virginia","Private","Civic and social organizations","County, NAICS 6-digit -- by ownership sector","All establishment sizes",1,0,0,0,0,0,0,0
"51173",5,"813410",78,0,2007,2,"N","Smyth County, Virginia","Private","Civic and social organizations","County, NAICS 6-digit -- by ownership sector","All establishment sizes",1,0,0,0,0,0,0,0
"51173",5,"813410",78,0,2007,3,"N","Smyth County, Virginia","Private","Civic and social organizations","County, NAICS 6-digit -- by ownership sector","All establishment sizes",1,0,0,0,0,0,0,0
"51173",5,"813410",78,0,2007,4,"N","Smyth County, Virginia","Private","Civic and social organizations","County, NAICS 6-digit -- by ownership sector","All establishment sizes",1,0,0,0,0,0,0,0
"51173",5,8139,76,0,2007,1,"","Smyth County, Virginia","Private","Professional and similar organizations","County, NAICS 4-digit -- by ownership sector","All establishment sizes",5,40,27,31,76142,59618,123,179
"51173",5,"8139",76,0,2007,2,"","Smyth County, Virginia","Private","Professional and similar organizations","County, NAICS 4-digit -- by ownership sector","All establishment sizes",5,25,29,33,58804,26207,50,156
"51173",5,"8139",76,0,2007,3,"","Smyth County, Virginia","Private","Professional and similar organizations","County, NAICS 4-digit -- by ownership sector","All establishment sizes",5,34,30,25,66537,21310,40,173
"51173",5,"8139",76,0,2007,4,"","Smyth County, Virginia","Private","Professional and similar organizations","County, NAICS 4-digit -- by ownership sector","All establishment sizes",5,23,24,20,71595,23298,44,247
"51173",5,81391,77,0,2007,1,"N","Smyth County, Virginia","Private","Business associations","County, NAICS 5-digit -- by ownership sector","All establishment sizes",2,0,0,0,0,0,0,0
"51173",5,"81391",77,0,2007,2,"N","Smyth County, Virginia","Private","Business associations","County, NAICS 5-digit -- by ownership sector","All establishment sizes",2,0,0,0,0,0,0,0
"51173",5,"81391",77,0,2007,3,"N","Smyth County, Virginia","Private","Business associations","County, NAICS 5-digit -- by ownership sector","All establishment sizes",2,0,0,0,0,0,0,0
"51173",5,"81391",77,0,2007,4,"N","Smyth County, Virginia","Private","Business associations","County, NAICS 5-digit -- by ownership sector","All establishment sizes",2,0,0,0,0,0,0,0
"51173",5,813910,78,0,2007,1,"N","Smyth County, Virginia","Private","Business associations","County, NAICS 6-digit -- by ownership sector","All establishment sizes",2,0,0,0,0,0,0,0
"51173",5,"813910",78,0,2007,2,"N","Smyth County, Virginia","Private","Business associations","County, NAICS 6-digit -- by ownership sector","All establishment sizes",2,0,0,0,0,0,0,0
"51173",5,"813910",78,0,2007,3,"N","Smyth County, Virginia","Private","Business associations","County, NAICS 6-digit -- by ownership sector","All establishment sizes",2,0,0,0,0,0,0,0
"51173",5,"813910",78,0,2007,4,"N","Smyth County, Virginia","Private","Business associations","County, NAICS 6-digit -- by ownership sector","All establishment sizes",2,0,0,0,0,0,0,0
"51173",5,81393,77,0,2007,1,"N","Smyth County, Virginia","Private","Labor unions and similar labor organizations","County, NAICS 5-digit -- by ownership sector","All establishment sizes",3,0,0,0,0,0,0,0
"51173",5,"81393",77,0,2007,2,"N","Smyth County, Virginia","Private","Labor unions and similar labor organizations","County, NAICS 5-digit -- by ownership sector","All establishment sizes",3,0,0,0,0,0,0,0
"51173",5,"81393",77,0,2007,3,"N","Smyth County, Virginia","Private","Labor unions and similar labor organizations","County, NAICS 5-digit -- by ownership sector","All establishment sizes",3,0,0,0,0,0,0,0
"51173",5,"81393",77,0,2007,4,"N","Smyth County, Virginia","Private","Labor unions and similar labor organizations","County, NAICS 5-digit -- by ownership sector","All establishment sizes",3,0,0,0,0,0,0,0
"51173",5,813930,78,0,2007,1,"N","Smyth County, Virginia","Private","Labor unions and similar labor organizations","County, NAICS 6-digit -- by ownership sector","All establishment sizes",3,0,0,0,0,0,0,0
"51173",5,"813930",78,0,2007,2,"N","Smyth County, Virginia","Private","Labor unions and similar labor organizations","County, NAICS 6-digit -- by ownership sector","All establishment sizes",3,0,0,0,0,0,0,0
"51173",5,"813930",78,0,2007,3,"N","Smyth County, Virginia","Private","Labor unions and similar labor organizations","County, NAICS 6-digit -- by ownership sector","All establishment sizes",3,0,0,0,0,0,0,0
"51173",5,"813930",78,0,2007,4,"N","Smyth County, Virginia","Private","Labor unions and similar labor organizations","County, NAICS 6-digit -- by ownership sector","All establishment sizes",3,0,0,0,0,0,0,0
"51173",5,814,75,0,2007,1,"","Smyth County, Virginia","Private","Private households","County, NAICS 3-digit -- by ownership sector","All establishment sizes",19,40,40,41,131594,131594,1786,251
"51173",5,"814",75,0,2007,2,"","Smyth County, Virginia","Private","Private households","County, NAICS 3-digit -- by ownership sector","All establishment sizes",17,36,36,44,123942,99659,1433,247
"51173",5,"814",75,0,2007,3,"","Smyth County, Virginia","Private","Private households","County, NAICS 3-digit -- by ownership sector","All establishment sizes",17,34,35,30,115598,44349,710,269
"51173",5,"814",75,0,2007,4,"","Smyth County, Virginia","Private","Private households","County, NAICS 3-digit -- by ownership sector","All establishment sizes",16,28,28,26,93686,19178,133,264
"51173",5,8141,76,0,2007,1,"","Smyth County, Virginia","Private","Private households","County, NAICS 4-digit -- by ownership sector","All establishment sizes",19,40,40,41,131594,131594,1786,251
"51173",5,"8141",76,0,2007,2,"","Smyth County, Virginia","Private","Private households","County, NAICS 4-digit -- by ownership sector","All establishment sizes",17,36,36,44,123942,99659,1433,247
"51173",5,"8141",76,0,2007,3,"","Smyth County, Virginia","Private","Private households","County, NAICS 4-digit -- by ownership sector","All establishment sizes",17,34,35,30,115598,44349,710,269
"51173",5,"8141",76,0,2007,4,"","Smyth County, Virginia","Private","Private households","County, NAICS 4-digit -- by ownership sector","All establishment sizes",16,28,28,26,93686,19178,133,264
"51173",5,81411,77,0,2007,1,"","Smyth County, Virginia","Private","Private households","County, NAICS 5-digit -- by ownership sector","All establishment sizes",19,40,40,41,131594,131594,1786,251
"51173",5,"81411",77,0,2007,2,"","Smyth County, Virginia","Private","Private households","County, NAICS 5-digit -- by ownership sector","All establishment sizes",17,36,36,44,123942,99659,1433,247
"51173",5,"81411",77,0,2007,3,"","Smyth County, Virginia","Private","Private households","County, NAICS 5-digit -- by ownership sector","All establishment sizes",17,34,35,30,115598,44349,710,269
"51173",5,"81411",77,0,2007,4,"","Smyth County, Virginia","Private","Private households","County, NAICS 5-digit -- by ownership sector","All establishment sizes",16,28,28,26,93686,19178,133,264
"51173",5,814110,78,0,2007,1,"","Smyth County, Virginia","Private","Private households","County, NAICS 6-digit -- by ownership sector","All establishment sizes",19,40,40,41,131594,131594,1786,251
"51173",5,"814110",78,0,2007,2,"","Smyth County, Virginia","Private","Private households","County, NAICS 6-digit -- by ownership sector","All establishment sizes",17,36,36,44,123942,99659,1433,247
"51173",5,"814110",78,0,2007,3,"","Smyth County, Virginia","Private","Private households","County, NAICS 6-digit -- by ownership sector","All establishment sizes",17,34,35,30,115598,44349,710,269
"51173",5,"814110",78,0,2007,4,"","Smyth County, Virginia","Private","Private households","County, NAICS 6-digit -- by ownership sector","All establishment sizes",16,28,28,26,93686,19178,133,264

