"area_fips","own_code","industry_code","agglvl_code","size_code","year","qtr","disclosure_code","area_title","own_title","industry_title","agglvl_title","size_title","qtrly_estabs_count","month1_emplvl","month2_emplvl","month3_emplvl","total_qtrly_wages","taxable_qtrly_wages","qtrly_contributions","avg_wkly_wage"
"28087",0,10,70,0,2007,1,"","Lowndes County, Mississippi","Total Covered","Total, all industries","County, Total Covered","All establishment sizes",1606,25498,25461,25877,209132027,104515528,1456980,628
"28087",0,"10",70,0,2007,2,"","Lowndes County, Mississippi","Total Covered","Total, all industries","County, Total Covered","All establishment sizes",1619,25964,26152,26202,211856254,36374761,519620,624
"28087",0,"10",70,0,2007,3,"","Lowndes County, Mississippi","Total Covered","Total, all industries","County, Total Covered","All establishment sizes",1625,25898,25896,25577,210896331,20323262,295859,629
"28087",0,"10",70,0,2007,4,"","Lowndes County, Mississippi","Total Covered","Total, all industries","County, Total Covered","All establishment sizes",1625,25423,25680,25562,219868868,16340910,243388,662
"28087",1,10,71,0,2007,1,"","Lowndes County, Mississippi","Federal Government","Total, all industries","County, Total -- by ownership sector","All establishment sizes",26,853,841,850,8194985,0,0,743
"28087",1,"10",71,0,2007,2,"","Lowndes County, Mississippi","Federal Government","Total, all industries","County, Total -- by ownership sector","All establishment sizes",26,859,853,852,9180574,0,0,826
"28087",1,"10",71,0,2007,3,"","Lowndes County, Mississippi","Federal Government","Total, all industries","County, Total -- by ownership sector","All establishment sizes",26,861,847,825,9224176,0,0,840
"28087",1,"10",71,0,2007,4,"","Lowndes County, Mississippi","Federal Government","Total, all industries","County, Total -- by ownership sector","All establishment sizes",26,825,832,823,9040100,0,0,841
"28087",1,102,72,0,2007,1,"","Lowndes County, Mississippi","Federal Government","Service-Providing","County, by Domain -- by ownership sector","All establishment sizes",26,853,841,850,8194985,0,0,743
"28087",1,"102",72,0,2007,2,"","Lowndes County, Mississippi","Federal Government","Service-Providing","County, by Domain -- by ownership sector","All establishment sizes",26,859,853,852,9180574,0,0,826
"28087",1,"102",72,0,2007,3,"","Lowndes County, Mississippi","Federal Government","Service-Providing","County, by Domain -- by ownership sector","All establishment sizes",26,861,847,825,9224176,0,0,840
"28087",1,"102",72,0,2007,4,"","Lowndes County, Mississippi","Federal Government","Service-Providing","County, by Domain -- by ownership sector","All establishment sizes",26,825,832,823,9040100,0,0,841
"28087",1,1021,73,0,2007,1,"","Lowndes County, Mississippi","Federal Government","Trade, Transportation, and Utilities","County, by Supersector -- by ownership sector","All establishment sizes",8,148,141,145,1398260,0,0,743
"28087",1,"1021",73,0,2007,2,"","Lowndes County, Mississippi","Federal Government","Trade, Transportation, and Utilities","County, by Supersector -- by ownership sector","All establishment sizes",8,146,144,143,1668911,0,0,889
"28087",1,"1021",73,0,2007,3,"","Lowndes County, Mississippi","Federal Government","Trade, Transportation, and Utilities","County, by Supersector -- by ownership sector","All establishment sizes",8,142,142,138,1436224,0,0,785
"28087",1,"1021",73,0,2007,4,"","Lowndes County, Mississippi","Federal Government","Trade, Transportation, and Utilities","County, by Supersector -- by ownership sector","All establishment sizes",8,141,146,143,1662264,0,0,892
"28087",1,1023,73,0,2007,1,"","Lowndes County, Mississippi","Federal Government","Financial Activities","County, by Supersector -- by ownership sector","All establishment sizes",2,6,6,6,68833,0,0,882
"28087",1,"1023",73,0,2007,2,"","Lowndes County, Mississippi","Federal Government","Financial Activities","County, by Supersector -- by ownership sector","All establishment sizes",2,6,6,6,82882,0,0,1063
"28087",1,"1023",73,0,2007,3,"","Lowndes County, Mississippi","Federal Government","Financial Activities","County, by Supersector -- by ownership sector","All establishment sizes",2,6,6,6,72478,0,0,929
"28087",1,"1023",73,0,2007,4,"","Lowndes County, Mississippi","Federal Government","Financial Activities","County, by Supersector -- by ownership sector","All establishment sizes",2,6,6,6,81599,0,0,1046
"28087",1,1024,73,0,2007,1,"","Lowndes County, Mississippi","Federal Government","Professional and Business Services","County, by Supersector -- by ownership sector","All establishment sizes",3,100,100,97,857488,0,0,666
"28087",1,"1024",73,0,2007,2,"","Lowndes County, Mississippi","Federal Government","Professional and Business Services","County, by Supersector -- by ownership sector","All establishment sizes",3,92,92,87,703564,0,0,599
"28087",1,"1024",73,0,2007,3,"","Lowndes County, Mississippi","Federal Government","Professional and Business Services","County, by Supersector -- by ownership sector","All establishment sizes",3,88,85,84,901458,0,0,809
"28087",1,"1024",73,0,2007,4,"","Lowndes County, Mississippi","Federal Government","Professional and Business Services","County, by Supersector -- by ownership sector","All establishment sizes",3,81,82,84,680369,0,0,636
"28087",1,1028,73,0,2007,1,"","Lowndes County, Mississippi","Federal Government","Public Administration","County, by Supersector -- by ownership sector","All establishment sizes",13,599,594,602,5870404,0,0,755
"28087",1,"1028",73,0,2007,2,"","Lowndes County, Mississippi","Federal Government","Public Administration","County, by Supersector -- by ownership sector","All establishment sizes",13,615,611,616,6725217,0,0,843
"28087",1,"1028",73,0,2007,3,"","Lowndes County, Mississippi","Federal Government","Public Administration","County, by Supersector -- by ownership sector","All establishment sizes",13,625,614,597,6814016,0,0,856
"28087",1,"1028",73,0,2007,4,"","Lowndes County, Mississippi","Federal Government","Public Administration","County, by Supersector -- by ownership sector","All establishment sizes",13,597,598,590,6615868,0,0,855
"28087",1,44-45,74,0,2007,1,"","Lowndes County, Mississippi","Federal Government","Retail trade","County, NAICS Sector -- by ownership sector","All establishment sizes",1,41,41,40,241581,0,0,457
"28087",1,"44-45",74,0,2007,2,"","Lowndes County, Mississippi","Federal Government","Retail trade","County, NAICS Sector -- by ownership sector","All establishment sizes",1,40,40,38,292471,0,0,572
"28087",1,"44-45",74,0,2007,3,"","Lowndes County, Mississippi","Federal Government","Retail trade","County, NAICS Sector -- by ownership sector","All establishment sizes",1,38,38,36,298277,0,0,615
"28087",1,"44-45",74,0,2007,4,"","Lowndes County, Mississippi","Federal Government","Retail trade","County, NAICS Sector -- by ownership sector","All establishment sizes",1,38,39,39,283947,0,0,565
"28087",1,445,75,0,2007,1,"","Lowndes County, Mississippi","Federal Government","Food and beverage stores","County, NAICS 3-digit -- by ownership sector","All establishment sizes",1,41,41,40,241581,0,0,457
"28087",1,"445",75,0,2007,2,"","Lowndes County, Mississippi","Federal Government","Food and beverage stores","County, NAICS 3-digit -- by ownership sector","All establishment sizes",1,40,40,38,292471,0,0,572
"28087",1,"445",75,0,2007,3,"","Lowndes County, Mississippi","Federal Government","Food and beverage stores","County, NAICS 3-digit -- by ownership sector","All establishment sizes",1,38,38,36,298277,0,0,615
"28087",1,"445",75,0,2007,4,"","Lowndes County, Mississippi","Federal Government","Food and beverage stores","County, NAICS 3-digit -- by ownership sector","All establishment sizes",1,38,39,39,283947,0,0,565
"28087",1,4451,76,0,2007,1,"","Lowndes County, Mississippi","Federal Government","Grocery stores","County, NAICS 4-digit -- by ownership sector","All establishment sizes",1,41,41,40,241581,0,0,457
"28087",1,"4451",76,0,2007,2,"","Lowndes County, Mississippi","Federal Government","Grocery stores","County, NAICS 4-digit -- by ownership sector","All establishment sizes",1,40,40,38,292471,0,0,572
"28087",1,"4451",76,0,2007,3,"","Lowndes County, Mississippi","Federal Government","Grocery stores","County, NAICS 4-digit -- by ownership sector","All establishment sizes",1,38,38,36,298277,0,0,615
"28087",1,"4451",76,0,2007,4,"","Lowndes County, Mississippi","Federal Government","Grocery stores","County, NAICS 4-digit -- by ownership sector","All establishment sizes",1,38,39,39,283947,0,0,565
"28087",1,44511,77,0,2007,1,"","Lowndes County, Mississippi","Federal Government","Supermarkets and other grocery stores","County, NAICS 5-digit -- by ownership sector","All establishment sizes",1,41,41,40,241581,0,0,457
"28087",1,"44511",77,0,2007,2,"","Lowndes County, Mississippi","Federal Government","Supermarkets and other grocery stores","County, NAICS 5-digit -- by ownership sector","All establishment sizes",1,40,40,38,292471,0,0,572
"28087",1,"44511",77,0,2007,3,"","Lowndes County, Mississippi","Federal Government","Supermarkets and other grocery stores","County, NAICS 5-digit -- by ownership sector","All establishment sizes",1,38,38,36,298277,0,0,615
"28087",1,"44511",77,0,2007,4,"","Lowndes County, Mississippi","Federal Government","Supermarkets and other grocery stores","County, NAICS 5-digit -- by ownership sector","All establishment sizes",1,38,39,39,283947,0,0,565
"28087",1,445110,78,0,2007,1,"","Lowndes County, Mississippi","Federal Government","Supermarkets and other grocery stores","County, NAICS 6-digit -- by ownership sector","All establishment sizes",1,41,41,40,241581,0,0,457
"28087",1,"445110",78,0,2007,2,"","Lowndes County, Mississippi","Federal Government","Supermarkets and other grocery stores","County, NAICS 6-digit -- by ownership sector","All establishment sizes",1,40,40,38,292471,0,0,572
"28087",1,"445110",78,0,2007,3,"","Lowndes County, Mississippi","Federal Government","Supermarkets and other grocery stores","County, NAICS 6-digit -- by ownership sector","All establishment sizes",1,38,38,36,298277,0,0,615
"28087",1,"445110",78,0,2007,4,"","Lowndes County, Mississippi","Federal Government","Supermarkets and other grocery stores","County, NAICS 6-digit -- by ownership sector","All establishment sizes",1,38,39,39,283947,0,0,565
"28087",1,48-49,74,0,2007,1,"","Lowndes County, Mississippi","Federal Government","Transportation and warehousing","County, NAICS Sector -- by ownership sector","All establishment sizes",7,107,100,105,1156679,0,0,856
"28087",1,"48-49",74,0,2007,2,"","Lowndes County, Mississippi","Federal Government","Transportation and warehousing","County, NAICS Sector -- by ownership sector","All establishment sizes",7,106,104,105,1376440,0,0,1008
"28087",1,"48-49",74,0,2007,3,"","Lowndes County, Mississippi","Federal Government","Transportation and warehousing","County, NAICS Sector -- by ownership sector","All establishment sizes",7,104,104,102,1137947,0,0,847
"28087",1,"48-49",74,0,2007,4,"","Lowndes County, Mississippi","Federal Government","Transportation and warehousing","County, NAICS Sector -- by ownership sector","All establishment sizes",7,103,107,104,1378317,0,0,1013
"28087",1,491,75,0,2007,1,"","Lowndes County, Mississippi","Federal Government","Postal service","County, NAICS 3-digit -- by ownership sector","All establishment sizes",7,107,100,105,1156679,0,0,856
"28087",1,"491",75,0,2007,2,"","Lowndes County, Mississippi","Federal Government","Postal service","County, NAICS 3-digit -- by ownership sector","All establishment sizes",7,106,104,105,1376440,0,0,1008
"28087",1,"491",75,0,2007,3,"","Lowndes County, Mississippi","Federal Government","Postal service","County, NAICS 3-digit -- by ownership sector","All establishment sizes",7,104,104,102,1137947,0,0,847
"28087",1,"491",75,0,2007,4,"","Lowndes County, Mississippi","Federal Government","Postal service","County, NAICS 3-digit -- by ownership sector","All establishment sizes",7,103,107,104,1378317,0,0,1013
"28087",1,4911,76,0,2007,1,"","Lowndes County, Mississippi","Federal Government","Postal service","County, NAICS 4-digit -- by ownership sector","All establishment sizes",7,107,100,105,1156679,0,0,856
"28087",1,"4911",76,0,2007,2,"","Lowndes County, Mississippi","Federal Government","Postal service","County, NAICS 4-digit -- by ownership sector","All establishment sizes",7,106,104,105,1376440,0,0,1008
"28087",1,"4911",76,0,2007,3,"","Lowndes County, Mississippi","Federal Government","Postal service","County, NAICS 4-digit -- by ownership sector","All establishment sizes",7,104,104,102,1137947,0,0,847
"28087",1,"4911",76,0,2007,4,"","Lowndes County, Mississippi","Federal Government","Postal service","County, NAICS 4-digit -- by ownership sector","All establishment sizes",7,103,107,104,1378317,0,0,1013
"28087",1,49111,77,0,2007,1,"","Lowndes County, Mississippi","Federal Government","Postal service","County, NAICS 5-digit -- by ownership sector","All establishment sizes",7,107,100,105,1156679,0,0,856
"28087",1,"49111",77,0,2007,2,"","Lowndes County, Mississippi","Federal Government","Postal service","County, NAICS 5-digit -- by ownership sector","All establishment sizes",7,106,104,105,1376440,0,0,1008
"28087",1,"49111",77,0,2007,3,"","Lowndes County, Mississippi","Federal Government","Postal service","County, NAICS 5-digit -- by ownership sector","All establishment sizes",7,104,104,102,1137947,0,0,847
"28087",1,"49111",77,0,2007,4,"","Lowndes County, Mississippi","Federal Government","Postal service","County, NAICS 5-digit -- by ownership sector","All establishment sizes",7,103,107,104,1378317,0,0,1013
"28087",1,491110,78,0,2007,1,"","Lowndes County, Mississippi","Federal Government","Postal service","County, NAICS 6-digit -- by ownership sector","All establishment sizes",7,107,100,105,1156679,0,0,856
"28087",1,"491110",78,0,2007,2,"","Lowndes County, Mississippi","Federal Government","Postal service","County, NAICS 6-digit -- by ownership sector","All establishment sizes",7,106,104,105,1376440,0,0,1008
"28087",1,"491110",78,0,2007,3,"","Lowndes County, Mississippi","Federal Government","Postal service","County, NAICS 6-digit -- by ownership sector","All establishment sizes",7,104,104,102,1137947,0,0,847
"28087",1,"491110",78,0,2007,4,"","Lowndes County, Mississippi","Federal Government","Postal service","County, NAICS 6-digit -- by ownership sector","All establishment sizes",7,103,107,104,1378317,0,0,1013
"28087",1,52,74,0,2007,1,"","Lowndes County, Mississippi","Federal Government","Finance and insurance","County, NAICS Sector -- by ownership sector","All establishment sizes",2,6,6,6,68833,0,0,882
"28087",1,"52",74,0,2007,2,"","Lowndes County, Mississippi","Federal Government","Finance and insurance","County, NAICS Sector -- by ownership sector","All establishment sizes",2,6,6,6,82882,0,0,1063
"28087",1,"52",74,0,2007,3,"","Lowndes County, Mississippi","Federal Government","Finance and insurance","County, NAICS Sector -- by ownership sector","All establishment sizes",2,6,6,6,72478,0,0,929
"28087",1,"52",74,0,2007,4,"","Lowndes County, Mississippi","Federal Government","Finance and insurance","County, NAICS Sector -- by ownership sector","All establishment sizes",2,6,6,6,81599,0,0,1046
"28087",1,522,75,0,2007,1,"","Lowndes County, Mississippi","Federal Government","Credit intermediation and related activities","County, NAICS 3-digit -- by ownership sector","All establishment sizes",2,6,6,6,68833,0,0,882
"28087",1,"522",75,0,2007,2,"","Lowndes County, Mississippi","Federal Government","Credit intermediation and related activities","County, NAICS 3-digit -- by ownership sector","All establishment sizes",2,6,6,6,82882,0,0,1063
"28087",1,"522",75,0,2007,3,"","Lowndes County, Mississippi","Federal Government","Credit intermediation and related activities","County, NAICS 3-digit -- by ownership sector","All establishment sizes",2,6,6,6,72478,0,0,929
"28087",1,"522",75,0,2007,4,"","Lowndes County, Mississippi","Federal Government","Credit intermediation and related activities","County, NAICS 3-digit -- by ownership sector","All establishment sizes",2,6,6,6,81599,0,0,1046
"28087",1,5222,76,0,2007,1,"","Lowndes County, Mississippi","Federal Government","Nondepository credit intermediation","County, NAICS 4-digit -- by ownership sector","All establishment sizes",2,6,6,6,68833,0,0,882
"28087",1,"5222",76,0,2007,2,"","Lowndes County, Mississippi","Federal Government","Nondepository credit intermediation","County, NAICS 4-digit -- by ownership sector","All establishment sizes",2,6,6,6,82882,0,0,1063
"28087",1,"5222",76,0,2007,3,"","Lowndes County, Mississippi","Federal Government","Nondepository credit intermediation","County, NAICS 4-digit -- by ownership sector","All establishment sizes",2,6,6,6,72478,0,0,929
"28087",1,"5222",76,0,2007,4,"","Lowndes County, Mississippi","Federal Government","Nondepository credit intermediation","County, NAICS 4-digit -- by ownership sector","All establishment sizes",2,6,6,6,81599,0,0,1046
"28087",1,52229,77,0,2007,1,"","Lowndes County, Mississippi","Federal Government","Other nondepository credit intermediation","County, NAICS 5-digit -- by ownership sector","All establishment sizes",2,6,6,6,68833,0,0,882
"28087",1,"52229",77,0,2007,2,"","Lowndes County, Mississippi","Federal Government","Other nondepository credit intermediation","County, NAICS 5-digit -- by ownership sector","All establishment sizes",2,6,6,6,82882,0,0,1063
"28087",1,"52229",77,0,2007,3,"","Lowndes County, Mississippi","Federal Government","Other nondepository credit intermediation","County, NAICS 5-digit -- by ownership sector","All establishment sizes",2,6,6,6,72478,0,0,929
"28087",1,"52229",77,0,2007,4,"","Lowndes County, Mississippi","Federal Government","Other nondepository credit intermediation","County, NAICS 5-digit -- by ownership sector","All establishment sizes",2,6,6,6,81599,0,0,1046
"28087",1,522292,78,0,2007,1,"","Lowndes County, Mississippi","Federal Government","Real estate credit","County, NAICS 6-digit -- by ownership sector","All establishment sizes",1,5,5,5,55105,0,0,848
"28087",1,"522292",78,0,2007,2,"","Lowndes County, Mississippi","Federal Government","Real estate credit","County, NAICS 6-digit -- by ownership sector","All establishment sizes",1,5,5,5,64878,0,0,998
"28087",1,"522292",78,0,2007,3,"","Lowndes County, Mississippi","Federal Government","Real estate credit","County, NAICS 6-digit -- by ownership sector","All establishment sizes",1,5,5,5,55874,0,0,860
"28087",1,"522292",78,0,2007,4,"","Lowndes County, Mississippi","Federal Government","Real estate credit","County, NAICS 6-digit -- by ownership sector","All establishment sizes",1,5,5,5,64995,0,0,1000
"28087",1,522298,78,0,2007,1,"","Lowndes County, Mississippi","Federal Government","All other nondepository credit intermediation","County, NAICS 6-digit -- by ownership sector","All establishment sizes",1,1,1,1,13728,0,0,1056
"28087",1,"522298",78,0,2007,2,"","Lowndes County, Mississippi","Federal Government","All other nondepository credit intermediation","County, NAICS 6-digit -- by ownership sector","All establishment sizes",1,1,1,1,18004,0,0,1385
"28087",1,"522298",78,0,2007,3,"","Lowndes County, Mississippi","Federal Government","All other nondepository credit intermediation","County, NAICS 6-digit -- by ownership sector","All establishment sizes",1,1,1,1,16604,0,0,1277
"28087",1,"522298",78,0,2007,4,"","Lowndes County, Mississippi","Federal Government","All other nondepository credit intermediation","County, NAICS 6-digit -- by ownership sector","All establishment sizes",1,1,1,1,16604,0,0,1277
"28087",1,54,74,0,2007,1,"","Lowndes County, Mississippi","Federal Government","Professional and technical services","County, NAICS Sector -- by ownership sector","All establishment sizes",2,45,45,46,664371,0,0,1127
"28087",1,"54",74,0,2007,2,"","Lowndes County, Mississippi","Federal Government","Professional and technical services","County, NAICS Sector -- by ownership sector","All establishment sizes",2,46,46,45,549891,0,0,926
"28087",1,"54",74,0,2007,3,"","Lowndes County, Mississippi","Federal Government","Professional and technical services","County, NAICS Sector -- by ownership sector","All establishment sizes",2,44,43,43,718977,0,0,1276
"28087",1,"54",74,0,2007,4,"","Lowndes County, Mississippi","Federal Government","Professional and technical services","County, NAICS Sector -- by ownership sector","All establishment sizes",2,43,44,45,535636,0,0,936
"28087",1,541,75,0,2007,1,"","Lowndes County, Mississippi","Federal Government","Professional and Technical Services","County, NAICS 3-digit -- by ownership sector","All establishment sizes",2,45,45,46,664371,0,0,1127
"28087",1,"541",75,0,2007,2,"","Lowndes County, Mississippi","Federal Government","Professional and Technical Services","County, NAICS 3-digit -- by ownership sector","All establishment sizes",2,46,46,45,549891,0,0,926
"28087",1,"541",75,0,2007,3,"","Lowndes County, Mississippi","Federal Government","Professional and Technical Services","County, NAICS 3-digit -- by ownership sector","All establishment sizes",2,44,43,43,718977,0,0,1276
"28087",1,"541",75,0,2007,4,"","Lowndes County, Mississippi","Federal Government","Professional and Technical Services","County, NAICS 3-digit -- by ownership sector","All establishment sizes",2,43,44,45,535636,0,0,936
"28087",1,5413,76,0,2007,1,"","Lowndes County, Mississippi","Federal Government","Architectural and engineering services","County, NAICS 4-digit -- by ownership sector","All establishment sizes",2,45,45,46,664371,0,0,1127
"28087",1,"5413",76,0,2007,2,"","Lowndes County, Mississippi","Federal Government","Architectural and engineering services","County, NAICS 4-digit -- by ownership sector","All establishment sizes",2,46,46,45,549891,0,0,926
"28087",1,"5413",76,0,2007,3,"","Lowndes County, Mississippi","Federal Government","Architectural and engineering services","County, NAICS 4-digit -- by ownership sector","All establishment sizes",2,44,43,43,718977,0,0,1276
"28087",1,"5413",76,0,2007,4,"","Lowndes County, Mississippi","Federal Government","Architectural and engineering services","County, NAICS 4-digit -- by ownership sector","All establishment sizes",2,43,44,45,535636,0,0,936
"28087",1,54133,77,0,2007,1,"","Lowndes County, Mississippi","Federal Government","Engineering services","County, NAICS 5-digit -- by ownership sector","All establishment sizes",2,45,45,46,664371,0,0,1127
"28087",1,"54133",77,0,2007,2,"","Lowndes County, Mississippi","Federal Government","Engineering services","County, NAICS 5-digit -- by ownership sector","All establishment sizes",2,46,46,45,549891,0,0,926
"28087",1,"54133",77,0,2007,3,"","Lowndes County, Mississippi","Federal Government","Engineering services","County, NAICS 5-digit -- by ownership sector","All establishment sizes",2,44,43,43,718977,0,0,1276
"28087",1,"54133",77,0,2007,4,"","Lowndes County, Mississippi","Federal Government","Engineering services","County, NAICS 5-digit -- by ownership sector","All establishment sizes",2,43,44,45,535636,0,0,936
"28087",1,541330,78,0,2007,1,"","Lowndes County, Mississippi","Federal Government","Engineering services","County, NAICS 6-digit -- by ownership sector","All establishment sizes",2,45,45,46,664371,0,0,1127
"28087",1,"541330",78,0,2007,2,"","Lowndes County, Mississippi","Federal Government","Engineering services","County, NAICS 6-digit -- by ownership sector","All establishment sizes",2,46,46,45,549891,0,0,926
"28087",1,"541330",78,0,2007,3,"","Lowndes County, Mississippi","Federal Government","Engineering services","County, NAICS 6-digit -- by ownership sector","All establishment sizes",2,44,43,43,718977,0,0,1276
"28087",1,"541330",78,0,2007,4,"","Lowndes County, Mississippi","Federal Government","Engineering services","County, NAICS 6-digit -- by ownership sector","All establishment sizes",2,43,44,45,535636,0,0,936
"28087",1,56,74,0,2007,1,"","Lowndes County, Mississippi","Federal Government","Administrative and waste services","County, NAICS Sector -- by ownership sector","All establishment sizes",1,55,55,51,193117,0,0,277
"28087",1,"56",74,0,2007,2,"","Lowndes County, Mississippi","Federal Government","Administrative and waste services","County, NAICS Sector -- by ownership sector","All establishment sizes",1,46,46,42,153673,0,0,265
"28087",1,"56",74,0,2007,3,"","Lowndes County, Mississippi","Federal Government","Administrative and waste services","County, NAICS Sector -- by ownership sector","All establishment sizes",1,44,42,41,182481,0,0,332
"28087",1,"56",74,0,2007,4,"","Lowndes County, Mississippi","Federal Government","Administrative and waste services","County, NAICS Sector -- by ownership sector","All establishment sizes",1,38,38,39,144733,0,0,290
"28087",1,561,75,0,2007,1,"","Lowndes County, Mississippi","Federal Government","Administrative and support services","County, NAICS 3-digit -- by ownership sector","All establishment sizes",1,55,55,51,193117,0,0,277
"28087",1,"561",75,0,2007,2,"","Lowndes County, Mississippi","Federal Government","Administrative and support services","County, NAICS 3-digit -- by ownership sector","All establishment sizes",1,46,46,42,153673,0,0,265
"28087",1,"561",75,0,2007,3,"","Lowndes County, Mississippi","Federal Government","Administrative and support services","County, NAICS 3-digit -- by ownership sector","All establishment sizes",1,44,42,41,182481,0,0,332
"28087",1,"561",75,0,2007,4,"","Lowndes County, Mississippi","Federal Government","Administrative and support services","County, NAICS 3-digit -- by ownership sector","All establishment sizes",1,38,38,39,144733,0,0,290
"28087",1,5612,76,0,2007,1,"","Lowndes County, Mississippi","Federal Government","Facilities support services","County, NAICS 4-digit -- by ownership sector","All establishment sizes",1,55,55,51,193117,0,0,277
"28087",1,"5612",76,0,2007,2,"","Lowndes County, Mississippi","Federal Government","Facilities support services","County, NAICS 4-digit -- by ownership sector","All establishment sizes",1,46,46,42,153673,0,0,265
"28087",1,"5612",76,0,2007,3,"","Lowndes County, Mississippi","Federal Government","Facilities support services","County, NAICS 4-digit -- by ownership sector","All establishment sizes",1,44,42,41,182481,0,0,332
"28087",1,"5612",76,0,2007,4,"","Lowndes County, Mississippi","Federal Government","Facilities support services","County, NAICS 4-digit -- by ownership sector","All establishment sizes",1,38,38,39,144733,0,0,290
"28087",1,56121,77,0,2007,1,"","Lowndes County, Mississippi","Federal Government","Facilities support services","County, NAICS 5-digit -- by ownership sector","All establishment sizes",1,55,55,51,193117,0,0,277
"28087",1,"56121",77,0,2007,2,"","Lowndes County, Mississippi","Federal Government","Facilities support services","County, NAICS 5-digit -- by ownership sector","All establishment sizes",1,46,46,42,153673,0,0,265
"28087",1,"56121",77,0,2007,3,"","Lowndes County, Mississippi","Federal Government","Facilities support services","County, NAICS 5-digit -- by ownership sector","All establishment sizes",1,44,42,41,182481,0,0,332
"28087",1,"56121",77,0,2007,4,"","Lowndes County, Mississippi","Federal Government","Facilities support services","County, NAICS 5-digit -- by ownership sector","All establishment sizes",1,38,38,39,144733,0,0,290
"28087",1,561210,78,0,2007,1,"","Lowndes County, Mississippi","Federal Government","Facilities support services","County, NAICS 6-digit -- by ownership sector","All establishment sizes",1,55,55,51,193117,0,0,277
"28087",1,"561210",78,0,2007,2,"","Lowndes County, Mississippi","Federal Government","Facilities support services","County, NAICS 6-digit -- by ownership sector","All establishment sizes",1,46,46,42,153673,0,0,265
"28087",1,"561210",78,0,2007,3,"","Lowndes County, Mississippi","Federal Government","Facilities support services","County, NAICS 6-digit -- by ownership sector","All establishment sizes",1,44,42,41,182481,0,0,332
"28087",1,"561210",78,0,2007,4,"","Lowndes County, Mississippi","Federal Government","Facilities support services","County, NAICS 6-digit -- by ownership sector","All establishment sizes",1,38,38,39,144733,0,0,290
"28087",1,92,74,0,2007,1,"","Lowndes County, Mississippi","Federal Government","Public Administration","County, NAICS Sector -- by ownership sector","All establishment sizes",13,599,594,602,5870404,0,0,755
"28087",1,"92",74,0,2007,2,"","Lowndes County, Mississippi","Federal Government","Public Administration","County, NAICS Sector -- by ownership sector","All establishment sizes",13,615,611,616,6725217,0,0,843
"28087",1,"92",74,0,2007,3,"","Lowndes County, Mississippi","Federal Government","Public Administration","County, NAICS Sector -- by ownership sector","All establishment sizes",13,625,614,597,6814016,0,0,856
"28087",1,"92",74,0,2007,4,"","Lowndes County, Mississippi","Federal Government","Public Administration","County, NAICS Sector -- by ownership sector","All establishment sizes",13,597,598,590,6615868,0,0,855
"28087",1,921,75,0,2007,1,"","Lowndes County, Mississippi","Federal Government","Executive, legislative and general government","County, NAICS 3-digit -- by ownership sector","All establishment sizes",2,6,6,4,78476,0,0,1132
"28087",1,"921",75,0,2007,2,"","Lowndes County, Mississippi","Federal Government","Executive, legislative and general government","County, NAICS 3-digit -- by ownership sector","All establishment sizes",2,5,5,5,87845,0,0,1351
"28087",1,"921",75,0,2007,3,"","Lowndes County, Mississippi","Federal Government","Executive, legislative and general government","County, NAICS 3-digit -- by ownership sector","All establishment sizes",2,6,6,6,72928,0,0,935
"28087",1,"921",75,0,2007,4,"","Lowndes County, Mississippi","Federal Government","Executive, legislative and general government","County, NAICS 3-digit -- by ownership sector","All establishment sizes",2,6,6,6,87934,0,0,1127
"28087",1,9211,76,0,2007,1,"","Lowndes County, Mississippi","Federal Government","Executive, legislative and general government","County, NAICS 4-digit -- by ownership sector","All establishment sizes",2,6,6,4,78476,0,0,1132
"28087",1,"9211",76,0,2007,2,"","Lowndes County, Mississippi","Federal Government","Executive, legislative and general government","County, NAICS 4-digit -- by ownership sector","All establishment sizes",2,5,5,5,87845,0,0,1351
"28087",1,"9211",76,0,2007,3,"","Lowndes County, Mississippi","Federal Government","Executive, legislative and general government","County, NAICS 4-digit -- by ownership sector","All establishment sizes",2,6,6,6,72928,0,0,935
"28087",1,"9211",76,0,2007,4,"","Lowndes County, Mississippi","Federal Government","Executive, legislative and general government","County, NAICS 4-digit -- by ownership sector","All establishment sizes",2,6,6,6,87934,0,0,1127
"28087",1,92113,77,0,2007,1,"","Lowndes County, Mississippi","Federal Government","Public finance activities","County, NAICS 5-digit -- by ownership sector","All establishment sizes",1,5,5,3,77094,0,0,1369
"28087",1,"92113",77,0,2007,2,"","Lowndes County, Mississippi","Federal Government","Public finance activities","County, NAICS 5-digit -- by ownership sector","All establishment sizes",1,4,4,4,86663,0,0,1667
"28087",1,"92113",77,0,2007,3,"","Lowndes County, Mississippi","Federal Government","Public finance activities","County, NAICS 5-digit -- by ownership sector","All establishment sizes",1,5,5,5,70837,0,0,1090
"28087",1,"92113",77,0,2007,4,"","Lowndes County, Mississippi","Federal Government","Public finance activities","County, NAICS 5-digit -- by ownership sector","All establishment sizes",1,5,5,5,84800,0,0,1305
"28087",1,921130,78,0,2007,1,"","Lowndes County, Mississippi","Federal Government","Public finance activities","County, NAICS 6-digit -- by ownership sector","All establishment sizes",1,5,5,3,77094,0,0,1369
"28087",1,"921130",78,0,2007,2,"","Lowndes County, Mississippi","Federal Government","Public finance activities","County, NAICS 6-digit -- by ownership sector","All establishment sizes",1,4,4,4,86663,0,0,1667
"28087",1,"921130",78,0,2007,3,"","Lowndes County, Mississippi","Federal Government","Public finance activities","County, NAICS 6-digit -- by ownership sector","All establishment sizes",1,5,5,5,70837,0,0,1090
"28087",1,"921130",78,0,2007,4,"","Lowndes County, Mississippi","Federal Government","Public finance activities","County, NAICS 6-digit -- by ownership sector","All establishment sizes",1,5,5,5,84800,0,0,1305
"28087",1,92119,77,0,2007,1,"","Lowndes County, Mississippi","Federal Government","Other general government support","County, NAICS 5-digit -- by ownership sector","All establishment sizes",1,1,1,1,1382,0,0,106
"28087",1,"92119",77,0,2007,2,"","Lowndes County, Mississippi","Federal Government","Other general government support","County, NAICS 5-digit -- by ownership sector","All establishment sizes",1,1,1,1,1182,0,0,91
"28087",1,"92119",77,0,2007,3,"","Lowndes County, Mississippi","Federal Government","Other general government support","County, NAICS 5-digit -- by ownership sector","All establishment sizes",1,1,1,1,2091,0,0,161
"28087",1,"92119",77,0,2007,4,"","Lowndes County, Mississippi","Federal Government","Other general government support","County, NAICS 5-digit -- by ownership sector","All establishment sizes",1,1,1,1,3134,0,0,241
"28087",1,921190,78,0,2007,1,"","Lowndes County, Mississippi","Federal Government","Other general government support","County, NAICS 6-digit -- by ownership sector","All establishment sizes",1,1,1,1,1382,0,0,106
"28087",1,"921190",78,0,2007,2,"","Lowndes County, Mississippi","Federal Government","Other general government support","County, NAICS 6-digit -- by ownership sector","All establishment sizes",1,1,1,1,1182,0,0,91
"28087",1,"921190",78,0,2007,3,"","Lowndes County, Mississippi","Federal Government","Other general government support","County, NAICS 6-digit -- by ownership sector","All establishment sizes",1,1,1,1,2091,0,0,161
"28087",1,"921190",78,0,2007,4,"","Lowndes County, Mississippi","Federal Government","Other general government support","County, NAICS 6-digit -- by ownership sector","All establishment sizes",1,1,1,1,3134,0,0,241
"28087",1,922,75,0,2007,1,"","Lowndes County, Mississippi","Federal Government","Justice, public order, and safety activities","County, NAICS 3-digit -- by ownership sector","All establishment sizes",1,3,3,3,67049,0,0,1719
"28087",1,"922",75,0,2007,2,"","Lowndes County, Mississippi","Federal Government","Justice, public order, and safety activities","County, NAICS 3-digit -- by ownership sector","All establishment sizes",1,3,3,3,78872,0,0,2022
"28087",1,"922",75,0,2007,3,"","Lowndes County, Mississippi","Federal Government","Justice, public order, and safety activities","County, NAICS 3-digit -- by ownership sector","All establishment sizes",1,3,3,3,68536,0,0,1757
"28087",1,"922",75,0,2007,4,"","Lowndes County, Mississippi","Federal Government","Justice, public order, and safety activities","County, NAICS 3-digit -- by ownership sector","All establishment sizes",1,3,3,3,78853,0,0,2022
"28087",1,9221,76,0,2007,1,"","Lowndes County, Mississippi","Federal Government","Justice, public order, and safety activities","County, NAICS 4-digit -- by ownership sector","All establishment sizes",1,3,3,3,67049,0,0,1719
"28087",1,"9221",76,0,2007,2,"","Lowndes County, Mississippi","Federal Government","Justice, public order, and safety activities","County, NAICS 4-digit -- by ownership sector","All establishment sizes",1,3,3,3,78872,0,0,2022
"28087",1,"9221",76,0,2007,3,"","Lowndes County, Mississippi","Federal Government","Justice, public order, and safety activities","County, NAICS 4-digit -- by ownership sector","All establishment sizes",1,3,3,3,68536,0,0,1757
"28087",1,"9221",76,0,2007,4,"","Lowndes County, Mississippi","Federal Government","Justice, public order, and safety activities","County, NAICS 4-digit -- by ownership sector","All establishment sizes",1,3,3,3,78853,0,0,2022
"28087",1,92212,77,0,2007,1,"","Lowndes County, Mississippi","Federal Government","Police protection","County, NAICS 5-digit -- by ownership sector","All establishment sizes",1,3,3,3,67049,0,0,1719
"28087",1,"92212",77,0,2007,2,"","Lowndes County, Mississippi","Federal Government","Police protection","County, NAICS 5-digit -- by ownership sector","All establishment sizes",1,3,3,3,78872,0,0,2022
"28087",1,"92212",77,0,2007,3,"","Lowndes County, Mississippi","Federal Government","Police protection","County, NAICS 5-digit -- by ownership sector","All establishment sizes",1,3,3,3,68536,0,0,1757
"28087",1,"92212",77,0,2007,4,"","Lowndes County, Mississippi","Federal Government","Police protection","County, NAICS 5-digit -- by ownership sector","All establishment sizes",1,3,3,3,78853,0,0,2022
"28087",1,922120,78,0,2007,1,"","Lowndes County, Mississippi","Federal Government","Police protection","County, NAICS 6-digit -- by ownership sector","All establishment sizes",1,3,3,3,67049,0,0,1719
"28087",1,"922120",78,0,2007,2,"","Lowndes County, Mississippi","Federal Government","Police protection","County, NAICS 6-digit -- by ownership sector","All establishment sizes",1,3,3,3,78872,0,0,2022
"28087",1,"922120",78,0,2007,3,"","Lowndes County, Mississippi","Federal Government","Police protection","County, NAICS 6-digit -- by ownership sector","All establishment sizes",1,3,3,3,68536,0,0,1757
"28087",1,"922120",78,0,2007,4,"","Lowndes County, Mississippi","Federal Government","Police protection","County, NAICS 6-digit -- by ownership sector","All establishment sizes",1,3,3,3,78853,0,0,2022
"28087",1,923,75,0,2007,1,"","Lowndes County, Mississippi","Federal Government","Administration of human resource programs","County, NAICS 3-digit -- by ownership sector","All establishment sizes",1,25,25,25,367131,0,0,1130
"28087",1,"923",75,0,2007,2,"","Lowndes County, Mississippi","Federal Government","Administration of human resource programs","County, NAICS 3-digit -- by ownership sector","All establishment sizes",1,25,25,25,318225,0,0,979
"28087",1,"923",75,0,2007,3,"","Lowndes County, Mississippi","Federal Government","Administration of human resource programs","County, NAICS 3-digit -- by ownership sector","All establishment sizes",1,25,25,26,407352,0,0,1237
"28087",1,"923",75,0,2007,4,"","Lowndes County, Mississippi","Federal Government","Administration of human resource programs","County, NAICS 3-digit -- by ownership sector","All establishment sizes",1,26,26,26,425739,0,0,1260
"28087",1,9231,76,0,2007,1,"","Lowndes County, Mississippi","Federal Government","Administration of human resource programs","County, NAICS 4-digit -- by ownership sector","All establishment sizes",1,25,25,25,367131,0,0,1130
"28087",1,"9231",76,0,2007,2,"","Lowndes County, Mississippi","Federal Government","Administration of human resource programs","County, NAICS 4-digit -- by ownership sector","All establishment sizes",1,25,25,25,318225,0,0,979
"28087",1,"9231",76,0,2007,3,"","Lowndes County, Mississippi","Federal Government","Administration of human resource programs","County, NAICS 4-digit -- by ownership sector","All establishment sizes",1,25,25,26,407352,0,0,1237
"28087",1,"9231",76,0,2007,4,"","Lowndes County, Mississippi","Federal Government","Administration of human resource programs","County, NAICS 4-digit -- by ownership sector","All establishment sizes",1,26,26,26,425739,0,0,1260
"28087",1,92313,77,0,2007,1,"","Lowndes County, Mississippi","Federal Government","Other human resource programs administration","County, NAICS 5-digit -- by ownership sector","All establishment sizes",1,25,25,25,367131,0,0,1130
"28087",1,"92313",77,0,2007,2,"","Lowndes County, Mississippi","Federal Government","Other human resource programs administration","County, NAICS 5-digit -- by ownership sector","All establishment sizes",1,25,25,25,318225,0,0,979
"28087",1,"92313",77,0,2007,3,"","Lowndes County, Mississippi","Federal Government","Other human resource programs administration","County, NAICS 5-digit -- by ownership sector","All establishment sizes",1,25,25,26,407352,0,0,1237
"28087",1,"92313",77,0,2007,4,"","Lowndes County, Mississippi","Federal Government","Other human resource programs administration","County, NAICS 5-digit -- by ownership sector","All establishment sizes",1,26,26,26,425739,0,0,1260
"28087",1,923130,78,0,2007,1,"","Lowndes County, Mississippi","Federal Government","Other human resource programs administration","County, NAICS 6-digit -- by ownership sector","All establishment sizes",1,25,25,25,367131,0,0,1130
"28087",1,"923130",78,0,2007,2,"","Lowndes County, Mississippi","Federal Government","Other human resource programs administration","County, NAICS 6-digit -- by ownership sector","All establishment sizes",1,25,25,25,318225,0,0,979
"28087",1,"923130",78,0,2007,3,"","Lowndes County, Mississippi","Federal Government","Other human resource programs administration","County, NAICS 6-digit -- by ownership sector","All establishment sizes",1,25,25,26,407352,0,0,1237
"28087",1,"923130",78,0,2007,4,"","Lowndes County, Mississippi","Federal Government","Other human resource programs administration","County, NAICS 6-digit -- by ownership sector","All establishment sizes",1,26,26,26,425739,0,0,1260
"28087",1,924,75,0,2007,1,"","Lowndes County, Mississippi","Federal Government","Administration of environmental programs","County, NAICS 3-digit -- by ownership sector","All establishment sizes",2,10,10,10,90030,0,0,693
"28087",1,"924",75,0,2007,2,"","Lowndes County, Mississippi","Federal Government","Administration of environmental programs","County, NAICS 3-digit -- by ownership sector","All establishment sizes",2,11,6,8,68451,0,0,632
"28087",1,"924",75,0,2007,3,"","Lowndes County, Mississippi","Federal Government","Administration of environmental programs","County, NAICS 3-digit -- by ownership sector","All establishment sizes",2,5,8,9,51112,0,0,536
"28087",1,"924",75,0,2007,4,"","Lowndes County, Mississippi","Federal Government","Administration of environmental programs","County, NAICS 3-digit -- by ownership sector","All establishment sizes",2,5,10,6,66369,0,0,729
"28087",1,9241,76,0,2007,1,"","Lowndes County, Mississippi","Federal Government","Administration of environmental programs","County, NAICS 4-digit -- by ownership sector","All establishment sizes",2,10,10,10,90030,0,0,693
"28087",1,"9241",76,0,2007,2,"","Lowndes County, Mississippi","Federal Government","Administration of environmental programs","County, NAICS 4-digit -- by ownership sector","All establishment sizes",2,11,6,8,68451,0,0,632
"28087",1,"9241",76,0,2007,3,"","Lowndes County, Mississippi","Federal Government","Administration of environmental programs","County, NAICS 4-digit -- by ownership sector","All establishment sizes",2,5,8,9,51112,0,0,536
"28087",1,"9241",76,0,2007,4,"","Lowndes County, Mississippi","Federal Government","Administration of environmental programs","County, NAICS 4-digit -- by ownership sector","All establishment sizes",2,5,10,6,66369,0,0,729
"28087",1,92412,77,0,2007,1,"","Lowndes County, Mississippi","Federal Government","Administration of conservation programs","County, NAICS 5-digit -- by ownership sector","All establishment sizes",2,10,10,10,90030,0,0,693
"28087",1,"92412",77,0,2007,2,"","Lowndes County, Mississippi","Federal Government","Administration of conservation programs","County, NAICS 5-digit -- by ownership sector","All establishment sizes",2,11,6,8,68451,0,0,632
"28087",1,"92412",77,0,2007,3,"","Lowndes County, Mississippi","Federal Government","Administration of conservation programs","County, NAICS 5-digit -- by ownership sector","All establishment sizes",2,5,8,9,51112,0,0,536
"28087",1,"92412",77,0,2007,4,"","Lowndes County, Mississippi","Federal Government","Administration of conservation programs","County, NAICS 5-digit -- by ownership sector","All establishment sizes",2,5,10,6,66369,0,0,729
"28087",1,924120,78,0,2007,1,"","Lowndes County, Mississippi","Federal Government","Administration of conservation programs","County, NAICS 6-digit -- by ownership sector","All establishment sizes",2,10,10,10,90030,0,0,693
"28087",1,"924120",78,0,2007,2,"","Lowndes County, Mississippi","Federal Government","Administration of conservation programs","County, NAICS 6-digit -- by ownership sector","All establishment sizes",2,11,6,8,68451,0,0,632
"28087",1,"924120",78,0,2007,3,"","Lowndes County, Mississippi","Federal Government","Administration of conservation programs","County, NAICS 6-digit -- by ownership sector","All establishment sizes",2,5,8,9,51112,0,0,536
"28087",1,"924120",78,0,2007,4,"","Lowndes County, Mississippi","Federal Government","Administration of conservation programs","County, NAICS 6-digit -- by ownership sector","All establishment sizes",2,5,10,6,66369,0,0,729
"28087",1,926,75,0,2007,1,"","Lowndes County, Mississippi","Federal Government","Administration of economic programs","County, NAICS 3-digit -- by ownership sector","All establishment sizes",4,17,17,17,195754,0,0,886
"28087",1,"926",75,0,2007,2,"","Lowndes County, Mississippi","Federal Government","Administration of economic programs","County, NAICS 3-digit -- by ownership sector","All establishment sizes",4,19,20,17,207450,0,0,855
"28087",1,"926",75,0,2007,3,"","Lowndes County, Mississippi","Federal Government","Administration of economic programs","County, NAICS 3-digit -- by ownership sector","All establishment sizes",4,17,18,17,195526,0,0,868
"28087",1,"926",75,0,2007,4,"","Lowndes County, Mississippi","Federal Government","Administration of economic programs","County, NAICS 3-digit -- by ownership sector","All establishment sizes",4,17,16,19,199465,0,0,885
"28087",1,9261,76,0,2007,1,"","Lowndes County, Mississippi","Federal Government","Administration of economic programs","County, NAICS 4-digit -- by ownership sector","All establishment sizes",4,17,17,17,195754,0,0,886
"28087",1,"9261",76,0,2007,2,"","Lowndes County, Mississippi","Federal Government","Administration of economic programs","County, NAICS 4-digit -- by ownership sector","All establishment sizes",4,19,20,17,207450,0,0,855
"28087",1,"9261",76,0,2007,3,"","Lowndes County, Mississippi","Federal Government","Administration of economic programs","County, NAICS 4-digit -- by ownership sector","All establishment sizes",4,17,18,17,195526,0,0,868
"28087",1,"9261",76,0,2007,4,"","Lowndes County, Mississippi","Federal Government","Administration of economic programs","County, NAICS 4-digit -- by ownership sector","All establishment sizes",4,17,16,19,199465,0,0,885
"28087",1,92612,77,0,2007,1,"","Lowndes County, Mississippi","Federal Government","Transportation program administration","County, NAICS 5-digit -- by ownership sector","All establishment sizes",2,12,12,12,133368,0,0,855
"28087",1,"92612",77,0,2007,2,"","Lowndes County, Mississippi","Federal Government","Transportation program administration","County, NAICS 5-digit -- by ownership sector","All establishment sizes",2,14,15,12,134454,0,0,757
"28087",1,"92612",77,0,2007,3,"","Lowndes County, Mississippi","Federal Government","Transportation program administration","County, NAICS 5-digit -- by ownership sector","All establishment sizes",2,12,13,13,127353,0,0,773
"28087",1,"92612",77,0,2007,4,"","Lowndes County, Mississippi","Federal Government","Transportation program administration","County, NAICS 5-digit -- by ownership sector","All establishment sizes",2,13,11,14,125905,0,0,765
"28087",1,926120,78,0,2007,1,"","Lowndes County, Mississippi","Federal Government","Transportation program administration","County, NAICS 6-digit -- by ownership sector","All establishment sizes",2,12,12,12,133368,0,0,855
"28087",1,"926120",78,0,2007,2,"","Lowndes County, Mississippi","Federal Government","Transportation program administration","County, NAICS 6-digit -- by ownership sector","All establishment sizes",2,14,15,12,134454,0,0,757
"28087",1,"926120",78,0,2007,3,"","Lowndes County, Mississippi","Federal Government","Transportation program administration","County, NAICS 6-digit -- by ownership sector","All establishment sizes",2,12,13,13,127353,0,0,773
"28087",1,"926120",78,0,2007,4,"","Lowndes County, Mississippi","Federal Government","Transportation program administration","County, NAICS 6-digit -- by ownership sector","All establishment sizes",2,13,11,14,125905,0,0,765
"28087",1,92614,77,0,2007,1,"","Lowndes County, Mississippi","Federal Government","Agricultural market and commodity regulation","County, NAICS 5-digit -- by ownership sector","All establishment sizes",1,4,4,4,43482,0,0,836
"28087",1,"92614",77,0,2007,2,"","Lowndes County, Mississippi","Federal Government","Agricultural market and commodity regulation","County, NAICS 5-digit -- by ownership sector","All establishment sizes",1,4,4,4,50876,0,0,978
"28087",1,"92614",77,0,2007,3,"","Lowndes County, Mississippi","Federal Government","Agricultural market and commodity regulation","County, NAICS 5-digit -- by ownership sector","All establishment sizes",1,4,4,3,48933,0,0,1027
"28087",1,"92614",77,0,2007,4,"","Lowndes County, Mississippi","Federal Government","Agricultural market and commodity regulation","County, NAICS 5-digit -- by ownership sector","All establishment sizes",1,3,4,4,47240,0,0,991
"28087",1,926140,78,0,2007,1,"","Lowndes County, Mississippi","Federal Government","Agricultural market and commodity regulation","County, NAICS 6-digit -- by ownership sector","All establishment sizes",1,4,4,4,43482,0,0,836
"28087",1,"926140",78,0,2007,2,"","Lowndes County, Mississippi","Federal Government","Agricultural market and commodity regulation","County, NAICS 6-digit -- by ownership sector","All establishment sizes",1,4,4,4,50876,0,0,978
"28087",1,"926140",78,0,2007,3,"","Lowndes County, Mississippi","Federal Government","Agricultural market and commodity regulation","County, NAICS 6-digit -- by ownership sector","All establishment sizes",1,4,4,3,48933,0,0,1027
"28087",1,"926140",78,0,2007,4,"","Lowndes County, Mississippi","Federal Government","Agricultural market and commodity regulation","County, NAICS 6-digit -- by ownership sector","All establishment sizes",1,3,4,4,47240,0,0,991
"28087",1,92615,77,0,2007,1,"","Lowndes County, Mississippi","Federal Government","Licensing and regulating commercial sectors","County, NAICS 5-digit -- by ownership sector","All establishment sizes",1,1,1,1,18904,0,0,1454
"28087",1,"92615",77,0,2007,2,"","Lowndes County, Mississippi","Federal Government","Licensing and regulating commercial sectors","County, NAICS 5-digit -- by ownership sector","All establishment sizes",1,1,1,1,22120,0,0,1702
"28087",1,"92615",77,0,2007,3,"","Lowndes County, Mississippi","Federal Government","Licensing and regulating commercial sectors","County, NAICS 5-digit -- by ownership sector","All establishment sizes",1,1,1,1,19240,0,0,1480
"28087",1,"92615",77,0,2007,4,"","Lowndes County, Mississippi","Federal Government","Licensing and regulating commercial sectors","County, NAICS 5-digit -- by ownership sector","All establishment sizes",1,1,1,1,26320,0,0,2025
"28087",1,926150,78,0,2007,1,"","Lowndes County, Mississippi","Federal Government","Licensing and regulating commercial sectors","County, NAICS 6-digit -- by ownership sector","All establishment sizes",1,1,1,1,18904,0,0,1454
"28087",1,"926150",78,0,2007,2,"","Lowndes County, Mississippi","Federal Government","Licensing and regulating commercial sectors","County, NAICS 6-digit -- by ownership sector","All establishment sizes",1,1,1,1,22120,0,0,1702
"28087",1,"926150",78,0,2007,3,"","Lowndes County, Mississippi","Federal Government","Licensing and regulating commercial sectors","County, NAICS 6-digit -- by ownership sector","All establishment sizes",1,1,1,1,19240,0,0,1480
"28087",1,"926150",78,0,2007,4,"","Lowndes County, Mississippi","Federal Government","Licensing and regulating commercial sectors","County, NAICS 6-digit -- by ownership sector","All establishment sizes",1,1,1,1,26320,0,0,2025
"28087",1,928,75,0,2007,1,"","Lowndes County, Mississippi","Federal Government","National security and international affairs","County, NAICS 3-digit -- by ownership sector","All establishment sizes",3,538,533,543,5071964,0,0,725
"28087",1,"928",75,0,2007,2,"","Lowndes County, Mississippi","Federal Government","National security and international affairs","County, NAICS 3-digit -- by ownership sector","All establishment sizes",3,552,552,558,5964374,0,0,828
"28087",1,"928",75,0,2007,3,"","Lowndes County, Mississippi","Federal Government","National security and international affairs","County, NAICS 3-digit -- by ownership sector","All establishment sizes",3,569,554,536,6018562,0,0,837
"28087",1,"928",75,0,2007,4,"","Lowndes County, Mississippi","Federal Government","National security and international affairs","County, NAICS 3-digit -- by ownership sector","All establishment sizes",3,540,537,530,5757508,0,0,827
"28087",1,9281,76,0,2007,1,"","Lowndes County, Mississippi","Federal Government","National security and international affairs","County, NAICS 4-digit -- by ownership sector","All establishment sizes",3,538,533,543,5071964,0,0,725
"28087",1,"9281",76,0,2007,2,"","Lowndes County, Mississippi","Federal Government","National security and international affairs","County, NAICS 4-digit -- by ownership sector","All establishment sizes",3,552,552,558,5964374,0,0,828
"28087",1,"9281",76,0,2007,3,"","Lowndes County, Mississippi","Federal Government","National security and international affairs","County, NAICS 4-digit -- by ownership sector","All establishment sizes",3,569,554,536,6018562,0,0,837
"28087",1,"9281",76,0,2007,4,"","Lowndes County, Mississippi","Federal Government","National security and international affairs","County, NAICS 4-digit -- by ownership sector","All establishment sizes",3,540,537,530,5757508,0,0,827
"28087",1,92811,77,0,2007,1,"","Lowndes County, Mississippi","Federal Government","National security","County, NAICS 5-digit -- by ownership sector","All establishment sizes",3,538,533,543,5071964,0,0,725
"28087",1,"92811",77,0,2007,2,"","Lowndes County, Mississippi","Federal Government","National security","County, NAICS 5-digit -- by ownership sector","All establishment sizes",3,552,552,558,5964374,0,0,828
"28087",1,"92811",77,0,2007,3,"","Lowndes County, Mississippi","Federal Government","National security","County, NAICS 5-digit -- by ownership sector","All establishment sizes",3,569,554,536,6018562,0,0,837
"28087",1,"92811",77,0,2007,4,"","Lowndes County, Mississippi","Federal Government","National security","County, NAICS 5-digit -- by ownership sector","All establishment sizes",3,540,537,530,5757508,0,0,827
"28087",1,928110,78,0,2007,1,"","Lowndes County, Mississippi","Federal Government","National security","County, NAICS 6-digit -- by ownership sector","All establishment sizes",3,538,533,543,5071964,0,0,725
"28087",1,"928110",78,0,2007,2,"","Lowndes County, Mississippi","Federal Government","National security","County, NAICS 6-digit -- by ownership sector","All establishment sizes",3,552,552,558,5964374,0,0,828
"28087",1,"928110",78,0,2007,3,"","Lowndes County, Mississippi","Federal Government","National security","County, NAICS 6-digit -- by ownership sector","All establishment sizes",3,569,554,536,6018562,0,0,837
"28087",1,"928110",78,0,2007,4,"","Lowndes County, Mississippi","Federal Government","National security","County, NAICS 6-digit -- by ownership sector","All establishment sizes",3,540,537,530,5757508,0,0,827
"28087",2,10,71,0,2007,1,"","Lowndes County, Mississippi","State Government","Total, all industries","County, Total -- by ownership sector","All establishment sizes",16,675,673,672,5077513,0,0,580
"28087",2,"10",71,0,2007,2,"","Lowndes County, Mississippi","State Government","Total, all industries","County, Total -- by ownership sector","All establishment sizes",16,673,667,674,5326165,0,0,610
"28087",2,"10",71,0,2007,3,"","Lowndes County, Mississippi","State Government","Total, all industries","County, Total -- by ownership sector","All establishment sizes",16,645,738,813,5368058,0,0,564
"28087",2,"10",71,0,2007,4,"","Lowndes County, Mississippi","State Government","Total, all industries","County, Total -- by ownership sector","All establishment sizes",16,827,841,798,5342784,0,0,500
"28087",2,102,72,0,2007,1,"","Lowndes County, Mississippi","State Government","Service-Providing","County, by Domain -- by ownership sector","All establishment sizes",16,675,673,672,5077513,0,0,580
"28087",2,"102",72,0,2007,2,"","Lowndes County, Mississippi","State Government","Service-Providing","County, by Domain -- by ownership sector","All establishment sizes",16,673,667,674,5326165,0,0,610
"28087",2,"102",72,0,2007,3,"","Lowndes County, Mississippi","State Government","Service-Providing","County, by Domain -- by ownership sector","All establishment sizes",16,645,738,813,5368058,0,0,564
"28087",2,"102",72,0,2007,4,"","Lowndes County, Mississippi","State Government","Service-Providing","County, by Domain -- by ownership sector","All establishment sizes",16,827,841,798,5342784,0,0,500
"28087",2,1024,73,0,2007,1,"N","Lowndes County, Mississippi","State Government","Professional and Business Services","County, by Supersector -- by ownership sector","All establishment sizes",1,0,0,0,0,0,0,0
"28087",2,"1024",73,0,2007,2,"N","Lowndes County, Mississippi","State Government","Professional and Business Services","County, by Supersector -- by ownership sector","All establishment sizes",1,0,0,0,0,0,0,0
"28087",2,"1024",73,0,2007,3,"N","Lowndes County, Mississippi","State Government","Professional and Business Services","County, by Supersector -- by ownership sector","All establishment sizes",1,0,0,0,0,0,0,0
"28087",2,"1024",73,0,2007,4,"N","Lowndes County, Mississippi","State Government","Professional and Business Services","County, by Supersector -- by ownership sector","All establishment sizes",1,0,0,0,0,0,0,0
"28087",2,1025,73,0,2007,1,"N","Lowndes County, Mississippi","State Government","Education and Health Services","County, by Supersector -- by ownership sector","All establishment sizes",8,0,0,0,0,0,0,0
"28087",2,"1025",73,0,2007,2,"N","Lowndes County, Mississippi","State Government","Education and Health Services","County, by Supersector -- by ownership sector","All establishment sizes",8,0,0,0,0,0,0,0
"28087",2,"1025",73,0,2007,3,"N","Lowndes County, Mississippi","State Government","Education and Health Services","County, by Supersector -- by ownership sector","All establishment sizes",8,0,0,0,0,0,0,0
"28087",2,"1025",73,0,2007,4,"N","Lowndes County, Mississippi","State Government","Education and Health Services","County, by Supersector -- by ownership sector","All establishment sizes",8,0,0,0,0,0,0,0
"28087",2,1028,73,0,2007,1,"N","Lowndes County, Mississippi","State Government","Public Administration","County, by Supersector -- by ownership sector","All establishment sizes",7,0,0,0,0,0,0,0
"28087",2,"1028",73,0,2007,2,"","Lowndes County, Mississippi","State Government","Public Administration","County, by Supersector -- by ownership sector","All establishment sizes",7,79,80,81,631435,0,0,607
"28087",2,"1028",73,0,2007,3,"","Lowndes County, Mississippi","State Government","Public Administration","County, by Supersector -- by ownership sector","All establishment sizes",7,81,82,81,665541,0,0,629
"28087",2,"1028",73,0,2007,4,"N","Lowndes County, Mississippi","State Government","Public Administration","County, by Supersector -- by ownership sector","All establishment sizes",7,0,0,0,0,0,0,0
"28087",2,56,74,0,2007,1,"N","Lowndes County, Mississippi","State Government","Administrative and waste services","County, NAICS Sector -- by ownership sector","All establishment sizes",1,0,0,0,0,0,0,0
"28087",2,"56",74,0,2007,2,"N","Lowndes County, Mississippi","State Government","Administrative and waste services","County, NAICS Sector -- by ownership sector","All establishment sizes",1,0,0,0,0,0,0,0
"28087",2,"56",74,0,2007,3,"N","Lowndes County, Mississippi","State Government","Administrative and waste services","County, NAICS Sector -- by ownership sector","All establishment sizes",1,0,0,0,0,0,0,0
"28087",2,"56",74,0,2007,4,"N","Lowndes County, Mississippi","State Government","Administrative and waste services","County, NAICS Sector -- by ownership sector","All establishment sizes",1,0,0,0,0,0,0,0
"28087",2,561,75,0,2007,1,"N","Lowndes County, Mississippi","State Government","Administrative and support services","County, NAICS 3-digit -- by ownership sector","All establishment sizes",1,0,0,0,0,0,0,0
"28087",2,"561",75,0,2007,2,"N","Lowndes County, Mississippi","State Government","Administrative and support services","County, NAICS 3-digit -- by ownership sector","All establishment sizes",1,0,0,0,0,0,0,0
"28087",2,"561",75,0,2007,3,"N","Lowndes County, Mississippi","State Government","Administrative and support services","County, NAICS 3-digit -- by ownership sector","All establishment sizes",1,0,0,0,0,0,0,0
"28087",2,"561",75,0,2007,4,"N","Lowndes County, Mississippi","State Government","Administrative and support services","County, NAICS 3-digit -- by ownership sector","All establishment sizes",1,0,0,0,0,0,0,0
"28087",2,5613,76,0,2007,1,"N","Lowndes County, Mississippi","State Government","Employment services","County, NAICS 4-digit -- by ownership sector","All establishment sizes",1,0,0,0,0,0,0,0
"28087",2,"5613",76,0,2007,2,"N","Lowndes County, Mississippi","State Government","Employment services","County, NAICS 4-digit -- by ownership sector","All establishment sizes",1,0,0,0,0,0,0,0
"28087",2,"5613",76,0,2007,3,"N","Lowndes County, Mississippi","State Government","Employment services","County, NAICS 4-digit -- by ownership sector","All establishment sizes",1,0,0,0,0,0,0,0
"28087",2,"5613",76,0,2007,4,"N","Lowndes County, Mississippi","State Government","Employment services","County, NAICS 4-digit -- by ownership sector","All establishment sizes",1,0,0,0,0,0,0,0
"28087",2,56131,77,0,2007,1,"N","Lowndes County, Mississippi","State Government","Employment placement and executive search","County, NAICS 5-digit -- by ownership sector","All establishment sizes",1,0,0,0,0,0,0,0
"28087",2,"56131",77,0,2007,2,"N","Lowndes County, Mississippi","State Government","Employment placement and executive search","County, NAICS 5-digit -- by ownership sector","All establishment sizes",1,0,0,0,0,0,0,0
"28087",2,"56131",77,0,2007,3,"N","Lowndes County, Mississippi","State Government","Employment placement and executive search","County, NAICS 5-digit -- by ownership sector","All establishment sizes",1,0,0,0,0,0,0,0
"28087",2,"56131",77,0,2007,4,"N","Lowndes County, Mississippi","State Government","Employment placement and executive search","County, NAICS 5-digit -- by ownership sector","All establishment sizes",1,0,0,0,0,0,0,0
"28087",2,561311,78,0,2007,1,"N","Lowndes County, Mississippi","State Government","Employment placement agencies","County, NAICS 6-digit -- by ownership sector","All establishment sizes",1,0,0,0,0,0,0,0
"28087",2,"561311",78,0,2007,2,"N","Lowndes County, Mississippi","State Government","Employment placement agencies","County, NAICS 6-digit -- by ownership sector","All establishment sizes",1,0,0,0,0,0,0,0
"28087",2,"561311",78,0,2007,3,"N","Lowndes County, Mississippi","State Government","Employment placement agencies","County, NAICS 6-digit -- by ownership sector","All establishment sizes",1,0,0,0,0,0,0,0
"28087",2,"561311",78,0,2007,4,"N","Lowndes County, Mississippi","State Government","Employment placement agencies","County, NAICS 6-digit -- by ownership sector","All establishment sizes",1,0,0,0,0,0,0,0
"28087",2,61,74,0,2007,1,"N","Lowndes County, Mississippi","State Government","Educational services","County, NAICS Sector -- by ownership sector","All establishment sizes",1,0,0,0,0,0,0,0
"28087",2,"61",74,0,2007,2,"N","Lowndes County, Mississippi","State Government","Educational services","County, NAICS Sector -- by ownership sector","All establishment sizes",1,0,0,0,0,0,0,0
"28087",2,"61",74,0,2007,3,"N","Lowndes County, Mississippi","State Government","Educational services","County, NAICS Sector -- by ownership sector","All establishment sizes",1,0,0,0,0,0,0,0
"28087",2,"61",74,0,2007,4,"N","Lowndes County, Mississippi","State Government","Educational services","County, NAICS Sector -- by ownership sector","All establishment sizes",1,0,0,0,0,0,0,0
"28087",2,611,75,0,2007,1,"N","Lowndes County, Mississippi","State Government","Educational services","County, NAICS 3-digit -- by ownership sector","All establishment sizes",1,0,0,0,0,0,0,0
"28087",2,"611",75,0,2007,2,"N","Lowndes County, Mississippi","State Government","Educational services","County, NAICS 3-digit -- by ownership sector","All establishment sizes",1,0,0,0,0,0,0,0
"28087",2,"611",75,0,2007,3,"N","Lowndes County, Mississippi","State Government","Educational services","County, NAICS 3-digit -- by ownership sector","All establishment sizes",1,0,0,0,0,0,0,0
"28087",2,"611",75,0,2007,4,"N","Lowndes County, Mississippi","State Government","Educational services","County, NAICS 3-digit -- by ownership sector","All establishment sizes",1,0,0,0,0,0,0,0
"28087",2,6113,76,0,2007,1,"N","Lowndes County, Mississippi","State Government","Colleges and universities","County, NAICS 4-digit -- by ownership sector","All establishment sizes",1,0,0,0,0,0,0,0
"28087",2,"6113",76,0,2007,2,"N","Lowndes County, Mississippi","State Government","Colleges and universities","County, NAICS 4-digit -- by ownership sector","All establishment sizes",1,0,0,0,0,0,0,0
"28087",2,"6113",76,0,2007,3,"N","Lowndes County, Mississippi","State Government","Colleges and universities","County, NAICS 4-digit -- by ownership sector","All establishment sizes",1,0,0,0,0,0,0,0
"28087",2,"6113",76,0,2007,4,"N","Lowndes County, Mississippi","State Government","Colleges and universities","County, NAICS 4-digit -- by ownership sector","All establishment sizes",1,0,0,0,0,0,0,0
"28087",2,61131,77,0,2007,1,"N","Lowndes County, Mississippi","State Government","Colleges and universities","County, NAICS 5-digit -- by ownership sector","All establishment sizes",1,0,0,0,0,0,0,0
"28087",2,"61131",77,0,2007,2,"N","Lowndes County, Mississippi","State Government","Colleges and universities","County, NAICS 5-digit -- by ownership sector","All establishment sizes",1,0,0,0,0,0,0,0
"28087",2,"61131",77,0,2007,3,"N","Lowndes County, Mississippi","State Government","Colleges and universities","County, NAICS 5-digit -- by ownership sector","All establishment sizes",1,0,0,0,0,0,0,0
"28087",2,"61131",77,0,2007,4,"N","Lowndes County, Mississippi","State Government","Colleges and universities","County, NAICS 5-digit -- by ownership sector","All establishment sizes",1,0,0,0,0,0,0,0
"28087",2,611310,78,0,2007,1,"N","Lowndes County, Mississippi","State Government","Colleges and universities","County, NAICS 6-digit -- by ownership sector","All establishment sizes",1,0,0,0,0,0,0,0
"28087",2,"611310",78,0,2007,2,"N","Lowndes County, Mississippi","State Government","Colleges and universities","County, NAICS 6-digit -- by ownership sector","All establishment sizes",1,0,0,0,0,0,0,0
"28087",2,"611310",78,0,2007,3,"N","Lowndes County, Mississippi","State Government","Colleges and universities","County, NAICS 6-digit -- by ownership sector","All establishment sizes",1,0,0,0,0,0,0,0
"28087",2,"611310",78,0,2007,4,"N","Lowndes County, Mississippi","State Government","Colleges and universities","County, NAICS 6-digit -- by ownership sector","All establishment sizes",1,0,0,0,0,0,0,0
"28087",2,62,74,0,2007,1,"N","Lowndes County, Mississippi","State Government","Health care and social assistance","County, NAICS Sector -- by ownership sector","All establishment sizes",7,0,0,0,0,0,0,0
"28087",2,"62",74,0,2007,2,"","Lowndes County, Mississippi","State Government","Health care and social assistance","County, NAICS Sector -- by ownership sector","All establishment sizes",7,55,55,55,359898,0,0,503
"28087",2,"62",74,0,2007,3,"","Lowndes County, Mississippi","State Government","Health care and social assistance","County, NAICS Sector -- by ownership sector","All establishment sizes",7,55,55,55,376202,0,0,526
"28087",2,"62",74,0,2007,4,"N","Lowndes County, Mississippi","State Government","Health care and social assistance","County, NAICS Sector -- by ownership sector","All establishment sizes",7,0,0,0,0,0,0,0
"28087",2,624,75,0,2007,1,"N","Lowndes County, Mississippi","State Government","Social assistance","County, NAICS 3-digit -- by ownership sector","All establishment sizes",7,0,0,0,0,0,0,0
"28087",2,"624",75,0,2007,2,"","Lowndes County, Mississippi","State Government","Social assistance","County, NAICS 3-digit -- by ownership sector","All establishment sizes",7,55,55,55,359898,0,0,503
"28087",2,"624",75,0,2007,3,"","Lowndes County, Mississippi","State Government","Social assistance","County, NAICS 3-digit -- by ownership sector","All establishment sizes",7,55,55,55,376202,0,0,526
"28087",2,"624",75,0,2007,4,"N","Lowndes County, Mississippi","State Government","Social assistance","County, NAICS 3-digit -- by ownership sector","All establishment sizes",7,0,0,0,0,0,0,0
"28087",2,6241,76,0,2007,1,"","Lowndes County, Mississippi","State Government","Individual and family services","County, NAICS 4-digit -- by ownership sector","All establishment sizes",5,40,40,41,251875,0,0,480
"28087",2,"6241",76,0,2007,2,"N","Lowndes County, Mississippi","State Government","Individual and family services","County, NAICS 4-digit -- by ownership sector","All establishment sizes",5,0,0,0,0,0,0,0
"28087",2,"6241",76,0,2007,3,"N","Lowndes County, Mississippi","State Government","Individual and family services","County, NAICS 4-digit -- by ownership sector","All establishment sizes",5,0,0,0,0,0,0,0
"28087",2,"6241",76,0,2007,4,"N","Lowndes County, Mississippi","State Government","Individual and family services","County, NAICS 4-digit -- by ownership sector","All establishment sizes",5,0,0,0,0,0,0,0
"28087",2,62411,77,0,2007,1,"","Lowndes County, Mississippi","State Government","Child and youth services","County, NAICS 5-digit -- by ownership sector","All establishment sizes",5,40,40,41,251875,0,0,480
"28087",2,"62411",77,0,2007,2,"N","Lowndes County, Mississippi","State Government","Child and youth services","County, NAICS 5-digit -- by ownership sector","All establishment sizes",5,0,0,0,0,0,0,0
"28087",2,"62411",77,0,2007,3,"N","Lowndes County, Mississippi","State Government","Child and youth services","County, NAICS 5-digit -- by ownership sector","All establishment sizes",5,0,0,0,0,0,0,0
"28087",2,"62411",77,0,2007,4,"N","Lowndes County, Mississippi","State Government","Child and youth services","County, NAICS 5-digit -- by ownership sector","All establishment sizes",5,0,0,0,0,0,0,0
"28087",2,624110,78,0,2007,1,"","Lowndes County, Mississippi","State Government","Child and youth services","County, NAICS 6-digit -- by ownership sector","All establishment sizes",5,40,40,41,251875,0,0,480
"28087",2,"624110",78,0,2007,2,"N","Lowndes County, Mississippi","State Government","Child and youth services","County, NAICS 6-digit -- by ownership sector","All establishment sizes",5,0,0,0,0,0,0,0
"28087",2,"624110",78,0,2007,3,"N","Lowndes County, Mississippi","State Government","Child and youth services","County, NAICS 6-digit -- by ownership sector","All establishment sizes",5,0,0,0,0,0,0,0
"28087",2,"624110",78,0,2007,4,"N","Lowndes County, Mississippi","State Government","Child and youth services","County, NAICS 6-digit -- by ownership sector","All establishment sizes",5,0,0,0,0,0,0,0
"28087",2,6243,76,0,2007,1,"N","Lowndes County, Mississippi","State Government","Vocational rehabilitation services","County, NAICS 4-digit -- by ownership sector","All establishment sizes",2,0,0,0,0,0,0,0
"28087",2,"6243",76,0,2007,2,"N","Lowndes County, Mississippi","State Government","Vocational rehabilitation services","County, NAICS 4-digit -- by ownership sector","All establishment sizes",2,0,0,0,0,0,0,0
"28087",2,"6243",76,0,2007,3,"N","Lowndes County, Mississippi","State Government","Vocational rehabilitation services","County, NAICS 4-digit -- by ownership sector","All establishment sizes",2,0,0,0,0,0,0,0
"28087",2,"6243",76,0,2007,4,"N","Lowndes County, Mississippi","State Government","Vocational rehabilitation services","County, NAICS 4-digit -- by ownership sector","All establishment sizes",2,0,0,0,0,0,0,0
"28087",2,62431,77,0,2007,1,"N","Lowndes County, Mississippi","State Government","Vocational rehabilitation services","County, NAICS 5-digit -- by ownership sector","All establishment sizes",2,0,0,0,0,0,0,0
"28087",2,"62431",77,0,2007,2,"N","Lowndes County, Mississippi","State Government","Vocational rehabilitation services","County, NAICS 5-digit -- by ownership sector","All establishment sizes",2,0,0,0,0,0,0,0
"28087",2,"62431",77,0,2007,3,"N","Lowndes County, Mississippi","State Government","Vocational rehabilitation services","County, NAICS 5-digit -- by ownership sector","All establishment sizes",2,0,0,0,0,0,0,0
"28087",2,"62431",77,0,2007,4,"N","Lowndes County, Mississippi","State Government","Vocational rehabilitation services","County, NAICS 5-digit -- by ownership sector","All establishment sizes",2,0,0,0,0,0,0,0
"28087",2,624310,78,0,2007,1,"N","Lowndes County, Mississippi","State Government","Vocational rehabilitation services","County, NAICS 6-digit -- by ownership sector","All establishment sizes",2,0,0,0,0,0,0,0
"28087",2,"624310",78,0,2007,2,"N","Lowndes County, Mississippi","State Government","Vocational rehabilitation services","County, NAICS 6-digit -- by ownership sector","All establishment sizes",2,0,0,0,0,0,0,0
"28087",2,"624310",78,0,2007,3,"N","Lowndes County, Mississippi","State Government","Vocational rehabilitation services","County, NAICS 6-digit -- by ownership sector","All establishment sizes",2,0,0,0,0,0,0,0
"28087",2,"624310",78,0,2007,4,"N","Lowndes County, Mississippi","State Government","Vocational rehabilitation services","County, NAICS 6-digit -- by ownership sector","All establishment sizes",2,0,0,0,0,0,0,0
"28087",2,92,74,0,2007,1,"N","Lowndes County, Mississippi","State Government","Public Administration","County, NAICS Sector -- by ownership sector","All establishment sizes",7,0,0,0,0,0,0,0
"28087",2,"92",74,0,2007,2,"","Lowndes County, Mississippi","State Government","Public Administration","County, NAICS Sector -- by ownership sector","All establishment sizes",7,79,80,81,631435,0,0,607
"28087",2,"92",74,0,2007,3,"","Lowndes County, Mississippi","State Government","Public Administration","County, NAICS Sector -- by ownership sector","All establishment sizes",7,81,82,81,665541,0,0,629
"28087",2,"92",74,0,2007,4,"N","Lowndes County, Mississippi","State Government","Public Administration","County, NAICS Sector -- by ownership sector","All establishment sizes",7,0,0,0,0,0,0,0
"28087",2,922,75,0,2007,1,"N","Lowndes County, Mississippi","State Government","Justice, public order, and safety activities","County, NAICS 3-digit -- by ownership sector","All establishment sizes",1,0,0,0,0,0,0,0
"28087",2,"922",75,0,2007,2,"N","Lowndes County, Mississippi","State Government","Justice, public order, and safety activities","County, NAICS 3-digit -- by ownership sector","All establishment sizes",1,0,0,0,0,0,0,0
"28087",2,"922",75,0,2007,3,"N","Lowndes County, Mississippi","State Government","Justice, public order, and safety activities","County, NAICS 3-digit -- by ownership sector","All establishment sizes",1,0,0,0,0,0,0,0
"28087",2,"922",75,0,2007,4,"N","Lowndes County, Mississippi","State Government","Justice, public order, and safety activities","County, NAICS 3-digit -- by ownership sector","All establishment sizes",1,0,0,0,0,0,0,0
"28087",2,9221,76,0,2007,1,"N","Lowndes County, Mississippi","State Government","Justice, public order, and safety activities","County, NAICS 4-digit -- by ownership sector","All establishment sizes",1,0,0,0,0,0,0,0
"28087",2,"9221",76,0,2007,2,"N","Lowndes County, Mississippi","State Government","Justice, public order, and safety activities","County, NAICS 4-digit -- by ownership sector","All establishment sizes",1,0,0,0,0,0,0,0
"28087",2,"9221",76,0,2007,3,"N","Lowndes County, Mississippi","State Government","Justice, public order, and safety activities","County, NAICS 4-digit -- by ownership sector","All establishment sizes",1,0,0,0,0,0,0,0
"28087",2,"9221",76,0,2007,4,"N","Lowndes County, Mississippi","State Government","Justice, public order, and safety activities","County, NAICS 4-digit -- by ownership sector","All establishment sizes",1,0,0,0,0,0,0,0
"28087",2,92214,77,0,2007,1,"N","Lowndes County, Mississippi","State Government","Correctional institutions","County, NAICS 5-digit -- by ownership sector","All establishment sizes",1,0,0,0,0,0,0,0
"28087",2,"92214",77,0,2007,2,"N","Lowndes County, Mississippi","State Government","Correctional institutions","County, NAICS 5-digit -- by ownership sector","All establishment sizes",1,0,0,0,0,0,0,0
"28087",2,"92214",77,0,2007,3,"N","Lowndes County, Mississippi","State Government","Correctional institutions","County, NAICS 5-digit -- by ownership sector","All establishment sizes",1,0,0,0,0,0,0,0
"28087",2,"92214",77,0,2007,4,"N","Lowndes County, Mississippi","State Government","Correctional institutions","County, NAICS 5-digit -- by ownership sector","All establishment sizes",1,0,0,0,0,0,0,0
"28087",2,922140,78,0,2007,1,"N","Lowndes County, Mississippi","State Government","Correctional institutions","County, NAICS 6-digit -- by ownership sector","All establishment sizes",1,0,0,0,0,0,0,0
"28087",2,"922140",78,0,2007,2,"N","Lowndes County, Mississippi","State Government","Correctional institutions","County, NAICS 6-digit -- by ownership sector","All establishment sizes",1,0,0,0,0,0,0,0
"28087",2,"922140",78,0,2007,3,"N","Lowndes County, Mississippi","State Government","Correctional institutions","County, NAICS 6-digit -- by ownership sector","All establishment sizes",1,0,0,0,0,0,0,0
"28087",2,"922140",78,0,2007,4,"N","Lowndes County, Mississippi","State Government","Correctional institutions","County, NAICS 6-digit -- by ownership sector","All establishment sizes",1,0,0,0,0,0,0,0
"28087",2,923,75,0,2007,1,"","Lowndes County, Mississippi","State Government","Administration of human resource programs","County, NAICS 3-digit -- by ownership sector","All establishment sizes",3,61,61,61,511621,0,0,645
"28087",2,"923",75,0,2007,2,"","Lowndes County, Mississippi","State Government","Administration of human resource programs","County, NAICS 3-digit -- by ownership sector","All establishment sizes",3,61,61,62,507130,0,0,636
"28087",2,"923",75,0,2007,3,"","Lowndes County, Mississippi","State Government","Administration of human resource programs","County, NAICS 3-digit -- by ownership sector","All establishment sizes",3,61,62,62,530176,0,0,661
"28087",2,"923",75,0,2007,4,"","Lowndes County, Mississippi","State Government","Administration of human resource programs","County, NAICS 3-digit -- by ownership sector","All establishment sizes",3,62,62,62,532865,0,0,661
"28087",2,9231,76,0,2007,1,"","Lowndes County, Mississippi","State Government","Administration of human resource programs","County, NAICS 4-digit -- by ownership sector","All establishment sizes",3,61,61,61,511621,0,0,645
"28087",2,"9231",76,0,2007,2,"","Lowndes County, Mississippi","State Government","Administration of human resource programs","County, NAICS 4-digit -- by ownership sector","All establishment sizes",3,61,61,62,507130,0,0,636
"28087",2,"9231",76,0,2007,3,"","Lowndes County, Mississippi","State Government","Administration of human resource programs","County, NAICS 4-digit -- by ownership sector","All establishment sizes",3,61,62,62,530176,0,0,661
"28087",2,"9231",76,0,2007,4,"","Lowndes County, Mississippi","State Government","Administration of human resource programs","County, NAICS 4-digit -- by ownership sector","All establishment sizes",3,62,62,62,532865,0,0,661
"28087",2,92312,77,0,2007,1,"N","Lowndes County, Mississippi","State Government","Administration of public health programs","County, NAICS 5-digit -- by ownership sector","All establishment sizes",1,0,0,0,0,0,0,0
"28087",2,"92312",77,0,2007,2,"N","Lowndes County, Mississippi","State Government","Administration of public health programs","County, NAICS 5-digit -- by ownership sector","All establishment sizes",1,0,0,0,0,0,0,0
"28087",2,"92312",77,0,2007,3,"N","Lowndes County, Mississippi","State Government","Administration of public health programs","County, NAICS 5-digit -- by ownership sector","All establishment sizes",1,0,0,0,0,0,0,0
"28087",2,"92312",77,0,2007,4,"N","Lowndes County, Mississippi","State Government","Administration of public health programs","County, NAICS 5-digit -- by ownership sector","All establishment sizes",1,0,0,0,0,0,0,0
"28087",2,923120,78,0,2007,1,"N","Lowndes County, Mississippi","State Government","Administration of public health programs","County, NAICS 6-digit -- by ownership sector","All establishment sizes",1,0,0,0,0,0,0,0
"28087",2,"923120",78,0,2007,2,"N","Lowndes County, Mississippi","State Government","Administration of public health programs","County, NAICS 6-digit -- by ownership sector","All establishment sizes",1,0,0,0,0,0,0,0
"28087",2,"923120",78,0,2007,3,"N","Lowndes County, Mississippi","State Government","Administration of public health programs","County, NAICS 6-digit -- by ownership sector","All establishment sizes",1,0,0,0,0,0,0,0
"28087",2,"923120",78,0,2007,4,"N","Lowndes County, Mississippi","State Government","Administration of public health programs","County, NAICS 6-digit -- by ownership sector","All establishment sizes",1,0,0,0,0,0,0,0
"28087",2,92313,77,0,2007,1,"N","Lowndes County, Mississippi","State Government","Other human resource programs administration","County, NAICS 5-digit -- by ownership sector","All establishment sizes",2,0,0,0,0,0,0,0
"28087",2,"92313",77,0,2007,2,"N","Lowndes County, Mississippi","State Government","Other human resource programs administration","County, NAICS 5-digit -- by ownership sector","All establishment sizes",2,0,0,0,0,0,0,0
"28087",2,"92313",77,0,2007,3,"N","Lowndes County, Mississippi","State Government","Other human resource programs administration","County, NAICS 5-digit -- by ownership sector","All establishment sizes",2,0,0,0,0,0,0,0
"28087",2,"92313",77,0,2007,4,"N","Lowndes County, Mississippi","State Government","Other human resource programs administration","County, NAICS 5-digit -- by ownership sector","All establishment sizes",2,0,0,0,0,0,0,0
"28087",2,923130,78,0,2007,1,"N","Lowndes County, Mississippi","State Government","Other human resource programs administration","County, NAICS 6-digit -- by ownership sector","All establishment sizes",2,0,0,0,0,0,0,0
"28087",2,"923130",78,0,2007,2,"N","Lowndes County, Mississippi","State Government","Other human resource programs administration","County, NAICS 6-digit -- by ownership sector","All establishment sizes",2,0,0,0,0,0,0,0
"28087",2,"923130",78,0,2007,3,"N","Lowndes County, Mississippi","State Government","Other human resource programs administration","County, NAICS 6-digit -- by ownership sector","All establishment sizes",2,0,0,0,0,0,0,0
"28087",2,"923130",78,0,2007,4,"N","Lowndes County, Mississippi","State Government","Other human resource programs administration","County, NAICS 6-digit -- by ownership sector","All establishment sizes",2,0,0,0,0,0,0,0
"28087",2,924,75,0,2007,1,"N","Lowndes County, Mississippi","State Government","Administration of environmental programs","County, NAICS 3-digit -- by ownership sector","All establishment sizes",1,0,0,0,0,0,0,0
"28087",2,"924",75,0,2007,2,"N","Lowndes County, Mississippi","State Government","Administration of environmental programs","County, NAICS 3-digit -- by ownership sector","All establishment sizes",1,0,0,0,0,0,0,0
"28087",2,"924",75,0,2007,3,"N","Lowndes County, Mississippi","State Government","Administration of environmental programs","County, NAICS 3-digit -- by ownership sector","All establishment sizes",1,0,0,0,0,0,0,0
"28087",2,"924",75,0,2007,4,"N","Lowndes County, Mississippi","State Government","Administration of environmental programs","County, NAICS 3-digit -- by ownership sector","All establishment sizes",1,0,0,0,0,0,0,0
"28087",2,9241,76,0,2007,1,"N","Lowndes County, Mississippi","State Government","Administration of environmental programs","County, NAICS 4-digit -- by ownership sector","All establishment sizes",1,0,0,0,0,0,0,0
"28087",2,"9241",76,0,2007,2,"N","Lowndes County, Mississippi","State Government","Administration of environmental programs","County, NAICS 4-digit -- by ownership sector","All establishment sizes",1,0,0,0,0,0,0,0
"28087",2,"9241",76,0,2007,3,"N","Lowndes County, Mississippi","State Government","Administration of environmental programs","County, NAICS 4-digit -- by ownership sector","All establishment sizes",1,0,0,0,0,0,0,0
"28087",2,"9241",76,0,2007,4,"N","Lowndes County, Mississippi","State Government","Administration of environmental programs","County, NAICS 4-digit -- by ownership sector","All establishment sizes",1,0,0,0,0,0,0,0
"28087",2,92412,77,0,2007,1,"N","Lowndes County, Mississippi","State Government","Administration of conservation programs","County, NAICS 5-digit -- by ownership sector","All establishment sizes",1,0,0,0,0,0,0,0
"28087",2,"92412",77,0,2007,2,"N","Lowndes County, Mississippi","State Government","Administration of conservation programs","County, NAICS 5-digit -- by ownership sector","All establishment sizes",1,0,0,0,0,0,0,0
"28087",2,"92412",77,0,2007,3,"N","Lowndes County, Mississippi","State Government","Administration of conservation programs","County, NAICS 5-digit -- by ownership sector","All establishment sizes",1,0,0,0,0,0,0,0
"28087",2,"92412",77,0,2007,4,"N","Lowndes County, Mississippi","State Government","Administration of conservation programs","County, NAICS 5-digit -- by ownership sector","All establishment sizes",1,0,0,0,0,0,0,0
"28087",2,924120,78,0,2007,1,"N","Lowndes County, Mississippi","State Government","Administration of conservation programs","County, NAICS 6-digit -- by ownership sector","All establishment sizes",1,0,0,0,0,0,0,0
"28087",2,"924120",78,0,2007,2,"N","Lowndes County, Mississippi","State Government","Administration of conservation programs","County, NAICS 6-digit -- by ownership sector","All establishment sizes",1,0,0,0,0,0,0,0
"28087",2,"924120",78,0,2007,3,"N","Lowndes County, Mississippi","State Government","Administration of conservation programs","County, NAICS 6-digit -- by ownership sector","All establishment sizes",1,0,0,0,0,0,0,0
"28087",2,"924120",78,0,2007,4,"N","Lowndes County, Mississippi","State Government","Administration of conservation programs","County, NAICS 6-digit -- by ownership sector","All establishment sizes",1,0,0,0,0,0,0,0
"28087",2,926,75,0,2007,1,"N","Lowndes County, Mississippi","State Government","Administration of economic programs","County, NAICS 3-digit -- by ownership sector","All establishment sizes",2,0,0,0,0,0,0,0
"28087",2,"926",75,0,2007,2,"N","Lowndes County, Mississippi","State Government","Administration of economic programs","County, NAICS 3-digit -- by ownership sector","All establishment sizes",2,0,0,0,0,0,0,0
"28087",2,"926",75,0,2007,3,"N","Lowndes County, Mississippi","State Government","Administration of economic programs","County, NAICS 3-digit -- by ownership sector","All establishment sizes",2,0,0,0,0,0,0,0
"28087",2,"926",75,0,2007,4,"N","Lowndes County, Mississippi","State Government","Administration of economic programs","County, NAICS 3-digit -- by ownership sector","All establishment sizes",2,0,0,0,0,0,0,0
"28087",2,9261,76,0,2007,1,"N","Lowndes County, Mississippi","State Government","Administration of economic programs","County, NAICS 4-digit -- by ownership sector","All establishment sizes",2,0,0,0,0,0,0,0
"28087",2,"9261",76,0,2007,2,"N","Lowndes County, Mississippi","State Government","Administration of economic programs","County, NAICS 4-digit -- by ownership sector","All establishment sizes",2,0,0,0,0,0,0,0
"28087",2,"9261",76,0,2007,3,"N","Lowndes County, Mississippi","State Government","Administration of economic programs","County, NAICS 4-digit -- by ownership sector","All establishment sizes",2,0,0,0,0,0,0,0
"28087",2,"9261",76,0,2007,4,"N","Lowndes County, Mississippi","State Government","Administration of economic programs","County, NAICS 4-digit -- by ownership sector","All establishment sizes",2,0,0,0,0,0,0,0
"28087",2,92611,77,0,2007,1,"N","Lowndes County, Mississippi","State Government","Administration of general economic programs","County, NAICS 5-digit -- by ownership sector","All establishment sizes",1,0,0,0,0,0,0,0
"28087",2,"92611",77,0,2007,2,"N","Lowndes County, Mississippi","State Government","Administration of general economic programs","County, NAICS 5-digit -- by ownership sector","All establishment sizes",1,0,0,0,0,0,0,0
"28087",2,"92611",77,0,2007,3,"N","Lowndes County, Mississippi","State Government","Administration of general economic programs","County, NAICS 5-digit -- by ownership sector","All establishment sizes",1,0,0,0,0,0,0,0
"28087",2,"92611",77,0,2007,4,"N","Lowndes County, Mississippi","State Government","Administration of general economic programs","County, NAICS 5-digit -- by ownership sector","All establishment sizes",1,0,0,0,0,0,0,0
"28087",2,926110,78,0,2007,1,"N","Lowndes County, Mississippi","State Government","Administration of general economic programs","County, NAICS 6-digit -- by ownership sector","All establishment sizes",1,0,0,0,0,0,0,0
"28087",2,"926110",78,0,2007,2,"N","Lowndes County, Mississippi","State Government","Administration of general economic programs","County, NAICS 6-digit -- by ownership sector","All establishment sizes",1,0,0,0,0,0,0,0
"28087",2,"926110",78,0,2007,3,"N","Lowndes County, Mississippi","State Government","Administration of general economic programs","County, NAICS 6-digit -- by ownership sector","All establishment sizes",1,0,0,0,0,0,0,0
"28087",2,"926110",78,0,2007,4,"N","Lowndes County, Mississippi","State Government","Administration of general economic programs","County, NAICS 6-digit -- by ownership sector","All establishment sizes",1,0,0,0,0,0,0,0
"28087",2,92614,77,0,2007,1,"N","Lowndes County, Mississippi","State Government","Agricultural market and commodity regulation","County, NAICS 5-digit -- by ownership sector","All establishment sizes",1,0,0,0,0,0,0,0
"28087",2,"92614",77,0,2007,2,"N","Lowndes County, Mississippi","State Government","Agricultural market and commodity regulation","County, NAICS 5-digit -- by ownership sector","All establishment sizes",1,0,0,0,0,0,0,0
"28087",2,"92614",77,0,2007,3,"N","Lowndes County, Mississippi","State Government","Agricultural market and commodity regulation","County, NAICS 5-digit -- by ownership sector","All establishment sizes",1,0,0,0,0,0,0,0
"28087",2,"92614",77,0,2007,4,"N","Lowndes County, Mississippi","State Government","Agricultural market and commodity regulation","County, NAICS 5-digit -- by ownership sector","All establishment sizes",1,0,0,0,0,0,0,0
"28087",2,926140,78,0,2007,1,"N","Lowndes County, Mississippi","State Government","Agricultural market and commodity regulation","County, NAICS 6-digit -- by ownership sector","All establishment sizes",1,0,0,0,0,0,0,0
"28087",2,"926140",78,0,2007,2,"N","Lowndes County, Mississippi","State Government","Agricultural market and commodity regulation","County, NAICS 6-digit -- by ownership sector","All establishment sizes",1,0,0,0,0,0,0,0
"28087",2,"926140",78,0,2007,3,"N","Lowndes County, Mississippi","State Government","Agricultural market and commodity regulation","County, NAICS 6-digit -- by ownership sector","All establishment sizes",1,0,0,0,0,0,0,0
"28087",2,"926140",78,0,2007,4,"N","Lowndes County, Mississippi","State Government","Agricultural market and commodity regulation","County, NAICS 6-digit -- by ownership sector","All establishment sizes",1,0,0,0,0,0,0,0
"28087",3,10,71,0,2007,1,"","Lowndes County, Mississippi","Local Government","Total, all industries","County, Total -- by ownership sector","All establishment sizes",34,2553,2654,2643,18832473,602494,3272,554
"28087",3,"10",71,0,2007,2,"","Lowndes County, Mississippi","Local Government","Total, all industries","County, Total -- by ownership sector","All establishment sizes",34,2651,2644,2575,20258278,50059,452,594
"28087",3,"10",71,0,2007,3,"","Lowndes County, Mississippi","Local Government","Total, all industries","County, Total -- by ownership sector","All establishment sizes",34,2533,2472,2604,17798114,66575,489,540
"28087",3,"10",71,0,2007,4,"","Lowndes County, Mississippi","Local Government","Total, all industries","County, Total -- by ownership sector","All establishment sizes",34,2656,2648,2660,19750330,42017,362,572
"28087",3,102,72,0,2007,1,"","Lowndes County, Mississippi","Local Government","Service-Providing","County, by Domain -- by ownership sector","All establishment sizes",34,2553,2654,2643,18832473,602494,3272,554
"28087",3,"102",72,0,2007,2,"","Lowndes County, Mississippi","Local Government","Service-Providing","County, by Domain -- by ownership sector","All establishment sizes",34,2651,2644,2575,20258278,50059,452,594
"28087",3,"102",72,0,2007,3,"","Lowndes County, Mississippi","Local Government","Service-Providing","County, by Domain -- by ownership sector","All establishment sizes",34,2533,2472,2604,17798114,66575,489,540
"28087",3,"102",72,0,2007,4,"","Lowndes County, Mississippi","Local Government","Service-Providing","County, by Domain -- by ownership sector","All establishment sizes",34,2656,2648,2660,19750330,42017,362,572
"28087",3,1021,73,0,2007,1,"N","Lowndes County, Mississippi","Local Government","Trade, Transportation, and Utilities","County, by Supersector -- by ownership sector","All establishment sizes",3,0,0,0,0,0,0,0
"28087",3,"1021",73,0,2007,2,"N","Lowndes County, Mississippi","Local Government","Trade, Transportation, and Utilities","County, by Supersector -- by ownership sector","All establishment sizes",3,0,0,0,0,0,0,0
"28087",3,"1021",73,0,2007,3,"N","Lowndes County, Mississippi","Local Government","Trade, Transportation, and Utilities","County, by Supersector -- by ownership sector","All establishment sizes",3,0,0,0,0,0,0,0
"28087",3,"1021",73,0,2007,4,"N","Lowndes County, Mississippi","Local Government","Trade, Transportation, and Utilities","County, by Supersector -- by ownership sector","All establishment sizes",3,0,0,0,0,0,0,0
"28087",3,1022,73,0,2007,1,"N","Lowndes County, Mississippi","Local Government","Information","County, by Supersector -- by ownership sector","All establishment sizes",1,0,0,0,0,0,0,0
"28087",3,"1022",73,0,2007,2,"N","Lowndes County, Mississippi","Local Government","Information","County, by Supersector -- by ownership sector","All establishment sizes",1,0,0,0,0,0,0,0
"28087",3,"1022",73,0,2007,3,"N","Lowndes County, Mississippi","Local Government","Information","County, by Supersector -- by ownership sector","All establishment sizes",1,0,0,0,0,0,0,0
"28087",3,"1022",73,0,2007,4,"N","Lowndes County, Mississippi","Local Government","Information","County, by Supersector -- by ownership sector","All establishment sizes",1,0,0,0,0,0,0,0
"28087",3,1023,73,0,2007,1,"N","Lowndes County, Mississippi","Local Government","Financial Activities","County, by Supersector -- by ownership sector","All establishment sizes",3,0,0,0,0,0,0,0
"28087",3,"1023",73,0,2007,2,"N","Lowndes County, Mississippi","Local Government","Financial Activities","County, by Supersector -- by ownership sector","All establishment sizes",3,0,0,0,0,0,0,0
"28087",3,"1023",73,0,2007,3,"N","Lowndes County, Mississippi","Local Government","Financial Activities","County, by Supersector -- by ownership sector","All establishment sizes",3,0,0,0,0,0,0,0
"28087",3,"1023",73,0,2007,4,"N","Lowndes County, Mississippi","Local Government","Financial Activities","County, by Supersector -- by ownership sector","All establishment sizes",3,0,0,0,0,0,0,0
"28087",3,1024,73,0,2007,1,"N","Lowndes County, Mississippi","Local Government","Professional and Business Services","County, by Supersector -- by ownership sector","All establishment sizes",1,0,0,0,0,0,0,0
"28087",3,"1024",73,0,2007,2,"N","Lowndes County, Mississippi","Local Government","Professional and Business Services","County, by Supersector -- by ownership sector","All establishment sizes",1,0,0,0,0,0,0,0
"28087",3,"1024",73,0,2007,3,"N","Lowndes County, Mississippi","Local Government","Professional and Business Services","County, by Supersector -- by ownership sector","All establishment sizes",1,0,0,0,0,0,0,0
"28087",3,"1024",73,0,2007,4,"N","Lowndes County, Mississippi","Local Government","Professional and Business Services","County, by Supersector -- by ownership sector","All establishment sizes",1,0,0,0,0,0,0,0
"28087",3,1025,73,0,2007,1,"","Lowndes County, Mississippi","Local Government","Education and Health Services","County, by Supersector -- by ownership sector","All establishment sizes",19,1725,1829,1817,12683425,0,0,545
"28087",3,"1025",73,0,2007,2,"","Lowndes County, Mississippi","Local Government","Education and Health Services","County, by Supersector -- by ownership sector","All establishment sizes",19,1827,1814,1722,14452481,0,0,622
"28087",3,"1025",73,0,2007,3,"","Lowndes County, Mississippi","Local Government","Education and Health Services","County, by Supersector -- by ownership sector","All establishment sizes",19,1667,1637,1777,11604441,0,0,527
"28087",3,"1025",73,0,2007,4,"","Lowndes County, Mississippi","Local Government","Education and Health Services","County, by Supersector -- by ownership sector","All establishment sizes",19,1828,1810,1816,13671647,0,0,578
"28087",3,1026,73,0,2007,1,"N","Lowndes County, Mississippi","Local Government","Leisure and Hospitality","County, by Supersector -- by ownership sector","All establishment sizes",1,0,0,0,0,0,0,0
"28087",3,"1026",73,0,2007,2,"N","Lowndes County, Mississippi","Local Government","Leisure and Hospitality","County, by Supersector -- by ownership sector","All establishment sizes",1,0,0,0,0,0,0,0
"28087",3,"1026",73,0,2007,3,"N","Lowndes County, Mississippi","Local Government","Leisure and Hospitality","County, by Supersector -- by ownership sector","All establishment sizes",1,0,0,0,0,0,0,0
"28087",3,"1026",73,0,2007,4,"N","Lowndes County, Mississippi","Local Government","Leisure and Hospitality","County, by Supersector -- by ownership sector","All establishment sizes",1,0,0,0,0,0,0,0
"28087",3,1028,73,0,2007,1,"","Lowndes County, Mississippi","Local Government","Public Administration","County, by Supersector -- by ownership sector","All establishment sizes",6,605,600,597,4295089,49977,509,550
"28087",3,"1028",73,0,2007,2,"","Lowndes County, Mississippi","Local Government","Public Administration","County, by Supersector -- by ownership sector","All establishment sizes",6,610,622,627,3981630,21831,311,494
"28087",3,"1028",73,0,2007,3,"","Lowndes County, Mississippi","Local Government","Public Administration","County, by Supersector -- by ownership sector","All establishment sizes",6,640,622,615,4356962,17096,242,536
"28087",3,"1028",73,0,2007,4,"","Lowndes County, Mississippi","Local Government","Public Administration","County, by Supersector -- by ownership sector","All establishment sizes",6,616,629,635,4247660,15850,231,521
"28087",3,22,74,0,2007,1,"N","Lowndes County, Mississippi","Local Government","Utilities","County, NAICS Sector -- by ownership sector","All establishment sizes",2,0,0,0,0,0,0,0
"28087",3,"22",74,0,2007,2,"N","Lowndes County, Mississippi","Local Government","Utilities","County, NAICS Sector -- by ownership sector","All establishment sizes",2,0,0,0,0,0,0,0
"28087",3,"22",74,0,2007,3,"N","Lowndes County, Mississippi","Local Government","Utilities","County, NAICS Sector -- by ownership sector","All establishment sizes",2,0,0,0,0,0,0,0
"28087",3,"22",74,0,2007,4,"N","Lowndes County, Mississippi","Local Government","Utilities","County, NAICS Sector -- by ownership sector","All establishment sizes",2,0,0,0,0,0,0,0
"28087",3,221,75,0,2007,1,"N","Lowndes County, Mississippi","Local Government","Utilities","County, NAICS 3-digit -- by ownership sector","All establishment sizes",2,0,0,0,0,0,0,0
"28087",3,"221",75,0,2007,2,"N","Lowndes County, Mississippi","Local Government","Utilities","County, NAICS 3-digit -- by ownership sector","All establishment sizes",2,0,0,0,0,0,0,0
"28087",3,"221",75,0,2007,3,"N","Lowndes County, Mississippi","Local Government","Utilities","County, NAICS 3-digit -- by ownership sector","All establishment sizes",2,0,0,0,0,0,0,0
"28087",3,"221",75,0,2007,4,"N","Lowndes County, Mississippi","Local Government","Utilities","County, NAICS 3-digit -- by ownership sector","All establishment sizes",2,0,0,0,0,0,0,0
"28087",3,2213,76,0,2007,1,"N","Lowndes County, Mississippi","Local Government","Water, sewage and other systems","County, NAICS 4-digit -- by ownership sector","All establishment sizes",2,0,0,0,0,0,0,0
"28087",3,"2213",76,0,2007,2,"N","Lowndes County, Mississippi","Local Government","Water, sewage and other systems","County, NAICS 4-digit -- by ownership sector","All establishment sizes",2,0,0,0,0,0,0,0
"28087",3,"2213",76,0,2007,3,"N","Lowndes County, Mississippi","Local Government","Water, sewage and other systems","County, NAICS 4-digit -- by ownership sector","All establishment sizes",2,0,0,0,0,0,0,0
"28087",3,"2213",76,0,2007,4,"N","Lowndes County, Mississippi","Local Government","Water, sewage and other systems","County, NAICS 4-digit -- by ownership sector","All establishment sizes",2,0,0,0,0,0,0,0
"28087",3,22131,77,0,2007,1,"N","Lowndes County, Mississippi","Local Government","Water supply and irrigation systems","County, NAICS 5-digit -- by ownership sector","All establishment sizes",2,0,0,0,0,0,0,0
"28087",3,"22131",77,0,2007,2,"N","Lowndes County, Mississippi","Local Government","Water supply and irrigation systems","County, NAICS 5-digit -- by ownership sector","All establishment sizes",2,0,0,0,0,0,0,0
"28087",3,"22131",77,0,2007,3,"N","Lowndes County, Mississippi","Local Government","Water supply and irrigation systems","County, NAICS 5-digit -- by ownership sector","All establishment sizes",2,0,0,0,0,0,0,0
"28087",3,"22131",77,0,2007,4,"N","Lowndes County, Mississippi","Local Government","Water supply and irrigation systems","County, NAICS 5-digit -- by ownership sector","All establishment sizes",2,0,0,0,0,0,0,0
"28087",3,221310,78,0,2007,1,"N","Lowndes County, Mississippi","Local Government","Water supply and irrigation systems","County, NAICS 6-digit -- by ownership sector","All establishment sizes",2,0,0,0,0,0,0,0
"28087",3,"221310",78,0,2007,2,"N","Lowndes County, Mississippi","Local Government","Water supply and irrigation systems","County, NAICS 6-digit -- by ownership sector","All establishment sizes",2,0,0,0,0,0,0,0
"28087",3,"221310",78,0,2007,3,"N","Lowndes County, Mississippi","Local Government","Water supply and irrigation systems","County, NAICS 6-digit -- by ownership sector","All establishment sizes",2,0,0,0,0,0,0,0
"28087",3,"221310",78,0,2007,4,"N","Lowndes County, Mississippi","Local Government","Water supply and irrigation systems","County, NAICS 6-digit -- by ownership sector","All establishment sizes",2,0,0,0,0,0,0,0
"28087",3,48-49,74,0,2007,1,"N","Lowndes County, Mississippi","Local Government","Transportation and warehousing","County, NAICS Sector -- by ownership sector","All establishment sizes",1,0,0,0,0,0,0,0
"28087",3,"48-49",74,0,2007,2,"N","Lowndes County, Mississippi","Local Government","Transportation and warehousing","County, NAICS Sector -- by ownership sector","All establishment sizes",1,0,0,0,0,0,0,0
"28087",3,"48-49",74,0,2007,3,"N","Lowndes County, Mississippi","Local Government","Transportation and warehousing","County, NAICS Sector -- by ownership sector","All establishment sizes",1,0,0,0,0,0,0,0
"28087",3,"48-49",74,0,2007,4,"N","Lowndes County, Mississippi","Local Government","Transportation and warehousing","County, NAICS Sector -- by ownership sector","All establishment sizes",1,0,0,0,0,0,0,0
"28087",3,481,75,0,2007,1,"N","Lowndes County, Mississippi","Local Government","Air transportation","County, NAICS 3-digit -- by ownership sector","All establishment sizes",1,0,0,0,0,0,0,0
"28087",3,"481",75,0,2007,2,"N","Lowndes County, Mississippi","Local Government","Air transportation","County, NAICS 3-digit -- by ownership sector","All establishment sizes",1,0,0,0,0,0,0,0
"28087",3,"481",75,0,2007,3,"N","Lowndes County, Mississippi","Local Government","Air transportation","County, NAICS 3-digit -- by ownership sector","All establishment sizes",1,0,0,0,0,0,0,0
"28087",3,"481",75,0,2007,4,"N","Lowndes County, Mississippi","Local Government","Air transportation","County, NAICS 3-digit -- by ownership sector","All establishment sizes",1,0,0,0,0,0,0,0
"28087",3,4811,76,0,2007,1,"N","Lowndes County, Mississippi","Local Government","Scheduled air transportation","County, NAICS 4-digit -- by ownership sector","All establishment sizes",1,0,0,0,0,0,0,0
"28087",3,"4811",76,0,2007,2,"N","Lowndes County, Mississippi","Local Government","Scheduled air transportation","County, NAICS 4-digit -- by ownership sector","All establishment sizes",1,0,0,0,0,0,0,0
"28087",3,"4811",76,0,2007,3,"N","Lowndes County, Mississippi","Local Government","Scheduled air transportation","County, NAICS 4-digit -- by ownership sector","All establishment sizes",1,0,0,0,0,0,0,0
"28087",3,"4811",76,0,2007,4,"N","Lowndes County, Mississippi","Local Government","Scheduled air transportation","County, NAICS 4-digit -- by ownership sector","All establishment sizes",1,0,0,0,0,0,0,0
"28087",3,48111,77,0,2007,1,"N","Lowndes County, Mississippi","Local Government","Scheduled air transportation","County, NAICS 5-digit -- by ownership sector","All establishment sizes",1,0,0,0,0,0,0,0
"28087",3,"48111",77,0,2007,2,"N","Lowndes County, Mississippi","Local Government","Scheduled air transportation","County, NAICS 5-digit -- by ownership sector","All establishment sizes",1,0,0,0,0,0,0,0
"28087",3,"48111",77,0,2007,3,"N","Lowndes County, Mississippi","Local Government","Scheduled air transportation","County, NAICS 5-digit -- by ownership sector","All establishment sizes",1,0,0,0,0,0,0,0
"28087",3,"48111",77,0,2007,4,"N","Lowndes County, Mississippi","Local Government","Scheduled air transportation","County, NAICS 5-digit -- by ownership sector","All establishment sizes",1,0,0,0,0,0,0,0
"28087",3,481111,78,0,2007,1,"N","Lowndes County, Mississippi","Local Government","Scheduled passenger air transportation","County, NAICS 6-digit -- by ownership sector","All establishment sizes",1,0,0,0,0,0,0,0
"28087",3,"481111",78,0,2007,2,"N","Lowndes County, Mississippi","Local Government","Scheduled passenger air transportation","County, NAICS 6-digit -- by ownership sector","All establishment sizes",1,0,0,0,0,0,0,0
"28087",3,"481111",78,0,2007,3,"N","Lowndes County, Mississippi","Local Government","Scheduled passenger air transportation","County, NAICS 6-digit -- by ownership sector","All establishment sizes",1,0,0,0,0,0,0,0
"28087",3,"481111",78,0,2007,4,"N","Lowndes County, Mississippi","Local Government","Scheduled passenger air transportation","County, NAICS 6-digit -- by ownership sector","All establishment sizes",1,0,0,0,0,0,0,0
"28087",3,51,74,0,2007,1,"N","Lowndes County, Mississippi","Local Government","Information","County, NAICS Sector -- by ownership sector","All establishment sizes",1,0,0,0,0,0,0,0
"28087",3,"51",74,0,2007,2,"N","Lowndes County, Mississippi","Local Government","Information","County, NAICS Sector -- by ownership sector","All establishment sizes",1,0,0,0,0,0,0,0
"28087",3,"51",74,0,2007,3,"N","Lowndes County, Mississippi","Local Government","Information","County, NAICS Sector -- by ownership sector","All establishment sizes",1,0,0,0,0,0,0,0
"28087",3,"51",74,0,2007,4,"N","Lowndes County, Mississippi","Local Government","Information","County, NAICS Sector -- by ownership sector","All establishment sizes",1,0,0,0,0,0,0,0
"28087",3,519,75,0,2007,1,"N","Lowndes County, Mississippi","Local Government","Other information services","County, NAICS 3-digit -- by ownership sector","All establishment sizes",1,0,0,0,0,0,0,0
"28087",3,"519",75,0,2007,2,"N","Lowndes County, Mississippi","Local Government","Other information services","County, NAICS 3-digit -- by ownership sector","All establishment sizes",1,0,0,0,0,0,0,0
"28087",3,"519",75,0,2007,3,"N","Lowndes County, Mississippi","Local Government","Other information services","County, NAICS 3-digit -- by ownership sector","All establishment sizes",1,0,0,0,0,0,0,0
"28087",3,"519",75,0,2007,4,"N","Lowndes County, Mississippi","Local Government","Other information services","County, NAICS 3-digit -- by ownership sector","All establishment sizes",1,0,0,0,0,0,0,0
"28087",3,5191,76,0,2007,1,"N","Lowndes County, Mississippi","Local Government","Other information services","County, NAICS 4-digit -- by ownership sector","All establishment sizes",1,0,0,0,0,0,0,0
"28087",3,"5191",76,0,2007,2,"N","Lowndes County, Mississippi","Local Government","Other information services","County, NAICS 4-digit -- by ownership sector","All establishment sizes",1,0,0,0,0,0,0,0
"28087",3,"5191",76,0,2007,3,"N","Lowndes County, Mississippi","Local Government","Other information services","County, NAICS 4-digit -- by ownership sector","All establishment sizes",1,0,0,0,0,0,0,0
"28087",3,"5191",76,0,2007,4,"N","Lowndes County, Mississippi","Local Government","Other information services","County, NAICS 4-digit -- by ownership sector","All establishment sizes",1,0,0,0,0,0,0,0
"28087",3,51912,77,0,2007,1,"N","Lowndes County, Mississippi","Local Government","Libraries and archives","County, NAICS 5-digit -- by ownership sector","All establishment sizes",1,0,0,0,0,0,0,0
"28087",3,"51912",77,0,2007,2,"N","Lowndes County, Mississippi","Local Government","Libraries and archives","County, NAICS 5-digit -- by ownership sector","All establishment sizes",1,0,0,0,0,0,0,0
"28087",3,"51912",77,0,2007,3,"N","Lowndes County, Mississippi","Local Government","Libraries and archives","County, NAICS 5-digit -- by ownership sector","All establishment sizes",1,0,0,0,0,0,0,0
"28087",3,"51912",77,0,2007,4,"N","Lowndes County, Mississippi","Local Government","Libraries and archives","County, NAICS 5-digit -- by ownership sector","All establishment sizes",1,0,0,0,0,0,0,0
"28087",3,519120,78,0,2007,1,"N","Lowndes County, Mississippi","Local Government","Libraries and archives","County, NAICS 6-digit -- by ownership sector","All establishment sizes",1,0,0,0,0,0,0,0
"28087",3,"519120",78,0,2007,2,"N","Lowndes County, Mississippi","Local Government","Libraries and archives","County, NAICS 6-digit -- by ownership sector","All establishment sizes",1,0,0,0,0,0,0,0
"28087",3,"519120",78,0,2007,3,"N","Lowndes County, Mississippi","Local Government","Libraries and archives","County, NAICS 6-digit -- by ownership sector","All establishment sizes",1,0,0,0,0,0,0,0
"28087",3,"519120",78,0,2007,4,"N","Lowndes County, Mississippi","Local Government","Libraries and archives","County, NAICS 6-digit -- by ownership sector","All establishment sizes",1,0,0,0,0,0,0,0
"28087",3,53,74,0,2007,1,"N","Lowndes County, Mississippi","Local Government","Real estate and rental and leasing","County, NAICS Sector -- by ownership sector","All establishment sizes",3,0,0,0,0,0,0,0
"28087",3,"53",74,0,2007,2,"N","Lowndes County, Mississippi","Local Government","Real estate and rental and leasing","County, NAICS Sector -- by ownership sector","All establishment sizes",3,0,0,0,0,0,0,0
"28087",3,"53",74,0,2007,3,"N","Lowndes County, Mississippi","Local Government","Real estate and rental and leasing","County, NAICS Sector -- by ownership sector","All establishment sizes",3,0,0,0,0,0,0,0
"28087",3,"53",74,0,2007,4,"N","Lowndes County, Mississippi","Local Government","Real estate and rental and leasing","County, NAICS Sector -- by ownership sector","All establishment sizes",3,0,0,0,0,0,0,0
"28087",3,531,75,0,2007,1,"N","Lowndes County, Mississippi","Local Government","Real estate","County, NAICS 3-digit -- by ownership sector","All establishment sizes",3,0,0,0,0,0,0,0
"28087",3,"531",75,0,2007,2,"N","Lowndes County, Mississippi","Local Government","Real estate","County, NAICS 3-digit -- by ownership sector","All establishment sizes",3,0,0,0,0,0,0,0
"28087",3,"531",75,0,2007,3,"N","Lowndes County, Mississippi","Local Government","Real estate","County, NAICS 3-digit -- by ownership sector","All establishment sizes",3,0,0,0,0,0,0,0
"28087",3,"531",75,0,2007,4,"N","Lowndes County, Mississippi","Local Government","Real estate","County, NAICS 3-digit -- by ownership sector","All establishment sizes",3,0,0,0,0,0,0,0
"28087",3,5311,76,0,2007,1,"N","Lowndes County, Mississippi","Local Government","Lessors of real estate","County, NAICS 4-digit -- by ownership sector","All establishment sizes",1,0,0,0,0,0,0,0
"28087",3,"5311",76,0,2007,2,"N","Lowndes County, Mississippi","Local Government","Lessors of real estate","County, NAICS 4-digit -- by ownership sector","All establishment sizes",1,0,0,0,0,0,0,0
"28087",3,"5311",76,0,2007,3,"N","Lowndes County, Mississippi","Local Government","Lessors of real estate","County, NAICS 4-digit -- by ownership sector","All establishment sizes",1,0,0,0,0,0,0,0
"28087",3,"5311",76,0,2007,4,"N","Lowndes County, Mississippi","Local Government","Lessors of real estate","County, NAICS 4-digit -- by ownership sector","All establishment sizes",1,0,0,0,0,0,0,0
"28087",3,53111,77,0,2007,1,"N","Lowndes County, Mississippi","Local Government","Lessors of residential buildings","County, NAICS 5-digit -- by ownership sector","All establishment sizes",1,0,0,0,0,0,0,0
"28087",3,"53111",77,0,2007,2,"N","Lowndes County, Mississippi","Local Government","Lessors of residential buildings","County, NAICS 5-digit -- by ownership sector","All establishment sizes",1,0,0,0,0,0,0,0
"28087",3,"53111",77,0,2007,3,"N","Lowndes County, Mississippi","Local Government","Lessors of residential buildings","County, NAICS 5-digit -- by ownership sector","All establishment sizes",1,0,0,0,0,0,0,0
"28087",3,"53111",77,0,2007,4,"N","Lowndes County, Mississippi","Local Government","Lessors of residential buildings","County, NAICS 5-digit -- by ownership sector","All establishment sizes",1,0,0,0,0,0,0,0
"28087",3,531110,78,0,2007,1,"N","Lowndes County, Mississippi","Local Government","Lessors of residential buildings","County, NAICS 6-digit -- by ownership sector","All establishment sizes",1,0,0,0,0,0,0,0
"28087",3,"531110",78,0,2007,2,"N","Lowndes County, Mississippi","Local Government","Lessors of residential buildings","County, NAICS 6-digit -- by ownership sector","All establishment sizes",1,0,0,0,0,0,0,0
"28087",3,"531110",78,0,2007,3,"N","Lowndes County, Mississippi","Local Government","Lessors of residential buildings","County, NAICS 6-digit -- by ownership sector","All establishment sizes",1,0,0,0,0,0,0,0
"28087",3,"531110",78,0,2007,4,"N","Lowndes County, Mississippi","Local Government","Lessors of residential buildings","County, NAICS 6-digit -- by ownership sector","All establishment sizes",1,0,0,0,0,0,0,0
"28087",3,5313,76,0,2007,1,"N","Lowndes County, Mississippi","Local Government","Activities related to real estate","County, NAICS 4-digit -- by ownership sector","All establishment sizes",2,0,0,0,0,0,0,0
"28087",3,"5313",76,0,2007,2,"N","Lowndes County, Mississippi","Local Government","Activities related to real estate","County, NAICS 4-digit -- by ownership sector","All establishment sizes",2,0,0,0,0,0,0,0
"28087",3,"5313",76,0,2007,3,"N","Lowndes County, Mississippi","Local Government","Activities related to real estate","County, NAICS 4-digit -- by ownership sector","All establishment sizes",2,0,0,0,0,0,0,0
"28087",3,"5313",76,0,2007,4,"N","Lowndes County, Mississippi","Local Government","Activities related to real estate","County, NAICS 4-digit -- by ownership sector","All establishment sizes",2,0,0,0,0,0,0,0
"28087",3,53131,77,0,2007,1,"N","Lowndes County, Mississippi","Local Government","Real estate property managers","County, NAICS 5-digit -- by ownership sector","All establishment sizes",2,0,0,0,0,0,0,0
"28087",3,"53131",77,0,2007,2,"N","Lowndes County, Mississippi","Local Government","Real estate property managers","County, NAICS 5-digit -- by ownership sector","All establishment sizes",2,0,0,0,0,0,0,0
"28087",3,"53131",77,0,2007,3,"N","Lowndes County, Mississippi","Local Government","Real estate property managers","County, NAICS 5-digit -- by ownership sector","All establishment sizes",2,0,0,0,0,0,0,0
"28087",3,"53131",77,0,2007,4,"N","Lowndes County, Mississippi","Local Government","Real estate property managers","County, NAICS 5-digit -- by ownership sector","All establishment sizes",2,0,0,0,0,0,0,0
"28087",3,531311,78,0,2007,1,"N","Lowndes County, Mississippi","Local Government","Residential property managers","County, NAICS 6-digit -- by ownership sector","All establishment sizes",2,0,0,0,0,0,0,0
"28087",3,"531311",78,0,2007,2,"N","Lowndes County, Mississippi","Local Government","Residential property managers","County, NAICS 6-digit -- by ownership sector","All establishment sizes",2,0,0,0,0,0,0,0
"28087",3,"531311",78,0,2007,3,"N","Lowndes County, Mississippi","Local Government","Residential property managers","County, NAICS 6-digit -- by ownership sector","All establishment sizes",2,0,0,0,0,0,0,0
"28087",3,"531311",78,0,2007,4,"N","Lowndes County, Mississippi","Local Government","Residential property managers","County, NAICS 6-digit -- by ownership sector","All establishment sizes",2,0,0,0,0,0,0,0
"28087",3,56,74,0,2007,1,"N","Lowndes County, Mississippi","Local Government","Administrative and waste services","County, NAICS Sector -- by ownership sector","All establishment sizes",1,0,0,0,0,0,0,0
"28087",3,"56",74,0,2007,2,"N","Lowndes County, Mississippi","Local Government","Administrative and waste services","County, NAICS Sector -- by ownership sector","All establishment sizes",1,0,0,0,0,0,0,0
"28087",3,"56",74,0,2007,3,"N","Lowndes County, Mississippi","Local Government","Administrative and waste services","County, NAICS Sector -- by ownership sector","All establishment sizes",1,0,0,0,0,0,0,0
"28087",3,"56",74,0,2007,4,"N","Lowndes County, Mississippi","Local Government","Administrative and waste services","County, NAICS Sector -- by ownership sector","All establishment sizes",1,0,0,0,0,0,0,0
"28087",3,562,75,0,2007,1,"N","Lowndes County, Mississippi","Local Government","Waste management and remediation services","County, NAICS 3-digit -- by ownership sector","All establishment sizes",1,0,0,0,0,0,0,0
"28087",3,"562",75,0,2007,2,"N","Lowndes County, Mississippi","Local Government","Waste management and remediation services","County, NAICS 3-digit -- by ownership sector","All establishment sizes",1,0,0,0,0,0,0,0
"28087",3,"562",75,0,2007,3,"N","Lowndes County, Mississippi","Local Government","Waste management and remediation services","County, NAICS 3-digit -- by ownership sector","All establishment sizes",1,0,0,0,0,0,0,0
"28087",3,"562",75,0,2007,4,"N","Lowndes County, Mississippi","Local Government","Waste management and remediation services","County, NAICS 3-digit -- by ownership sector","All establishment sizes",1,0,0,0,0,0,0,0
"28087",3,5621,76,0,2007,1,"N","Lowndes County, Mississippi","Local Government","Waste collection","County, NAICS 4-digit -- by ownership sector","All establishment sizes",1,0,0,0,0,0,0,0
"28087",3,"5621",76,0,2007,2,"N","Lowndes County, Mississippi","Local Government","Waste collection","County, NAICS 4-digit -- by ownership sector","All establishment sizes",1,0,0,0,0,0,0,0
"28087",3,"5621",76,0,2007,3,"N","Lowndes County, Mississippi","Local Government","Waste collection","County, NAICS 4-digit -- by ownership sector","All establishment sizes",1,0,0,0,0,0,0,0
"28087",3,"5621",76,0,2007,4,"N","Lowndes County, Mississippi","Local Government","Waste collection","County, NAICS 4-digit -- by ownership sector","All establishment sizes",1,0,0,0,0,0,0,0
"28087",3,56211,77,0,2007,1,"N","Lowndes County, Mississippi","Local Government","Waste collection","County, NAICS 5-digit -- by ownership sector","All establishment sizes",1,0,0,0,0,0,0,0
"28087",3,"56211",77,0,2007,2,"N","Lowndes County, Mississippi","Local Government","Waste collection","County, NAICS 5-digit -- by ownership sector","All establishment sizes",1,0,0,0,0,0,0,0
"28087",3,"56211",77,0,2007,3,"N","Lowndes County, Mississippi","Local Government","Waste collection","County, NAICS 5-digit -- by ownership sector","All establishment sizes",1,0,0,0,0,0,0,0
"28087",3,"56211",77,0,2007,4,"N","Lowndes County, Mississippi","Local Government","Waste collection","County, NAICS 5-digit -- by ownership sector","All establishment sizes",1,0,0,0,0,0,0,0
"28087",3,562111,78,0,2007,1,"N","Lowndes County, Mississippi","Local Government","Solid waste collection","County, NAICS 6-digit -- by ownership sector","All establishment sizes",1,0,0,0,0,0,0,0
"28087",3,"562111",78,0,2007,2,"N","Lowndes County, Mississippi","Local Government","Solid waste collection","County, NAICS 6-digit -- by ownership sector","All establishment sizes",1,0,0,0,0,0,0,0
"28087",3,"562111",78,0,2007,3,"N","Lowndes County, Mississippi","Local Government","Solid waste collection","County, NAICS 6-digit -- by ownership sector","All establishment sizes",1,0,0,0,0,0,0,0
"28087",3,"562111",78,0,2007,4,"N","Lowndes County, Mississippi","Local Government","Solid waste collection","County, NAICS 6-digit -- by ownership sector","All establishment sizes",1,0,0,0,0,0,0,0
"28087",3,61,74,0,2007,1,"","Lowndes County, Mississippi","Local Government","Educational services","County, NAICS Sector -- by ownership sector","All establishment sizes",19,1725,1829,1817,12683425,0,0,545
"28087",3,"61",74,0,2007,2,"","Lowndes County, Mississippi","Local Government","Educational services","County, NAICS Sector -- by ownership sector","All establishment sizes",19,1827,1814,1722,14452481,0,0,622
"28087",3,"61",74,0,2007,3,"","Lowndes County, Mississippi","Local Government","Educational services","County, NAICS Sector -- by ownership sector","All establishment sizes",19,1667,1637,1777,11604441,0,0,527
"28087",3,"61",74,0,2007,4,"","Lowndes County, Mississippi","Local Government","Educational services","County, NAICS Sector -- by ownership sector","All establishment sizes",19,1828,1810,1816,13671647,0,0,578
"28087",3,611,75,0,2007,1,"","Lowndes County, Mississippi","Local Government","Educational services","County, NAICS 3-digit -- by ownership sector","All establishment sizes",19,1725,1829,1817,12683425,0,0,545
"28087",3,"611",75,0,2007,2,"","Lowndes County, Mississippi","Local Government","Educational services","County, NAICS 3-digit -- by ownership sector","All establishment sizes",19,1827,1814,1722,14452481,0,0,622
"28087",3,"611",75,0,2007,3,"","Lowndes County, Mississippi","Local Government","Educational services","County, NAICS 3-digit -- by ownership sector","All establishment sizes",19,1667,1637,1777,11604441,0,0,527
"28087",3,"611",75,0,2007,4,"","Lowndes County, Mississippi","Local Government","Educational services","County, NAICS 3-digit -- by ownership sector","All establishment sizes",19,1828,1810,1816,13671647,0,0,578
"28087",3,6111,76,0,2007,1,"N","Lowndes County, Mississippi","Local Government","Elementary and secondary schools","County, NAICS 4-digit -- by ownership sector","All establishment sizes",17,0,0,0,0,0,0,0
"28087",3,"6111",76,0,2007,2,"N","Lowndes County, Mississippi","Local Government","Elementary and secondary schools","County, NAICS 4-digit -- by ownership sector","All establishment sizes",17,0,0,0,0,0,0,0
"28087",3,"6111",76,0,2007,3,"N","Lowndes County, Mississippi","Local Government","Elementary and secondary schools","County, NAICS 4-digit -- by ownership sector","All establishment sizes",17,0,0,0,0,0,0,0
"28087",3,"6111",76,0,2007,4,"N","Lowndes County, Mississippi","Local Government","Elementary and secondary schools","County, NAICS 4-digit -- by ownership sector","All establishment sizes",17,0,0,0,0,0,0,0
"28087",3,61111,77,0,2007,1,"N","Lowndes County, Mississippi","Local Government","Elementary and secondary schools","County, NAICS 5-digit -- by ownership sector","All establishment sizes",17,0,0,0,0,0,0,0
"28087",3,"61111",77,0,2007,2,"N","Lowndes County, Mississippi","Local Government","Elementary and secondary schools","County, NAICS 5-digit -- by ownership sector","All establishment sizes",17,0,0,0,0,0,0,0
"28087",3,"61111",77,0,2007,3,"N","Lowndes County, Mississippi","Local Government","Elementary and secondary schools","County, NAICS 5-digit -- by ownership sector","All establishment sizes",17,0,0,0,0,0,0,0
"28087",3,"61111",77,0,2007,4,"N","Lowndes County, Mississippi","Local Government","Elementary and secondary schools","County, NAICS 5-digit -- by ownership sector","All establishment sizes",17,0,0,0,0,0,0,0
"28087",3,611110,78,0,2007,1,"N","Lowndes County, Mississippi","Local Government","Elementary and secondary schools","County, NAICS 6-digit -- by ownership sector","All establishment sizes",17,0,0,0,0,0,0,0
"28087",3,"611110",78,0,2007,2,"N","Lowndes County, Mississippi","Local Government","Elementary and secondary schools","County, NAICS 6-digit -- by ownership sector","All establishment sizes",17,0,0,0,0,0,0,0
"28087",3,"611110",78,0,2007,3,"N","Lowndes County, Mississippi","Local Government","Elementary and secondary schools","County, NAICS 6-digit -- by ownership sector","All establishment sizes",17,0,0,0,0,0,0,0
"28087",3,"611110",78,0,2007,4,"N","Lowndes County, Mississippi","Local Government","Elementary and secondary schools","County, NAICS 6-digit -- by ownership sector","All establishment sizes",17,0,0,0,0,0,0,0
"28087",3,6112,76,0,2007,1,"N","Lowndes County, Mississippi","Local Government","Junior colleges","County, NAICS 4-digit -- by ownership sector","All establishment sizes",2,0,0,0,0,0,0,0
"28087",3,"6112",76,0,2007,2,"N","Lowndes County, Mississippi","Local Government","Junior colleges","County, NAICS 4-digit -- by ownership sector","All establishment sizes",2,0,0,0,0,0,0,0
"28087",3,"6112",76,0,2007,3,"N","Lowndes County, Mississippi","Local Government","Junior colleges","County, NAICS 4-digit -- by ownership sector","All establishment sizes",2,0,0,0,0,0,0,0
"28087",3,"6112",76,0,2007,4,"N","Lowndes County, Mississippi","Local Government","Junior colleges","County, NAICS 4-digit -- by ownership sector","All establishment sizes",2,0,0,0,0,0,0,0
"28087",3,61121,77,0,2007,1,"N","Lowndes County, Mississippi","Local Government","Junior colleges","County, NAICS 5-digit -- by ownership sector","All establishment sizes",2,0,0,0,0,0,0,0
"28087",3,"61121",77,0,2007,2,"N","Lowndes County, Mississippi","Local Government","Junior colleges","County, NAICS 5-digit -- by ownership sector","All establishment sizes",2,0,0,0,0,0,0,0
"28087",3,"61121",77,0,2007,3,"N","Lowndes County, Mississippi","Local Government","Junior colleges","County, NAICS 5-digit -- by ownership sector","All establishment sizes",2,0,0,0,0,0,0,0
"28087",3,"61121",77,0,2007,4,"N","Lowndes County, Mississippi","Local Government","Junior colleges","County, NAICS 5-digit -- by ownership sector","All establishment sizes",2,0,0,0,0,0,0,0
"28087",3,611210,78,0,2007,1,"N","Lowndes County, Mississippi","Local Government","Junior colleges","County, NAICS 6-digit -- by ownership sector","All establishment sizes",2,0,0,0,0,0,0,0
"28087",3,"611210",78,0,2007,2,"N","Lowndes County, Mississippi","Local Government","Junior colleges","County, NAICS 6-digit -- by ownership sector","All establishment sizes",2,0,0,0,0,0,0,0
"28087",3,"611210",78,0,2007,3,"N","Lowndes County, Mississippi","Local Government","Junior colleges","County, NAICS 6-digit -- by ownership sector","All establishment sizes",2,0,0,0,0,0,0,0
"28087",3,"611210",78,0,2007,4,"N","Lowndes County, Mississippi","Local Government","Junior colleges","County, NAICS 6-digit -- by ownership sector","All establishment sizes",2,0,0,0,0,0,0,0
"28087",3,71,74,0,2007,1,"N","Lowndes County, Mississippi","Local Government","Arts, entertainment, and recreation","County, NAICS Sector -- by ownership sector","All establishment sizes",1,0,0,0,0,0,0,0
"28087",3,"71",74,0,2007,2,"N","Lowndes County, Mississippi","Local Government","Arts, entertainment, and recreation","County, NAICS Sector -- by ownership sector","All establishment sizes",1,0,0,0,0,0,0,0
"28087",3,"71",74,0,2007,3,"N","Lowndes County, Mississippi","Local Government","Arts, entertainment, and recreation","County, NAICS Sector -- by ownership sector","All establishment sizes",1,0,0,0,0,0,0,0
"28087",3,"71",74,0,2007,4,"N","Lowndes County, Mississippi","Local Government","Arts, entertainment, and recreation","County, NAICS Sector -- by ownership sector","All establishment sizes",1,0,0,0,0,0,0,0
"28087",3,712,75,0,2007,1,"N","Lowndes County, Mississippi","Local Government","Museums, historical sites, zoos, and parks","County, NAICS 3-digit -- by ownership sector","All establishment sizes",1,0,0,0,0,0,0,0
"28087",3,"712",75,0,2007,2,"N","Lowndes County, Mississippi","Local Government","Museums, historical sites, zoos, and parks","County, NAICS 3-digit -- by ownership sector","All establishment sizes",1,0,0,0,0,0,0,0
"28087",3,"712",75,0,2007,3,"N","Lowndes County, Mississippi","Local Government","Museums, historical sites, zoos, and parks","County, NAICS 3-digit -- by ownership sector","All establishment sizes",1,0,0,0,0,0,0,0
"28087",3,"712",75,0,2007,4,"N","Lowndes County, Mississippi","Local Government","Museums, historical sites, zoos, and parks","County, NAICS 3-digit -- by ownership sector","All establishment sizes",1,0,0,0,0,0,0,0
"28087",3,7121,76,0,2007,1,"N","Lowndes County, Mississippi","Local Government","Museums, historical sites, zoos, and parks","County, NAICS 4-digit -- by ownership sector","All establishment sizes",1,0,0,0,0,0,0,0
"28087",3,"7121",76,0,2007,2,"N","Lowndes County, Mississippi","Local Government","Museums, historical sites, zoos, and parks","County, NAICS 4-digit -- by ownership sector","All establishment sizes",1,0,0,0,0,0,0,0
"28087",3,"7121",76,0,2007,3,"N","Lowndes County, Mississippi","Local Government","Museums, historical sites, zoos, and parks","County, NAICS 4-digit -- by ownership sector","All establishment sizes",1,0,0,0,0,0,0,0
"28087",3,"7121",76,0,2007,4,"N","Lowndes County, Mississippi","Local Government","Museums, historical sites, zoos, and parks","County, NAICS 4-digit -- by ownership sector","All establishment sizes",1,0,0,0,0,0,0,0
"28087",3,71219,77,0,2007,1,"N","Lowndes County, Mississippi","Local Government","Nature parks and other similar institutions","County, NAICS 5-digit -- by ownership sector","All establishment sizes",1,0,0,0,0,0,0,0
"28087",3,"71219",77,0,2007,2,"N","Lowndes County, Mississippi","Local Government","Nature parks and other similar institutions","County, NAICS 5-digit -- by ownership sector","All establishment sizes",1,0,0,0,0,0,0,0
"28087",3,"71219",77,0,2007,3,"N","Lowndes County, Mississippi","Local Government","Nature parks and other similar institutions","County, NAICS 5-digit -- by ownership sector","All establishment sizes",1,0,0,0,0,0,0,0
"28087",3,"71219",77,0,2007,4,"N","Lowndes County, Mississippi","Local Government","Nature parks and other similar institutions","County, NAICS 5-digit -- by ownership sector","All establishment sizes",1,0,0,0,0,0,0,0
"28087",3,712190,78,0,2007,1,"N","Lowndes County, Mississippi","Local Government","Nature parks and other similar institutions","County, NAICS 6-digit -- by ownership sector","All establishment sizes",1,0,0,0,0,0,0,0
"28087",3,"712190",78,0,2007,2,"N","Lowndes County, Mississippi","Local Government","Nature parks and other similar institutions","County, NAICS 6-digit -- by ownership sector","All establishment sizes",1,0,0,0,0,0,0,0
"28087",3,"712190",78,0,2007,3,"N","Lowndes County, Mississippi","Local Government","Nature parks and other similar institutions","County, NAICS 6-digit -- by ownership sector","All establishment sizes",1,0,0,0,0,0,0,0
"28087",3,"712190",78,0,2007,4,"N","Lowndes County, Mississippi","Local Government","Nature parks and other similar institutions","County, NAICS 6-digit -- by ownership sector","All establishment sizes",1,0,0,0,0,0,0,0
"28087",3,92,74,0,2007,1,"","Lowndes County, Mississippi","Local Government","Public Administration","County, NAICS Sector -- by ownership sector","All establishment sizes",6,605,600,597,4295089,49977,509,550
"28087",3,"92",74,0,2007,2,"","Lowndes County, Mississippi","Local Government","Public Administration","County, NAICS Sector -- by ownership sector","All establishment sizes",6,610,622,627,3981630,21831,311,494
"28087",3,"92",74,0,2007,3,"","Lowndes County, Mississippi","Local Government","Public Administration","County, NAICS Sector -- by ownership sector","All establishment sizes",6,640,622,615,4356962,17096,242,536
"28087",3,"92",74,0,2007,4,"","Lowndes County, Mississippi","Local Government","Public Administration","County, NAICS Sector -- by ownership sector","All establishment sizes",6,616,629,635,4247660,15850,231,521
"28087",3,921,75,0,2007,1,"N","Lowndes County, Mississippi","Local Government","Executive, legislative and general government","County, NAICS 3-digit -- by ownership sector","All establishment sizes",5,0,0,0,0,0,0,0
"28087",3,"921",75,0,2007,2,"N","Lowndes County, Mississippi","Local Government","Executive, legislative and general government","County, NAICS 3-digit -- by ownership sector","All establishment sizes",5,0,0,0,0,0,0,0
"28087",3,"921",75,0,2007,3,"N","Lowndes County, Mississippi","Local Government","Executive, legislative and general government","County, NAICS 3-digit -- by ownership sector","All establishment sizes",5,0,0,0,0,0,0,0
"28087",3,"921",75,0,2007,4,"N","Lowndes County, Mississippi","Local Government","Executive, legislative and general government","County, NAICS 3-digit -- by ownership sector","All establishment sizes",5,0,0,0,0,0,0,0
"28087",3,9211,76,0,2007,1,"N","Lowndes County, Mississippi","Local Government","Executive, legislative and general government","County, NAICS 4-digit -- by ownership sector","All establishment sizes",5,0,0,0,0,0,0,0
"28087",3,"9211",76,0,2007,2,"N","Lowndes County, Mississippi","Local Government","Executive, legislative and general government","County, NAICS 4-digit -- by ownership sector","All establishment sizes",5,0,0,0,0,0,0,0
"28087",3,"9211",76,0,2007,3,"N","Lowndes County, Mississippi","Local Government","Executive, legislative and general government","County, NAICS 4-digit -- by ownership sector","All establishment sizes",5,0,0,0,0,0,0,0
"28087",3,"9211",76,0,2007,4,"N","Lowndes County, Mississippi","Local Government","Executive, legislative and general government","County, NAICS 4-digit -- by ownership sector","All establishment sizes",5,0,0,0,0,0,0,0
"28087",3,92114,77,0,2007,1,"N","Lowndes County, Mississippi","Local Government","Executive and legislative offices, combined","County, NAICS 5-digit -- by ownership sector","All establishment sizes",5,0,0,0,0,0,0,0
"28087",3,"92114",77,0,2007,2,"N","Lowndes County, Mississippi","Local Government","Executive and legislative offices, combined","County, NAICS 5-digit -- by ownership sector","All establishment sizes",5,0,0,0,0,0,0,0
"28087",3,"92114",77,0,2007,3,"N","Lowndes County, Mississippi","Local Government","Executive and legislative offices, combined","County, NAICS 5-digit -- by ownership sector","All establishment sizes",5,0,0,0,0,0,0,0
"28087",3,"92114",77,0,2007,4,"N","Lowndes County, Mississippi","Local Government","Executive and legislative offices, combined","County, NAICS 5-digit -- by ownership sector","All establishment sizes",5,0,0,0,0,0,0,0
"28087",3,921140,78,0,2007,1,"N","Lowndes County, Mississippi","Local Government","Executive and legislative offices, combined","County, NAICS 6-digit -- by ownership sector","All establishment sizes",5,0,0,0,0,0,0,0
"28087",3,"921140",78,0,2007,2,"N","Lowndes County, Mississippi","Local Government","Executive and legislative offices, combined","County, NAICS 6-digit -- by ownership sector","All establishment sizes",5,0,0,0,0,0,0,0
"28087",3,"921140",78,0,2007,3,"N","Lowndes County, Mississippi","Local Government","Executive and legislative offices, combined","County, NAICS 6-digit -- by ownership sector","All establishment sizes",5,0,0,0,0,0,0,0
"28087",3,"921140",78,0,2007,4,"N","Lowndes County, Mississippi","Local Government","Executive and legislative offices, combined","County, NAICS 6-digit -- by ownership sector","All establishment sizes",5,0,0,0,0,0,0,0
"28087",3,926,75,0,2007,1,"N","Lowndes County, Mississippi","Local Government","Administration of economic programs","County, NAICS 3-digit -- by ownership sector","All establishment sizes",1,0,0,0,0,0,0,0
"28087",3,"926",75,0,2007,2,"N","Lowndes County, Mississippi","Local Government","Administration of economic programs","County, NAICS 3-digit -- by ownership sector","All establishment sizes",1,0,0,0,0,0,0,0
"28087",3,"926",75,0,2007,3,"N","Lowndes County, Mississippi","Local Government","Administration of economic programs","County, NAICS 3-digit -- by ownership sector","All establishment sizes",1,0,0,0,0,0,0,0
"28087",3,"926",75,0,2007,4,"N","Lowndes County, Mississippi","Local Government","Administration of economic programs","County, NAICS 3-digit -- by ownership sector","All establishment sizes",1,0,0,0,0,0,0,0
"28087",3,9261,76,0,2007,1,"N","Lowndes County, Mississippi","Local Government","Administration of economic programs","County, NAICS 4-digit -- by ownership sector","All establishment sizes",1,0,0,0,0,0,0,0
"28087",3,"9261",76,0,2007,2,"N","Lowndes County, Mississippi","Local Government","Administration of economic programs","County, NAICS 4-digit -- by ownership sector","All establishment sizes",1,0,0,0,0,0,0,0
"28087",3,"9261",76,0,2007,3,"N","Lowndes County, Mississippi","Local Government","Administration of economic programs","County, NAICS 4-digit -- by ownership sector","All establishment sizes",1,0,0,0,0,0,0,0
"28087",3,"9261",76,0,2007,4,"N","Lowndes County, Mississippi","Local Government","Administration of economic programs","County, NAICS 4-digit -- by ownership sector","All establishment sizes",1,0,0,0,0,0,0,0
"28087",3,92611,77,0,2007,1,"N","Lowndes County, Mississippi","Local Government","Administration of general economic programs","County, NAICS 5-digit -- by ownership sector","All establishment sizes",1,0,0,0,0,0,0,0
"28087",3,"92611",77,0,2007,2,"N","Lowndes County, Mississippi","Local Government","Administration of general economic programs","County, NAICS 5-digit -- by ownership sector","All establishment sizes",1,0,0,0,0,0,0,0
"28087",3,"92611",77,0,2007,3,"N","Lowndes County, Mississippi","Local Government","Administration of general economic programs","County, NAICS 5-digit -- by ownership sector","All establishment sizes",1,0,0,0,0,0,0,0
"28087",3,"92611",77,0,2007,4,"N","Lowndes County, Mississippi","Local Government","Administration of general economic programs","County, NAICS 5-digit -- by ownership sector","All establishment sizes",1,0,0,0,0,0,0,0
"28087",3,926110,78,0,2007,1,"N","Lowndes County, Mississippi","Local Government","Administration of general economic programs","County, NAICS 6-digit -- by ownership sector","All establishment sizes",1,0,0,0,0,0,0,0
"28087",3,"926110",78,0,2007,2,"N","Lowndes County, Mississippi","Local Government","Administration of general economic programs","County, NAICS 6-digit -- by ownership sector","All establishment sizes",1,0,0,0,0,0,0,0
"28087",3,"926110",78,0,2007,3,"N","Lowndes County, Mississippi","Local Government","Administration of general economic programs","County, NAICS 6-digit -- by ownership sector","All establishment sizes",1,0,0,0,0,0,0,0
"28087",3,"926110",78,0,2007,4,"N","Lowndes County, Mississippi","Local Government","Administration of general economic programs","County, NAICS 6-digit -- by ownership sector","All establishment sizes",1,0,0,0,0,0,0,0
"28087",5,10,71,0,2007,1,"","Lowndes County, Mississippi","Private","Total, all industries","County, Total -- by ownership sector","All establishment sizes",1530,21417,21293,21712,177027056,103913034,1453708,634
"28087",5,"10",71,0,2007,2,"","Lowndes County, Mississippi","Private","Total, all industries","County, Total -- by ownership sector","All establishment sizes",1543,21781,21988,22101,177091237,36324702,519168,620
"28087",5,"10",71,0,2007,3,"","Lowndes County, Mississippi","Private","Total, all industries","County, Total -- by ownership sector","All establishment sizes",1549,21859,21839,21335,178505983,20256687,295370,633
"28087",5,"10",71,0,2007,4,"","Lowndes County, Mississippi","Private","Total, all industries","County, Total -- by ownership sector","All establishment sizes",1549,21115,21359,21281,185735654,16298893,243026,672
"28087",5,101,72,0,2007,1,"","Lowndes County, Mississippi","Private","Goods-Producing","County, by Domain -- by ownership sector","All establishment sizes",272,6556,6391,6569,76092764,41876687,724741,900
"28087",5,"101",72,0,2007,2,"","Lowndes County, Mississippi","Private","Goods-Producing","County, by Domain -- by ownership sector","All establishment sizes",279,6656,6782,6881,76446485,12574818,213109,868
"28087",5,"101",72,0,2007,3,"","Lowndes County, Mississippi","Private","Goods-Producing","County, by Domain -- by ownership sector","All establishment sizes",273,6744,6574,6272,74641825,6043360,107030,879
"28087",5,"101",72,0,2007,4,"","Lowndes County, Mississippi","Private","Goods-Producing","County, by Domain -- by ownership sector","All establishment sizes",276,6069,6004,5985,78043138,4047472,72290,997
"28087",5,1011,73,0,2007,1,"","Lowndes County, Mississippi","Private","Natural Resources and Mining","County, by Supersector -- by ownership sector","All establishment sizes",21,147,154,165,2403493,1298594,16195,1190
"28087",5,"1011",73,0,2007,2,"","Lowndes County, Mississippi","Private","Natural Resources and Mining","County, by Supersector -- by ownership sector","All establishment sizes",21,172,171,176,2093739,243332,3020,931
"28087",5,"1011",73,0,2007,3,"","Lowndes County, Mississippi","Private","Natural Resources and Mining","County, by Supersector -- by ownership sector","All establishment sizes",20,179,176,172,2467872,118649,1132,1081
"28087",5,"1011",73,0,2007,4,"","Lowndes County, Mississippi","Private","Natural Resources and Mining","County, by Supersector -- by ownership sector","All establishment sizes",21,179,189,189,2845323,151942,1412,1179
"28087",5,1012,73,0,2007,1,"","Lowndes County, Mississippi","Private","Construction","County, by Supersector -- by ownership sector","All establishment sizes",174,2439,2312,2332,23427882,14942342,227798,763
"28087",5,"1012",73,0,2007,2,"","Lowndes County, Mississippi","Private","Construction","County, by Supersector -- by ownership sector","All establishment sizes",180,2399,2502,2571,28331279,7008597,94511,875
"28087",5,"1012",73,0,2007,3,"","Lowndes County, Mississippi","Private","Construction","County, by Supersector -- by ownership sector","All establishment sizes",176,2410,2178,1949,23829930,2945580,46395,841
"28087",5,"1012",73,0,2007,4,"","Lowndes County, Mississippi","Private","Construction","County, by Supersector -- by ownership sector","All establishment sizes",176,1729,1598,1553,18075093,1377877,24500,855
"28087",5,1013,73,0,2007,1,"","Lowndes County, Mississippi","Private","Manufacturing","County, by Supersector -- by ownership sector","All establishment sizes",77,3970,3925,4072,50261389,25635751,480748,969
"28087",5,"1013",73,0,2007,2,"","Lowndes County, Mississippi","Private","Manufacturing","County, by Supersector -- by ownership sector","All establishment sizes",78,4085,4109,4134,46021467,5322889,115578,861
"28087",5,"1013",73,0,2007,3,"","Lowndes County, Mississippi","Private","Manufacturing","County, by Supersector -- by ownership sector","All establishment sizes",77,4155,4220,4151,48344023,2979131,59503,891
"28087",5,"1013",73,0,2007,4,"","Lowndes County, Mississippi","Private","Manufacturing","County, by Supersector -- by ownership sector","All establishment sizes",79,4161,4217,4243,57122722,2517653,46378,1044
"28087",5,102,72,0,2007,1,"","Lowndes County, Mississippi","Private","Service-Providing","County, by Domain -- by ownership sector","All establishment sizes",1258,14861,14902,15143,100934292,62036347,728967,519
"28087",5,"102",72,0,2007,2,"","Lowndes County, Mississippi","Private","Service-Providing","County, by Domain -- by ownership sector","All establishment sizes",1264,15125,15206,15220,100644752,23749884,306059,510
"28087",5,"102",72,0,2007,3,"","Lowndes County, Mississippi","Private","Service-Providing","County, by Domain -- by ownership sector","All establishment sizes",1276,15115,15265,15063,103864158,14213327,188340,527
"28087",5,"102",72,0,2007,4,"","Lowndes County, Mississippi","Private","Service-Providing","County, by Domain -- by ownership sector","All establishment sizes",1273,15046,15355,15296,107692516,12251421,170736,544
"28087",5,1021,73,0,2007,1,"","Lowndes County, Mississippi","Private","Trade, Transportation, and Utilities","County, by Supersector -- by ownership sector","All establishment sizes",453,5896,5878,5960,44143848,29621547,329697,574
"28087",5,"1021",73,0,2007,2,"","Lowndes County, Mississippi","Private","Trade, Transportation, and Utilities","County, by Supersector -- by ownership sector","All establishment sizes",459,5995,6018,6014,43180569,9167478,111715,553
"28087",5,"1021",73,0,2007,3,"","Lowndes County, Mississippi","Private","Trade, Transportation, and Utilities","County, by Supersector -- by ownership sector","All establishment sizes",460,5979,5965,5909,44294879,5106401,60071,573
"28087",5,"1021",73,0,2007,4,"","Lowndes County, Mississippi","Private","Trade, Transportation, and Utilities","County, by Supersector -- by ownership sector","All establishment sizes",456,5834,5927,5949,45154922,4140464,51482,588
"28087",5,1022,73,0,2007,1,"","Lowndes County, Mississippi","Private","Information","County, by Supersector -- by ownership sector","All establishment sizes",22,295,302,303,2606910,1649739,22282,668
"28087",5,"1022",73,0,2007,2,"","Lowndes County, Mississippi","Private","Information","County, by Supersector -- by ownership sector","All establishment sizes",21,300,299,299,2348412,329762,4606,603
"28087",5,"1022",73,0,2007,3,"","Lowndes County, Mississippi","Private","Information","County, by Supersector -- by ownership sector","All establishment sizes",19,303,303,309,2489507,250217,3459,628
"28087",5,"1022",73,0,2007,4,"","Lowndes County, Mississippi","Private","Information","County, by Supersector -- by ownership sector","All establishment sizes",19,302,300,301,2490479,166358,2214,636
"28087",5,1023,73,0,2007,1,"","Lowndes County, Mississippi","Private","Financial Activities","County, by Supersector -- by ownership sector","All establishment sizes",173,744,746,751,6427889,3875085,37127,662
"28087",5,"1023",73,0,2007,2,"","Lowndes County, Mississippi","Private","Financial Activities","County, by Supersector -- by ownership sector","All establishment sizes",175,757,765,772,6348305,1097707,11743,639
"28087",5,"1023",73,0,2007,3,"","Lowndes County, Mississippi","Private","Financial Activities","County, by Supersector -- by ownership sector","All establishment sizes",179,773,758,766,6503321,644412,8273,653
"28087",5,"1023",73,0,2007,4,"","Lowndes County, Mississippi","Private","Financial Activities","County, by Supersector -- by ownership sector","All establishment sizes",178,804,813,822,7776311,841991,13284,736
"28087",5,1024,73,0,2007,1,"","Lowndes County, Mississippi","Private","Professional and Business Services","County, by Supersector -- by ownership sector","All establishment sizes",177,2032,2053,2103,12672317,9068058,117154,473
"28087",5,"1024",73,0,2007,2,"","Lowndes County, Mississippi","Private","Professional and Business Services","County, by Supersector -- by ownership sector","All establishment sizes",179,1985,1979,1905,13624246,3865389,59094,536
"28087",5,"1024",73,0,2007,3,"","Lowndes County, Mississippi","Private","Professional and Business Services","County, by Supersector -- by ownership sector","All establishment sizes",184,1896,1997,1854,12740611,2728061,45511,512
"28087",5,"1024",73,0,2007,4,"","Lowndes County, Mississippi","Private","Professional and Business Services","County, by Supersector -- by ownership sector","All establishment sizes",183,1818,1819,1760,13335661,2332204,36255,570
"28087",5,1025,73,0,2007,1,"","Lowndes County, Mississippi","Private","Education and Health Services","County, by Supersector -- by ownership sector","All establishment sizes",160,3017,3042,3100,24331991,9192848,118566,613
"28087",5,"1025",73,0,2007,2,"","Lowndes County, Mississippi","Private","Education and Health Services","County, by Supersector -- by ownership sector","All establishment sizes",157,3070,3104,3017,23872038,4050435,57162,599
"28087",5,"1025",73,0,2007,3,"","Lowndes County, Mississippi","Private","Education and Health Services","County, by Supersector -- by ownership sector","All establishment sizes",158,3022,3109,3153,26375132,1688466,26808,656
"28087",5,"1025",73,0,2007,4,"","Lowndes County, Mississippi","Private","Education and Health Services","County, by Supersector -- by ownership sector","All establishment sizes",158,3175,3153,3167,26413260,1544362,26601,642
"28087",5,1026,73,0,2007,1,"","Lowndes County, Mississippi","Private","Leisure and Hospitality","County, by Supersector -- by ownership sector","All establishment sizes",133,2140,2154,2181,5813981,5189692,65219,207
"28087",5,"1026",73,0,2007,2,"","Lowndes County, Mississippi","Private","Leisure and Hospitality","County, by Supersector -- by ownership sector","All establishment sizes",131,2262,2283,2411,6162977,4055027,49137,204
"28087",5,"1026",73,0,2007,3,"","Lowndes County, Mississippi","Private","Leisure and Hospitality","County, by Supersector -- by ownership sector","All establishment sizes",130,2356,2350,2290,6124674,2924804,33484,202
"28087",5,"1026",73,0,2007,4,"","Lowndes County, Mississippi","Private","Leisure and Hospitality","County, by Supersector -- by ownership sector","All establishment sizes",131,2324,2551,2508,6602517,2545579,31880,206
"28087",5,1027,73,0,2007,1,"","Lowndes County, Mississippi","Private","Other Services","County, by Supersector -- by ownership sector","All establishment sizes",140,737,727,745,4937356,3439378,38922,516
"28087",5,"1027",73,0,2007,2,"","Lowndes County, Mississippi","Private","Other Services","County, by Supersector -- by ownership sector","All establishment sizes",142,756,758,802,5108205,1184086,12602,509
"28087",5,"1027",73,0,2007,3,"","Lowndes County, Mississippi","Private","Other Services","County, by Supersector -- by ownership sector","All establishment sizes",146,786,783,782,5336034,870966,10734,524
"28087",5,"1027",73,0,2007,4,"","Lowndes County, Mississippi","Private","Other Services","County, by Supersector -- by ownership sector","All establishment sizes",148,789,792,789,5919366,680463,9020,576
"28087",5,11,74,0,2007,1,"","Lowndes County, Mississippi","Private","Agriculture, forestry, fishing and hunting","County, NAICS Sector -- by ownership sector","All establishment sizes",16,106,112,121,1744226,949187,10563,1187
"28087",5,"11",74,0,2007,2,"","Lowndes County, Mississippi","Private","Agriculture, forestry, fishing and hunting","County, NAICS Sector -- by ownership sector","All establishment sizes",16,126,125,129,1289086,190097,2663,783
"28087",5,"11",74,0,2007,3,"","Lowndes County, Mississippi","Private","Agriculture, forestry, fishing and hunting","County, NAICS Sector -- by ownership sector","All establishment sizes",15,127,121,118,1402340,79243,904,884
"28087",5,"11",74,0,2007,4,"","Lowndes County, Mississippi","Private","Agriculture, forestry, fishing and hunting","County, NAICS Sector -- by ownership sector","All establishment sizes",16,123,130,131,1512856,82065,1004,909
"28087",5,111,75,0,2007,1,"N","Lowndes County, Mississippi","Private","Crop production","County, NAICS 3-digit -- by ownership sector","All establishment sizes",1,0,0,0,0,0,0,0
"28087",5,"111",75,0,2007,2,"N","Lowndes County, Mississippi","Private","Crop production","County, NAICS 3-digit -- by ownership sector","All establishment sizes",1,0,0,0,0,0,0,0
"28087",5,"111",75,0,2007,3,"N","Lowndes County, Mississippi","Private","Crop production","County, NAICS 3-digit -- by ownership sector","All establishment sizes",1,0,0,0,0,0,0,0
"28087",5,"111",75,0,2007,4,"N","Lowndes County, Mississippi","Private","Crop production","County, NAICS 3-digit -- by ownership sector","All establishment sizes",1,0,0,0,0,0,0,0
"28087",5,1111,76,0,2007,1,"N","Lowndes County, Mississippi","Private","Oilseed and grain farming","County, NAICS 4-digit -- by ownership sector","All establishment sizes",1,0,0,0,0,0,0,0
"28087",5,"1111",76,0,2007,2,"N","Lowndes County, Mississippi","Private","Oilseed and grain farming","County, NAICS 4-digit -- by ownership sector","All establishment sizes",1,0,0,0,0,0,0,0
"28087",5,"1111",76,0,2007,3,"N","Lowndes County, Mississippi","Private","Oilseed and grain farming","County, NAICS 4-digit -- by ownership sector","All establishment sizes",1,0,0,0,0,0,0,0
"28087",5,"1111",76,0,2007,4,"N","Lowndes County, Mississippi","Private","Oilseed and grain farming","County, NAICS 4-digit -- by ownership sector","All establishment sizes",1,0,0,0,0,0,0,0
"28087",5,11119,77,0,2007,1,"N","Lowndes County, Mississippi","Private","Other grain farming","County, NAICS 5-digit -- by ownership sector","All establishment sizes",1,0,0,0,0,0,0,0
"28087",5,"11119",77,0,2007,2,"N","Lowndes County, Mississippi","Private","Other grain farming","County, NAICS 5-digit -- by ownership sector","All establishment sizes",1,0,0,0,0,0,0,0
"28087",5,"11119",77,0,2007,3,"N","Lowndes County, Mississippi","Private","Other grain farming","County, NAICS 5-digit -- by ownership sector","All establishment sizes",1,0,0,0,0,0,0,0
"28087",5,"11119",77,0,2007,4,"N","Lowndes County, Mississippi","Private","Other grain farming","County, NAICS 5-digit -- by ownership sector","All establishment sizes",1,0,0,0,0,0,0,0
"28087",5,111191,78,0,2007,1,"N","Lowndes County, Mississippi","Private","Oilseed and grain combination farming","County, NAICS 6-digit -- by ownership sector","All establishment sizes",1,0,0,0,0,0,0,0
"28087",5,"111191",78,0,2007,2,"N","Lowndes County, Mississippi","Private","Oilseed and grain combination farming","County, NAICS 6-digit -- by ownership sector","All establishment sizes",1,0,0,0,0,0,0,0
"28087",5,"111191",78,0,2007,3,"N","Lowndes County, Mississippi","Private","Oilseed and grain combination farming","County, NAICS 6-digit -- by ownership sector","All establishment sizes",1,0,0,0,0,0,0,0
"28087",5,"111191",78,0,2007,4,"N","Lowndes County, Mississippi","Private","Oilseed and grain combination farming","County, NAICS 6-digit -- by ownership sector","All establishment sizes",1,0,0,0,0,0,0,0
"28087",5,112,75,0,2007,1,"","Lowndes County, Mississippi","Private","Animal production","County, NAICS 3-digit -- by ownership sector","All establishment sizes",5,35,37,39,243269,202253,1531,506
"28087",5,"112",75,0,2007,2,"","Lowndes County, Mississippi","Private","Animal production","County, NAICS 3-digit -- by ownership sector","All establishment sizes",5,41,43,45,271624,62931,443,486
"28087",5,"112",75,0,2007,3,"","Lowndes County, Mississippi","Private","Animal production","County, NAICS 3-digit -- by ownership sector","All establishment sizes",5,46,42,42,297991,35605,241,529
"28087",5,"112",75,0,2007,4,"","Lowndes County, Mississippi","Private","Animal production","County, NAICS 3-digit -- by ownership sector","All establishment sizes",5,42,45,45,315870,32027,240,552
"28087",5,1121,76,0,2007,1,"N","Lowndes County, Mississippi","Private","Cattle ranching and farming","County, NAICS 4-digit -- by ownership sector","All establishment sizes",1,0,0,0,0,0,0,0
"28087",5,"1121",76,0,2007,2,"N","Lowndes County, Mississippi","Private","Cattle ranching and farming","County, NAICS 4-digit -- by ownership sector","All establishment sizes",1,0,0,0,0,0,0,0
"28087",5,"1121",76,0,2007,3,"N","Lowndes County, Mississippi","Private","Cattle ranching and farming","County, NAICS 4-digit -- by ownership sector","All establishment sizes",1,0,0,0,0,0,0,0
"28087",5,"1121",76,0,2007,4,"N","Lowndes County, Mississippi","Private","Cattle ranching and farming","County, NAICS 4-digit -- by ownership sector","All establishment sizes",1,0,0,0,0,0,0,0
"28087",5,11211,77,0,2007,1,"N","Lowndes County, Mississippi","Private","Beef cattle ranching, farming, and feedlots","County, NAICS 5-digit -- by ownership sector","All establishment sizes",1,0,0,0,0,0,0,0
"28087",5,"11211",77,0,2007,2,"N","Lowndes County, Mississippi","Private","Beef cattle ranching, farming, and feedlots","County, NAICS 5-digit -- by ownership sector","All establishment sizes",1,0,0,0,0,0,0,0
"28087",5,"11211",77,0,2007,3,"N","Lowndes County, Mississippi","Private","Beef cattle ranching, farming, and feedlots","County, NAICS 5-digit -- by ownership sector","All establishment sizes",1,0,0,0,0,0,0,0
"28087",5,"11211",77,0,2007,4,"N","Lowndes County, Mississippi","Private","Beef cattle ranching, farming, and feedlots","County, NAICS 5-digit -- by ownership sector","All establishment sizes",1,0,0,0,0,0,0,0
"28087",5,112111,78,0,2007,1,"N","Lowndes County, Mississippi","Private","Beef cattle ranching and farming","County, NAICS 6-digit -- by ownership sector","All establishment sizes",1,0,0,0,0,0,0,0
"28087",5,"112111",78,0,2007,2,"N","Lowndes County, Mississippi","Private","Beef cattle ranching and farming","County, NAICS 6-digit -- by ownership sector","All establishment sizes",1,0,0,0,0,0,0,0
"28087",5,"112111",78,0,2007,3,"N","Lowndes County, Mississippi","Private","Beef cattle ranching and farming","County, NAICS 6-digit -- by ownership sector","All establishment sizes",1,0,0,0,0,0,0,0
"28087",5,"112111",78,0,2007,4,"N","Lowndes County, Mississippi","Private","Beef cattle ranching and farming","County, NAICS 6-digit -- by ownership sector","All establishment sizes",1,0,0,0,0,0,0,0
"28087",5,1122,76,0,2007,1,"N","Lowndes County, Mississippi","Private","Hog and pig farming","County, NAICS 4-digit -- by ownership sector","All establishment sizes",2,0,0,0,0,0,0,0
"28087",5,"1122",76,0,2007,2,"N","Lowndes County, Mississippi","Private","Hog and pig farming","County, NAICS 4-digit -- by ownership sector","All establishment sizes",2,0,0,0,0,0,0,0
"28087",5,"1122",76,0,2007,3,"N","Lowndes County, Mississippi","Private","Hog and pig farming","County, NAICS 4-digit -- by ownership sector","All establishment sizes",2,0,0,0,0,0,0,0
"28087",5,"1122",76,0,2007,4,"N","Lowndes County, Mississippi","Private","Hog and pig farming","County, NAICS 4-digit -- by ownership sector","All establishment sizes",2,0,0,0,0,0,0,0
"28087",5,11221,77,0,2007,1,"N","Lowndes County, Mississippi","Private","Hog and pig farming","County, NAICS 5-digit -- by ownership sector","All establishment sizes",2,0,0,0,0,0,0,0
"28087",5,"11221",77,0,2007,2,"N","Lowndes County, Mississippi","Private","Hog and pig farming","County, NAICS 5-digit -- by ownership sector","All establishment sizes",2,0,0,0,0,0,0,0
"28087",5,"11221",77,0,2007,3,"N","Lowndes County, Mississippi","Private","Hog and pig farming","County, NAICS 5-digit -- by ownership sector","All establishment sizes",2,0,0,0,0,0,0,0
"28087",5,"11221",77,0,2007,4,"N","Lowndes County, Mississippi","Private","Hog and pig farming","County, NAICS 5-digit -- by ownership sector","All establishment sizes",2,0,0,0,0,0,0,0
"28087",5,112210,78,0,2007,1,"N","Lowndes County, Mississippi","Private","Hog and pig farming","County, NAICS 6-digit -- by ownership sector","All establishment sizes",2,0,0,0,0,0,0,0
"28087",5,"112210",78,0,2007,2,"N","Lowndes County, Mississippi","Private","Hog and pig farming","County, NAICS 6-digit -- by ownership sector","All establishment sizes",2,0,0,0,0,0,0,0
"28087",5,"112210",78,0,2007,3,"N","Lowndes County, Mississippi","Private","Hog and pig farming","County, NAICS 6-digit -- by ownership sector","All establishment sizes",2,0,0,0,0,0,0,0
"28087",5,"112210",78,0,2007,4,"N","Lowndes County, Mississippi","Private","Hog and pig farming","County, NAICS 6-digit -- by ownership sector","All establishment sizes",2,0,0,0,0,0,0,0
"28087",5,1125,76,0,2007,1,"N","Lowndes County, Mississippi","Private","Aquaculture","County, NAICS 4-digit -- by ownership sector","All establishment sizes",2,0,0,0,0,0,0,0
"28087",5,"1125",76,0,2007,2,"N","Lowndes County, Mississippi","Private","Aquaculture","County, NAICS 4-digit -- by ownership sector","All establishment sizes",2,0,0,0,0,0,0,0
"28087",5,"1125",76,0,2007,3,"N","Lowndes County, Mississippi","Private","Aquaculture","County, NAICS 4-digit -- by ownership sector","All establishment sizes",2,0,0,0,0,0,0,0
"28087",5,"1125",76,0,2007,4,"N","Lowndes County, Mississippi","Private","Aquaculture","County, NAICS 4-digit -- by ownership sector","All establishment sizes",2,0,0,0,0,0,0,0
"28087",5,11251,77,0,2007,1,"N","Lowndes County, Mississippi","Private","Aquaculture","County, NAICS 5-digit -- by ownership sector","All establishment sizes",2,0,0,0,0,0,0,0
"28087",5,"11251",77,0,2007,2,"N","Lowndes County, Mississippi","Private","Aquaculture","County, NAICS 5-digit -- by ownership sector","All establishment sizes",2,0,0,0,0,0,0,0
"28087",5,"11251",77,0,2007,3,"N","Lowndes County, Mississippi","Private","Aquaculture","County, NAICS 5-digit -- by ownership sector","All establishment sizes",2,0,0,0,0,0,0,0
"28087",5,"11251",77,0,2007,4,"N","Lowndes County, Mississippi","Private","Aquaculture","County, NAICS 5-digit -- by ownership sector","All establishment sizes",2,0,0,0,0,0,0,0
"28087",5,112511,78,0,2007,1,"N","Lowndes County, Mississippi","Private","Finfish farming and fish hatcheries","County, NAICS 6-digit -- by ownership sector","All establishment sizes",2,0,0,0,0,0,0,0
"28087",5,"112511",78,0,2007,2,"N","Lowndes County, Mississippi","Private","Finfish farming and fish hatcheries","County, NAICS 6-digit -- by ownership sector","All establishment sizes",2,0,0,0,0,0,0,0
"28087",5,"112511",78,0,2007,3,"N","Lowndes County, Mississippi","Private","Finfish farming and fish hatcheries","County, NAICS 6-digit -- by ownership sector","All establishment sizes",2,0,0,0,0,0,0,0
"28087",5,"112511",78,0,2007,4,"N","Lowndes County, Mississippi","Private","Finfish farming and fish hatcheries","County, NAICS 6-digit -- by ownership sector","All establishment sizes",2,0,0,0,0,0,0,0
"28087",5,113,75,0,2007,1,"","Lowndes County, Mississippi","Private","Forestry and logging","County, NAICS 3-digit -- by ownership sector","All establishment sizes",7,59,61,64,1386903,671180,8304,1739
"28087",5,"113",75,0,2007,2,"","Lowndes County, Mississippi","Private","Forestry and logging","County, NAICS 3-digit -- by ownership sector","All establishment sizes",7,64,67,70,902993,88588,1878,1037
"28087",5,"113",75,0,2007,3,"","Lowndes County, Mississippi","Private","Forestry and logging","County, NAICS 3-digit -- by ownership sector","All establishment sizes",6,64,63,63,960648,30216,399,1167
"28087",5,"113",75,0,2007,4,"","Lowndes County, Mississippi","Private","Forestry and logging","County, NAICS 3-digit -- by ownership sector","All establishment sizes",6,65,67,68,1011049,20725,226,1167
"28087",5,1131,76,0,2007,1,"N","Lowndes County, Mississippi","Private","Timber tract operations","County, NAICS 4-digit -- by ownership sector","All establishment sizes",2,0,0,0,0,0,0,0
"28087",5,"1131",76,0,2007,2,"N","Lowndes County, Mississippi","Private","Timber tract operations","County, NAICS 4-digit -- by ownership sector","All establishment sizes",2,0,0,0,0,0,0,0
"28087",5,"1131",76,0,2007,3,"N","Lowndes County, Mississippi","Private","Timber tract operations","County, NAICS 4-digit -- by ownership sector","All establishment sizes",2,0,0,0,0,0,0,0
"28087",5,"1131",76,0,2007,4,"N","Lowndes County, Mississippi","Private","Timber tract operations","County, NAICS 4-digit -- by ownership sector","All establishment sizes",2,0,0,0,0,0,0,0
"28087",5,11311,77,0,2007,1,"N","Lowndes County, Mississippi","Private","Timber tract operations","County, NAICS 5-digit -- by ownership sector","All establishment sizes",2,0,0,0,0,0,0,0
"28087",5,"11311",77,0,2007,2,"N","Lowndes County, Mississippi","Private","Timber tract operations","County, NAICS 5-digit -- by ownership sector","All establishment sizes",2,0,0,0,0,0,0,0
"28087",5,"11311",77,0,2007,3,"N","Lowndes County, Mississippi","Private","Timber tract operations","County, NAICS 5-digit -- by ownership sector","All establishment sizes",2,0,0,0,0,0,0,0
"28087",5,"11311",77,0,2007,4,"N","Lowndes County, Mississippi","Private","Timber tract operations","County, NAICS 5-digit -- by ownership sector","All establishment sizes",2,0,0,0,0,0,0,0
"28087",5,113110,78,0,2007,1,"N","Lowndes County, Mississippi","Private","Timber tract operations","County, NAICS 6-digit -- by ownership sector","All establishment sizes",2,0,0,0,0,0,0,0
"28087",5,"113110",78,0,2007,2,"N","Lowndes County, Mississippi","Private","Timber tract operations","County, NAICS 6-digit -- by ownership sector","All establishment sizes",2,0,0,0,0,0,0,0
"28087",5,"113110",78,0,2007,3,"N","Lowndes County, Mississippi","Private","Timber tract operations","County, NAICS 6-digit -- by ownership sector","All establishment sizes",2,0,0,0,0,0,0,0
"28087",5,"113110",78,0,2007,4,"N","Lowndes County, Mississippi","Private","Timber tract operations","County, NAICS 6-digit -- by ownership sector","All establishment sizes",2,0,0,0,0,0,0,0
"28087",5,1133,76,0,2007,1,"N","Lowndes County, Mississippi","Private","Logging","County, NAICS 4-digit -- by ownership sector","All establishment sizes",5,0,0,0,0,0,0,0
"28087",5,"1133",76,0,2007,2,"N","Lowndes County, Mississippi","Private","Logging","County, NAICS 4-digit -- by ownership sector","All establishment sizes",5,0,0,0,0,0,0,0
"28087",5,"1133",76,0,2007,3,"N","Lowndes County, Mississippi","Private","Logging","County, NAICS 4-digit -- by ownership sector","All establishment sizes",4,0,0,0,0,0,0,0
"28087",5,"1133",76,0,2007,4,"N","Lowndes County, Mississippi","Private","Logging","County, NAICS 4-digit -- by ownership sector","All establishment sizes",4,0,0,0,0,0,0,0
"28087",5,11331,77,0,2007,1,"N","Lowndes County, Mississippi","Private","Logging","County, NAICS 5-digit -- by ownership sector","All establishment sizes",5,0,0,0,0,0,0,0
"28087",5,"11331",77,0,2007,2,"N","Lowndes County, Mississippi","Private","Logging","County, NAICS 5-digit -- by ownership sector","All establishment sizes",5,0,0,0,0,0,0,0
"28087",5,"11331",77,0,2007,3,"N","Lowndes County, Mississippi","Private","Logging","County, NAICS 5-digit -- by ownership sector","All establishment sizes",4,0,0,0,0,0,0,0
"28087",5,"11331",77,0,2007,4,"N","Lowndes County, Mississippi","Private","Logging","County, NAICS 5-digit -- by ownership sector","All establishment sizes",4,0,0,0,0,0,0,0
"28087",5,113310,78,0,2007,1,"N","Lowndes County, Mississippi","Private","Logging","County, NAICS 6-digit -- by ownership sector","All establishment sizes",5,0,0,0,0,0,0,0
"28087",5,"113310",78,0,2007,2,"N","Lowndes County, Mississippi","Private","Logging","County, NAICS 6-digit -- by ownership sector","All establishment sizes",5,0,0,0,0,0,0,0
"28087",5,"113310",78,0,2007,3,"N","Lowndes County, Mississippi","Private","Logging","County, NAICS 6-digit -- by ownership sector","All establishment sizes",4,0,0,0,0,0,0,0
"28087",5,"113310",78,0,2007,4,"N","Lowndes County, Mississippi","Private","Logging","County, NAICS 6-digit -- by ownership sector","All establishment sizes",4,0,0,0,0,0,0,0
"28087",5,115,75,0,2007,1,"N","Lowndes County, Mississippi","Private","Agriculture and forestry support activities","County, NAICS 3-digit -- by ownership sector","All establishment sizes",3,0,0,0,0,0,0,0
"28087",5,"115",75,0,2007,2,"N","Lowndes County, Mississippi","Private","Agriculture and forestry support activities","County, NAICS 3-digit -- by ownership sector","All establishment sizes",3,0,0,0,0,0,0,0
"28087",5,"115",75,0,2007,3,"N","Lowndes County, Mississippi","Private","Agriculture and forestry support activities","County, NAICS 3-digit -- by ownership sector","All establishment sizes",3,0,0,0,0,0,0,0
"28087",5,"115",75,0,2007,4,"N","Lowndes County, Mississippi","Private","Agriculture and forestry support activities","County, NAICS 3-digit -- by ownership sector","All establishment sizes",4,0,0,0,0,0,0,0
"28087",5,1151,76,0,2007,1,"N","Lowndes County, Mississippi","Private","Support activities for crop production","County, NAICS 4-digit -- by ownership sector","All establishment sizes",1,0,0,0,0,0,0,0
"28087",5,"1151",76,0,2007,2,"N","Lowndes County, Mississippi","Private","Support activities for crop production","County, NAICS 4-digit -- by ownership sector","All establishment sizes",1,0,0,0,0,0,0,0
"28087",5,"1151",76,0,2007,3,"N","Lowndes County, Mississippi","Private","Support activities for crop production","County, NAICS 4-digit -- by ownership sector","All establishment sizes",1,0,0,0,0,0,0,0
"28087",5,"1151",76,0,2007,4,"N","Lowndes County, Mississippi","Private","Support activities for crop production","County, NAICS 4-digit -- by ownership sector","All establishment sizes",1,0,0,0,0,0,0,0
"28087",5,11511,77,0,2007,1,"N","Lowndes County, Mississippi","Private","Support activities for crop production","County, NAICS 5-digit -- by ownership sector","All establishment sizes",1,0,0,0,0,0,0,0
"28087",5,"11511",77,0,2007,2,"N","Lowndes County, Mississippi","Private","Support activities for crop production","County, NAICS 5-digit -- by ownership sector","All establishment sizes",1,0,0,0,0,0,0,0
"28087",5,"11511",77,0,2007,3,"N","Lowndes County, Mississippi","Private","Support activities for crop production","County, NAICS 5-digit -- by ownership sector","All establishment sizes",1,0,0,0,0,0,0,0
"28087",5,"11511",77,0,2007,4,"N","Lowndes County, Mississippi","Private","Support activities for crop production","County, NAICS 5-digit -- by ownership sector","All establishment sizes",1,0,0,0,0,0,0,0
"28087",5,115112,78,0,2007,1,"N","Lowndes County, Mississippi","Private","Soil preparation, planting, and cultivating","County, NAICS 6-digit -- by ownership sector","All establishment sizes",1,0,0,0,0,0,0,0
"28087",5,"115112",78,0,2007,2,"N","Lowndes County, Mississippi","Private","Soil preparation, planting, and cultivating","County, NAICS 6-digit -- by ownership sector","All establishment sizes",1,0,0,0,0,0,0,0
"28087",5,"115112",78,0,2007,3,"N","Lowndes County, Mississippi","Private","Soil preparation, planting, and cultivating","County, NAICS 6-digit -- by ownership sector","All establishment sizes",1,0,0,0,0,0,0,0
"28087",5,"115112",78,0,2007,4,"N","Lowndes County, Mississippi","Private","Soil preparation, planting, and cultivating","County, NAICS 6-digit -- by ownership sector","All establishment sizes",1,0,0,0,0,0,0,0
"28087",5,1153,76,0,2007,1,"N","Lowndes County, Mississippi","Private","Support activities for forestry","County, NAICS 4-digit -- by ownership sector","All establishment sizes",2,0,0,0,0,0,0,0
"28087",5,"1153",76,0,2007,2,"N","Lowndes County, Mississippi","Private","Support activities for forestry","County, NAICS 4-digit -- by ownership sector","All establishment sizes",2,0,0,0,0,0,0,0
"28087",5,"1153",76,0,2007,3,"N","Lowndes County, Mississippi","Private","Support activities for forestry","County, NAICS 4-digit -- by ownership sector","All establishment sizes",2,0,0,0,0,0,0,0
"28087",5,"1153",76,0,2007,4,"","Lowndes County, Mississippi","Private","Support activities for forestry","County, NAICS 4-digit -- by ownership sector","All establishment sizes",3,8,10,9,68826,24649,519,588
"28087",5,11531,77,0,2007,1,"N","Lowndes County, Mississippi","Private","Support activities for forestry","County, NAICS 5-digit -- by ownership sector","All establishment sizes",2,0,0,0,0,0,0,0
"28087",5,"11531",77,0,2007,2,"N","Lowndes County, Mississippi","Private","Support activities for forestry","County, NAICS 5-digit -- by ownership sector","All establishment sizes",2,0,0,0,0,0,0,0
"28087",5,"11531",77,0,2007,3,"N","Lowndes County, Mississippi","Private","Support activities for forestry","County, NAICS 5-digit -- by ownership sector","All establishment sizes",2,0,0,0,0,0,0,0
"28087",5,"11531",77,0,2007,4,"","Lowndes County, Mississippi","Private","Support activities for forestry","County, NAICS 5-digit -- by ownership sector","All establishment sizes",3,8,10,9,68826,24649,519,588
"28087",5,115310,78,0,2007,1,"N","Lowndes County, Mississippi","Private","Support activities for forestry","County, NAICS 6-digit -- by ownership sector","All establishment sizes",2,0,0,0,0,0,0,0
"28087",5,"115310",78,0,2007,2,"N","Lowndes County, Mississippi","Private","Support activities for forestry","County, NAICS 6-digit -- by ownership sector","All establishment sizes",2,0,0,0,0,0,0,0
"28087",5,"115310",78,0,2007,3,"N","Lowndes County, Mississippi","Private","Support activities for forestry","County, NAICS 6-digit -- by ownership sector","All establishment sizes",2,0,0,0,0,0,0,0
"28087",5,"115310",78,0,2007,4,"","Lowndes County, Mississippi","Private","Support activities for forestry","County, NAICS 6-digit -- by ownership sector","All establishment sizes",3,8,10,9,68826,24649,519,588
"28087",5,21,74,0,2007,1,"","Lowndes County, Mississippi","Private","Mining, quarrying, and oil and gas extraction","County, NAICS Sector -- by ownership sector","All establishment sizes",5,41,42,44,659267,349407,5632,1198
"28087",5,"21",74,0,2007,2,"","Lowndes County, Mississippi","Private","Mining, quarrying, and oil and gas extraction","County, NAICS Sector -- by ownership sector","All establishment sizes",5,46,46,47,804653,53235,357,1336
"28087",5,"21",74,0,2007,3,"","Lowndes County, Mississippi","Private","Mining, quarrying, and oil and gas extraction","County, NAICS Sector -- by ownership sector","All establishment sizes",5,52,55,54,1065532,39406,228,1527
"28087",5,"21",74,0,2007,4,"","Lowndes County, Mississippi","Private","Mining, quarrying, and oil and gas extraction","County, NAICS Sector -- by ownership sector","All establishment sizes",5,56,59,58,1332467,69877,408,1777
"28087",5,212,75,0,2007,1,"N","Lowndes County, Mississippi","Private","Mining, except oil and gas","County, NAICS 3-digit -- by ownership sector","All establishment sizes",4,0,0,0,0,0,0,0
"28087",5,"212",75,0,2007,2,"N","Lowndes County, Mississippi","Private","Mining, except oil and gas","County, NAICS 3-digit -- by ownership sector","All establishment sizes",4,0,0,0,0,0,0,0
"28087",5,"212",75,0,2007,3,"N","Lowndes County, Mississippi","Private","Mining, except oil and gas","County, NAICS 3-digit -- by ownership sector","All establishment sizes",4,0,0,0,0,0,0,0
"28087",5,"212",75,0,2007,4,"N","Lowndes County, Mississippi","Private","Mining, except oil and gas","County, NAICS 3-digit -- by ownership sector","All establishment sizes",4,0,0,0,0,0,0,0
"28087",5,2123,76,0,2007,1,"N","Lowndes County, Mississippi","Private","Nonmetallic mineral mining and quarrying","County, NAICS 4-digit -- by ownership sector","All establishment sizes",4,0,0,0,0,0,0,0
"28087",5,"2123",76,0,2007,2,"N","Lowndes County, Mississippi","Private","Nonmetallic mineral mining and quarrying","County, NAICS 4-digit -- by ownership sector","All establishment sizes",4,0,0,0,0,0,0,0
"28087",5,"2123",76,0,2007,3,"N","Lowndes County, Mississippi","Private","Nonmetallic mineral mining and quarrying","County, NAICS 4-digit -- by ownership sector","All establishment sizes",4,0,0,0,0,0,0,0
"28087",5,"2123",76,0,2007,4,"N","Lowndes County, Mississippi","Private","Nonmetallic mineral mining and quarrying","County, NAICS 4-digit -- by ownership sector","All establishment sizes",4,0,0,0,0,0,0,0
"28087",5,21232,77,0,2007,1,"N","Lowndes County, Mississippi","Private","Sand, gravel, clay, and refractory mining","County, NAICS 5-digit -- by ownership sector","All establishment sizes",4,0,0,0,0,0,0,0
"28087",5,"21232",77,0,2007,2,"N","Lowndes County, Mississippi","Private","Sand, gravel, clay, and refractory mining","County, NAICS 5-digit -- by ownership sector","All establishment sizes",4,0,0,0,0,0,0,0
"28087",5,"21232",77,0,2007,3,"N","Lowndes County, Mississippi","Private","Sand, gravel, clay, and refractory mining","County, NAICS 5-digit -- by ownership sector","All establishment sizes",4,0,0,0,0,0,0,0
"28087",5,"21232",77,0,2007,4,"N","Lowndes County, Mississippi","Private","Sand, gravel, clay, and refractory mining","County, NAICS 5-digit -- by ownership sector","All establishment sizes",4,0,0,0,0,0,0,0
"28087",5,212321,78,0,2007,1,"N","Lowndes County, Mississippi","Private","Construction sand and gravel mining","County, NAICS 6-digit -- by ownership sector","All establishment sizes",4,0,0,0,0,0,0,0
"28087",5,"212321",78,0,2007,2,"N","Lowndes County, Mississippi","Private","Construction sand and gravel mining","County, NAICS 6-digit -- by ownership sector","All establishment sizes",4,0,0,0,0,0,0,0
"28087",5,"212321",78,0,2007,3,"N","Lowndes County, Mississippi","Private","Construction sand and gravel mining","County, NAICS 6-digit -- by ownership sector","All establishment sizes",4,0,0,0,0,0,0,0
"28087",5,"212321",78,0,2007,4,"N","Lowndes County, Mississippi","Private","Construction sand and gravel mining","County, NAICS 6-digit -- by ownership sector","All establishment sizes",4,0,0,0,0,0,0,0
"28087",5,213,75,0,2007,1,"N","Lowndes County, Mississippi","Private","Support activities for mining","County, NAICS 3-digit -- by ownership sector","All establishment sizes",1,0,0,0,0,0,0,0
"28087",5,"213",75,0,2007,2,"N","Lowndes County, Mississippi","Private","Support activities for mining","County, NAICS 3-digit -- by ownership sector","All establishment sizes",1,0,0,0,0,0,0,0
"28087",5,"213",75,0,2007,3,"N","Lowndes County, Mississippi","Private","Support activities for mining","County, NAICS 3-digit -- by ownership sector","All establishment sizes",1,0,0,0,0,0,0,0
"28087",5,"213",75,0,2007,4,"N","Lowndes County, Mississippi","Private","Support activities for mining","County, NAICS 3-digit -- by ownership sector","All establishment sizes",1,0,0,0,0,0,0,0
"28087",5,2131,76,0,2007,1,"N","Lowndes County, Mississippi","Private","Support activities for mining","County, NAICS 4-digit -- by ownership sector","All establishment sizes",1,0,0,0,0,0,0,0
"28087",5,"2131",76,0,2007,2,"N","Lowndes County, Mississippi","Private","Support activities for mining","County, NAICS 4-digit -- by ownership sector","All establishment sizes",1,0,0,0,0,0,0,0
"28087",5,"2131",76,0,2007,3,"N","Lowndes County, Mississippi","Private","Support activities for mining","County, NAICS 4-digit -- by ownership sector","All establishment sizes",1,0,0,0,0,0,0,0
"28087",5,"2131",76,0,2007,4,"N","Lowndes County, Mississippi","Private","Support activities for mining","County, NAICS 4-digit -- by ownership sector","All establishment sizes",1,0,0,0,0,0,0,0
"28087",5,21311,77,0,2007,1,"N","Lowndes County, Mississippi","Private","Support activities for mining","County, NAICS 5-digit -- by ownership sector","All establishment sizes",1,0,0,0,0,0,0,0
"28087",5,"21311",77,0,2007,2,"N","Lowndes County, Mississippi","Private","Support activities for mining","County, NAICS 5-digit -- by ownership sector","All establishment sizes",1,0,0,0,0,0,0,0
"28087",5,"21311",77,0,2007,3,"N","Lowndes County, Mississippi","Private","Support activities for mining","County, NAICS 5-digit -- by ownership sector","All establishment sizes",1,0,0,0,0,0,0,0
"28087",5,"21311",77,0,2007,4,"N","Lowndes County, Mississippi","Private","Support activities for mining","County, NAICS 5-digit -- by ownership sector","All establishment sizes",1,0,0,0,0,0,0,0
"28087",5,213112,78,0,2007,1,"N","Lowndes County, Mississippi","Private","Support activities for oil and gas operations","County, NAICS 6-digit -- by ownership sector","All establishment sizes",1,0,0,0,0,0,0,0
"28087",5,"213112",78,0,2007,2,"N","Lowndes County, Mississippi","Private","Support activities for oil and gas operations","County, NAICS 6-digit -- by ownership sector","All establishment sizes",1,0,0,0,0,0,0,0
"28087",5,"213112",78,0,2007,3,"N","Lowndes County, Mississippi","Private","Support activities for oil and gas operations","County, NAICS 6-digit -- by ownership sector","All establishment sizes",1,0,0,0,0,0,0,0
"28087",5,"213112",78,0,2007,4,"N","Lowndes County, Mississippi","Private","Support activities for oil and gas operations","County, NAICS 6-digit -- by ownership sector","All establishment sizes",1,0,0,0,0,0,0,0
"28087",5,22,74,0,2007,1,"","Lowndes County, Mississippi","Private","Utilities","County, NAICS Sector -- by ownership sector","All establishment sizes",8,247,235,243,3260840,1822750,16439,1038
"28087",5,"22",74,0,2007,2,"","Lowndes County, Mississippi","Private","Utilities","County, NAICS Sector -- by ownership sector","All establishment sizes",8,243,244,243,3123733,108416,739,987
"28087",5,"22",74,0,2007,3,"","Lowndes County, Mississippi","Private","Utilities","County, NAICS Sector -- by ownership sector","All establishment sizes",8,249,245,242,3060189,77147,533,960
"28087",5,"22",74,0,2007,4,"","Lowndes County, Mississippi","Private","Utilities","County, NAICS Sector -- by ownership sector","All establishment sizes",8,245,247,228,3145453,30975,344,1008
"28087",5,221,75,0,2007,1,"","Lowndes County, Mississippi","Private","Utilities","County, NAICS 3-digit -- by ownership sector","All establishment sizes",8,247,235,243,3260840,1822750,16439,1038
"28087",5,"221",75,0,2007,2,"","Lowndes County, Mississippi","Private","Utilities","County, NAICS 3-digit -- by ownership sector","All establishment sizes",8,243,244,243,3123733,108416,739,987
"28087",5,"221",75,0,2007,3,"","Lowndes County, Mississippi","Private","Utilities","County, NAICS 3-digit -- by ownership sector","All establishment sizes",8,249,245,242,3060189,77147,533,960
"28087",5,"221",75,0,2007,4,"","Lowndes County, Mississippi","Private","Utilities","County, NAICS 3-digit -- by ownership sector","All establishment sizes",8,245,247,228,3145453,30975,344,1008
"28087",5,2211,76,0,2007,1,"N","Lowndes County, Mississippi","Private","Power generation and supply","County, NAICS 4-digit -- by ownership sector","All establishment sizes",3,0,0,0,0,0,0,0
"28087",5,"2211",76,0,2007,2,"N","Lowndes County, Mississippi","Private","Power generation and supply","County, NAICS 4-digit -- by ownership sector","All establishment sizes",3,0,0,0,0,0,0,0
"28087",5,"2211",76,0,2007,3,"N","Lowndes County, Mississippi","Private","Power generation and supply","County, NAICS 4-digit -- by ownership sector","All establishment sizes",3,0,0,0,0,0,0,0
"28087",5,"2211",76,0,2007,4,"N","Lowndes County, Mississippi","Private","Power generation and supply","County, NAICS 4-digit -- by ownership sector","All establishment sizes",3,0,0,0,0,0,0,0
"28087",5,22111,77,0,2007,1,"N","Lowndes County, Mississippi","Private","Electric power generation","County, NAICS 5-digit -- by ownership sector","All establishment sizes",2,0,0,0,0,0,0,0
"28087",5,"22111",77,0,2007,2,"N","Lowndes County, Mississippi","Private","Electric power generation","County, NAICS 5-digit -- by ownership sector","All establishment sizes",2,0,0,0,0,0,0,0
"28087",5,"22111",77,0,2007,3,"N","Lowndes County, Mississippi","Private","Electric power generation","County, NAICS 5-digit -- by ownership sector","All establishment sizes",2,0,0,0,0,0,0,0
"28087",5,"22111",77,0,2007,4,"N","Lowndes County, Mississippi","Private","Electric power generation","County, NAICS 5-digit -- by ownership sector","All establishment sizes",2,0,0,0,0,0,0,0
"28087",5,221112,78,0,2007,1,"N","Lowndes County, Mississippi","Private","Fossil fuel electric power generation","County, NAICS 6-digit -- by ownership sector","All establishment sizes",2,0,0,0,0,0,0,0
"28087",5,"221112",78,0,2007,2,"N","Lowndes County, Mississippi","Private","Fossil fuel electric power generation","County, NAICS 6-digit -- by ownership sector","All establishment sizes",2,0,0,0,0,0,0,0
"28087",5,"221112",78,0,2007,3,"N","Lowndes County, Mississippi","Private","Fossil fuel electric power generation","County, NAICS 6-digit -- by ownership sector","All establishment sizes",2,0,0,0,0,0,0,0
"28087",5,"221112",78,0,2007,4,"N","Lowndes County, Mississippi","Private","Fossil fuel electric power generation","County, NAICS 6-digit -- by ownership sector","All establishment sizes",2,0,0,0,0,0,0,0
"28087",5,22112,77,0,2007,1,"N","Lowndes County, Mississippi","Private","Electric power transmission and distribution","County, NAICS 5-digit -- by ownership sector","All establishment sizes",1,0,0,0,0,0,0,0
"28087",5,"22112",77,0,2007,2,"N","Lowndes County, Mississippi","Private","Electric power transmission and distribution","County, NAICS 5-digit -- by ownership sector","All establishment sizes",1,0,0,0,0,0,0,0
"28087",5,"22112",77,0,2007,3,"N","Lowndes County, Mississippi","Private","Electric power transmission and distribution","County, NAICS 5-digit -- by ownership sector","All establishment sizes",1,0,0,0,0,0,0,0
"28087",5,"22112",77,0,2007,4,"N","Lowndes County, Mississippi","Private","Electric power transmission and distribution","County, NAICS 5-digit -- by ownership sector","All establishment sizes",1,0,0,0,0,0,0,0
"28087",5,221122,78,0,2007,1,"N","Lowndes County, Mississippi","Private","Electric power distribution","County, NAICS 6-digit -- by ownership sector","All establishment sizes",1,0,0,0,0,0,0,0
"28087",5,"221122",78,0,2007,2,"N","Lowndes County, Mississippi","Private","Electric power distribution","County, NAICS 6-digit -- by ownership sector","All establishment sizes",1,0,0,0,0,0,0,0
"28087",5,"221122",78,0,2007,3,"N","Lowndes County, Mississippi","Private","Electric power distribution","County, NAICS 6-digit -- by ownership sector","All establishment sizes",1,0,0,0,0,0,0,0
"28087",5,"221122",78,0,2007,4,"N","Lowndes County, Mississippi","Private","Electric power distribution","County, NAICS 6-digit -- by ownership sector","All establishment sizes",1,0,0,0,0,0,0,0
"28087",5,2212,76,0,2007,1,"N","Lowndes County, Mississippi","Private","Natural gas distribution","County, NAICS 4-digit -- by ownership sector","All establishment sizes",2,0,0,0,0,0,0,0
"28087",5,"2212",76,0,2007,2,"N","Lowndes County, Mississippi","Private","Natural gas distribution","County, NAICS 4-digit -- by ownership sector","All establishment sizes",2,0,0,0,0,0,0,0
"28087",5,"2212",76,0,2007,3,"N","Lowndes County, Mississippi","Private","Natural gas distribution","County, NAICS 4-digit -- by ownership sector","All establishment sizes",2,0,0,0,0,0,0,0
"28087",5,"2212",76,0,2007,4,"N","Lowndes County, Mississippi","Private","Natural gas distribution","County, NAICS 4-digit -- by ownership sector","All establishment sizes",2,0,0,0,0,0,0,0
"28087",5,22121,77,0,2007,1,"N","Lowndes County, Mississippi","Private","Natural gas distribution","County, NAICS 5-digit -- by ownership sector","All establishment sizes",2,0,0,0,0,0,0,0
"28087",5,"22121",77,0,2007,2,"N","Lowndes County, Mississippi","Private","Natural gas distribution","County, NAICS 5-digit -- by ownership sector","All establishment sizes",2,0,0,0,0,0,0,0
"28087",5,"22121",77,0,2007,3,"N","Lowndes County, Mississippi","Private","Natural gas distribution","County, NAICS 5-digit -- by ownership sector","All establishment sizes",2,0,0,0,0,0,0,0
"28087",5,"22121",77,0,2007,4,"N","Lowndes County, Mississippi","Private","Natural gas distribution","County, NAICS 5-digit -- by ownership sector","All establishment sizes",2,0,0,0,0,0,0,0
"28087",5,221210,78,0,2007,1,"N","Lowndes County, Mississippi","Private","Natural gas distribution","County, NAICS 6-digit -- by ownership sector","All establishment sizes",2,0,0,0,0,0,0,0
"28087",5,"221210",78,0,2007,2,"N","Lowndes County, Mississippi","Private","Natural gas distribution","County, NAICS 6-digit -- by ownership sector","All establishment sizes",2,0,0,0,0,0,0,0
"28087",5,"221210",78,0,2007,3,"N","Lowndes County, Mississippi","Private","Natural gas distribution","County, NAICS 6-digit -- by ownership sector","All establishment sizes",2,0,0,0,0,0,0,0
"28087",5,"221210",78,0,2007,4,"N","Lowndes County, Mississippi","Private","Natural gas distribution","County, NAICS 6-digit -- by ownership sector","All establishment sizes",2,0,0,0,0,0,0,0
"28087",5,2213,76,0,2007,1,"","Lowndes County, Mississippi","Private","Water, sewage and other systems","County, NAICS 4-digit -- by ownership sector","All establishment sizes",3,27,27,27,187517,154557,617,534
"28087",5,"2213",76,0,2007,2,"","Lowndes County, Mississippi","Private","Water, sewage and other systems","County, NAICS 4-digit -- by ownership sector","All establishment sizes",3,28,28,27,220585,31757,127,613
"28087",5,"2213",76,0,2007,3,"","Lowndes County, Mississippi","Private","Water, sewage and other systems","County, NAICS 4-digit -- by ownership sector","All establishment sizes",3,26,26,26,195441,18417,73,578
"28087",5,"2213",76,0,2007,4,"","Lowndes County, Mississippi","Private","Water, sewage and other systems","County, NAICS 4-digit -- by ownership sector","All establishment sizes",3,27,27,27,223811,6681,26,638
"28087",5,22131,77,0,2007,1,"N","Lowndes County, Mississippi","Private","Water supply and irrigation systems","County, NAICS 5-digit -- by ownership sector","All establishment sizes",2,0,0,0,0,0,0,0
"28087",5,"22131",77,0,2007,2,"N","Lowndes County, Mississippi","Private","Water supply and irrigation systems","County, NAICS 5-digit -- by ownership sector","All establishment sizes",2,0,0,0,0,0,0,0
"28087",5,"22131",77,0,2007,3,"N","Lowndes County, Mississippi","Private","Water supply and irrigation systems","County, NAICS 5-digit -- by ownership sector","All establishment sizes",2,0,0,0,0,0,0,0
"28087",5,"22131",77,0,2007,4,"N","Lowndes County, Mississippi","Private","Water supply and irrigation systems","County, NAICS 5-digit -- by ownership sector","All establishment sizes",2,0,0,0,0,0,0,0
"28087",5,221310,78,0,2007,1,"N","Lowndes County, Mississippi","Private","Water supply and irrigation systems","County, NAICS 6-digit -- by ownership sector","All establishment sizes",2,0,0,0,0,0,0,0
"28087",5,"221310",78,0,2007,2,"N","Lowndes County, Mississippi","Private","Water supply and irrigation systems","County, NAICS 6-digit -- by ownership sector","All establishment sizes",2,0,0,0,0,0,0,0
"28087",5,"221310",78,0,2007,3,"N","Lowndes County, Mississippi","Private","Water supply and irrigation systems","County, NAICS 6-digit -- by ownership sector","All establishment sizes",2,0,0,0,0,0,0,0
"28087",5,"221310",78,0,2007,4,"N","Lowndes County, Mississippi","Private","Water supply and irrigation systems","County, NAICS 6-digit -- by ownership sector","All establishment sizes",2,0,0,0,0,0,0,0
"28087",5,22132,77,0,2007,1,"N","Lowndes County, Mississippi","Private","Sewage treatment facilities","County, NAICS 5-digit -- by ownership sector","All establishment sizes",1,0,0,0,0,0,0,0
"28087",5,"22132",77,0,2007,2,"N","Lowndes County, Mississippi","Private","Sewage treatment facilities","County, NAICS 5-digit -- by ownership sector","All establishment sizes",1,0,0,0,0,0,0,0
"28087",5,"22132",77,0,2007,3,"N","Lowndes County, Mississippi","Private","Sewage treatment facilities","County, NAICS 5-digit -- by ownership sector","All establishment sizes",1,0,0,0,0,0,0,0
"28087",5,"22132",77,0,2007,4,"N","Lowndes County, Mississippi","Private","Sewage treatment facilities","County, NAICS 5-digit -- by ownership sector","All establishment sizes",1,0,0,0,0,0,0,0
"28087",5,221320,78,0,2007,1,"N","Lowndes County, Mississippi","Private","Sewage treatment facilities","County, NAICS 6-digit -- by ownership sector","All establishment sizes",1,0,0,0,0,0,0,0
"28087",5,"221320",78,0,2007,2,"N","Lowndes County, Mississippi","Private","Sewage treatment facilities","County, NAICS 6-digit -- by ownership sector","All establishment sizes",1,0,0,0,0,0,0,0
"28087",5,"221320",78,0,2007,3,"N","Lowndes County, Mississippi","Private","Sewage treatment facilities","County, NAICS 6-digit -- by ownership sector","All establishment sizes",1,0,0,0,0,0,0,0
"28087",5,"221320",78,0,2007,4,"N","Lowndes County, Mississippi","Private","Sewage treatment facilities","County, NAICS 6-digit -- by ownership sector","All establishment sizes",1,0,0,0,0,0,0,0
"28087",5,23,74,0,2007,1,"","Lowndes County, Mississippi","Private","Construction","County, NAICS Sector -- by ownership sector","All establishment sizes",174,2439,2312,2332,23427882,14942342,227798,763
"28087",5,"23",74,0,2007,2,"","Lowndes County, Mississippi","Private","Construction","County, NAICS Sector -- by ownership sector","All establishment sizes",180,2399,2502,2571,28331279,7008597,94511,875
"28087",5,"23",74,0,2007,3,"","Lowndes County, Mississippi","Private","Construction","County, NAICS Sector -- by ownership sector","All establishment sizes",176,2410,2178,1949,23829930,2945580,46395,841
"28087",5,"23",74,0,2007,4,"","Lowndes County, Mississippi","Private","Construction","County, NAICS Sector -- by ownership sector","All establishment sizes",176,1729,1598,1553,18075093,1377877,24500,855
"28087",5,236,75,0,2007,1,"","Lowndes County, Mississippi","Private","Construction of buildings","County, NAICS 3-digit -- by ownership sector","All establishment sizes",48,622,471,467,4342840,3143783,53881,642
"28087",5,"236",75,0,2007,2,"","Lowndes County, Mississippi","Private","Construction of buildings","County, NAICS 3-digit -- by ownership sector","All establishment sizes",50,420,398,393,4070526,633880,8604,776
"28087",5,"236",75,0,2007,3,"","Lowndes County, Mississippi","Private","Construction of buildings","County, NAICS 3-digit -- by ownership sector","All establishment sizes",50,378,366,357,3281125,331285,4971,688
"28087",5,"236",75,0,2007,4,"","Lowndes County, Mississippi","Private","Construction of buildings","County, NAICS 3-digit -- by ownership sector","All establishment sizes",51,348,362,365,3093421,321898,3896,664
"28087",5,2361,76,0,2007,1,"","Lowndes County, Mississippi","Private","Residential building construction","County, NAICS 4-digit -- by ownership sector","All establishment sizes",27,121,122,129,696244,583643,6634,432
"28087",5,"2361",76,0,2007,2,"","Lowndes County, Mississippi","Private","Residential building construction","County, NAICS 4-digit -- by ownership sector","All establishment sizes",29,139,129,133,777186,275811,3020,447
"28087",5,"2361",76,0,2007,3,"","Lowndes County, Mississippi","Private","Residential building construction","County, NAICS 4-digit -- by ownership sector","All establishment sizes",32,128,130,125,722583,132583,1649,435
"28087",5,"2361",76,0,2007,4,"","Lowndes County, Mississippi","Private","Residential building construction","County, NAICS 4-digit -- by ownership sector","All establishment sizes",34,129,128,135,725382,109914,1697,427
"28087",5,23611,77,0,2007,1,"","Lowndes County, Mississippi","Private","Residential building construction","County, NAICS 5-digit -- by ownership sector","All establishment sizes",27,121,122,129,696244,583643,6634,432
"28087",5,"23611",77,0,2007,2,"","Lowndes County, Mississippi","Private","Residential building construction","County, NAICS 5-digit -- by ownership sector","All establishment sizes",29,139,129,133,777186,275811,3020,447
"28087",5,"23611",77,0,2007,3,"","Lowndes County, Mississippi","Private","Residential building construction","County, NAICS 5-digit -- by ownership sector","All establishment sizes",32,128,130,125,722583,132583,1649,435
"28087",5,"23611",77,0,2007,4,"","Lowndes County, Mississippi","Private","Residential building construction","County, NAICS 5-digit -- by ownership sector","All establishment sizes",34,129,128,135,725382,109914,1697,427
"28087",5,236115,78,0,2007,1,"","Lowndes County, Mississippi","Private","New single-family general contractors","County, NAICS 6-digit -- by ownership sector","All establishment sizes",21,94,99,106,548273,458607,5472,423
"28087",5,"236115",78,0,2007,2,"","Lowndes County, Mississippi","Private","New single-family general contractors","County, NAICS 6-digit -- by ownership sector","All establishment sizes",23,113,106,111,601221,223099,2525,420
"28087",5,"236115",78,0,2007,3,"","Lowndes County, Mississippi","Private","New single-family general contractors","County, NAICS 6-digit -- by ownership sector","All establishment sizes",26,108,105,104,603272,118184,1541,439
"28087",5,"236115",78,0,2007,4,"","Lowndes County, Mississippi","Private","New single-family general contractors","County, NAICS 6-digit -- by ownership sector","All establishment sizes",29,106,105,111,582966,95365,1577,418
"28087",5,236118,78,0,2007,1,"","Lowndes County, Mississippi","Private","Residential remodelers","County, NAICS 6-digit -- by ownership sector","All establishment sizes",6,27,23,23,147971,125036,1162,468
"28087",5,"236118",78,0,2007,2,"","Lowndes County, Mississippi","Private","Residential remodelers","County, NAICS 6-digit -- by ownership sector","All establishment sizes",6,26,23,22,175965,52712,495,572
"28087",5,"236118",78,0,2007,3,"","Lowndes County, Mississippi","Private","Residential remodelers","County, NAICS 6-digit -- by ownership sector","All establishment sizes",6,20,25,21,119311,14399,108,417
"28087",5,"236118",78,0,2007,4,"","Lowndes County, Mississippi","Private","Residential remodelers","County, NAICS 6-digit -- by ownership sector","All establishment sizes",5,23,23,24,142416,14549,120,470
"28087",5,2362,76,0,2007,1,"","Lowndes County, Mississippi","Private","Nonresidential building construction","County, NAICS 4-digit -- by ownership sector","All establishment sizes",21,501,349,338,3646596,2560140,47247,708
"28087",5,"2362",76,0,2007,2,"","Lowndes County, Mississippi","Private","Nonresidential building construction","County, NAICS 4-digit -- by ownership sector","All establishment sizes",21,281,269,260,3293340,358069,5584,938
"28087",5,"2362",76,0,2007,3,"","Lowndes County, Mississippi","Private","Nonresidential building construction","County, NAICS 4-digit -- by ownership sector","All establishment sizes",18,250,236,232,2558542,198702,3322,822
"28087",5,"2362",76,0,2007,4,"","Lowndes County, Mississippi","Private","Nonresidential building construction","County, NAICS 4-digit -- by ownership sector","All establishment sizes",17,219,234,230,2368039,211984,2199,800
"28087",5,23621,77,0,2007,1,"","Lowndes County, Mississippi","Private","Industrial building construction","County, NAICS 5-digit -- by ownership sector","All establishment sizes",7,359,210,194,2358686,1758343,41520,713
"28087",5,"23621",77,0,2007,2,"","Lowndes County, Mississippi","Private","Industrial building construction","County, NAICS 5-digit -- by ownership sector","All establishment sizes",7,143,138,127,1395671,203253,4495,789
"28087",5,"23621",77,0,2007,3,"","Lowndes County, Mississippi","Private","Industrial building construction","County, NAICS 5-digit -- by ownership sector","All establishment sizes",6,109,99,93,964958,125817,2664,740
"28087",5,"23621",77,0,2007,4,"","Lowndes County, Mississippi","Private","Industrial building construction","County, NAICS 5-digit -- by ownership sector","All establishment sizes",5,81,81,76,679847,36077,792,659
"28087",5,236210,78,0,2007,1,"","Lowndes County, Mississippi","Private","Industrial building construction","County, NAICS 6-digit -- by ownership sector","All establishment sizes",7,359,210,194,2358686,1758343,41520,713
"28087",5,"236210",78,0,2007,2,"","Lowndes County, Mississippi","Private","Industrial building construction","County, NAICS 6-digit -- by ownership sector","All establishment sizes",7,143,138,127,1395671,203253,4495,789
"28087",5,"236210",78,0,2007,3,"","Lowndes County, Mississippi","Private","Industrial building construction","County, NAICS 6-digit -- by ownership sector","All establishment sizes",6,109,99,93,964958,125817,2664,740
"28087",5,"236210",78,0,2007,4,"","Lowndes County, Mississippi","Private","Industrial building construction","County, NAICS 6-digit -- by ownership sector","All establishment sizes",5,81,81,76,679847,36077,792,659
"28087",5,23622,77,0,2007,1,"","Lowndes County, Mississippi","Private","Commercial building construction","County, NAICS 5-digit -- by ownership sector","All establishment sizes",14,142,139,144,1287910,801797,5727,699
"28087",5,"23622",77,0,2007,2,"","Lowndes County, Mississippi","Private","Commercial building construction","County, NAICS 5-digit -- by ownership sector","All establishment sizes",14,138,131,133,1897669,154816,1089,1089
"28087",5,"23622",77,0,2007,3,"","Lowndes County, Mississippi","Private","Commercial building construction","County, NAICS 5-digit -- by ownership sector","All establishment sizes",12,141,137,139,1593584,72885,658,882
"28087",5,"23622",77,0,2007,4,"","Lowndes County, Mississippi","Private","Commercial building construction","County, NAICS 5-digit -- by ownership sector","All establishment sizes",12,138,153,154,1688192,175907,1407,875
"28087",5,236220,78,0,2007,1,"","Lowndes County, Mississippi","Private","Commercial building construction","County, NAICS 6-digit -- by ownership sector","All establishment sizes",14,142,139,144,1287910,801797,5727,699
"28087",5,"236220",78,0,2007,2,"","Lowndes County, Mississippi","Private","Commercial building construction","County, NAICS 6-digit -- by ownership sector","All establishment sizes",14,138,131,133,1897669,154816,1089,1089
"28087",5,"236220",78,0,2007,3,"","Lowndes County, Mississippi","Private","Commercial building construction","County, NAICS 6-digit -- by ownership sector","All establishment sizes",12,141,137,139,1593584,72885,658,882
"28087",5,"236220",78,0,2007,4,"","Lowndes County, Mississippi","Private","Commercial building construction","County, NAICS 6-digit -- by ownership sector","All establishment sizes",12,138,153,154,1688192,175907,1407,875
"28087",5,237,75,0,2007,1,"","Lowndes County, Mississippi","Private","Heavy and civil engineering construction","County, NAICS 3-digit -- by ownership sector","All establishment sizes",11,299,306,308,2430183,1785581,44974,614
"28087",5,"237",75,0,2007,2,"","Lowndes County, Mississippi","Private","Heavy and civil engineering construction","County, NAICS 3-digit -- by ownership sector","All establishment sizes",13,342,367,372,3052003,870987,20137,652
"28087",5,"237",75,0,2007,3,"","Lowndes County, Mississippi","Private","Heavy and civil engineering construction","County, NAICS 3-digit -- by ownership sector","All establishment sizes",13,382,385,387,4313498,591695,13506,863
"28087",5,"237",75,0,2007,4,"","Lowndes County, Mississippi","Private","Heavy and civil engineering construction","County, NAICS 3-digit -- by ownership sector","All establishment sizes",13,386,369,347,3598136,390518,8821,753
"28087",5,2371,76,0,2007,1,"N","Lowndes County, Mississippi","Private","Utility system construction","County, NAICS 4-digit -- by ownership sector","All establishment sizes",5,0,0,0,0,0,0,0
"28087",5,"2371",76,0,2007,2,"N","Lowndes County, Mississippi","Private","Utility system construction","County, NAICS 4-digit -- by ownership sector","All establishment sizes",6,0,0,0,0,0,0,0
"28087",5,"2371",76,0,2007,3,"N","Lowndes County, Mississippi","Private","Utility system construction","County, NAICS 4-digit -- by ownership sector","All establishment sizes",6,0,0,0,0,0,0,0
"28087",5,"2371",76,0,2007,4,"N","Lowndes County, Mississippi","Private","Utility system construction","County, NAICS 4-digit -- by ownership sector","All establishment sizes",6,0,0,0,0,0,0,0
"28087",5,23711,77,0,2007,1,"","Lowndes County, Mississippi","Private","Water and sewer system construction","County, NAICS 5-digit -- by ownership sector","All establishment sizes",4,67,70,68,458744,374242,6100,516
"28087",5,"23711",77,0,2007,2,"","Lowndes County, Mississippi","Private","Water and sewer system construction","County, NAICS 5-digit -- by ownership sector","All establishment sizes",4,82,79,77,625086,284216,5644,606
"28087",5,"23711",77,0,2007,3,"","Lowndes County, Mississippi","Private","Water and sewer system construction","County, NAICS 5-digit -- by ownership sector","All establishment sizes",4,77,77,76,585304,144263,2700,587
"28087",5,"23711",77,0,2007,4,"","Lowndes County, Mississippi","Private","Water and sewer system construction","County, NAICS 5-digit -- by ownership sector","All establishment sizes",4,67,52,48,516185,51846,901,713
"28087",5,237110,78,0,2007,1,"","Lowndes County, Mississippi","Private","Water and sewer system construction","County, NAICS 6-digit -- by ownership sector","All establishment sizes",4,67,70,68,458744,374242,6100,516
"28087",5,"237110",78,0,2007,2,"","Lowndes County, Mississippi","Private","Water and sewer system construction","County, NAICS 6-digit -- by ownership sector","All establishment sizes",4,82,79,77,625086,284216,5644,606
"28087",5,"237110",78,0,2007,3,"","Lowndes County, Mississippi","Private","Water and sewer system construction","County, NAICS 6-digit -- by ownership sector","All establishment sizes",4,77,77,76,585304,144263,2700,587
"28087",5,"237110",78,0,2007,4,"","Lowndes County, Mississippi","Private","Water and sewer system construction","County, NAICS 6-digit -- by ownership sector","All establishment sizes",4,67,52,48,516185,51846,901,713
"28087",5,23713,77,0,2007,1,"N","Lowndes County, Mississippi","Private","Power and communication system construction","County, NAICS 5-digit -- by ownership sector","All establishment sizes",1,0,0,0,0,0,0,0
"28087",5,"23713",77,0,2007,2,"N","Lowndes County, Mississippi","Private","Power and communication system construction","County, NAICS 5-digit -- by ownership sector","All establishment sizes",2,0,0,0,0,0,0,0
"28087",5,"23713",77,0,2007,3,"N","Lowndes County, Mississippi","Private","Power and communication system construction","County, NAICS 5-digit -- by ownership sector","All establishment sizes",2,0,0,0,0,0,0,0
"28087",5,"23713",77,0,2007,4,"N","Lowndes County, Mississippi","Private","Power and communication system construction","County, NAICS 5-digit -- by ownership sector","All establishment sizes",2,0,0,0,0,0,0,0
"28087",5,237130,78,0,2007,1,"N","Lowndes County, Mississippi","Private","Power and communication system construction","County, NAICS 6-digit -- by ownership sector","All establishment sizes",1,0,0,0,0,0,0,0
"28087",5,"237130",78,0,2007,2,"N","Lowndes County, Mississippi","Private","Power and communication system construction","County, NAICS 6-digit -- by ownership sector","All establishment sizes",2,0,0,0,0,0,0,0
"28087",5,"237130",78,0,2007,3,"N","Lowndes County, Mississippi","Private","Power and communication system construction","County, NAICS 6-digit -- by ownership sector","All establishment sizes",2,0,0,0,0,0,0,0
"28087",5,"237130",78,0,2007,4,"N","Lowndes County, Mississippi","Private","Power and communication system construction","County, NAICS 6-digit -- by ownership sector","All establishment sizes",2,0,0,0,0,0,0,0
"28087",5,2372,76,0,2007,1,"N","Lowndes County, Mississippi","Private","Land subdivision","County, NAICS 4-digit -- by ownership sector","All establishment sizes",1,0,0,0,0,0,0,0
"28087",5,"2372",76,0,2007,2,"N","Lowndes County, Mississippi","Private","Land subdivision","County, NAICS 4-digit -- by ownership sector","All establishment sizes",1,0,0,0,0,0,0,0
"28087",5,"2372",76,0,2007,3,"N","Lowndes County, Mississippi","Private","Land subdivision","County, NAICS 4-digit -- by ownership sector","All establishment sizes",1,0,0,0,0,0,0,0
"28087",5,"2372",76,0,2007,4,"N","Lowndes County, Mississippi","Private","Land subdivision","County, NAICS 4-digit -- by ownership sector","All establishment sizes",1,0,0,0,0,0,0,0
"28087",5,23721,77,0,2007,1,"N","Lowndes County, Mississippi","Private","Land subdivision","County, NAICS 5-digit -- by ownership sector","All establishment sizes",1,0,0,0,0,0,0,0
"28087",5,"23721",77,0,2007,2,"N","Lowndes County, Mississippi","Private","Land subdivision","County, NAICS 5-digit -- by ownership sector","All establishment sizes",1,0,0,0,0,0,0,0
"28087",5,"23721",77,0,2007,3,"N","Lowndes County, Mississippi","Private","Land subdivision","County, NAICS 5-digit -- by ownership sector","All establishment sizes",1,0,0,0,0,0,0,0
"28087",5,"23721",77,0,2007,4,"N","Lowndes County, Mississippi","Private","Land subdivision","County, NAICS 5-digit -- by ownership sector","All establishment sizes",1,0,0,0,0,0,0,0
"28087",5,237210,78,0,2007,1,"N","Lowndes County, Mississippi","Private","Land subdivision","County, NAICS 6-digit -- by ownership sector","All establishment sizes",1,0,0,0,0,0,0,0
"28087",5,"237210",78,0,2007,2,"N","Lowndes County, Mississippi","Private","Land subdivision","County, NAICS 6-digit -- by ownership sector","All establishment sizes",1,0,0,0,0,0,0,0
"28087",5,"237210",78,0,2007,3,"N","Lowndes County, Mississippi","Private","Land subdivision","County, NAICS 6-digit -- by ownership sector","All establishment sizes",1,0,0,0,0,0,0,0
"28087",5,"237210",78,0,2007,4,"N","Lowndes County, Mississippi","Private","Land subdivision","County, NAICS 6-digit -- by ownership sector","All establishment sizes",1,0,0,0,0,0,0,0
"28087",5,2373,76,0,2007,1,"","Lowndes County, Mississippi","Private","Highway, street, and bridge construction","County, NAICS 4-digit -- by ownership sector","All establishment sizes",5,230,234,238,1882309,1397339,38468,619
"28087",5,"2373",76,0,2007,2,"","Lowndes County, Mississippi","Private","Highway, street, and bridge construction","County, NAICS 4-digit -- by ownership sector","All establishment sizes",6,256,280,285,2355305,546180,13659,662
"28087",5,"2373",76,0,2007,3,"","Lowndes County, Mississippi","Private","Highway, street, and bridge construction","County, NAICS 4-digit -- by ownership sector","All establishment sizes",6,295,298,303,3628113,421075,10173,934
"28087",5,"2373",76,0,2007,4,"","Lowndes County, Mississippi","Private","Highway, street, and bridge construction","County, NAICS 4-digit -- by ownership sector","All establishment sizes",6,310,308,292,2998458,325924,7614,760
"28087",5,23731,77,0,2007,1,"","Lowndes County, Mississippi","Private","Highway, street, and bridge construction","County, NAICS 5-digit -- by ownership sector","All establishment sizes",5,230,234,238,1882309,1397339,38468,619
"28087",5,"23731",77,0,2007,2,"","Lowndes County, Mississippi","Private","Highway, street, and bridge construction","County, NAICS 5-digit -- by ownership sector","All establishment sizes",6,256,280,285,2355305,546180,13659,662
"28087",5,"23731",77,0,2007,3,"","Lowndes County, Mississippi","Private","Highway, street, and bridge construction","County, NAICS 5-digit -- by ownership sector","All establishment sizes",6,295,298,303,3628113,421075,10173,934
"28087",5,"23731",77,0,2007,4,"","Lowndes County, Mississippi","Private","Highway, street, and bridge construction","County, NAICS 5-digit -- by ownership sector","All establishment sizes",6,310,308,292,2998458,325924,7614,760
"28087",5,237310,78,0,2007,1,"","Lowndes County, Mississippi","Private","Highway, street, and bridge construction","County, NAICS 6-digit -- by ownership sector","All establishment sizes",5,230,234,238,1882309,1397339,38468,619
"28087",5,"237310",78,0,2007,2,"","Lowndes County, Mississippi","Private","Highway, street, and bridge construction","County, NAICS 6-digit -- by ownership sector","All establishment sizes",6,256,280,285,2355305,546180,13659,662
"28087",5,"237310",78,0,2007,3,"","Lowndes County, Mississippi","Private","Highway, street, and bridge construction","County, NAICS 6-digit -- by ownership sector","All establishment sizes",6,295,298,303,3628113,421075,10173,934
"28087",5,"237310",78,0,2007,4,"","Lowndes County, Mississippi","Private","Highway, street, and bridge construction","County, NAICS 6-digit -- by ownership sector","All establishment sizes",6,310,308,292,2998458,325924,7614,760
"28087",5,238,75,0,2007,1,"","Lowndes County, Mississippi","Private","Specialty trade contractors","County, NAICS 3-digit -- by ownership sector","All establishment sizes",115,1518,1535,1557,16654859,10012978,128943,834
"28087",5,"238",75,0,2007,2,"","Lowndes County, Mississippi","Private","Specialty trade contractors","County, NAICS 3-digit -- by ownership sector","All establishment sizes",117,1637,1737,1806,21208750,5503730,65770,945
"28087",5,"238",75,0,2007,3,"","Lowndes County, Mississippi","Private","Specialty trade contractors","County, NAICS 3-digit -- by ownership sector","All establishment sizes",113,1650,1427,1205,16235307,2022600,27918,875
"28087",5,"238",75,0,2007,4,"","Lowndes County, Mississippi","Private","Specialty trade contractors","County, NAICS 3-digit -- by ownership sector","All establishment sizes",112,995,867,841,11383536,665461,11783,972
"28087",5,2381,76,0,2007,1,"","Lowndes County, Mississippi","Private","Building foundation and exterior contractors","County, NAICS 4-digit -- by ownership sector","All establishment sizes",32,335,351,357,2280660,1785247,30350,505
"28087",5,"2381",76,0,2007,2,"","Lowndes County, Mississippi","Private","Building foundation and exterior contractors","County, NAICS 4-digit -- by ownership sector","All establishment sizes",32,327,326,350,2268422,666886,12894,522
"28087",5,"2381",76,0,2007,3,"","Lowndes County, Mississippi","Private","Building foundation and exterior contractors","County, NAICS 4-digit -- by ownership sector","All establishment sizes",30,332,331,299,2416985,438450,9703,580
"28087",5,"2381",76,0,2007,4,"","Lowndes County, Mississippi","Private","Building foundation and exterior contractors","County, NAICS 4-digit -- by ownership sector","All establishment sizes",29,267,266,243,5079866,213835,4462,1511
"28087",5,23811,77,0,2007,1,"","Lowndes County, Mississippi","Private","Poured concrete structure contractors","County, NAICS 5-digit -- by ownership sector","All establishment sizes",5,24,24,24,220176,183220,970,706
"28087",5,"23811",77,0,2007,2,"","Lowndes County, Mississippi","Private","Poured concrete structure contractors","County, NAICS 5-digit -- by ownership sector","All establishment sizes",5,14,14,14,122314,13296,57,672
"28087",5,"23811",77,0,2007,3,"","Lowndes County, Mississippi","Private","Poured concrete structure contractors","County, NAICS 5-digit -- by ownership sector","All establishment sizes",4,14,13,13,134416,5683,32,775
"28087",5,"23811",77,0,2007,4,"","Lowndes County, Mississippi","Private","Poured concrete structure contractors","County, NAICS 5-digit -- by ownership sector","All establishment sizes",4,13,13,14,126367,2109,10,729
"28087",5,238111,78,0,2007,1,"N","Lowndes County, Mississippi","Private","Residential poured foundation contractors","County, NAICS 6-digit -- by ownership sector","All establishment sizes",2,0,0,0,0,0,0,0
"28087",5,"238111",78,0,2007,2,"N","Lowndes County, Mississippi","Private","Residential poured foundation contractors","County, NAICS 6-digit -- by ownership sector","All establishment sizes",2,0,0,0,0,0,0,0
"28087",5,"238111",78,0,2007,3,"N","Lowndes County, Mississippi","Private","Residential poured foundation contractors","County, NAICS 6-digit -- by ownership sector","All establishment sizes",2,0,0,0,0,0,0,0
"28087",5,"238111",78,0,2007,4,"N","Lowndes County, Mississippi","Private","Residential poured foundation contractors","County, NAICS 6-digit -- by ownership sector","All establishment sizes",2,0,0,0,0,0,0,0
"28087",5,238112,78,0,2007,1,"N","Lowndes County, Mississippi","Private","Nonresidential poured foundation contractors","County, NAICS 6-digit -- by ownership sector","All establishment sizes",3,0,0,0,0,0,0,0
"28087",5,"238112",78,0,2007,2,"N","Lowndes County, Mississippi","Private","Nonresidential poured foundation contractors","County, NAICS 6-digit -- by ownership sector","All establishment sizes",3,0,0,0,0,0,0,0
"28087",5,"238112",78,0,2007,3,"N","Lowndes County, Mississippi","Private","Nonresidential poured foundation contractors","County, NAICS 6-digit -- by ownership sector","All establishment sizes",2,0,0,0,0,0,0,0
"28087",5,"238112",78,0,2007,4,"N","Lowndes County, Mississippi","Private","Nonresidential poured foundation contractors","County, NAICS 6-digit -- by ownership sector","All establishment sizes",2,0,0,0,0,0,0,0
"28087",5,23812,77,0,2007,1,"N","Lowndes County, Mississippi","Private","Steel and precast concrete contractors","County, NAICS 5-digit -- by ownership sector","All establishment sizes",2,0,0,0,0,0,0,0
"28087",5,"23812",77,0,2007,2,"N","Lowndes County, Mississippi","Private","Steel and precast concrete contractors","County, NAICS 5-digit -- by ownership sector","All establishment sizes",2,0,0,0,0,0,0,0
"28087",5,"23812",77,0,2007,3,"N","Lowndes County, Mississippi","Private","Steel and precast concrete contractors","County, NAICS 5-digit -- by ownership sector","All establishment sizes",2,0,0,0,0,0,0,0
"28087",5,"23812",77,0,2007,4,"N","Lowndes County, Mississippi","Private","Steel and precast concrete contractors","County, NAICS 5-digit -- by ownership sector","All establishment sizes",2,0,0,0,0,0,0,0
"28087",5,238122,78,0,2007,1,"N","Lowndes County, Mississippi","Private","Nonresidential structural steel contractors","County, NAICS 6-digit -- by ownership sector","All establishment sizes",2,0,0,0,0,0,0,0
"28087",5,"238122",78,0,2007,2,"N","Lowndes County, Mississippi","Private","Nonresidential structural steel contractors","County, NAICS 6-digit -- by ownership sector","All establishment sizes",2,0,0,0,0,0,0,0
"28087",5,"238122",78,0,2007,3,"N","Lowndes County, Mississippi","Private","Nonresidential structural steel contractors","County, NAICS 6-digit -- by ownership sector","All establishment sizes",2,0,0,0,0,0,0,0
"28087",5,"238122",78,0,2007,4,"N","Lowndes County, Mississippi","Private","Nonresidential structural steel contractors","County, NAICS 6-digit -- by ownership sector","All establishment sizes",2,0,0,0,0,0,0,0
"28087",5,23813,77,0,2007,1,"N","Lowndes County, Mississippi","Private","Framing contractors","County, NAICS 5-digit -- by ownership sector","All establishment sizes",2,0,0,0,0,0,0,0
"28087",5,"23813",77,0,2007,2,"N","Lowndes County, Mississippi","Private","Framing contractors","County, NAICS 5-digit -- by ownership sector","All establishment sizes",1,0,0,0,0,0,0,0
"28087",5,"23813",77,0,2007,3,"N","Lowndes County, Mississippi","Private","Framing contractors","County, NAICS 5-digit -- by ownership sector","All establishment sizes",1,0,0,0,0,0,0,0
"28087",5,"23813",77,0,2007,4,"N","Lowndes County, Mississippi","Private","Framing contractors","County, NAICS 5-digit -- by ownership sector","All establishment sizes",1,0,0,0,0,0,0,0
"28087",5,238131,78,0,2007,1,"N","Lowndes County, Mississippi","Private","Residential framing contractors","County, NAICS 6-digit -- by ownership sector","All establishment sizes",2,0,0,0,0,0,0,0
"28087",5,"238131",78,0,2007,2,"N","Lowndes County, Mississippi","Private","Residential framing contractors","County, NAICS 6-digit -- by ownership sector","All establishment sizes",1,0,0,0,0,0,0,0
"28087",5,"238131",78,0,2007,3,"N","Lowndes County, Mississippi","Private","Residential framing contractors","County, NAICS 6-digit -- by ownership sector","All establishment sizes",1,0,0,0,0,0,0,0
"28087",5,"238131",78,0,2007,4,"N","Lowndes County, Mississippi","Private","Residential framing contractors","County, NAICS 6-digit -- by ownership sector","All establishment sizes",1,0,0,0,0,0,0,0
"28087",5,23814,77,0,2007,1,"","Lowndes County, Mississippi","Private","Masonry contractors","County, NAICS 5-digit -- by ownership sector","All establishment sizes",6,23,28,30,83344,83157,1478,237
"28087",5,"23814",77,0,2007,2,"","Lowndes County, Mississippi","Private","Masonry contractors","County, NAICS 5-digit -- by ownership sector","All establishment sizes",6,21,23,18,76926,59592,1233,286
"28087",5,"23814",77,0,2007,3,"","Lowndes County, Mississippi","Private","Masonry contractors","County, NAICS 5-digit -- by ownership sector","All establishment sizes",6,9,14,8,54919,30261,468,409
"28087",5,"23814",77,0,2007,4,"","Lowndes County, Mississippi","Private","Masonry contractors","County, NAICS 5-digit -- by ownership sector","All establishment sizes",6,14,17,11,51618,15584,153,284
"28087",5,238141,78,0,2007,1,"N","Lowndes County, Mississippi","Private","Residential masonry contractors","County, NAICS 6-digit -- by ownership sector","All establishment sizes",5,0,0,0,0,0,0,0
"28087",5,"238141",78,0,2007,2,"N","Lowndes County, Mississippi","Private","Residential masonry contractors","County, NAICS 6-digit -- by ownership sector","All establishment sizes",5,0,0,0,0,0,0,0
"28087",5,"238141",78,0,2007,3,"N","Lowndes County, Mississippi","Private","Residential masonry contractors","County, NAICS 6-digit -- by ownership sector","All establishment sizes",5,0,0,0,0,0,0,0
"28087",5,"238141",78,0,2007,4,"N","Lowndes County, Mississippi","Private","Residential masonry contractors","County, NAICS 6-digit -- by ownership sector","All establishment sizes",5,0,0,0,0,0,0,0
"28087",5,238142,78,0,2007,1,"N","Lowndes County, Mississippi","Private","Nonresidential masonry contractors","County, NAICS 6-digit -- by ownership sector","All establishment sizes",1,0,0,0,0,0,0,0
"28087",5,"238142",78,0,2007,2,"N","Lowndes County, Mississippi","Private","Nonresidential masonry contractors","County, NAICS 6-digit -- by ownership sector","All establishment sizes",1,0,0,0,0,0,0,0
"28087",5,"238142",78,0,2007,3,"N","Lowndes County, Mississippi","Private","Nonresidential masonry contractors","County, NAICS 6-digit -- by ownership sector","All establishment sizes",1,0,0,0,0,0,0,0
"28087",5,"238142",78,0,2007,4,"N","Lowndes County, Mississippi","Private","Nonresidential masonry contractors","County, NAICS 6-digit -- by ownership sector","All establishment sizes",1,0,0,0,0,0,0,0
"28087",5,23815,77,0,2007,1,"N","Lowndes County, Mississippi","Private","Glass and glazing contractors","County, NAICS 5-digit -- by ownership sector","All establishment sizes",3,0,0,0,0,0,0,0
"28087",5,"23815",77,0,2007,2,"N","Lowndes County, Mississippi","Private","Glass and glazing contractors","County, NAICS 5-digit -- by ownership sector","All establishment sizes",3,0,0,0,0,0,0,0
"28087",5,"23815",77,0,2007,3,"N","Lowndes County, Mississippi","Private","Glass and glazing contractors","County, NAICS 5-digit -- by ownership sector","All establishment sizes",3,0,0,0,0,0,0,0
"28087",5,"23815",77,0,2007,4,"N","Lowndes County, Mississippi","Private","Glass and glazing contractors","County, NAICS 5-digit -- by ownership sector","All establishment sizes",3,0,0,0,0,0,0,0
"28087",5,238151,78,0,2007,1,"N","Lowndes County, Mississippi","Private","Residential glass and glazing contractors","County, NAICS 6-digit -- by ownership sector","All establishment sizes",1,0,0,0,0,0,0,0
"28087",5,"238151",78,0,2007,2,"N","Lowndes County, Mississippi","Private","Residential glass and glazing contractors","County, NAICS 6-digit -- by ownership sector","All establishment sizes",1,0,0,0,0,0,0,0
"28087",5,"238151",78,0,2007,3,"N","Lowndes County, Mississippi","Private","Residential glass and glazing contractors","County, NAICS 6-digit -- by ownership sector","All establishment sizes",1,0,0,0,0,0,0,0
"28087",5,"238151",78,0,2007,4,"N","Lowndes County, Mississippi","Private","Residential glass and glazing contractors","County, NAICS 6-digit -- by ownership sector","All establishment sizes",1,0,0,0,0,0,0,0
"28087",5,238152,78,0,2007,1,"N","Lowndes County, Mississippi","Private","Nonresidential glass and glazing contractors","County, NAICS 6-digit -- by ownership sector","All establishment sizes",2,0,0,0,0,0,0,0
"28087",5,"238152",78,0,2007,2,"N","Lowndes County, Mississippi","Private","Nonresidential glass and glazing contractors","County, NAICS 6-digit -- by ownership sector","All establishment sizes",2,0,0,0,0,0,0,0
"28087",5,"238152",78,0,2007,3,"N","Lowndes County, Mississippi","Private","Nonresidential glass and glazing contractors","County, NAICS 6-digit -- by ownership sector","All establishment sizes",2,0,0,0,0,0,0,0
"28087",5,"238152",78,0,2007,4,"N","Lowndes County, Mississippi","Private","Nonresidential glass and glazing contractors","County, NAICS 6-digit -- by ownership sector","All establishment sizes",2,0,0,0,0,0,0,0
"28087",5,23816,77,0,2007,1,"","Lowndes County, Mississippi","Private","Roofing contractors","County, NAICS 5-digit -- by ownership sector","All establishment sizes",11,187,190,187,1118301,871536,9459,458
"28087",5,"23816",77,0,2007,2,"","Lowndes County, Mississippi","Private","Roofing contractors","County, NAICS 5-digit -- by ownership sector","All establishment sizes",11,183,188,202,1209172,362613,4694,487
"28087",5,"23816",77,0,2007,3,"","Lowndes County, Mississippi","Private","Roofing contractors","County, NAICS 5-digit -- by ownership sector","All establishment sizes",10,184,182,159,1178219,113067,1432,518
"28087",5,"23816",77,0,2007,4,"","Lowndes County, Mississippi","Private","Roofing contractors","County, NAICS 5-digit -- by ownership sector","All establishment sizes",9,133,137,141,4110641,82449,800,2308
"28087",5,238161,78,0,2007,1,"","Lowndes County, Mississippi","Private","Residential roofing contractors","County, NAICS 6-digit -- by ownership sector","All establishment sizes",6,43,44,43,175751,160528,3662,312
"28087",5,"238161",78,0,2007,2,"","Lowndes County, Mississippi","Private","Residential roofing contractors","County, NAICS 6-digit -- by ownership sector","All establishment sizes",6,54,55,54,271040,115308,2554,384
"28087",5,"238161",78,0,2007,3,"","Lowndes County, Mississippi","Private","Residential roofing contractors","County, NAICS 6-digit -- by ownership sector","All establishment sizes",5,48,46,41,181403,37500,667,310
"28087",5,"238161",78,0,2007,4,"N","Lowndes County, Mississippi","Private","Residential roofing contractors","County, NAICS 6-digit -- by ownership sector","All establishment sizes",5,0,0,0,0,0,0,0
"28087",5,238162,78,0,2007,1,"","Lowndes County, Mississippi","Private","Nonresidential roofing contractors","County, NAICS 6-digit -- by ownership sector","All establishment sizes",5,144,146,144,942550,711008,5797,501
"28087",5,"238162",78,0,2007,2,"","Lowndes County, Mississippi","Private","Nonresidential roofing contractors","County, NAICS 6-digit -- by ownership sector","All establishment sizes",5,129,133,148,938132,247305,2140,528
"28087",5,"238162",78,0,2007,3,"","Lowndes County, Mississippi","Private","Nonresidential roofing contractors","County, NAICS 6-digit -- by ownership sector","All establishment sizes",5,136,136,118,996816,75567,765,590
"28087",5,"238162",78,0,2007,4,"N","Lowndes County, Mississippi","Private","Nonresidential roofing contractors","County, NAICS 6-digit -- by ownership sector","All establishment sizes",4,0,0,0,0,0,0,0
"28087",5,23817,77,0,2007,1,"N","Lowndes County, Mississippi","Private","Siding contractors","County, NAICS 5-digit -- by ownership sector","All establishment sizes",2,0,0,0,0,0,0,0
"28087",5,"23817",77,0,2007,2,"N","Lowndes County, Mississippi","Private","Siding contractors","County, NAICS 5-digit -- by ownership sector","All establishment sizes",2,0,0,0,0,0,0,0
"28087",5,"23817",77,0,2007,3,"N","Lowndes County, Mississippi","Private","Siding contractors","County, NAICS 5-digit -- by ownership sector","All establishment sizes",2,0,0,0,0,0,0,0
"28087",5,"23817",77,0,2007,4,"N","Lowndes County, Mississippi","Private","Siding contractors","County, NAICS 5-digit -- by ownership sector","All establishment sizes",2,0,0,0,0,0,0,0
"28087",5,238171,78,0,2007,1,"N","Lowndes County, Mississippi","Private","Residential siding contractors","County, NAICS 6-digit -- by ownership sector","All establishment sizes",1,0,0,0,0,0,0,0
"28087",5,"238171",78,0,2007,2,"N","Lowndes County, Mississippi","Private","Residential siding contractors","County, NAICS 6-digit -- by ownership sector","All establishment sizes",1,0,0,0,0,0,0,0
"28087",5,"238171",78,0,2007,3,"N","Lowndes County, Mississippi","Private","Residential siding contractors","County, NAICS 6-digit -- by ownership sector","All establishment sizes",1,0,0,0,0,0,0,0
"28087",5,"238171",78,0,2007,4,"N","Lowndes County, Mississippi","Private","Residential siding contractors","County, NAICS 6-digit -- by ownership sector","All establishment sizes",1,0,0,0,0,0,0,0
"28087",5,238172,78,0,2007,1,"N","Lowndes County, Mississippi","Private","Nonresidential siding contractors","County, NAICS 6-digit -- by ownership sector","All establishment sizes",1,0,0,0,0,0,0,0
"28087",5,"238172",78,0,2007,2,"N","Lowndes County, Mississippi","Private","Nonresidential siding contractors","County, NAICS 6-digit -- by ownership sector","All establishment sizes",1,0,0,0,0,0,0,0
"28087",5,"238172",78,0,2007,3,"N","Lowndes County, Mississippi","Private","Nonresidential siding contractors","County, NAICS 6-digit -- by ownership sector","All establishment sizes",1,0,0,0,0,0,0,0
"28087",5,"238172",78,0,2007,4,"N","Lowndes County, Mississippi","Private","Nonresidential siding contractors","County, NAICS 6-digit -- by ownership sector","All establishment sizes",1,0,0,0,0,0,0,0
"28087",5,23819,77,0,2007,1,"N","Lowndes County, Mississippi","Private","Other building exterior contractors","County, NAICS 5-digit -- by ownership sector","All establishment sizes",1,0,0,0,0,0,0,0
"28087",5,"23819",77,0,2007,2,"N","Lowndes County, Mississippi","Private","Other building exterior contractors","County, NAICS 5-digit -- by ownership sector","All establishment sizes",2,0,0,0,0,0,0,0
"28087",5,"23819",77,0,2007,3,"N","Lowndes County, Mississippi","Private","Other building exterior contractors","County, NAICS 5-digit -- by ownership sector","All establishment sizes",2,0,0,0,0,0,0,0
"28087",5,"23819",77,0,2007,4,"N","Lowndes County, Mississippi","Private","Other building exterior contractors","County, NAICS 5-digit -- by ownership sector","All establishment sizes",2,0,0,0,0,0,0,0
"28087",5,238191,78,0,2007,1,"-","Lowndes County, Mississippi","Private","Other residential exterior contractors","County, NAICS 6-digit -- by ownership sector","All establishment sizes",0,0,0,0,0,0,0,0
"28087",5,"238191",78,0,2007,2,"N","Lowndes County, Mississippi","Private","Other residential exterior contractors","County, NAICS 6-digit -- by ownership sector","All establishment sizes",1,0,0,0,0,0,0,0
"28087",5,"238191",78,0,2007,3,"N","Lowndes County, Mississippi","Private","Other residential exterior contractors","County, NAICS 6-digit -- by ownership sector","All establishment sizes",1,0,0,0,0,0,0,0
"28087",5,"238191",78,0,2007,4,"N","Lowndes County, Mississippi","Private","Other residential exterior contractors","County, NAICS 6-digit -- by ownership sector","All establishment sizes",1,0,0,0,0,0,0,0
"28087",5,238192,78,0,2007,1,"N","Lowndes County, Mississippi","Private","Other nonresidential exterior contractors","County, NAICS 6-digit -- by ownership sector","All establishment sizes",1,0,0,0,0,0,0,0
"28087",5,"238192",78,0,2007,2,"N","Lowndes County, Mississippi","Private","Other nonresidential exterior contractors","County, NAICS 6-digit -- by ownership sector","All establishment sizes",1,0,0,0,0,0,0,0
"28087",5,"238192",78,0,2007,3,"N","Lowndes County, Mississippi","Private","Other nonresidential exterior contractors","County, NAICS 6-digit -- by ownership sector","All establishment sizes",1,0,0,0,0,0,0,0
"28087",5,"238192",78,0,2007,4,"N","Lowndes County, Mississippi","Private","Other nonresidential exterior contractors","County, NAICS 6-digit -- by ownership sector","All establishment sizes",1,0,0,0,0,0,0,0
"28087",5,2382,76,0,2007,1,"","Lowndes County, Mississippi","Private","Building equipment contractors","County, NAICS 4-digit -- by ownership sector","All establishment sizes",53,986,976,991,12380626,7201761,92067,968
"28087",5,"2382",76,0,2007,2,"","Lowndes County, Mississippi","Private","Building equipment contractors","County, NAICS 4-digit -- by ownership sector","All establishment sizes",55,1092,1193,1234,17587704,4501598,50126,1153
"28087",5,"2382",76,0,2007,3,"","Lowndes County, Mississippi","Private","Building equipment contractors","County, NAICS 4-digit -- by ownership sector","All establishment sizes",53,1107,887,683,12441776,1349805,16349,1073
"28087",5,"2382",76,0,2007,4,"","Lowndes County, Mississippi","Private","Building equipment contractors","County, NAICS 4-digit -- by ownership sector","All establishment sizes",53,530,407,401,4592953,282479,5330,792
"28087",5,23821,77,0,2007,1,"","Lowndes County, Mississippi","Private","Electrical and wiring contractors","County, NAICS 5-digit -- by ownership sector","All establishment sizes",23,280,284,286,3857735,1949145,45788,1047
"28087",5,"23821",77,0,2007,2,"","Lowndes County, Mississippi","Private","Electrical and wiring contractors","County, NAICS 5-digit -- by ownership sector","All establishment sizes",24,303,342,375,4841980,1217341,28442,1095
"28087",5,"23821",77,0,2007,3,"","Lowndes County, Mississippi","Private","Electrical and wiring contractors","County, NAICS 5-digit -- by ownership sector","All establishment sizes",22,323,286,247,4017896,393010,8742,1083
"28087",5,"23821",77,0,2007,4,"","Lowndes County, Mississippi","Private","Electrical and wiring contractors","County, NAICS 5-digit -- by ownership sector","All establishment sizes",22,170,122,122,1419888,102542,2028,791
"28087",5,238211,78,0,2007,1,"","Lowndes County, Mississippi","Private","Residential electrical contractors","County, NAICS 6-digit -- by ownership sector","All establishment sizes",10,20,21,21,97170,87406,830,362
"28087",5,"238211",78,0,2007,2,"","Lowndes County, Mississippi","Private","Residential electrical contractors","County, NAICS 6-digit -- by ownership sector","All establishment sizes",11,21,19,24,91823,55027,1004,331
"28087",5,"238211",78,0,2007,3,"","Lowndes County, Mississippi","Private","Residential electrical contractors","County, NAICS 6-digit -- by ownership sector","All establishment sizes",9,24,23,23,97410,40767,467,321
"28087",5,"238211",78,0,2007,4,"","Lowndes County, Mississippi","Private","Residential electrical contractors","County, NAICS 6-digit -- by ownership sector","All establishment sizes",9,15,17,19,91913,26859,226,416
"28087",5,238212,78,0,2007,1,"","Lowndes County, Mississippi","Private","Nonresidential electrical contractors","County, NAICS 6-digit -- by ownership sector","All establishment sizes",13,260,263,265,3760565,1861739,44958,1101
"28087",5,"238212",78,0,2007,2,"","Lowndes County, Mississippi","Private","Nonresidential electrical contractors","County, NAICS 6-digit -- by ownership sector","All establishment sizes",13,282,323,351,4750157,1162314,27438,1147
"28087",5,"238212",78,0,2007,3,"","Lowndes County, Mississippi","Private","Nonresidential electrical contractors","County, NAICS 6-digit -- by ownership sector","All establishment sizes",13,299,263,224,3920486,352243,8275,1151
"28087",5,"238212",78,0,2007,4,"","Lowndes County, Mississippi","Private","Nonresidential electrical contractors","County, NAICS 6-digit -- by ownership sector","All establishment sizes",13,155,105,103,1327975,75683,1802,844
"28087",5,23822,77,0,2007,1,"","Lowndes County, Mississippi","Private","Plumbing and HVAC contractors","County, NAICS 5-digit -- by ownership sector","All establishment sizes",23,577,567,569,7495161,4467019,27332,1010
"28087",5,"23822",77,0,2007,2,"","Lowndes County, Mississippi","Private","Plumbing and HVAC contractors","County, NAICS 5-digit -- by ownership sector","All establishment sizes",24,653,716,724,11674479,3113625,17425,1287
"28087",5,"23822",77,0,2007,3,"","Lowndes County, Mississippi","Private","Plumbing and HVAC contractors","County, NAICS 5-digit -- by ownership sector","All establishment sizes",24,662,479,322,7625753,896411,6049,1203
"28087",5,"23822",77,0,2007,4,"","Lowndes County, Mississippi","Private","Plumbing and HVAC contractors","County, NAICS 5-digit -- by ownership sector","All establishment sizes",24,290,217,203,2500294,158080,2760,813
"28087",5,238221,78,0,2007,1,"","Lowndes County, Mississippi","Private","Residential plumbing and HVAC contractors","County, NAICS 6-digit -- by ownership sector","All establishment sizes",15,89,83,83,591266,496495,4903,535
"28087",5,"238221",78,0,2007,2,"N","Lowndes County, Mississippi","Private","Residential plumbing and HVAC contractors","County, NAICS 6-digit -- by ownership sector","All establishment sizes",15,0,0,0,0,0,0,0
"28087",5,"238221",78,0,2007,3,"","Lowndes County, Mississippi","Private","Residential plumbing and HVAC contractors","County, NAICS 6-digit -- by ownership sector","All establishment sizes",15,89,92,98,664661,94088,1084,550
"28087",5,"238221",78,0,2007,4,"N","Lowndes County, Mississippi","Private","Residential plumbing and HVAC contractors","County, NAICS 6-digit -- by ownership sector","All establishment sizes",15,0,0,0,0,0,0,0
"28087",5,238222,78,0,2007,1,"","Lowndes County, Mississippi","Private","Nonresidential plumbing and HVAC contractors","County, NAICS 6-digit -- by ownership sector","All establishment sizes",8,488,484,486,6903895,3970524,22429,1093
"28087",5,"238222",78,0,2007,2,"N","Lowndes County, Mississippi","Private","Nonresidential plumbing and HVAC contractors","County, NAICS 6-digit -- by ownership sector","All establishment sizes",9,0,0,0,0,0,0,0
"28087",5,"238222",78,0,2007,3,"","Lowndes County, Mississippi","Private","Nonresidential plumbing and HVAC contractors","County, NAICS 6-digit -- by ownership sector","All establishment sizes",9,573,387,224,6961092,802323,4965,1357
"28087",5,"238222",78,0,2007,4,"N","Lowndes County, Mississippi","Private","Nonresidential plumbing and HVAC contractors","County, NAICS 6-digit -- by ownership sector","All establishment sizes",9,0,0,0,0,0,0,0
"28087",5,23829,77,0,2007,1,"","Lowndes County, Mississippi","Private","Other building equipment contractors","County, NAICS 5-digit -- by ownership sector","All establishment sizes",7,129,125,136,1027730,785597,18947,608
"28087",5,"23829",77,0,2007,2,"","Lowndes County, Mississippi","Private","Other building equipment contractors","County, NAICS 5-digit -- by ownership sector","All establishment sizes",7,136,135,135,1071245,170632,4259,609
"28087",5,"23829",77,0,2007,3,"","Lowndes County, Mississippi","Private","Other building equipment contractors","County, NAICS 5-digit -- by ownership sector","All establishment sizes",7,122,122,114,798127,60384,1558,514
"28087",5,"23829",77,0,2007,4,"","Lowndes County, Mississippi","Private","Other building equipment contractors","County, NAICS 5-digit -- by ownership sector","All establishment sizes",7,70,68,76,672771,21857,542,725
"28087",5,238291,78,0,2007,1,"N","Lowndes County, Mississippi","Private","Other residential building equipment contractors","County, NAICS 6-digit -- by ownership sector","All establishment sizes",1,0,0,0,0,0,0,0
"28087",5,"238291",78,0,2007,2,"N","Lowndes County, Mississippi","Private","Other residential building equipment contractors","County, NAICS 6-digit -- by ownership sector","All establishment sizes",1,0,0,0,0,0,0,0
"28087",5,"238291",78,0,2007,3,"N","Lowndes County, Mississippi","Private","Other residential building equipment contractors","County, NAICS 6-digit -- by ownership sector","All establishment sizes",1,0,0,0,0,0,0,0
"28087",5,"238291",78,0,2007,4,"N","Lowndes County, Mississippi","Private","Other residential building equipment contractors","County, NAICS 6-digit -- by ownership sector","All establishment sizes",1,0,0,0,0,0,0,0
"28087",5,238292,78,0,2007,1,"N","Lowndes County, Mississippi","Private","Other nonresidential building equipment contractors","County, NAICS 6-digit -- by ownership sector","All establishment sizes",6,0,0,0,0,0,0,0
"28087",5,"238292",78,0,2007,2,"N","Lowndes County, Mississippi","Private","Other nonresidential building equipment contractors","County, NAICS 6-digit -- by ownership sector","All establishment sizes",6,0,0,0,0,0,0,0
"28087",5,"238292",78,0,2007,3,"N","Lowndes County, Mississippi","Private","Other nonresidential building equipment contractors","County, NAICS 6-digit -- by ownership sector","All establishment sizes",6,0,0,0,0,0,0,0
"28087",5,"238292",78,0,2007,4,"N","Lowndes County, Mississippi","Private","Other nonresidential building equipment contractors","County, NAICS 6-digit -- by ownership sector","All establishment sizes",6,0,0,0,0,0,0,0
"28087",5,2383,76,0,2007,1,"","Lowndes County, Mississippi","Private","Building finishing contractors","County, NAICS 4-digit -- by ownership sector","All establishment sizes",17,57,56,56,275011,263668,2372,376
"28087",5,"2383",76,0,2007,2,"","Lowndes County, Mississippi","Private","Building finishing contractors","County, NAICS 4-digit -- by ownership sector","All establishment sizes",17,70,70,74,342118,119221,1237,369
"28087",5,"2383",76,0,2007,3,"","Lowndes County, Mississippi","Private","Building finishing contractors","County, NAICS 4-digit -- by ownership sector","All establishment sizes",17,64,63,67,296981,50482,570,353
"28087",5,"2383",76,0,2007,4,"","Lowndes County, Mississippi","Private","Building finishing contractors","County, NAICS 4-digit -- by ownership sector","All establishment sizes",17,61,60,66,381704,59611,1004,471
"28087",5,23831,77,0,2007,1,"N","Lowndes County, Mississippi","Private","Drywall and insulation contractors","County, NAICS 5-digit -- by ownership sector","All establishment sizes",1,0,0,0,0,0,0,0
"28087",5,"23831",77,0,2007,2,"N","Lowndes County, Mississippi","Private","Drywall and insulation contractors","County, NAICS 5-digit -- by ownership sector","All establishment sizes",1,0,0,0,0,0,0,0
"28087",5,"23831",77,0,2007,3,"N","Lowndes County, Mississippi","Private","Drywall and insulation contractors","County, NAICS 5-digit -- by ownership sector","All establishment sizes",1,0,0,0,0,0,0,0
"28087",5,"23831",77,0,2007,4,"N","Lowndes County, Mississippi","Private","Drywall and insulation contractors","County, NAICS 5-digit -- by ownership sector","All establishment sizes",1,0,0,0,0,0,0,0
"28087",5,238311,78,0,2007,1,"N","Lowndes County, Mississippi","Private","Residential drywall contractors","County, NAICS 6-digit -- by ownership sector","All establishment sizes",1,0,0,0,0,0,0,0
"28087",5,"238311",78,0,2007,2,"N","Lowndes County, Mississippi","Private","Residential drywall contractors","County, NAICS 6-digit -- by ownership sector","All establishment sizes",1,0,0,0,0,0,0,0
"28087",5,"238311",78,0,2007,3,"N","Lowndes County, Mississippi","Private","Residential drywall contractors","County, NAICS 6-digit -- by ownership sector","All establishment sizes",1,0,0,0,0,0,0,0
"28087",5,"238311",78,0,2007,4,"N","Lowndes County, Mississippi","Private","Residential drywall contractors","County, NAICS 6-digit -- by ownership sector","All establishment sizes",1,0,0,0,0,0,0,0
"28087",5,23832,77,0,2007,1,"","Lowndes County, Mississippi","Private","Painting and wall covering contractors","County, NAICS 5-digit -- by ownership sector","All establishment sizes",9,33,34,34,172673,162942,1761,395
"28087",5,"23832",77,0,2007,2,"","Lowndes County, Mississippi","Private","Painting and wall covering contractors","County, NAICS 5-digit -- by ownership sector","All establishment sizes",9,48,46,51,228765,76144,911,364
"28087",5,"23832",77,0,2007,3,"","Lowndes County, Mississippi","Private","Painting and wall covering contractors","County, NAICS 5-digit -- by ownership sector","All establishment sizes",9,42,41,42,188944,34182,435,349
"28087",5,"23832",77,0,2007,4,"","Lowndes County, Mississippi","Private","Painting and wall covering contractors","County, NAICS 5-digit -- by ownership sector","All establishment sizes",9,39,38,45,268582,49248,953,508
"28087",5,238321,78,0,2007,1,"","Lowndes County, Mississippi","Private","Residential painting contractors","County, NAICS 6-digit -- by ownership sector","All establishment sizes",4,3,3,3,13020,13020,52,334
"28087",5,"238321",78,0,2007,2,"","Lowndes County, Mississippi","Private","Residential painting contractors","County, NAICS 6-digit -- by ownership sector","All establishment sizes",4,4,4,5,19440,10268,161,345
"28087",5,"238321",78,0,2007,3,"","Lowndes County, Mississippi","Private","Residential painting contractors","County, NAICS 6-digit -- by ownership sector","All establishment sizes",4,5,5,5,17734,2676,102,273
"28087",5,"238321",78,0,2007,4,"","Lowndes County, Mississippi","Private","Residential painting contractors","County, NAICS 6-digit -- by ownership sector","All establishment sizes",4,4,6,6,24466,5194,141,353
"28087",5,238322,78,0,2007,1,"","Lowndes County, Mississippi","Private","Nonresidential painting contractors","County, NAICS 6-digit -- by ownership sector","All establishment sizes",5,30,31,31,159653,149922,1709,400
"28087",5,"238322",78,0,2007,2,"","Lowndes County, Mississippi","Private","Nonresidential painting contractors","County, NAICS 6-digit -- by ownership sector","All establishment sizes",5,44,42,46,209325,65876,750,366
"28087",5,"238322",78,0,2007,3,"","Lowndes County, Mississippi","Private","Nonresidential painting contractors","County, NAICS 6-digit -- by ownership sector","All establishment sizes",5,37,36,37,171210,31506,333,359
"28087",5,"238322",78,0,2007,4,"","Lowndes County, Mississippi","Private","Nonresidential painting contractors","County, NAICS 6-digit -- by ownership sector","All establishment sizes",5,35,32,39,244116,44054,812,531
"28087",5,23833,77,0,2007,1,"N","Lowndes County, Mississippi","Private","Flooring contractors","County, NAICS 5-digit -- by ownership sector","All establishment sizes",4,0,0,0,0,0,0,0
"28087",5,"23833",77,0,2007,2,"N","Lowndes County, Mississippi","Private","Flooring contractors","County, NAICS 5-digit -- by ownership sector","All establishment sizes",4,0,0,0,0,0,0,0
"28087",5,"23833",77,0,2007,3,"N","Lowndes County, Mississippi","Private","Flooring contractors","County, NAICS 5-digit -- by ownership sector","All establishment sizes",4,0,0,0,0,0,0,0
"28087",5,"23833",77,0,2007,4,"","Lowndes County, Mississippi","Private","Flooring contractors","County, NAICS 5-digit -- by ownership sector","All establishment sizes",4,8,7,8,40562,8360,38,407
"28087",5,238331,78,0,2007,1,"N","Lowndes County, Mississippi","Private","Residential flooring contractors","County, NAICS 6-digit -- by ownership sector","All establishment sizes",4,0,0,0,0,0,0,0
"28087",5,"238331",78,0,2007,2,"N","Lowndes County, Mississippi","Private","Residential flooring contractors","County, NAICS 6-digit -- by ownership sector","All establishment sizes",4,0,0,0,0,0,0,0
"28087",5,"238331",78,0,2007,3,"N","Lowndes County, Mississippi","Private","Residential flooring contractors","County, NAICS 6-digit -- by ownership sector","All establishment sizes",4,0,0,0,0,0,0,0
"28087",5,"238331",78,0,2007,4,"","Lowndes County, Mississippi","Private","Residential flooring contractors","County, NAICS 6-digit -- by ownership sector","All establishment sizes",4,8,7,8,40562,8360,38,407
"28087",5,23835,77,0,2007,1,"","Lowndes County, Mississippi","Private","Finish carpentry contractors","County, NAICS 5-digit -- by ownership sector","All establishment sizes",3,10,8,10,38027,36967,247,313
"28087",5,"23835",77,0,2007,2,"","Lowndes County, Mississippi","Private","Finish carpentry contractors","County, NAICS 5-digit -- by ownership sector","All establishment sizes",3,9,10,9,41502,21479,206,342
"28087",5,"23835",77,0,2007,3,"","Lowndes County, Mississippi","Private","Finish carpentry contractors","County, NAICS 5-digit -- by ownership sector","All establishment sizes",3,9,8,8,35580,2551,31,328
"28087",5,"23835",77,0,2007,4,"N","Lowndes County, Mississippi","Private","Finish carpentry contractors","County, NAICS 5-digit -- by ownership sector","All establishment sizes",3,0,0,0,0,0,0,0
"28087",5,238351,78,0,2007,1,"","Lowndes County, Mississippi","Private","Residential finish carpentry contractors","County, NAICS 6-digit -- by ownership sector","All establishment sizes",3,10,8,10,38027,36967,247,313
"28087",5,"238351",78,0,2007,2,"","Lowndes County, Mississippi","Private","Residential finish carpentry contractors","County, NAICS 6-digit -- by ownership sector","All establishment sizes",3,9,10,9,41502,21479,206,342
"28087",5,"238351",78,0,2007,3,"","Lowndes County, Mississippi","Private","Residential finish carpentry contractors","County, NAICS 6-digit -- by ownership sector","All establishment sizes",3,9,8,8,35580,2551,31,328
"28087",5,"238351",78,0,2007,4,"N","Lowndes County, Mississippi","Private","Residential finish carpentry contractors","County, NAICS 6-digit -- by ownership sector","All establishment sizes",3,0,0,0,0,0,0,0
"28087",5,2389,76,0,2007,1,"","Lowndes County, Mississippi","Private","Other specialty trade contractors","County, NAICS 4-digit -- by ownership sector","All establishment sizes",13,140,152,153,1718562,762302,4154,891
"28087",5,"2389",76,0,2007,2,"","Lowndes County, Mississippi","Private","Other specialty trade contractors","County, NAICS 4-digit -- by ownership sector","All establishment sizes",13,148,148,148,1010506,216025,1513,525
"28087",5,"2389",76,0,2007,3,"","Lowndes County, Mississippi","Private","Other specialty trade contractors","County, NAICS 4-digit -- by ownership sector","All establishment sizes",13,147,146,156,1079565,183863,1296,555
"28087",5,"2389",76,0,2007,4,"","Lowndes County, Mississippi","Private","Other specialty trade contractors","County, NAICS 4-digit -- by ownership sector","All establishment sizes",13,137,134,131,1329013,109536,987,763
"28087",5,23891,77,0,2007,1,"","Lowndes County, Mississippi","Private","Site preparation contractors","County, NAICS 5-digit -- by ownership sector","All establishment sizes",6,63,64,65,1203307,339956,1361,1446
"28087",5,"23891",77,0,2007,2,"","Lowndes County, Mississippi","Private","Site preparation contractors","County, NAICS 5-digit -- by ownership sector","All establishment sizes",6,61,61,61,448517,51224,204,566
"28087",5,"23891",77,0,2007,3,"","Lowndes County, Mississippi","Private","Site preparation contractors","County, NAICS 5-digit -- by ownership sector","All establishment sizes",6,62,62,64,478662,55385,222,588
"28087",5,"23891",77,0,2007,4,"N","Lowndes County, Mississippi","Private","Site preparation contractors","County, NAICS 5-digit -- by ownership sector","All establishment sizes",6,0,0,0,0,0,0,0
"28087",5,238911,78,0,2007,1,"N","Lowndes County, Mississippi","Private","Residential site preparation contractors","County, NAICS 6-digit -- by ownership sector","All establishment sizes",4,0,0,0,0,0,0,0
"28087",5,"238911",78,0,2007,2,"N","Lowndes County, Mississippi","Private","Residential site preparation contractors","County, NAICS 6-digit -- by ownership sector","All establishment sizes",4,0,0,0,0,0,0,0
"28087",5,"238911",78,0,2007,3,"N","Lowndes County, Mississippi","Private","Residential site preparation contractors","County, NAICS 6-digit -- by ownership sector","All establishment sizes",4,0,0,0,0,0,0,0
"28087",5,"238911",78,0,2007,4,"N","Lowndes County, Mississippi","Private","Residential site preparation contractors","County, NAICS 6-digit -- by ownership sector","All establishment sizes",4,0,0,0,0,0,0,0
"28087",5,238912,78,0,2007,1,"N","Lowndes County, Mississippi","Private","Nonresidential site preparation contractors","County, NAICS 6-digit -- by ownership sector","All establishment sizes",2,0,0,0,0,0,0,0
"28087",5,"238912",78,0,2007,2,"N","Lowndes County, Mississippi","Private","Nonresidential site preparation contractors","County, NAICS 6-digit -- by ownership sector","All establishment sizes",2,0,0,0,0,0,0,0
"28087",5,"238912",78,0,2007,3,"N","Lowndes County, Mississippi","Private","Nonresidential site preparation contractors","County, NAICS 6-digit -- by ownership sector","All establishment sizes",2,0,0,0,0,0,0,0
"28087",5,"238912",78,0,2007,4,"N","Lowndes County, Mississippi","Private","Nonresidential site preparation contractors","County, NAICS 6-digit -- by ownership sector","All establishment sizes",2,0,0,0,0,0,0,0
"28087",5,23899,77,0,2007,1,"","Lowndes County, Mississippi","Private","All other specialty trade contractors","County, NAICS 5-digit -- by ownership sector","All establishment sizes",7,77,88,88,515255,422346,2793,470
"28087",5,"23899",77,0,2007,2,"","Lowndes County, Mississippi","Private","All other specialty trade contractors","County, NAICS 5-digit -- by ownership sector","All establishment sizes",7,87,87,87,561989,164801,1309,497
"28087",5,"23899",77,0,2007,3,"","Lowndes County, Mississippi","Private","All other specialty trade contractors","County, NAICS 5-digit -- by ownership sector","All establishment sizes",7,85,84,92,600903,128478,1074,531
"28087",5,"23899",77,0,2007,4,"N","Lowndes County, Mississippi","Private","All other specialty trade contractors","County, NAICS 5-digit -- by ownership sector","All establishment sizes",7,0,0,0,0,0,0,0
"28087",5,238991,78,0,2007,1,"","Lowndes County, Mississippi","Private","All other residential trade contractors","County, NAICS 6-digit -- by ownership sector","All establishment sizes",3,43,46,47,290324,240350,1137,493
"28087",5,"238991",78,0,2007,2,"","Lowndes County, Mississippi","Private","All other residential trade contractors","County, NAICS 6-digit -- by ownership sector","All establishment sizes",3,48,49,53,358261,92710,445,551
"28087",5,"238991",78,0,2007,3,"","Lowndes County, Mississippi","Private","All other residential trade contractors","County, NAICS 6-digit -- by ownership sector","All establishment sizes",3,49,48,51,375187,40984,173,585
"28087",5,"238991",78,0,2007,4,"","Lowndes County, Mississippi","Private","All other residential trade contractors","County, NAICS 6-digit -- by ownership sector","All establishment sizes",3,48,46,47,389760,31565,162,638
"28087",5,238992,78,0,2007,1,"","Lowndes County, Mississippi","Private","All other nonresidential trade contractors","County, NAICS 6-digit -- by ownership sector","All establishment sizes",4,34,42,41,224931,181996,1656,444
"28087",5,"238992",78,0,2007,2,"","Lowndes County, Mississippi","Private","All other nonresidential trade contractors","County, NAICS 6-digit -- by ownership sector","All establishment sizes",4,39,38,34,203728,72091,864,424
"28087",5,"238992",78,0,2007,3,"","Lowndes County, Mississippi","Private","All other nonresidential trade contractors","County, NAICS 6-digit -- by ownership sector","All establishment sizes",4,36,36,41,225716,87494,901,461
"28087",5,"238992",78,0,2007,4,"N","Lowndes County, Mississippi","Private","All other nonresidential trade contractors","County, NAICS 6-digit -- by ownership sector","All establishment sizes",4,0,0,0,0,0,0,0
"28087",5,31-33,74,0,2007,1,"","Lowndes County, Mississippi","Private","Manufacturing","County, NAICS Sector -- by ownership sector","All establishment sizes",77,3970,3925,4072,50261389,25635751,480748,969
"28087",5,"31-33",74,0,2007,2,"","Lowndes County, Mississippi","Private","Manufacturing","County, NAICS Sector -- by ownership sector","All establishment sizes",78,4085,4109,4134,46021467,5322889,115578,861
"28087",5,"31-33",74,0,2007,3,"","Lowndes County, Mississippi","Private","Manufacturing","County, NAICS Sector -- by ownership sector","All establishment sizes",77,4155,4220,4151,48344023,2979131,59503,891
"28087",5,"31-33",74,0,2007,4,"","Lowndes County, Mississippi","Private","Manufacturing","County, NAICS Sector -- by ownership sector","All establishment sizes",79,4161,4217,4243,57122722,2517653,46378,1044
"28087",5,311,75,0,2007,1,"N","Lowndes County, Mississippi","Private","Food manufacturing","County, NAICS 3-digit -- by ownership sector","All establishment sizes",2,0,0,0,0,0,0,0
"28087",5,"311",75,0,2007,2,"N","Lowndes County, Mississippi","Private","Food manufacturing","County, NAICS 3-digit -- by ownership sector","All establishment sizes",2,0,0,0,0,0,0,0
"28087",5,"311",75,0,2007,3,"N","Lowndes County, Mississippi","Private","Food manufacturing","County, NAICS 3-digit -- by ownership sector","All establishment sizes",2,0,0,0,0,0,0,0
"28087",5,"311",75,0,2007,4,"N","Lowndes County, Mississippi","Private","Food manufacturing","County, NAICS 3-digit -- by ownership sector","All establishment sizes",2,0,0,0,0,0,0,0
"28087",5,3118,76,0,2007,1,"N","Lowndes County, Mississippi","Private","Bakeries and tortilla manufacturing","County, NAICS 4-digit -- by ownership sector","All establishment sizes",1,0,0,0,0,0,0,0
"28087",5,"3118",76,0,2007,2,"N","Lowndes County, Mississippi","Private","Bakeries and tortilla manufacturing","County, NAICS 4-digit -- by ownership sector","All establishment sizes",1,0,0,0,0,0,0,0
"28087",5,"3118",76,0,2007,3,"N","Lowndes County, Mississippi","Private","Bakeries and tortilla manufacturing","County, NAICS 4-digit -- by ownership sector","All establishment sizes",1,0,0,0,0,0,0,0
"28087",5,"3118",76,0,2007,4,"N","Lowndes County, Mississippi","Private","Bakeries and tortilla manufacturing","County, NAICS 4-digit -- by ownership sector","All establishment sizes",1,0,0,0,0,0,0,0
"28087",5,31181,77,0,2007,1,"N","Lowndes County, Mississippi","Private","Bread and bakery product manufacturing","County, NAICS 5-digit -- by ownership sector","All establishment sizes",1,0,0,0,0,0,0,0
"28087",5,"31181",77,0,2007,2,"N","Lowndes County, Mississippi","Private","Bread and bakery product manufacturing","County, NAICS 5-digit -- by ownership sector","All establishment sizes",1,0,0,0,0,0,0,0
"28087",5,"31181",77,0,2007,3,"N","Lowndes County, Mississippi","Private","Bread and bakery product manufacturing","County, NAICS 5-digit -- by ownership sector","All establishment sizes",1,0,0,0,0,0,0,0
"28087",5,"31181",77,0,2007,4,"N","Lowndes County, Mississippi","Private","Bread and bakery product manufacturing","County, NAICS 5-digit -- by ownership sector","All establishment sizes",1,0,0,0,0,0,0,0
"28087",5,311813,78,0,2007,1,"N","Lowndes County, Mississippi","Private","Frozen cakes and other pastries manufacturing","County, NAICS 6-digit -- by ownership sector","All establishment sizes",1,0,0,0,0,0,0,0
"28087",5,"311813",78,0,2007,2,"N","Lowndes County, Mississippi","Private","Frozen cakes and other pastries manufacturing","County, NAICS 6-digit -- by ownership sector","All establishment sizes",1,0,0,0,0,0,0,0
"28087",5,"311813",78,0,2007,3,"N","Lowndes County, Mississippi","Private","Frozen cakes and other pastries manufacturing","County, NAICS 6-digit -- by ownership sector","All establishment sizes",1,0,0,0,0,0,0,0
"28087",5,"311813",78,0,2007,4,"N","Lowndes County, Mississippi","Private","Frozen cakes and other pastries manufacturing","County, NAICS 6-digit -- by ownership sector","All establishment sizes",1,0,0,0,0,0,0,0
"28087",5,3119,76,0,2007,1,"N","Lowndes County, Mississippi","Private","Other food manufacturing","County, NAICS 4-digit -- by ownership sector","All establishment sizes",1,0,0,0,0,0,0,0
"28087",5,"3119",76,0,2007,2,"N","Lowndes County, Mississippi","Private","Other food manufacturing","County, NAICS 4-digit -- by ownership sector","All establishment sizes",1,0,0,0,0,0,0,0
"28087",5,"3119",76,0,2007,3,"N","Lowndes County, Mississippi","Private","Other food manufacturing","County, NAICS 4-digit -- by ownership sector","All establishment sizes",1,0,0,0,0,0,0,0
"28087",5,"3119",76,0,2007,4,"N","Lowndes County, Mississippi","Private","Other food manufacturing","County, NAICS 4-digit -- by ownership sector","All establishment sizes",1,0,0,0,0,0,0,0
"28087",5,31193,77,0,2007,1,"N","Lowndes County, Mississippi","Private","Flavoring syrup and concentrate manufacturing","County, NAICS 5-digit -- by ownership sector","All establishment sizes",1,0,0,0,0,0,0,0
"28087",5,"31193",77,0,2007,2,"N","Lowndes County, Mississippi","Private","Flavoring syrup and concentrate manufacturing","County, NAICS 5-digit -- by ownership sector","All establishment sizes",1,0,0,0,0,0,0,0
"28087",5,"31193",77,0,2007,3,"N","Lowndes County, Mississippi","Private","Flavoring syrup and concentrate manufacturing","County, NAICS 5-digit -- by ownership sector","All establishment sizes",1,0,0,0,0,0,0,0
"28087",5,"31193",77,0,2007,4,"N","Lowndes County, Mississippi","Private","Flavoring syrup and concentrate manufacturing","County, NAICS 5-digit -- by ownership sector","All establishment sizes",1,0,0,0,0,0,0,0
"28087",5,311930,78,0,2007,1,"N","Lowndes County, Mississippi","Private","Flavoring syrup and concentrate manufacturing","County, NAICS 6-digit -- by ownership sector","All establishment sizes",1,0,0,0,0,0,0,0
"28087",5,"311930",78,0,2007,2,"N","Lowndes County, Mississippi","Private","Flavoring syrup and concentrate manufacturing","County, NAICS 6-digit -- by ownership sector","All establishment sizes",1,0,0,0,0,0,0,0
"28087",5,"311930",78,0,2007,3,"N","Lowndes County, Mississippi","Private","Flavoring syrup and concentrate manufacturing","County, NAICS 6-digit -- by ownership sector","All establishment sizes",1,0,0,0,0,0,0,0
"28087",5,"311930",78,0,2007,4,"N","Lowndes County, Mississippi","Private","Flavoring syrup and concentrate manufacturing","County, NAICS 6-digit -- by ownership sector","All establishment sizes",1,0,0,0,0,0,0,0
"28087",5,312,75,0,2007,1,"","Lowndes County, Mississippi","Private","Beverage and tobacco product manufacturing","County, NAICS 3-digit -- by ownership sector","All establishment sizes",3,42,43,50,359791,244261,2977,615
"28087",5,"312",75,0,2007,2,"","Lowndes County, Mississippi","Private","Beverage and tobacco product manufacturing","County, NAICS 3-digit -- by ownership sector","All establishment sizes",3,57,56,58,478415,144381,2719,646
"28087",5,"312",75,0,2007,3,"","Lowndes County, Mississippi","Private","Beverage and tobacco product manufacturing","County, NAICS 3-digit -- by ownership sector","All establishment sizes",3,59,59,60,592693,32025,1330,768
"28087",5,"312",75,0,2007,4,"","Lowndes County, Mississippi","Private","Beverage and tobacco product manufacturing","County, NAICS 3-digit -- by ownership sector","All establishment sizes",3,56,56,61,547075,9801,191,730
"28087",5,3121,76,0,2007,1,"","Lowndes County, Mississippi","Private","Beverage manufacturing","County, NAICS 4-digit -- by ownership sector","All establishment sizes",3,42,43,50,359791,244261,2977,615
"28087",5,"3121",76,0,2007,2,"","Lowndes County, Mississippi","Private","Beverage manufacturing","County, NAICS 4-digit -- by ownership sector","All establishment sizes",3,57,56,58,478415,144381,2719,646
"28087",5,"3121",76,0,2007,3,"","Lowndes County, Mississippi","Private","Beverage manufacturing","County, NAICS 4-digit -- by ownership sector","All establishment sizes",3,59,59,60,592693,32025,1330,768
"28087",5,"3121",76,0,2007,4,"","Lowndes County, Mississippi","Private","Beverage manufacturing","County, NAICS 4-digit -- by ownership sector","All establishment sizes",3,56,56,61,547075,9801,191,730
"28087",5,31211,77,0,2007,1,"","Lowndes County, Mississippi","Private","Soft drink and ice manufacturing","County, NAICS 5-digit -- by ownership sector","All establishment sizes",3,42,43,50,359791,244261,2977,615
"28087",5,"31211",77,0,2007,2,"","Lowndes County, Mississippi","Private","Soft drink and ice manufacturing","County, NAICS 5-digit -- by ownership sector","All establishment sizes",3,57,56,58,478415,144381,2719,646
"28087",5,"31211",77,0,2007,3,"","Lowndes County, Mississippi","Private","Soft drink and ice manufacturing","County, NAICS 5-digit -- by ownership sector","All establishment sizes",3,59,59,60,592693,32025,1330,768
"28087",5,"31211",77,0,2007,4,"","Lowndes County, Mississippi","Private","Soft drink and ice manufacturing","County, NAICS 5-digit -- by ownership sector","All establishment sizes",3,56,56,61,547075,9801,191,730
"28087",5,312111,78,0,2007,1,"N","Lowndes County, Mississippi","Private","Soft drink manufacturing","County, NAICS 6-digit -- by ownership sector","All establishment sizes",1,0,0,0,0,0,0,0
"28087",5,"312111",78,0,2007,2,"N","Lowndes County, Mississippi","Private","Soft drink manufacturing","County, NAICS 6-digit -- by ownership sector","All establishment sizes",1,0,0,0,0,0,0,0
"28087",5,"312111",78,0,2007,3,"N","Lowndes County, Mississippi","Private","Soft drink manufacturing","County, NAICS 6-digit -- by ownership sector","All establishment sizes",1,0,0,0,0,0,0,0
"28087",5,"312111",78,0,2007,4,"N","Lowndes County, Mississippi","Private","Soft drink manufacturing","County, NAICS 6-digit -- by ownership sector","All establishment sizes",1,0,0,0,0,0,0,0
"28087",5,312112,78,0,2007,1,"N","Lowndes County, Mississippi","Private","Bottled water manufacturing","County, NAICS 6-digit -- by ownership sector","All establishment sizes",1,0,0,0,0,0,0,0
"28087",5,"312112",78,0,2007,2,"N","Lowndes County, Mississippi","Private","Bottled water manufacturing","County, NAICS 6-digit -- by ownership sector","All establishment sizes",1,0,0,0,0,0,0,0
"28087",5,"312112",78,0,2007,3,"N","Lowndes County, Mississippi","Private","Bottled water manufacturing","County, NAICS 6-digit -- by ownership sector","All establishment sizes",1,0,0,0,0,0,0,0
"28087",5,"312112",78,0,2007,4,"N","Lowndes County, Mississippi","Private","Bottled water manufacturing","County, NAICS 6-digit -- by ownership sector","All establishment sizes",1,0,0,0,0,0,0,0
"28087",5,312113,78,0,2007,1,"N","Lowndes County, Mississippi","Private","Ice manufacturing","County, NAICS 6-digit -- by ownership sector","All establishment sizes",1,0,0,0,0,0,0,0
"28087",5,"312113",78,0,2007,2,"N","Lowndes County, Mississippi","Private","Ice manufacturing","County, NAICS 6-digit -- by ownership sector","All establishment sizes",1,0,0,0,0,0,0,0
"28087",5,"312113",78,0,2007,3,"N","Lowndes County, Mississippi","Private","Ice manufacturing","County, NAICS 6-digit -- by ownership sector","All establishment sizes",1,0,0,0,0,0,0,0
"28087",5,"312113",78,0,2007,4,"N","Lowndes County, Mississippi","Private","Ice manufacturing","County, NAICS 6-digit -- by ownership sector","All establishment sizes",1,0,0,0,0,0,0,0
"28087",5,313,75,0,2007,1,"N","Lowndes County, Mississippi","Private","Textile mills","County, NAICS 3-digit -- by ownership sector","All establishment sizes",2,0,0,0,0,0,0,0
"28087",5,"313",75,0,2007,2,"N","Lowndes County, Mississippi","Private","Textile mills","County, NAICS 3-digit -- by ownership sector","All establishment sizes",2,0,0,0,0,0,0,0
"28087",5,"313",75,0,2007,3,"N","Lowndes County, Mississippi","Private","Textile mills","County, NAICS 3-digit -- by ownership sector","All establishment sizes",2,0,0,0,0,0,0,0
"28087",5,"313",75,0,2007,4,"N","Lowndes County, Mississippi","Private","Textile mills","County, NAICS 3-digit -- by ownership sector","All establishment sizes",2,0,0,0,0,0,0,0
"28087",5,3132,76,0,2007,1,"N","Lowndes County, Mississippi","Private","Fabric mills","County, NAICS 4-digit -- by ownership sector","All establishment sizes",1,0,0,0,0,0,0,0
"28087",5,"3132",76,0,2007,2,"N","Lowndes County, Mississippi","Private","Fabric mills","County, NAICS 4-digit -- by ownership sector","All establishment sizes",1,0,0,0,0,0,0,0
"28087",5,"3132",76,0,2007,3,"N","Lowndes County, Mississippi","Private","Fabric mills","County, NAICS 4-digit -- by ownership sector","All establishment sizes",1,0,0,0,0,0,0,0
"28087",5,"3132",76,0,2007,4,"N","Lowndes County, Mississippi","Private","Fabric mills","County, NAICS 4-digit -- by ownership sector","All establishment sizes",1,0,0,0,0,0,0,0
"28087",5,31323,77,0,2007,1,"N","Lowndes County, Mississippi","Private","Nonwoven fabric mills","County, NAICS 5-digit -- by ownership sector","All establishment sizes",1,0,0,0,0,0,0,0
"28087",5,"31323",77,0,2007,2,"N","Lowndes County, Mississippi","Private","Nonwoven fabric mills","County, NAICS 5-digit -- by ownership sector","All establishment sizes",1,0,0,0,0,0,0,0
"28087",5,"31323",77,0,2007,3,"N","Lowndes County, Mississippi","Private","Nonwoven fabric mills","County, NAICS 5-digit -- by ownership sector","All establishment sizes",1,0,0,0,0,0,0,0
"28087",5,"31323",77,0,2007,4,"N","Lowndes County, Mississippi","Private","Nonwoven fabric mills","County, NAICS 5-digit -- by ownership sector","All establishment sizes",1,0,0,0,0,0,0,0
"28087",5,313230,78,0,2007,1,"N","Lowndes County, Mississippi","Private","Nonwoven fabric mills","County, NAICS 6-digit -- by ownership sector","All establishment sizes",1,0,0,0,0,0,0,0
"28087",5,"313230",78,0,2007,2,"N","Lowndes County, Mississippi","Private","Nonwoven fabric mills","County, NAICS 6-digit -- by ownership sector","All establishment sizes",1,0,0,0,0,0,0,0
"28087",5,"313230",78,0,2007,3,"N","Lowndes County, Mississippi","Private","Nonwoven fabric mills","County, NAICS 6-digit -- by ownership sector","All establishment sizes",1,0,0,0,0,0,0,0
"28087",5,"313230",78,0,2007,4,"N","Lowndes County, Mississippi","Private","Nonwoven fabric mills","County, NAICS 6-digit -- by ownership sector","All establishment sizes",1,0,0,0,0,0,0,0
"28087",5,3133,76,0,2007,1,"N","Lowndes County, Mississippi","Private","Textile and fabric finishing mills","County, NAICS 4-digit -- by ownership sector","All establishment sizes",1,0,0,0,0,0,0,0
"28087",5,"3133",76,0,2007,2,"N","Lowndes County, Mississippi","Private","Textile and fabric finishing mills","County, NAICS 4-digit -- by ownership sector","All establishment sizes",1,0,0,0,0,0,0,0
"28087",5,"3133",76,0,2007,3,"N","Lowndes County, Mississippi","Private","Textile and fabric finishing mills","County, NAICS 4-digit -- by ownership sector","All establishment sizes",1,0,0,0,0,0,0,0
"28087",5,"3133",76,0,2007,4,"N","Lowndes County, Mississippi","Private","Textile and fabric finishing mills","County, NAICS 4-digit -- by ownership sector","All establishment sizes",1,0,0,0,0,0,0,0
"28087",5,31331,77,0,2007,1,"N","Lowndes County, Mississippi","Private","Textile and fabric finishing mills","County, NAICS 5-digit -- by ownership sector","All establishment sizes",1,0,0,0,0,0,0,0
"28087",5,"31331",77,0,2007,2,"N","Lowndes County, Mississippi","Private","Textile and fabric finishing mills","County, NAICS 5-digit -- by ownership sector","All establishment sizes",1,0,0,0,0,0,0,0
"28087",5,"31331",77,0,2007,3,"N","Lowndes County, Mississippi","Private","Textile and fabric finishing mills","County, NAICS 5-digit -- by ownership sector","All establishment sizes",1,0,0,0,0,0,0,0
"28087",5,"31331",77,0,2007,4,"N","Lowndes County, Mississippi","Private","Textile and fabric finishing mills","County, NAICS 5-digit -- by ownership sector","All establishment sizes",1,0,0,0,0,0,0,0
"28087",5,313312,78,0,2007,1,"N","Lowndes County, Mississippi","Private","Other textile and fabric finishing mills","County, NAICS 6-digit -- by ownership sector","All establishment sizes",1,0,0,0,0,0,0,0
"28087",5,"313312",78,0,2007,2,"N","Lowndes County, Mississippi","Private","Other textile and fabric finishing mills","County, NAICS 6-digit -- by ownership sector","All establishment sizes",1,0,0,0,0,0,0,0
"28087",5,"313312",78,0,2007,3,"N","Lowndes County, Mississippi","Private","Other textile and fabric finishing mills","County, NAICS 6-digit -- by ownership sector","All establishment sizes",1,0,0,0,0,0,0,0
"28087",5,"313312",78,0,2007,4,"N","Lowndes County, Mississippi","Private","Other textile and fabric finishing mills","County, NAICS 6-digit -- by ownership sector","All establishment sizes",1,0,0,0,0,0,0,0
"28087",5,314,75,0,2007,1,"","Lowndes County, Mississippi","Private","Textile product mills","County, NAICS 3-digit -- by ownership sector","All establishment sizes",3,21,22,22,99409,84669,1127,353
"28087",5,"314",75,0,2007,2,"","Lowndes County, Mississippi","Private","Textile product mills","County, NAICS 3-digit -- by ownership sector","All establishment sizes",3,23,22,22,99198,50147,722,342
"28087",5,"314",75,0,2007,3,"","Lowndes County, Mississippi","Private","Textile product mills","County, NAICS 3-digit -- by ownership sector","All establishment sizes",3,19,18,8,98460,32594,463,505
"28087",5,"314",75,0,2007,4,"","Lowndes County, Mississippi","Private","Textile product mills","County, NAICS 3-digit -- by ownership sector","All establishment sizes",3,18,17,18,98781,23987,270,430
"28087",5,3141,76,0,2007,1,"N","Lowndes County, Mississippi","Private","Textile furnishings mills","County, NAICS 4-digit -- by ownership sector","All establishment sizes",1,0,0,0,0,0,0,0
"28087",5,"3141",76,0,2007,2,"N","Lowndes County, Mississippi","Private","Textile furnishings mills","County, NAICS 4-digit -- by ownership sector","All establishment sizes",1,0,0,0,0,0,0,0
"28087",5,"3141",76,0,2007,3,"N","Lowndes County, Mississippi","Private","Textile furnishings mills","County, NAICS 4-digit -- by ownership sector","All establishment sizes",1,0,0,0,0,0,0,0
"28087",5,"3141",76,0,2007,4,"N","Lowndes County, Mississippi","Private","Textile furnishings mills","County, NAICS 4-digit -- by ownership sector","All establishment sizes",1,0,0,0,0,0,0,0
"28087",5,31412,77,0,2007,1,"N","Lowndes County, Mississippi","Private","Curtain and linen mills","County, NAICS 5-digit -- by ownership sector","All establishment sizes",1,0,0,0,0,0,0,0
"28087",5,"31412",77,0,2007,2,"N","Lowndes County, Mississippi","Private","Curtain and linen mills","County, NAICS 5-digit -- by ownership sector","All establishment sizes",1,0,0,0,0,0,0,0
"28087",5,"31412",77,0,2007,3,"N","Lowndes County, Mississippi","Private","Curtain and linen mills","County, NAICS 5-digit -- by ownership sector","All establishment sizes",1,0,0,0,0,0,0,0
"28087",5,"31412",77,0,2007,4,"N","Lowndes County, Mississippi","Private","Curtain and linen mills","County, NAICS 5-digit -- by ownership sector","All establishment sizes",1,0,0,0,0,0,0,0
"28087",5,314121,78,0,2007,1,"N","Lowndes County, Mississippi","Private","Curtain and drapery mills","County, NAICS 6-digit -- by ownership sector","All establishment sizes",1,0,0,0,0,0,0,0
"28087",5,"314121",78,0,2007,2,"N","Lowndes County, Mississippi","Private","Curtain and drapery mills","County, NAICS 6-digit -- by ownership sector","All establishment sizes",1,0,0,0,0,0,0,0
"28087",5,"314121",78,0,2007,3,"N","Lowndes County, Mississippi","Private","Curtain and drapery mills","County, NAICS 6-digit -- by ownership sector","All establishment sizes",1,0,0,0,0,0,0,0
"28087",5,"314121",78,0,2007,4,"N","Lowndes County, Mississippi","Private","Curtain and drapery mills","County, NAICS 6-digit -- by ownership sector","All establishment sizes",1,0,0,0,0,0,0,0
"28087",5,3149,76,0,2007,1,"N","Lowndes County, Mississippi","Private","Other textile product mills","County, NAICS 4-digit -- by ownership sector","All establishment sizes",2,0,0,0,0,0,0,0
"28087",5,"3149",76,0,2007,2,"N","Lowndes County, Mississippi","Private","Other textile product mills","County, NAICS 4-digit -- by ownership sector","All establishment sizes",2,0,0,0,0,0,0,0
"28087",5,"3149",76,0,2007,3,"N","Lowndes County, Mississippi","Private","Other textile product mills","County, NAICS 4-digit -- by ownership sector","All establishment sizes",2,0,0,0,0,0,0,0
"28087",5,"3149",76,0,2007,4,"N","Lowndes County, Mississippi","Private","Other textile product mills","County, NAICS 4-digit -- by ownership sector","All establishment sizes",2,0,0,0,0,0,0,0
"28087",5,31491,77,0,2007,1,"N","Lowndes County, Mississippi","Private","Textile bag and canvas mills","County, NAICS 5-digit -- by ownership sector","All establishment sizes",1,0,0,0,0,0,0,0
"28087",5,"31491",77,0,2007,2,"N","Lowndes County, Mississippi","Private","Textile bag and canvas mills","County, NAICS 5-digit -- by ownership sector","All establishment sizes",1,0,0,0,0,0,0,0
"28087",5,"31491",77,0,2007,3,"N","Lowndes County, Mississippi","Private","Textile bag and canvas mills","County, NAICS 5-digit -- by ownership sector","All establishment sizes",1,0,0,0,0,0,0,0
"28087",5,"31491",77,0,2007,4,"N","Lowndes County, Mississippi","Private","Textile bag and canvas mills","County, NAICS 5-digit -- by ownership sector","All establishment sizes",1,0,0,0,0,0,0,0
"28087",5,314912,78,0,2007,1,"N","Lowndes County, Mississippi","Private","Canvas and related product mills","County, NAICS 6-digit -- by ownership sector","All establishment sizes",1,0,0,0,0,0,0,0
"28087",5,"314912",78,0,2007,2,"N","Lowndes County, Mississippi","Private","Canvas and related product mills","County, NAICS 6-digit -- by ownership sector","All establishment sizes",1,0,0,0,0,0,0,0
"28087",5,"314912",78,0,2007,3,"N","Lowndes County, Mississippi","Private","Canvas and related product mills","County, NAICS 6-digit -- by ownership sector","All establishment sizes",1,0,0,0,0,0,0,0
"28087",5,"314912",78,0,2007,4,"N","Lowndes County, Mississippi","Private","Canvas and related product mills","County, NAICS 6-digit -- by ownership sector","All establishment sizes",1,0,0,0,0,0,0,0
"28087",5,31499,77,0,2007,1,"N","Lowndes County, Mississippi","Private","All other textile product mills","County, NAICS 5-digit -- by ownership sector","All establishment sizes",1,0,0,0,0,0,0,0
"28087",5,"31499",77,0,2007,2,"N","Lowndes County, Mississippi","Private","All other textile product mills","County, NAICS 5-digit -- by ownership sector","All establishment sizes",1,0,0,0,0,0,0,0
"28087",5,"31499",77,0,2007,3,"N","Lowndes County, Mississippi","Private","All other textile product mills","County, NAICS 5-digit -- by ownership sector","All establishment sizes",1,0,0,0,0,0,0,0
"28087",5,"31499",77,0,2007,4,"N","Lowndes County, Mississippi","Private","All other textile product mills","County, NAICS 5-digit -- by ownership sector","All establishment sizes",1,0,0,0,0,0,0,0
"28087",5,314999,78,0,2007,1,"N","Lowndes County, Mississippi","Private","All other miscellaneous textile product mills","County, NAICS 6-digit -- by ownership sector","All establishment sizes",1,0,0,0,0,0,0,0
"28087",5,"314999",78,0,2007,2,"N","Lowndes County, Mississippi","Private","All other miscellaneous textile product mills","County, NAICS 6-digit -- by ownership sector","All establishment sizes",1,0,0,0,0,0,0,0
"28087",5,"314999",78,0,2007,3,"N","Lowndes County, Mississippi","Private","All other miscellaneous textile product mills","County, NAICS 6-digit -- by ownership sector","All establishment sizes",1,0,0,0,0,0,0,0
"28087",5,"314999",78,0,2007,4,"N","Lowndes County, Mississippi","Private","All other miscellaneous textile product mills","County, NAICS 6-digit -- by ownership sector","All establishment sizes",1,0,0,0,0,0,0,0
"28087",5,315,75,0,2007,1,"","Lowndes County, Mississippi","Private","Apparel manufacturing","County, NAICS 3-digit -- by ownership sector","All establishment sizes",4,180,208,241,1421951,850096,31593,522
"28087",5,"315",75,0,2007,2,"","Lowndes County, Mississippi","Private","Apparel manufacturing","County, NAICS 3-digit -- by ownership sector","All establishment sizes",4,221,229,213,1337097,568600,25564,465
"28087",5,"315",75,0,2007,3,"","Lowndes County, Mississippi","Private","Apparel manufacturing","County, NAICS 3-digit -- by ownership sector","All establishment sizes",4,202,207,146,1091501,129113,6271,454
"28087",5,"315",75,0,2007,4,"","Lowndes County, Mississippi","Private","Apparel manufacturing","County, NAICS 3-digit -- by ownership sector","All establishment sizes",4,134,124,117,966808,15150,565,595
"28087",5,3152,76,0,2007,1,"N","Lowndes County, Mississippi","Private","Cut and sew apparel manufacturing","County, NAICS 4-digit -- by ownership sector","All establishment sizes",3,0,0,0,0,0,0,0
"28087",5,"3152",76,0,2007,2,"N","Lowndes County, Mississippi","Private","Cut and sew apparel manufacturing","County, NAICS 4-digit -- by ownership sector","All establishment sizes",3,0,0,0,0,0,0,0
"28087",5,"3152",76,0,2007,3,"N","Lowndes County, Mississippi","Private","Cut and sew apparel manufacturing","County, NAICS 4-digit -- by ownership sector","All establishment sizes",3,0,0,0,0,0,0,0
"28087",5,"3152",76,0,2007,4,"N","Lowndes County, Mississippi","Private","Cut and sew apparel manufacturing","County, NAICS 4-digit -- by ownership sector","All establishment sizes",3,0,0,0,0,0,0,0
"28087",5,31522,77,0,2007,1,"N","Lowndes County, Mississippi","Private","Men's and boys' cut and sew apparel mfg","County, NAICS 5-digit -- by ownership sector","All establishment sizes",2,0,0,0,0,0,0,0
"28087",5,"31522",77,0,2007,2,"N","Lowndes County, Mississippi","Private","Men's and boys' cut and sew apparel mfg","County, NAICS 5-digit -- by ownership sector","All establishment sizes",2,0,0,0,0,0,0,0
"28087",5,"31522",77,0,2007,3,"N","Lowndes County, Mississippi","Private","Men's and boys' cut and sew apparel mfg","County, NAICS 5-digit -- by ownership sector","All establishment sizes",2,0,0,0,0,0,0,0
"28087",5,"31522",77,0,2007,4,"N","Lowndes County, Mississippi","Private","Men's and boys' cut and sew apparel mfg","County, NAICS 5-digit -- by ownership sector","All establishment sizes",2,0,0,0,0,0,0,0
"28087",5,315222,78,0,2007,1,"N","Lowndes County, Mississippi","Private","Men's and boys' suit, coat, and overcoat mfg","County, NAICS 6-digit -- by ownership sector","All establishment sizes",1,0,0,0,0,0,0,0
"28087",5,"315222",78,0,2007,2,"N","Lowndes County, Mississippi","Private","Men's and boys' suit, coat, and overcoat mfg","County, NAICS 6-digit -- by ownership sector","All establishment sizes",1,0,0,0,0,0,0,0
"28087",5,"315222",78,0,2007,3,"N","Lowndes County, Mississippi","Private","Men's and boys' suit, coat, and overcoat mfg","County, NAICS 6-digit -- by ownership sector","All establishment sizes",1,0,0,0,0,0,0,0
"28087",5,"315222",78,0,2007,4,"N","Lowndes County, Mississippi","Private","Men's and boys' suit, coat, and overcoat mfg","County, NAICS 6-digit -- by ownership sector","All establishment sizes",1,0,0,0,0,0,0,0
"28087",5,315225,78,0,2007,1,"N","Lowndes County, Mississippi","Private","Men's and boys' work clothing manufacturing","County, NAICS 6-digit -- by ownership sector","All establishment sizes",1,0,0,0,0,0,0,0
"28087",5,"315225",78,0,2007,2,"N","Lowndes County, Mississippi","Private","Men's and boys' work clothing manufacturing","County, NAICS 6-digit -- by ownership sector","All establishment sizes",1,0,0,0,0,0,0,0
"28087",5,"315225",78,0,2007,3,"N","Lowndes County, Mississippi","Private","Men's and boys' work clothing manufacturing","County, NAICS 6-digit -- by ownership sector","All establishment sizes",1,0,0,0,0,0,0,0
"28087",5,"315225",78,0,2007,4,"N","Lowndes County, Mississippi","Private","Men's and boys' work clothing manufacturing","County, NAICS 6-digit -- by ownership sector","All establishment sizes",1,0,0,0,0,0,0,0
"28087",5,31529,77,0,2007,1,"N","Lowndes County, Mississippi","Private","Other cut and sew apparel manufacturing","County, NAICS 5-digit -- by ownership sector","All establishment sizes",1,0,0,0,0,0,0,0
"28087",5,"31529",77,0,2007,2,"N","Lowndes County, Mississippi","Private","Other cut and sew apparel manufacturing","County, NAICS 5-digit -- by ownership sector","All establishment sizes",1,0,0,0,0,0,0,0
"28087",5,"31529",77,0,2007,3,"N","Lowndes County, Mississippi","Private","Other cut and sew apparel manufacturing","County, NAICS 5-digit -- by ownership sector","All establishment sizes",1,0,0,0,0,0,0,0
"28087",5,"31529",77,0,2007,4,"N","Lowndes County, Mississippi","Private","Other cut and sew apparel manufacturing","County, NAICS 5-digit -- by ownership sector","All establishment sizes",1,0,0,0,0,0,0,0
"28087",5,315299,78,0,2007,1,"N","Lowndes County, Mississippi","Private","All other cut and sew apparel manufacturing","County, NAICS 6-digit -- by ownership sector","All establishment sizes",1,0,0,0,0,0,0,0
"28087",5,"315299",78,0,2007,2,"N","Lowndes County, Mississippi","Private","All other cut and sew apparel manufacturing","County, NAICS 6-digit -- by ownership sector","All establishment sizes",1,0,0,0,0,0,0,0
"28087",5,"315299",78,0,2007,3,"N","Lowndes County, Mississippi","Private","All other cut and sew apparel manufacturing","County, NAICS 6-digit -- by ownership sector","All establishment sizes",1,0,0,0,0,0,0,0
"28087",5,"315299",78,0,2007,4,"N","Lowndes County, Mississippi","Private","All other cut and sew apparel manufacturing","County, NAICS 6-digit -- by ownership sector","All establishment sizes",1,0,0,0,0,0,0,0
"28087",5,3159,76,0,2007,1,"N","Lowndes County, Mississippi","Private","Accessories and other apparel manufacturing","County, NAICS 4-digit -- by ownership sector","All establishment sizes",1,0,0,0,0,0,0,0
"28087",5,"3159",76,0,2007,2,"N","Lowndes County, Mississippi","Private","Accessories and other apparel manufacturing","County, NAICS 4-digit -- by ownership sector","All establishment sizes",1,0,0,0,0,0,0,0
"28087",5,"3159",76,0,2007,3,"N","Lowndes County, Mississippi","Private","Accessories and other apparel manufacturing","County, NAICS 4-digit -- by ownership sector","All establishment sizes",1,0,0,0,0,0,0,0
"28087",5,"3159",76,0,2007,4,"N","Lowndes County, Mississippi","Private","Accessories and other apparel manufacturing","County, NAICS 4-digit -- by ownership sector","All establishment sizes",1,0,0,0,0,0,0,0
"28087",5,31599,77,0,2007,1,"N","Lowndes County, Mississippi","Private","Accessories and other apparel manufacturing","County, NAICS 5-digit -- by ownership sector","All establishment sizes",1,0,0,0,0,0,0,0
"28087",5,"31599",77,0,2007,2,"N","Lowndes County, Mississippi","Private","Accessories and other apparel manufacturing","County, NAICS 5-digit -- by ownership sector","All establishment sizes",1,0,0,0,0,0,0,0
"28087",5,"31599",77,0,2007,3,"N","Lowndes County, Mississippi","Private","Accessories and other apparel manufacturing","County, NAICS 5-digit -- by ownership sector","All establishment sizes",1,0,0,0,0,0,0,0
"28087",5,"31599",77,0,2007,4,"N","Lowndes County, Mississippi","Private","Accessories and other apparel manufacturing","County, NAICS 5-digit -- by ownership sector","All establishment sizes",1,0,0,0,0,0,0,0
"28087",5,315999,78,0,2007,1,"N","Lowndes County, Mississippi","Private","All other accessory and apparel manufacturing","County, NAICS 6-digit -- by ownership sector","All establishment sizes",1,0,0,0,0,0,0,0
"28087",5,"315999",78,0,2007,2,"N","Lowndes County, Mississippi","Private","All other accessory and apparel manufacturing","County, NAICS 6-digit -- by ownership sector","All establishment sizes",1,0,0,0,0,0,0,0
"28087",5,"315999",78,0,2007,3,"N","Lowndes County, Mississippi","Private","All other accessory and apparel manufacturing","County, NAICS 6-digit -- by ownership sector","All establishment sizes",1,0,0,0,0,0,0,0
"28087",5,"315999",78,0,2007,4,"N","Lowndes County, Mississippi","Private","All other accessory and apparel manufacturing","County, NAICS 6-digit -- by ownership sector","All establishment sizes",1,0,0,0,0,0,0,0
"28087",5,316,75,0,2007,1,"N","Lowndes County, Mississippi","Private","Leather and allied product manufacturing","County, NAICS 3-digit -- by ownership sector","All establishment sizes",1,0,0,0,0,0,0,0
"28087",5,"316",75,0,2007,2,"N","Lowndes County, Mississippi","Private","Leather and allied product manufacturing","County, NAICS 3-digit -- by ownership sector","All establishment sizes",1,0,0,0,0,0,0,0
"28087",5,"316",75,0,2007,3,"N","Lowndes County, Mississippi","Private","Leather and allied product manufacturing","County, NAICS 3-digit -- by ownership sector","All establishment sizes",1,0,0,0,0,0,0,0
"28087",5,"316",75,0,2007,4,"N","Lowndes County, Mississippi","Private","Leather and allied product manufacturing","County, NAICS 3-digit -- by ownership sector","All establishment sizes",1,0,0,0,0,0,0,0
"28087",5,3161,76,0,2007,1,"N","Lowndes County, Mississippi","Private","Leather and hide tanning and finishing","County, NAICS 4-digit -- by ownership sector","All establishment sizes",1,0,0,0,0,0,0,0
"28087",5,"3161",76,0,2007,2,"N","Lowndes County, Mississippi","Private","Leather and hide tanning and finishing","County, NAICS 4-digit -- by ownership sector","All establishment sizes",1,0,0,0,0,0,0,0
"28087",5,"3161",76,0,2007,3,"N","Lowndes County, Mississippi","Private","Leather and hide tanning and finishing","County, NAICS 4-digit -- by ownership sector","All establishment sizes",1,0,0,0,0,0,0,0
"28087",5,"3161",76,0,2007,4,"N","Lowndes County, Mississippi","Private","Leather and hide tanning and finishing","County, NAICS 4-digit -- by ownership sector","All establishment sizes",1,0,0,0,0,0,0,0
"28087",5,31611,77,0,2007,1,"N","Lowndes County, Mississippi","Private","Leather and hide tanning and finishing","County, NAICS 5-digit -- by ownership sector","All establishment sizes",1,0,0,0,0,0,0,0
"28087",5,"31611",77,0,2007,2,"N","Lowndes County, Mississippi","Private","Leather and hide tanning and finishing","County, NAICS 5-digit -- by ownership sector","All establishment sizes",1,0,0,0,0,0,0,0
"28087",5,"31611",77,0,2007,3,"N","Lowndes County, Mississippi","Private","Leather and hide tanning and finishing","County, NAICS 5-digit -- by ownership sector","All establishment sizes",1,0,0,0,0,0,0,0
"28087",5,"31611",77,0,2007,4,"N","Lowndes County, Mississippi","Private","Leather and hide tanning and finishing","County, NAICS 5-digit -- by ownership sector","All establishment sizes",1,0,0,0,0,0,0,0
"28087",5,316110,78,0,2007,1,"N","Lowndes County, Mississippi","Private","Leather and hide tanning and finishing","County, NAICS 6-digit -- by ownership sector","All establishment sizes",1,0,0,0,0,0,0,0
"28087",5,"316110",78,0,2007,2,"N","Lowndes County, Mississippi","Private","Leather and hide tanning and finishing","County, NAICS 6-digit -- by ownership sector","All establishment sizes",1,0,0,0,0,0,0,0
"28087",5,"316110",78,0,2007,3,"N","Lowndes County, Mississippi","Private","Leather and hide tanning and finishing","County, NAICS 6-digit -- by ownership sector","All establishment sizes",1,0,0,0,0,0,0,0
"28087",5,"316110",78,0,2007,4,"N","Lowndes County, Mississippi","Private","Leather and hide tanning and finishing","County, NAICS 6-digit -- by ownership sector","All establishment sizes",1,0,0,0,0,0,0,0
"28087",5,321,75,0,2007,1,"","Lowndes County, Mississippi","Private","Wood product manufacturing","County, NAICS 3-digit -- by ownership sector","All establishment sizes",7,663,583,667,4161083,3142604,84791,502
"28087",5,"321",75,0,2007,2,"","Lowndes County, Mississippi","Private","Wood product manufacturing","County, NAICS 3-digit -- by ownership sector","All establishment sizes",7,639,639,632,4063331,1596377,38576,491
"28087",5,"321",75,0,2007,3,"","Lowndes County, Mississippi","Private","Wood product manufacturing","County, NAICS 3-digit -- by ownership sector","All establishment sizes",6,589,610,607,3763926,596057,13342,481
"28087",5,"321",75,0,2007,4,"","Lowndes County, Mississippi","Private","Wood product manufacturing","County, NAICS 3-digit -- by ownership sector","All establishment sizes",6,591,593,594,4330258,543547,12733,562
"28087",5,3211,76,0,2007,1,"N","Lowndes County, Mississippi","Private","Sawmills and wood preservation","County, NAICS 4-digit -- by ownership sector","All establishment sizes",3,0,0,0,0,0,0,0
"28087",5,"3211",76,0,2007,2,"N","Lowndes County, Mississippi","Private","Sawmills and wood preservation","County, NAICS 4-digit -- by ownership sector","All establishment sizes",3,0,0,0,0,0,0,0
"28087",5,"3211",76,0,2007,3,"N","Lowndes County, Mississippi","Private","Sawmills and wood preservation","County, NAICS 4-digit -- by ownership sector","All establishment sizes",3,0,0,0,0,0,0,0
"28087",5,"3211",76,0,2007,4,"N","Lowndes County, Mississippi","Private","Sawmills and wood preservation","County, NAICS 4-digit -- by ownership sector","All establishment sizes",3,0,0,0,0,0,0,0
"28087",5,32111,77,0,2007,1,"N","Lowndes County, Mississippi","Private","Sawmills and wood preservation","County, NAICS 5-digit -- by ownership sector","All establishment sizes",3,0,0,0,0,0,0,0
"28087",5,"32111",77,0,2007,2,"N","Lowndes County, Mississippi","Private","Sawmills and wood preservation","County, NAICS 5-digit -- by ownership sector","All establishment sizes",3,0,0,0,0,0,0,0
"28087",5,"32111",77,0,2007,3,"N","Lowndes County, Mississippi","Private","Sawmills and wood preservation","County, NAICS 5-digit -- by ownership sector","All establishment sizes",3,0,0,0,0,0,0,0
"28087",5,"32111",77,0,2007,4,"N","Lowndes County, Mississippi","Private","Sawmills and wood preservation","County, NAICS 5-digit -- by ownership sector","All establishment sizes",3,0,0,0,0,0,0,0
"28087",5,321113,78,0,2007,1,"N","Lowndes County, Mississippi","Private","Sawmills","County, NAICS 6-digit -- by ownership sector","All establishment sizes",3,0,0,0,0,0,0,0
"28087",5,"321113",78,0,2007,2,"N","Lowndes County, Mississippi","Private","Sawmills","County, NAICS 6-digit -- by ownership sector","All establishment sizes",3,0,0,0,0,0,0,0
"28087",5,"321113",78,0,2007,3,"N","Lowndes County, Mississippi","Private","Sawmills","County, NAICS 6-digit -- by ownership sector","All establishment sizes",3,0,0,0,0,0,0,0
"28087",5,"321113",78,0,2007,4,"N","Lowndes County, Mississippi","Private","Sawmills","County, NAICS 6-digit -- by ownership sector","All establishment sizes",3,0,0,0,0,0,0,0
"28087",5,3212,76,0,2007,1,"N","Lowndes County, Mississippi","Private","Plywood and engineered wood product mfg.","County, NAICS 4-digit -- by ownership sector","All establishment sizes",1,0,0,0,0,0,0,0
"28087",5,"3212",76,0,2007,2,"N","Lowndes County, Mississippi","Private","Plywood and engineered wood product mfg.","County, NAICS 4-digit -- by ownership sector","All establishment sizes",1,0,0,0,0,0,0,0
"28087",5,"3212",76,0,2007,3,"N","Lowndes County, Mississippi","Private","Plywood and engineered wood product mfg.","County, NAICS 4-digit -- by ownership sector","All establishment sizes",1,0,0,0,0,0,0,0
"28087",5,"3212",76,0,2007,4,"N","Lowndes County, Mississippi","Private","Plywood and engineered wood product mfg.","County, NAICS 4-digit -- by ownership sector","All establishment sizes",1,0,0,0,0,0,0,0
"28087",5,32121,77,0,2007,1,"N","Lowndes County, Mississippi","Private","Plywood and engineered wood product mfg.","County, NAICS 5-digit -- by ownership sector","All establishment sizes",1,0,0,0,0,0,0,0
"28087",5,"32121",77,0,2007,2,"N","Lowndes County, Mississippi","Private","Plywood and engineered wood product mfg.","County, NAICS 5-digit -- by ownership sector","All establishment sizes",1,0,0,0,0,0,0,0
"28087",5,"32121",77,0,2007,3,"N","Lowndes County, Mississippi","Private","Plywood and engineered wood product mfg.","County, NAICS 5-digit -- by ownership sector","All establishment sizes",1,0,0,0,0,0,0,0
"28087",5,"32121",77,0,2007,4,"N","Lowndes County, Mississippi","Private","Plywood and engineered wood product mfg.","County, NAICS 5-digit -- by ownership sector","All establishment sizes",1,0,0,0,0,0,0,0
"28087",5,321214,78,0,2007,1,"N","Lowndes County, Mississippi","Private","Truss manufacturing","County, NAICS 6-digit -- by ownership sector","All establishment sizes",1,0,0,0,0,0,0,0
"28087",5,"321214",78,0,2007,2,"N","Lowndes County, Mississippi","Private","Truss manufacturing","County, NAICS 6-digit -- by ownership sector","All establishment sizes",1,0,0,0,0,0,0,0
"28087",5,"321214",78,0,2007,3,"N","Lowndes County, Mississippi","Private","Truss manufacturing","County, NAICS 6-digit -- by ownership sector","All establishment sizes",1,0,0,0,0,0,0,0
"28087",5,"321214",78,0,2007,4,"N","Lowndes County, Mississippi","Private","Truss manufacturing","County, NAICS 6-digit -- by ownership sector","All establishment sizes",1,0,0,0,0,0,0,0
"28087",5,3219,76,0,2007,1,"N","Lowndes County, Mississippi","Private","Other wood product manufacturing","County, NAICS 4-digit -- by ownership sector","All establishment sizes",3,0,0,0,0,0,0,0
"28087",5,"3219",76,0,2007,2,"N","Lowndes County, Mississippi","Private","Other wood product manufacturing","County, NAICS 4-digit -- by ownership sector","All establishment sizes",3,0,0,0,0,0,0,0
"28087",5,"3219",76,0,2007,3,"N","Lowndes County, Mississippi","Private","Other wood product manufacturing","County, NAICS 4-digit -- by ownership sector","All establishment sizes",2,0,0,0,0,0,0,0
"28087",5,"3219",76,0,2007,4,"N","Lowndes County, Mississippi","Private","Other wood product manufacturing","County, NAICS 4-digit -- by ownership sector","All establishment sizes",2,0,0,0,0,0,0,0
"28087",5,32191,77,0,2007,1,"N","Lowndes County, Mississippi","Private","Millwork","County, NAICS 5-digit -- by ownership sector","All establishment sizes",1,0,0,0,0,0,0,0
"28087",5,"32191",77,0,2007,2,"N","Lowndes County, Mississippi","Private","Millwork","County, NAICS 5-digit -- by ownership sector","All establishment sizes",1,0,0,0,0,0,0,0
"28087",5,"32191",77,0,2007,3,"-","Lowndes County, Mississippi","Private","Millwork","County, NAICS 5-digit -- by ownership sector","All establishment sizes",0,0,0,0,0,0,0,0
"28087",5,"32191",77,0,2007,4,"-","Lowndes County, Mississippi","Private","Millwork","County, NAICS 5-digit -- by ownership sector","All establishment sizes",0,0,0,0,0,0,0,0
"28087",5,321911,78,0,2007,1,"N","Lowndes County, Mississippi","Private","Wood window and door manufacturing","County, NAICS 6-digit -- by ownership sector","All establishment sizes",1,0,0,0,0,0,0,0
"28087",5,"321911",78,0,2007,2,"N","Lowndes County, Mississippi","Private","Wood window and door manufacturing","County, NAICS 6-digit -- by ownership sector","All establishment sizes",1,0,0,0,0,0,0,0
"28087",5,"321911",78,0,2007,3,"-","Lowndes County, Mississippi","Private","Wood window and door manufacturing","County, NAICS 6-digit -- by ownership sector","All establishment sizes",0,0,0,0,0,0,0,0
"28087",5,"321911",78,0,2007,4,"-","Lowndes County, Mississippi","Private","Wood window and door manufacturing","County, NAICS 6-digit -- by ownership sector","All establishment sizes",0,0,0,0,0,0,0,0
"28087",5,32192,77,0,2007,1,"N","Lowndes County, Mississippi","Private","Wood container and pallet manufacturing","County, NAICS 5-digit -- by ownership sector","All establishment sizes",1,0,0,0,0,0,0,0
"28087",5,"32192",77,0,2007,2,"N","Lowndes County, Mississippi","Private","Wood container and pallet manufacturing","County, NAICS 5-digit -- by ownership sector","All establishment sizes",1,0,0,0,0,0,0,0
"28087",5,"32192",77,0,2007,3,"N","Lowndes County, Mississippi","Private","Wood container and pallet manufacturing","County, NAICS 5-digit -- by ownership sector","All establishment sizes",1,0,0,0,0,0,0,0
"28087",5,"32192",77,0,2007,4,"N","Lowndes County, Mississippi","Private","Wood container and pallet manufacturing","County, NAICS 5-digit -- by ownership sector","All establishment sizes",1,0,0,0,0,0,0,0
"28087",5,321920,78,0,2007,1,"N","Lowndes County, Mississippi","Private","Wood container and pallet manufacturing","County, NAICS 6-digit -- by ownership sector","All establishment sizes",1,0,0,0,0,0,0,0
"28087",5,"321920",78,0,2007,2,"N","Lowndes County, Mississippi","Private","Wood container and pallet manufacturing","County, NAICS 6-digit -- by ownership sector","All establishment sizes",1,0,0,0,0,0,0,0
"28087",5,"321920",78,0,2007,3,"N","Lowndes County, Mississippi","Private","Wood container and pallet manufacturing","County, NAICS 6-digit -- by ownership sector","All establishment sizes",1,0,0,0,0,0,0,0
"28087",5,"321920",78,0,2007,4,"N","Lowndes County, Mississippi","Private","Wood container and pallet manufacturing","County, NAICS 6-digit -- by ownership sector","All establishment sizes",1,0,0,0,0,0,0,0
"28087",5,32199,77,0,2007,1,"N","Lowndes County, Mississippi","Private","All other wood product manufacturing","County, NAICS 5-digit -- by ownership sector","All establishment sizes",1,0,0,0,0,0,0,0
"28087",5,"32199",77,0,2007,2,"N","Lowndes County, Mississippi","Private","All other wood product manufacturing","County, NAICS 5-digit -- by ownership sector","All establishment sizes",1,0,0,0,0,0,0,0
"28087",5,"32199",77,0,2007,3,"N","Lowndes County, Mississippi","Private","All other wood product manufacturing","County, NAICS 5-digit -- by ownership sector","All establishment sizes",1,0,0,0,0,0,0,0
"28087",5,"32199",77,0,2007,4,"N","Lowndes County, Mississippi","Private","All other wood product manufacturing","County, NAICS 5-digit -- by ownership sector","All establishment sizes",1,0,0,0,0,0,0,0
"28087",5,321999,78,0,2007,1,"N","Lowndes County, Mississippi","Private","Miscellaneous wood product manufacturing","County, NAICS 6-digit -- by ownership sector","All establishment sizes",1,0,0,0,0,0,0,0
"28087",5,"321999",78,0,2007,2,"N","Lowndes County, Mississippi","Private","Miscellaneous wood product manufacturing","County, NAICS 6-digit -- by ownership sector","All establishment sizes",1,0,0,0,0,0,0,0
"28087",5,"321999",78,0,2007,3,"N","Lowndes County, Mississippi","Private","Miscellaneous wood product manufacturing","County, NAICS 6-digit -- by ownership sector","All establishment sizes",1,0,0,0,0,0,0,0
"28087",5,"321999",78,0,2007,4,"N","Lowndes County, Mississippi","Private","Miscellaneous wood product manufacturing","County, NAICS 6-digit -- by ownership sector","All establishment sizes",1,0,0,0,0,0,0,0
"28087",5,322,75,0,2007,1,"","Lowndes County, Mississippi","Private","Paper manufacturing","County, NAICS 3-digit -- by ownership sector","All establishment sizes",5,1013,1004,998,20162600,8099961,187154,1543
"28087",5,"322",75,0,2007,2,"","Lowndes County, Mississippi","Private","Paper manufacturing","County, NAICS 3-digit -- by ownership sector","All establishment sizes",5,1015,989,984,15222164,203412,4055,1176
"28087",5,"322",75,0,2007,3,"","Lowndes County, Mississippi","Private","Paper manufacturing","County, NAICS 3-digit -- by ownership sector","All establishment sizes",5,987,988,979,16069671,149179,2747,1255
"28087",5,"322",75,0,2007,4,"","Lowndes County, Mississippi","Private","Paper manufacturing","County, NAICS 3-digit -- by ownership sector","All establishment sizes",5,986,987,986,14728192,195014,2293,1149
"28087",5,3221,76,0,2007,1,"N","Lowndes County, Mississippi","Private","Pulp, paper, and paperboard mills","County, NAICS 4-digit -- by ownership sector","All establishment sizes",3,0,0,0,0,0,0,0
"28087",5,"3221",76,0,2007,2,"N","Lowndes County, Mississippi","Private","Pulp, paper, and paperboard mills","County, NAICS 4-digit -- by ownership sector","All establishment sizes",3,0,0,0,0,0,0,0
"28087",5,"3221",76,0,2007,3,"N","Lowndes County, Mississippi","Private","Pulp, paper, and paperboard mills","County, NAICS 4-digit -- by ownership sector","All establishment sizes",3,0,0,0,0,0,0,0
"28087",5,"3221",76,0,2007,4,"N","Lowndes County, Mississippi","Private","Pulp, paper, and paperboard mills","County, NAICS 4-digit -- by ownership sector","All establishment sizes",3,0,0,0,0,0,0,0
"28087",5,32212,77,0,2007,1,"N","Lowndes County, Mississippi","Private","Paper mills","County, NAICS 5-digit -- by ownership sector","All establishment sizes",3,0,0,0,0,0,0,0
"28087",5,"32212",77,0,2007,2,"N","Lowndes County, Mississippi","Private","Paper mills","County, NAICS 5-digit -- by ownership sector","All establishment sizes",3,0,0,0,0,0,0,0
"28087",5,"32212",77,0,2007,3,"N","Lowndes County, Mississippi","Private","Paper mills","County, NAICS 5-digit -- by ownership sector","All establishment sizes",3,0,0,0,0,0,0,0
"28087",5,"32212",77,0,2007,4,"N","Lowndes County, Mississippi","Private","Paper mills","County, NAICS 5-digit -- by ownership sector","All establishment sizes",3,0,0,0,0,0,0,0
"28087",5,322121,78,0,2007,1,"N","Lowndes County, Mississippi","Private","Paper, except newsprint, mills","County, NAICS 6-digit -- by ownership sector","All establishment sizes",3,0,0,0,0,0,0,0
"28087",5,"322121",78,0,2007,2,"N","Lowndes County, Mississippi","Private","Paper, except newsprint, mills","County, NAICS 6-digit -- by ownership sector","All establishment sizes",3,0,0,0,0,0,0,0
"28087",5,"322121",78,0,2007,3,"N","Lowndes County, Mississippi","Private","Paper, except newsprint, mills","County, NAICS 6-digit -- by ownership sector","All establishment sizes",3,0,0,0,0,0,0,0
"28087",5,"322121",78,0,2007,4,"N","Lowndes County, Mississippi","Private","Paper, except newsprint, mills","County, NAICS 6-digit -- by ownership sector","All establishment sizes",3,0,0,0,0,0,0,0
"28087",5,3222,76,0,2007,1,"N","Lowndes County, Mississippi","Private","Converted paper product manufacturing","County, NAICS 4-digit -- by ownership sector","All establishment sizes",2,0,0,0,0,0,0,0
"28087",5,"3222",76,0,2007,2,"N","Lowndes County, Mississippi","Private","Converted paper product manufacturing","County, NAICS 4-digit -- by ownership sector","All establishment sizes",2,0,0,0,0,0,0,0
"28087",5,"3222",76,0,2007,3,"N","Lowndes County, Mississippi","Private","Converted paper product manufacturing","County, NAICS 4-digit -- by ownership sector","All establishment sizes",2,0,0,0,0,0,0,0
"28087",5,"3222",76,0,2007,4,"N","Lowndes County, Mississippi","Private","Converted paper product manufacturing","County, NAICS 4-digit -- by ownership sector","All establishment sizes",2,0,0,0,0,0,0,0
"28087",5,32222,77,0,2007,1,"N","Lowndes County, Mississippi","Private","Paper bag and coated and treated paper mfg.","County, NAICS 5-digit -- by ownership sector","All establishment sizes",2,0,0,0,0,0,0,0
"28087",5,"32222",77,0,2007,2,"N","Lowndes County, Mississippi","Private","Paper bag and coated and treated paper mfg.","County, NAICS 5-digit -- by ownership sector","All establishment sizes",2,0,0,0,0,0,0,0
"28087",5,"32222",77,0,2007,3,"N","Lowndes County, Mississippi","Private","Paper bag and coated and treated paper mfg.","County, NAICS 5-digit -- by ownership sector","All establishment sizes",2,0,0,0,0,0,0,0
"28087",5,"32222",77,0,2007,4,"N","Lowndes County, Mississippi","Private","Paper bag and coated and treated paper mfg.","County, NAICS 5-digit -- by ownership sector","All establishment sizes",2,0,0,0,0,0,0,0
"28087",5,322222,78,0,2007,1,"N","Lowndes County, Mississippi","Private","Coated and laminated paper manufacturing","County, NAICS 6-digit -- by ownership sector","All establishment sizes",1,0,0,0,0,0,0,0
"28087",5,"322222",78,0,2007,2,"N","Lowndes County, Mississippi","Private","Coated and laminated paper manufacturing","County, NAICS 6-digit -- by ownership sector","All establishment sizes",1,0,0,0,0,0,0,0
"28087",5,"322222",78,0,2007,3,"N","Lowndes County, Mississippi","Private","Coated and laminated paper manufacturing","County, NAICS 6-digit -- by ownership sector","All establishment sizes",1,0,0,0,0,0,0,0
"28087",5,"322222",78,0,2007,4,"N","Lowndes County, Mississippi","Private","Coated and laminated paper manufacturing","County, NAICS 6-digit -- by ownership sector","All establishment sizes",1,0,0,0,0,0,0,0
"28087",5,322223,78,0,2007,1,"N","Lowndes County, Mississippi","Private","Coated paper bag and pouch manufacturing","County, NAICS 6-digit -- by ownership sector","All establishment sizes",1,0,0,0,0,0,0,0
"28087",5,"322223",78,0,2007,2,"N","Lowndes County, Mississippi","Private","Coated paper bag and pouch manufacturing","County, NAICS 6-digit -- by ownership sector","All establishment sizes",1,0,0,0,0,0,0,0
"28087",5,"322223",78,0,2007,3,"N","Lowndes County, Mississippi","Private","Coated paper bag and pouch manufacturing","County, NAICS 6-digit -- by ownership sector","All establishment sizes",1,0,0,0,0,0,0,0
"28087",5,"322223",78,0,2007,4,"N","Lowndes County, Mississippi","Private","Coated paper bag and pouch manufacturing","County, NAICS 6-digit -- by ownership sector","All establishment sizes",1,0,0,0,0,0,0,0
"28087",5,323,75,0,2007,1,"N","Lowndes County, Mississippi","Private","Printing and related support activities","County, NAICS 3-digit -- by ownership sector","All establishment sizes",3,0,0,0,0,0,0,0
"28087",5,"323",75,0,2007,2,"","Lowndes County, Mississippi","Private","Printing and related support activities","County, NAICS 3-digit -- by ownership sector","All establishment sizes",3,26,27,25,137991,51450,205,408
"28087",5,"323",75,0,2007,3,"","Lowndes County, Mississippi","Private","Printing and related support activities","County, NAICS 3-digit -- by ownership sector","All establishment sizes",3,24,24,24,87540,11241,45,281
"28087",5,"323",75,0,2007,4,"N","Lowndes County, Mississippi","Private","Printing and related support activities","County, NAICS 3-digit -- by ownership sector","All establishment sizes",3,0,0,0,0,0,0,0
"28087",5,3231,76,0,2007,1,"N","Lowndes County, Mississippi","Private","Printing and related support activities","County, NAICS 4-digit -- by ownership sector","All establishment sizes",3,0,0,0,0,0,0,0
"28087",5,"3231",76,0,2007,2,"","Lowndes County, Mississippi","Private","Printing and related support activities","County, NAICS 4-digit -- by ownership sector","All establishment sizes",3,26,27,25,137991,51450,205,408
"28087",5,"3231",76,0,2007,3,"","Lowndes County, Mississippi","Private","Printing and related support activities","County, NAICS 4-digit -- by ownership sector","All establishment sizes",3,24,24,24,87540,11241,45,281
"28087",5,"3231",76,0,2007,4,"N","Lowndes County, Mississippi","Private","Printing and related support activities","County, NAICS 4-digit -- by ownership sector","All establishment sizes",3,0,0,0,0,0,0,0
"28087",5,32311,77,0,2007,1,"N","Lowndes County, Mississippi","Private","Printing","County, NAICS 5-digit -- by ownership sector","All establishment sizes",3,0,0,0,0,0,0,0
"28087",5,"32311",77,0,2007,2,"","Lowndes County, Mississippi","Private","Printing","County, NAICS 5-digit -- by ownership sector","All establishment sizes",3,26,27,25,137991,51450,205,408
"28087",5,"32311",77,0,2007,3,"","Lowndes County, Mississippi","Private","Printing","County, NAICS 5-digit -- by ownership sector","All establishment sizes",3,24,24,24,87540,11241,45,281
"28087",5,"32311",77,0,2007,4,"N","Lowndes County, Mississippi","Private","Printing","County, NAICS 5-digit -- by ownership sector","All establishment sizes",3,0,0,0,0,0,0,0
"28087",5,323113,78,0,2007,1,"N","Lowndes County, Mississippi","Private","Commercial screen printing","County, NAICS 6-digit -- by ownership sector","All establishment sizes",1,0,0,0,0,0,0,0
"28087",5,"323113",78,0,2007,2,"N","Lowndes County, Mississippi","Private","Commercial screen printing","County, NAICS 6-digit -- by ownership sector","All establishment sizes",1,0,0,0,0,0,0,0
"28087",5,"323113",78,0,2007,3,"N","Lowndes County, Mississippi","Private","Commercial screen printing","County, NAICS 6-digit -- by ownership sector","All establishment sizes",1,0,0,0,0,0,0,0
"28087",5,"323113",78,0,2007,4,"N","Lowndes County, Mississippi","Private","Commercial screen printing","County, NAICS 6-digit -- by ownership sector","All establishment sizes",1,0,0,0,0,0,0,0
"28087",5,323114,78,0,2007,1,"N","Lowndes County, Mississippi","Private","Quick printing","County, NAICS 6-digit -- by ownership sector","All establishment sizes",2,0,0,0,0,0,0,0
"28087",5,"323114",78,0,2007,2,"N","Lowndes County, Mississippi","Private","Quick printing","County, NAICS 6-digit -- by ownership sector","All establishment sizes",2,0,0,0,0,0,0,0
"28087",5,"323114",78,0,2007,3,"N","Lowndes County, Mississippi","Private","Quick printing","County, NAICS 6-digit -- by ownership sector","All establishment sizes",2,0,0,0,0,0,0,0
"28087",5,"323114",78,0,2007,4,"N","Lowndes County, Mississippi","Private","Quick printing","County, NAICS 6-digit -- by ownership sector","All establishment sizes",2,0,0,0,0,0,0,0
"28087",5,325,75,0,2007,1,"N","Lowndes County, Mississippi","Private","Chemical manufacturing","County, NAICS 3-digit -- by ownership sector","All establishment sizes",3,0,0,0,0,0,0,0
"28087",5,"325",75,0,2007,2,"N","Lowndes County, Mississippi","Private","Chemical manufacturing","County, NAICS 3-digit -- by ownership sector","All establishment sizes",3,0,0,0,0,0,0,0
"28087",5,"325",75,0,2007,3,"N","Lowndes County, Mississippi","Private","Chemical manufacturing","County, NAICS 3-digit -- by ownership sector","All establishment sizes",3,0,0,0,0,0,0,0
"28087",5,"325",75,0,2007,4,"N","Lowndes County, Mississippi","Private","Chemical manufacturing","County, NAICS 3-digit -- by ownership sector","All establishment sizes",3,0,0,0,0,0,0,0
"28087",5,3251,76,0,2007,1,"N","Lowndes County, Mississippi","Private","Basic chemical manufacturing","County, NAICS 4-digit -- by ownership sector","All establishment sizes",3,0,0,0,0,0,0,0
"28087",5,"3251",76,0,2007,2,"N","Lowndes County, Mississippi","Private","Basic chemical manufacturing","County, NAICS 4-digit -- by ownership sector","All establishment sizes",3,0,0,0,0,0,0,0
"28087",5,"3251",76,0,2007,3,"N","Lowndes County, Mississippi","Private","Basic chemical manufacturing","County, NAICS 4-digit -- by ownership sector","All establishment sizes",3,0,0,0,0,0,0,0
"28087",5,"3251",76,0,2007,4,"N","Lowndes County, Mississippi","Private","Basic chemical manufacturing","County, NAICS 4-digit -- by ownership sector","All establishment sizes",3,0,0,0,0,0,0,0
"28087",5,32512,77,0,2007,1,"N","Lowndes County, Mississippi","Private","Industrial gas manufacturing","County, NAICS 5-digit -- by ownership sector","All establishment sizes",1,0,0,0,0,0,0,0
"28087",5,"32512",77,0,2007,2,"N","Lowndes County, Mississippi","Private","Industrial gas manufacturing","County, NAICS 5-digit -- by ownership sector","All establishment sizes",1,0,0,0,0,0,0,0
"28087",5,"32512",77,0,2007,3,"N","Lowndes County, Mississippi","Private","Industrial gas manufacturing","County, NAICS 5-digit -- by ownership sector","All establishment sizes",1,0,0,0,0,0,0,0
"28087",5,"32512",77,0,2007,4,"N","Lowndes County, Mississippi","Private","Industrial gas manufacturing","County, NAICS 5-digit -- by ownership sector","All establishment sizes",1,0,0,0,0,0,0,0
"28087",5,325120,78,0,2007,1,"N","Lowndes County, Mississippi","Private","Industrial gas manufacturing","County, NAICS 6-digit -- by ownership sector","All establishment sizes",1,0,0,0,0,0,0,0
"28087",5,"325120",78,0,2007,2,"N","Lowndes County, Mississippi","Private","Industrial gas manufacturing","County, NAICS 6-digit -- by ownership sector","All establishment sizes",1,0,0,0,0,0,0,0
"28087",5,"325120",78,0,2007,3,"N","Lowndes County, Mississippi","Private","Industrial gas manufacturing","County, NAICS 6-digit -- by ownership sector","All establishment sizes",1,0,0,0,0,0,0,0
"28087",5,"325120",78,0,2007,4,"N","Lowndes County, Mississippi","Private","Industrial gas manufacturing","County, NAICS 6-digit -- by ownership sector","All establishment sizes",1,0,0,0,0,0,0,0
"28087",5,32518,77,0,2007,1,"N","Lowndes County, Mississippi","Private","Other basic inorganic chemical manufacturing","County, NAICS 5-digit -- by ownership sector","All establishment sizes",2,0,0,0,0,0,0,0
"28087",5,"32518",77,0,2007,2,"N","Lowndes County, Mississippi","Private","Other basic inorganic chemical manufacturing","County, NAICS 5-digit -- by ownership sector","All establishment sizes",2,0,0,0,0,0,0,0
"28087",5,"32518",77,0,2007,3,"N","Lowndes County, Mississippi","Private","Other basic inorganic chemical manufacturing","County, NAICS 5-digit -- by ownership sector","All establishment sizes",2,0,0,0,0,0,0,0
"28087",5,"32518",77,0,2007,4,"N","Lowndes County, Mississippi","Private","Other basic inorganic chemical manufacturing","County, NAICS 5-digit -- by ownership sector","All establishment sizes",2,0,0,0,0,0,0,0
"28087",5,325188,78,0,2007,1,"N","Lowndes County, Mississippi","Private","All other basic inorganic chemical mfg.","County, NAICS 6-digit -- by ownership sector","All establishment sizes",2,0,0,0,0,0,0,0
"28087",5,"325188",78,0,2007,2,"N","Lowndes County, Mississippi","Private","All other basic inorganic chemical mfg.","County, NAICS 6-digit -- by ownership sector","All establishment sizes",2,0,0,0,0,0,0,0
"28087",5,"325188",78,0,2007,3,"N","Lowndes County, Mississippi","Private","All other basic inorganic chemical mfg.","County, NAICS 6-digit -- by ownership sector","All establishment sizes",2,0,0,0,0,0,0,0
"28087",5,"325188",78,0,2007,4,"N","Lowndes County, Mississippi","Private","All other basic inorganic chemical mfg.","County, NAICS 6-digit -- by ownership sector","All establishment sizes",2,0,0,0,0,0,0,0
"28087",5,326,75,0,2007,1,"N","Lowndes County, Mississippi","Private","Plastics and rubber products manufacturing","County, NAICS 3-digit -- by ownership sector","All establishment sizes",2,0,0,0,0,0,0,0
"28087",5,"326",75,0,2007,2,"N","Lowndes County, Mississippi","Private","Plastics and rubber products manufacturing","County, NAICS 3-digit -- by ownership sector","All establishment sizes",3,0,0,0,0,0,0,0
"28087",5,"326",75,0,2007,3,"N","Lowndes County, Mississippi","Private","Plastics and rubber products manufacturing","County, NAICS 3-digit -- by ownership sector","All establishment sizes",3,0,0,0,0,0,0,0
"28087",5,"326",75,0,2007,4,"N","Lowndes County, Mississippi","Private","Plastics and rubber products manufacturing","County, NAICS 3-digit -- by ownership sector","All establishment sizes",3,0,0,0,0,0,0,0
"28087",5,3261,76,0,2007,1,"N","Lowndes County, Mississippi","Private","Plastics product manufacturing","County, NAICS 4-digit -- by ownership sector","All establishment sizes",1,0,0,0,0,0,0,0
"28087",5,"3261",76,0,2007,2,"N","Lowndes County, Mississippi","Private","Plastics product manufacturing","County, NAICS 4-digit -- by ownership sector","All establishment sizes",2,0,0,0,0,0,0,0
"28087",5,"3261",76,0,2007,3,"N","Lowndes County, Mississippi","Private","Plastics product manufacturing","County, NAICS 4-digit -- by ownership sector","All establishment sizes",2,0,0,0,0,0,0,0
"28087",5,"3261",76,0,2007,4,"N","Lowndes County, Mississippi","Private","Plastics product manufacturing","County, NAICS 4-digit -- by ownership sector","All establishment sizes",2,0,0,0,0,0,0,0
"28087",5,32619,77,0,2007,1,"N","Lowndes County, Mississippi","Private","Other plastics product manufacturing","County, NAICS 5-digit -- by ownership sector","All establishment sizes",1,0,0,0,0,0,0,0
"28087",5,"32619",77,0,2007,2,"N","Lowndes County, Mississippi","Private","Other plastics product manufacturing","County, NAICS 5-digit -- by ownership sector","All establishment sizes",2,0,0,0,0,0,0,0
"28087",5,"32619",77,0,2007,3,"N","Lowndes County, Mississippi","Private","Other plastics product manufacturing","County, NAICS 5-digit -- by ownership sector","All establishment sizes",2,0,0,0,0,0,0,0
"28087",5,"32619",77,0,2007,4,"N","Lowndes County, Mississippi","Private","Other plastics product manufacturing","County, NAICS 5-digit -- by ownership sector","All establishment sizes",2,0,0,0,0,0,0,0
"28087",5,326199,78,0,2007,1,"N","Lowndes County, Mississippi","Private","All other plastics product manufacturing","County, NAICS 6-digit -- by ownership sector","All establishment sizes",1,0,0,0,0,0,0,0
"28087",5,"326199",78,0,2007,2,"N","Lowndes County, Mississippi","Private","All other plastics product manufacturing","County, NAICS 6-digit -- by ownership sector","All establishment sizes",2,0,0,0,0,0,0,0
"28087",5,"326199",78,0,2007,3,"N","Lowndes County, Mississippi","Private","All other plastics product manufacturing","County, NAICS 6-digit -- by ownership sector","All establishment sizes",2,0,0,0,0,0,0,0
"28087",5,"326199",78,0,2007,4,"N","Lowndes County, Mississippi","Private","All other plastics product manufacturing","County, NAICS 6-digit -- by ownership sector","All establishment sizes",2,0,0,0,0,0,0,0
"28087",5,3262,76,0,2007,1,"N","Lowndes County, Mississippi","Private","Rubber product manufacturing","County, NAICS 4-digit -- by ownership sector","All establishment sizes",1,0,0,0,0,0,0,0
"28087",5,"3262",76,0,2007,2,"N","Lowndes County, Mississippi","Private","Rubber product manufacturing","County, NAICS 4-digit -- by ownership sector","All establishment sizes",1,0,0,0,0,0,0,0
"28087",5,"3262",76,0,2007,3,"N","Lowndes County, Mississippi","Private","Rubber product manufacturing","County, NAICS 4-digit -- by ownership sector","All establishment sizes",1,0,0,0,0,0,0,0
"28087",5,"3262",76,0,2007,4,"N","Lowndes County, Mississippi","Private","Rubber product manufacturing","County, NAICS 4-digit -- by ownership sector","All establishment sizes",1,0,0,0,0,0,0,0
"28087",5,32629,77,0,2007,1,"N","Lowndes County, Mississippi","Private","Other rubber product manufacturing","County, NAICS 5-digit -- by ownership sector","All establishment sizes",1,0,0,0,0,0,0,0
"28087",5,"32629",77,0,2007,2,"N","Lowndes County, Mississippi","Private","Other rubber product manufacturing","County, NAICS 5-digit -- by ownership sector","All establishment sizes",1,0,0,0,0,0,0,0
"28087",5,"32629",77,0,2007,3,"N","Lowndes County, Mississippi","Private","Other rubber product manufacturing","County, NAICS 5-digit -- by ownership sector","All establishment sizes",1,0,0,0,0,0,0,0
"28087",5,"32629",77,0,2007,4,"N","Lowndes County, Mississippi","Private","Other rubber product manufacturing","County, NAICS 5-digit -- by ownership sector","All establishment sizes",1,0,0,0,0,0,0,0
"28087",5,326291,78,0,2007,1,"N","Lowndes County, Mississippi","Private","Rubber product mfg. for mechanical use","County, NAICS 6-digit -- by ownership sector","All establishment sizes",1,0,0,0,0,0,0,0
"28087",5,"326291",78,0,2007,2,"N","Lowndes County, Mississippi","Private","Rubber product mfg. for mechanical use","County, NAICS 6-digit -- by ownership sector","All establishment sizes",1,0,0,0,0,0,0,0
"28087",5,"326291",78,0,2007,3,"N","Lowndes County, Mississippi","Private","Rubber product mfg. for mechanical use","County, NAICS 6-digit -- by ownership sector","All establishment sizes",1,0,0,0,0,0,0,0
"28087",5,"326291",78,0,2007,4,"N","Lowndes County, Mississippi","Private","Rubber product mfg. for mechanical use","County, NAICS 6-digit -- by ownership sector","All establishment sizes",1,0,0,0,0,0,0,0
"28087",5,327,75,0,2007,1,"","Lowndes County, Mississippi","Private","Nonmetallic mineral product manufacturing","County, NAICS 3-digit -- by ownership sector","All establishment sizes",10,286,288,300,3220497,1739502,14150,850
"28087",5,"327",75,0,2007,2,"","Lowndes County, Mississippi","Private","Nonmetallic mineral product manufacturing","County, NAICS 3-digit -- by ownership sector","All establishment sizes",10,302,305,308,2946814,477830,4243,743
"28087",5,"327",75,0,2007,3,"","Lowndes County, Mississippi","Private","Nonmetallic mineral product manufacturing","County, NAICS 3-digit -- by ownership sector","All establishment sizes",10,314,315,316,2882229,356676,2160,704
"28087",5,"327",75,0,2007,4,"","Lowndes County, Mississippi","Private","Nonmetallic mineral product manufacturing","County, NAICS 3-digit -- by ownership sector","All establishment sizes",10,307,304,307,3148767,290890,1751,792
"28087",5,3271,76,0,2007,1,"N","Lowndes County, Mississippi","Private","Clay product and refractory manufacturing","County, NAICS 4-digit -- by ownership sector","All establishment sizes",2,0,0,0,0,0,0,0
"28087",5,"3271",76,0,2007,2,"N","Lowndes County, Mississippi","Private","Clay product and refractory manufacturing","County, NAICS 4-digit -- by ownership sector","All establishment sizes",2,0,0,0,0,0,0,0
"28087",5,"3271",76,0,2007,3,"N","Lowndes County, Mississippi","Private","Clay product and refractory manufacturing","County, NAICS 4-digit -- by ownership sector","All establishment sizes",2,0,0,0,0,0,0,0
"28087",5,"3271",76,0,2007,4,"N","Lowndes County, Mississippi","Private","Clay product and refractory manufacturing","County, NAICS 4-digit -- by ownership sector","All establishment sizes",2,0,0,0,0,0,0,0
"28087",5,32712,77,0,2007,1,"N","Lowndes County, Mississippi","Private","Clay building material and refractories mfg.","County, NAICS 5-digit -- by ownership sector","All establishment sizes",2,0,0,0,0,0,0,0
"28087",5,"32712",77,0,2007,2,"N","Lowndes County, Mississippi","Private","Clay building material and refractories mfg.","County, NAICS 5-digit -- by ownership sector","All establishment sizes",2,0,0,0,0,0,0,0
"28087",5,"32712",77,0,2007,3,"N","Lowndes County, Mississippi","Private","Clay building material and refractories mfg.","County, NAICS 5-digit -- by ownership sector","All establishment sizes",2,0,0,0,0,0,0,0
"28087",5,"32712",77,0,2007,4,"N","Lowndes County, Mississippi","Private","Clay building material and refractories mfg.","County, NAICS 5-digit -- by ownership sector","All establishment sizes",2,0,0,0,0,0,0,0
"28087",5,327121,78,0,2007,1,"N","Lowndes County, Mississippi","Private","Brick and structural clay tile manufacturing","County, NAICS 6-digit -- by ownership sector","All establishment sizes",2,0,0,0,0,0,0,0
"28087",5,"327121",78,0,2007,2,"N","Lowndes County, Mississippi","Private","Brick and structural clay tile manufacturing","County, NAICS 6-digit -- by ownership sector","All establishment sizes",2,0,0,0,0,0,0,0
"28087",5,"327121",78,0,2007,3,"N","Lowndes County, Mississippi","Private","Brick and structural clay tile manufacturing","County, NAICS 6-digit -- by ownership sector","All establishment sizes",2,0,0,0,0,0,0,0
"28087",5,"327121",78,0,2007,4,"N","Lowndes County, Mississippi","Private","Brick and structural clay tile manufacturing","County, NAICS 6-digit -- by ownership sector","All establishment sizes",2,0,0,0,0,0,0,0
"28087",5,3272,76,0,2007,1,"N","Lowndes County, Mississippi","Private","Glass and glass product manufacturing","County, NAICS 4-digit -- by ownership sector","All establishment sizes",1,0,0,0,0,0,0,0
"28087",5,"3272",76,0,2007,2,"N","Lowndes County, Mississippi","Private","Glass and glass product manufacturing","County, NAICS 4-digit -- by ownership sector","All establishment sizes",1,0,0,0,0,0,0,0
"28087",5,"3272",76,0,2007,3,"N","Lowndes County, Mississippi","Private","Glass and glass product manufacturing","County, NAICS 4-digit -- by ownership sector","All establishment sizes",1,0,0,0,0,0,0,0
"28087",5,"3272",76,0,2007,4,"N","Lowndes County, Mississippi","Private","Glass and glass product manufacturing","County, NAICS 4-digit -- by ownership sector","All establishment sizes",1,0,0,0,0,0,0,0
"28087",5,32721,77,0,2007,1,"N","Lowndes County, Mississippi","Private","Glass and glass product manufacturing","County, NAICS 5-digit -- by ownership sector","All establishment sizes",1,0,0,0,0,0,0,0
"28087",5,"32721",77,0,2007,2,"N","Lowndes County, Mississippi","Private","Glass and glass product manufacturing","County, NAICS 5-digit -- by ownership sector","All establishment sizes",1,0,0,0,0,0,0,0
"28087",5,"32721",77,0,2007,3,"N","Lowndes County, Mississippi","Private","Glass and glass product manufacturing","County, NAICS 5-digit -- by ownership sector","All establishment sizes",1,0,0,0,0,0,0,0
"28087",5,"32721",77,0,2007,4,"N","Lowndes County, Mississippi","Private","Glass and glass product manufacturing","County, NAICS 5-digit -- by ownership sector","All establishment sizes",1,0,0,0,0,0,0,0
"28087",5,327215,78,0,2007,1,"N","Lowndes County, Mississippi","Private","Glass product mfg. made of purchased glass","County, NAICS 6-digit -- by ownership sector","All establishment sizes",1,0,0,0,0,0,0,0
"28087",5,"327215",78,0,2007,2,"N","Lowndes County, Mississippi","Private","Glass product mfg. made of purchased glass","County, NAICS 6-digit -- by ownership sector","All establishment sizes",1,0,0,0,0,0,0,0
"28087",5,"327215",78,0,2007,3,"N","Lowndes County, Mississippi","Private","Glass product mfg. made of purchased glass","County, NAICS 6-digit -- by ownership sector","All establishment sizes",1,0,0,0,0,0,0,0
"28087",5,"327215",78,0,2007,4,"N","Lowndes County, Mississippi","Private","Glass product mfg. made of purchased glass","County, NAICS 6-digit -- by ownership sector","All establishment sizes",1,0,0,0,0,0,0,0
"28087",5,3273,76,0,2007,1,"","Lowndes County, Mississippi","Private","Cement and concrete product manufacturing","County, NAICS 4-digit -- by ownership sector","All establishment sizes",4,139,139,139,1852118,922543,7609,1025
"28087",5,"3273",76,0,2007,2,"","Lowndes County, Mississippi","Private","Cement and concrete product manufacturing","County, NAICS 4-digit -- by ownership sector","All establishment sizes",4,138,141,146,1655797,235367,1403,899
"28087",5,"3273",76,0,2007,3,"","Lowndes County, Mississippi","Private","Cement and concrete product manufacturing","County, NAICS 4-digit -- by ownership sector","All establishment sizes",4,145,145,145,1674905,256859,1174,889
"28087",5,"3273",76,0,2007,4,"","Lowndes County, Mississippi","Private","Cement and concrete product manufacturing","County, NAICS 4-digit -- by ownership sector","All establishment sizes",4,142,140,141,1726670,206113,965,942
"28087",5,32731,77,0,2007,1,"N","Lowndes County, Mississippi","Private","Cement manufacturing","County, NAICS 5-digit -- by ownership sector","All establishment sizes",1,0,0,0,0,0,0,0
"28087",5,"32731",77,0,2007,2,"N","Lowndes County, Mississippi","Private","Cement manufacturing","County, NAICS 5-digit -- by ownership sector","All establishment sizes",1,0,0,0,0,0,0,0
"28087",5,"32731",77,0,2007,3,"N","Lowndes County, Mississippi","Private","Cement manufacturing","County, NAICS 5-digit -- by ownership sector","All establishment sizes",1,0,0,0,0,0,0,0
"28087",5,"32731",77,0,2007,4,"N","Lowndes County, Mississippi","Private","Cement manufacturing","County, NAICS 5-digit -- by ownership sector","All establishment sizes",1,0,0,0,0,0,0,0
"28087",5,327310,78,0,2007,1,"N","Lowndes County, Mississippi","Private","Cement manufacturing","County, NAICS 6-digit -- by ownership sector","All establishment sizes",1,0,0,0,0,0,0,0
"28087",5,"327310",78,0,2007,2,"N","Lowndes County, Mississippi","Private","Cement manufacturing","County, NAICS 6-digit -- by ownership sector","All establishment sizes",1,0,0,0,0,0,0,0
"28087",5,"327310",78,0,2007,3,"N","Lowndes County, Mississippi","Private","Cement manufacturing","County, NAICS 6-digit -- by ownership sector","All establishment sizes",1,0,0,0,0,0,0,0
"28087",5,"327310",78,0,2007,4,"N","Lowndes County, Mississippi","Private","Cement manufacturing","County, NAICS 6-digit -- by ownership sector","All establishment sizes",1,0,0,0,0,0,0,0
"28087",5,32732,77,0,2007,1,"N","Lowndes County, Mississippi","Private","Ready-mix concrete manufacturing","County, NAICS 5-digit -- by ownership sector","All establishment sizes",1,0,0,0,0,0,0,0
"28087",5,"32732",77,0,2007,2,"N","Lowndes County, Mississippi","Private","Ready-mix concrete manufacturing","County, NAICS 5-digit -- by ownership sector","All establishment sizes",1,0,0,0,0,0,0,0
"28087",5,"32732",77,0,2007,3,"N","Lowndes County, Mississippi","Private","Ready-mix concrete manufacturing","County, NAICS 5-digit -- by ownership sector","All establishment sizes",1,0,0,0,0,0,0,0
"28087",5,"32732",77,0,2007,4,"N","Lowndes County, Mississippi","Private","Ready-mix concrete manufacturing","County, NAICS 5-digit -- by ownership sector","All establishment sizes",1,0,0,0,0,0,0,0
"28087",5,327320,78,0,2007,1,"N","Lowndes County, Mississippi","Private","Ready-mix concrete manufacturing","County, NAICS 6-digit -- by ownership sector","All establishment sizes",1,0,0,0,0,0,0,0
"28087",5,"327320",78,0,2007,2,"N","Lowndes County, Mississippi","Private","Ready-mix concrete manufacturing","County, NAICS 6-digit -- by ownership sector","All establishment sizes",1,0,0,0,0,0,0,0
"28087",5,"327320",78,0,2007,3,"N","Lowndes County, Mississippi","Private","Ready-mix concrete manufacturing","County, NAICS 6-digit -- by ownership sector","All establishment sizes",1,0,0,0,0,0,0,0
"28087",5,"327320",78,0,2007,4,"N","Lowndes County, Mississippi","Private","Ready-mix concrete manufacturing","County, NAICS 6-digit -- by ownership sector","All establishment sizes",1,0,0,0,0,0,0,0
"28087",5,32733,77,0,2007,1,"N","Lowndes County, Mississippi","Private","Concrete pipe, brick, and block manufacturing","County, NAICS 5-digit -- by ownership sector","All establishment sizes",2,0,0,0,0,0,0,0
"28087",5,"32733",77,0,2007,2,"N","Lowndes County, Mississippi","Private","Concrete pipe, brick, and block manufacturing","County, NAICS 5-digit -- by ownership sector","All establishment sizes",2,0,0,0,0,0,0,0
"28087",5,"32733",77,0,2007,3,"N","Lowndes County, Mississippi","Private","Concrete pipe, brick, and block manufacturing","County, NAICS 5-digit -- by ownership sector","All establishment sizes",2,0,0,0,0,0,0,0
"28087",5,"32733",77,0,2007,4,"N","Lowndes County, Mississippi","Private","Concrete pipe, brick, and block manufacturing","County, NAICS 5-digit -- by ownership sector","All establishment sizes",2,0,0,0,0,0,0,0
"28087",5,327331,78,0,2007,1,"N","Lowndes County, Mississippi","Private","Concrete block and brick manufacturing","County, NAICS 6-digit -- by ownership sector","All establishment sizes",1,0,0,0,0,0,0,0
"28087",5,"327331",78,0,2007,2,"N","Lowndes County, Mississippi","Private","Concrete block and brick manufacturing","County, NAICS 6-digit -- by ownership sector","All establishment sizes",1,0,0,0,0,0,0,0
"28087",5,"327331",78,0,2007,3,"N","Lowndes County, Mississippi","Private","Concrete block and brick manufacturing","County, NAICS 6-digit -- by ownership sector","All establishment sizes",1,0,0,0,0,0,0,0
"28087",5,"327331",78,0,2007,4,"N","Lowndes County, Mississippi","Private","Concrete block and brick manufacturing","County, NAICS 6-digit -- by ownership sector","All establishment sizes",1,0,0,0,0,0,0,0
"28087",5,327332,78,0,2007,1,"N","Lowndes County, Mississippi","Private","Concrete pipe manufacturing","County, NAICS 6-digit -- by ownership sector","All establishment sizes",1,0,0,0,0,0,0,0
"28087",5,"327332",78,0,2007,2,"N","Lowndes County, Mississippi","Private","Concrete pipe manufacturing","County, NAICS 6-digit -- by ownership sector","All establishment sizes",1,0,0,0,0,0,0,0
"28087",5,"327332",78,0,2007,3,"N","Lowndes County, Mississippi","Private","Concrete pipe manufacturing","County, NAICS 6-digit -- by ownership sector","All establishment sizes",1,0,0,0,0,0,0,0
"28087",5,"327332",78,0,2007,4,"N","Lowndes County, Mississippi","Private","Concrete pipe manufacturing","County, NAICS 6-digit -- by ownership sector","All establishment sizes",1,0,0,0,0,0,0,0
"28087",5,3279,76,0,2007,1,"N","Lowndes County, Mississippi","Private","Other nonmetallic mineral products","County, NAICS 4-digit -- by ownership sector","All establishment sizes",3,0,0,0,0,0,0,0
"28087",5,"3279",76,0,2007,2,"","Lowndes County, Mississippi","Private","Other nonmetallic mineral products","County, NAICS 4-digit -- by ownership sector","All establishment sizes",3,60,61,60,383981,134837,2147,490
"28087",5,"3279",76,0,2007,3,"","Lowndes County, Mississippi","Private","Other nonmetallic mineral products","County, NAICS 4-digit -- by ownership sector","All establishment sizes",3,70,71,72,341539,57778,750,370
"28087",5,"3279",76,0,2007,4,"N","Lowndes County, Mississippi","Private","Other nonmetallic mineral products","County, NAICS 4-digit -- by ownership sector","All establishment sizes",3,0,0,0,0,0,0,0
"28087",5,32799,77,0,2007,1,"N","Lowndes County, Mississippi","Private","All other nonmetallic mineral products mfg.","County, NAICS 5-digit -- by ownership sector","All establishment sizes",3,0,0,0,0,0,0,0
"28087",5,"32799",77,0,2007,2,"","Lowndes County, Mississippi","Private","All other nonmetallic mineral products mfg.","County, NAICS 5-digit -- by ownership sector","All establishment sizes",3,60,61,60,383981,134837,2147,490
"28087",5,"32799",77,0,2007,3,"","Lowndes County, Mississippi","Private","All other nonmetallic mineral products mfg.","County, NAICS 5-digit -- by ownership sector","All establishment sizes",3,70,71,72,341539,57778,750,370
"28087",5,"32799",77,0,2007,4,"N","Lowndes County, Mississippi","Private","All other nonmetallic mineral products mfg.","County, NAICS 5-digit -- by ownership sector","All establishment sizes",3,0,0,0,0,0,0,0
"28087",5,327991,78,0,2007,1,"N","Lowndes County, Mississippi","Private","Cut stone and stone product manufacturing","County, NAICS 6-digit -- by ownership sector","All establishment sizes",2,0,0,0,0,0,0,0
"28087",5,"327991",78,0,2007,2,"N","Lowndes County, Mississippi","Private","Cut stone and stone product manufacturing","County, NAICS 6-digit -- by ownership sector","All establishment sizes",2,0,0,0,0,0,0,0
"28087",5,"327991",78,0,2007,3,"N","Lowndes County, Mississippi","Private","Cut stone and stone product manufacturing","County, NAICS 6-digit -- by ownership sector","All establishment sizes",2,0,0,0,0,0,0,0
"28087",5,"327991",78,0,2007,4,"N","Lowndes County, Mississippi","Private","Cut stone and stone product manufacturing","County, NAICS 6-digit -- by ownership sector","All establishment sizes",2,0,0,0,0,0,0,0
"28087",5,327993,78,0,2007,1,"N","Lowndes County, Mississippi","Private","Mineral wool manufacturing","County, NAICS 6-digit -- by ownership sector","All establishment sizes",1,0,0,0,0,0,0,0
"28087",5,"327993",78,0,2007,2,"N","Lowndes County, Mississippi","Private","Mineral wool manufacturing","County, NAICS 6-digit -- by ownership sector","All establishment sizes",1,0,0,0,0,0,0,0
"28087",5,"327993",78,0,2007,3,"N","Lowndes County, Mississippi","Private","Mineral wool manufacturing","County, NAICS 6-digit -- by ownership sector","All establishment sizes",1,0,0,0,0,0,0,0
"28087",5,"327993",78,0,2007,4,"N","Lowndes County, Mississippi","Private","Mineral wool manufacturing","County, NAICS 6-digit -- by ownership sector","All establishment sizes",1,0,0,0,0,0,0,0
"28087",5,331,75,0,2007,1,"N","Lowndes County, Mississippi","Private","Primary metal manufacturing","County, NAICS 3-digit -- by ownership sector","All establishment sizes",4,0,0,0,0,0,0,0
"28087",5,"331",75,0,2007,2,"N","Lowndes County, Mississippi","Private","Primary metal manufacturing","County, NAICS 3-digit -- by ownership sector","All establishment sizes",4,0,0,0,0,0,0,0
"28087",5,"331",75,0,2007,3,"","Lowndes County, Mississippi","Private","Primary metal manufacturing","County, NAICS 3-digit -- by ownership sector","All establishment sizes",4,332,371,392,6561600,966462,23152,1383
"28087",5,"331",75,0,2007,4,"N","Lowndes County, Mississippi","Private","Primary metal manufacturing","County, NAICS 3-digit -- by ownership sector","All establishment sizes",4,0,0,0,0,0,0,0
"28087",5,3311,76,0,2007,1,"N","Lowndes County, Mississippi","Private","Iron and steel mills and ferroalloy mfg.","County, NAICS 4-digit -- by ownership sector","All establishment sizes",1,0,0,0,0,0,0,0
"28087",5,"3311",76,0,2007,2,"N","Lowndes County, Mississippi","Private","Iron and steel mills and ferroalloy mfg.","County, NAICS 4-digit -- by ownership sector","All establishment sizes",1,0,0,0,0,0,0,0
"28087",5,"3311",76,0,2007,3,"N","Lowndes County, Mississippi","Private","Iron and steel mills and ferroalloy mfg.","County, NAICS 4-digit -- by ownership sector","All establishment sizes",1,0,0,0,0,0,0,0
"28087",5,"3311",76,0,2007,4,"N","Lowndes County, Mississippi","Private","Iron and steel mills and ferroalloy mfg.","County, NAICS 4-digit -- by ownership sector","All establishment sizes",1,0,0,0,0,0,0,0
"28087",5,33111,77,0,2007,1,"N","Lowndes County, Mississippi","Private","Iron and steel mills and ferroalloy mfg.","County, NAICS 5-digit -- by ownership sector","All establishment sizes",1,0,0,0,0,0,0,0
"28087",5,"33111",77,0,2007,2,"N","Lowndes County, Mississippi","Private","Iron and steel mills and ferroalloy mfg.","County, NAICS 5-digit -- by ownership sector","All establishment sizes",1,0,0,0,0,0,0,0
"28087",5,"33111",77,0,2007,3,"N","Lowndes County, Mississippi","Private","Iron and steel mills and ferroalloy mfg.","County, NAICS 5-digit -- by ownership sector","All establishment sizes",1,0,0,0,0,0,0,0
"28087",5,"33111",77,0,2007,4,"N","Lowndes County, Mississippi","Private","Iron and steel mills and ferroalloy mfg.","County, NAICS 5-digit -- by ownership sector","All establishment sizes",1,0,0,0,0,0,0,0
"28087",5,331111,78,0,2007,1,"N","Lowndes County, Mississippi","Private","Iron and steel mills","County, NAICS 6-digit -- by ownership sector","All establishment sizes",1,0,0,0,0,0,0,0
"28087",5,"331111",78,0,2007,2,"N","Lowndes County, Mississippi","Private","Iron and steel mills","County, NAICS 6-digit -- by ownership sector","All establishment sizes",1,0,0,0,0,0,0,0
"28087",5,"331111",78,0,2007,3,"N","Lowndes County, Mississippi","Private","Iron and steel mills","County, NAICS 6-digit -- by ownership sector","All establishment sizes",1,0,0,0,0,0,0,0
"28087",5,"331111",78,0,2007,4,"N","Lowndes County, Mississippi","Private","Iron and steel mills","County, NAICS 6-digit -- by ownership sector","All establishment sizes",1,0,0,0,0,0,0,0
"28087",5,3312,76,0,2007,1,"N","Lowndes County, Mississippi","Private","Steel product mfg. from purchased steel","County, NAICS 4-digit -- by ownership sector","All establishment sizes",1,0,0,0,0,0,0,0
"28087",5,"3312",76,0,2007,2,"N","Lowndes County, Mississippi","Private","Steel product mfg. from purchased steel","County, NAICS 4-digit -- by ownership sector","All establishment sizes",1,0,0,0,0,0,0,0
"28087",5,"3312",76,0,2007,3,"N","Lowndes County, Mississippi","Private","Steel product mfg. from purchased steel","County, NAICS 4-digit -- by ownership sector","All establishment sizes",1,0,0,0,0,0,0,0
"28087",5,"3312",76,0,2007,4,"N","Lowndes County, Mississippi","Private","Steel product mfg. from purchased steel","County, NAICS 4-digit -- by ownership sector","All establishment sizes",1,0,0,0,0,0,0,0
"28087",5,33122,77,0,2007,1,"N","Lowndes County, Mississippi","Private","Rolling and drawing of purchased steel","County, NAICS 5-digit -- by ownership sector","All establishment sizes",1,0,0,0,0,0,0,0
"28087",5,"33122",77,0,2007,2,"N","Lowndes County, Mississippi","Private","Rolling and drawing of purchased steel","County, NAICS 5-digit -- by ownership sector","All establishment sizes",1,0,0,0,0,0,0,0
"28087",5,"33122",77,0,2007,3,"N","Lowndes County, Mississippi","Private","Rolling and drawing of purchased steel","County, NAICS 5-digit -- by ownership sector","All establishment sizes",1,0,0,0,0,0,0,0
"28087",5,"33122",77,0,2007,4,"N","Lowndes County, Mississippi","Private","Rolling and drawing of purchased steel","County, NAICS 5-digit -- by ownership sector","All establishment sizes",1,0,0,0,0,0,0,0
"28087",5,331221,78,0,2007,1,"N","Lowndes County, Mississippi","Private","Rolled steel shape manufacturing","County, NAICS 6-digit -- by ownership sector","All establishment sizes",1,0,0,0,0,0,0,0
"28087",5,"331221",78,0,2007,2,"N","Lowndes County, Mississippi","Private","Rolled steel shape manufacturing","County, NAICS 6-digit -- by ownership sector","All establishment sizes",1,0,0,0,0,0,0,0
"28087",5,"331221",78,0,2007,3,"N","Lowndes County, Mississippi","Private","Rolled steel shape manufacturing","County, NAICS 6-digit -- by ownership sector","All establishment sizes",1,0,0,0,0,0,0,0
"28087",5,"331221",78,0,2007,4,"N","Lowndes County, Mississippi","Private","Rolled steel shape manufacturing","County, NAICS 6-digit -- by ownership sector","All establishment sizes",1,0,0,0,0,0,0,0
"28087",5,3313,76,0,2007,1,"N","Lowndes County, Mississippi","Private","Alumina and aluminum production","County, NAICS 4-digit -- by ownership sector","All establishment sizes",1,0,0,0,0,0,0,0
"28087",5,"3313",76,0,2007,2,"N","Lowndes County, Mississippi","Private","Alumina and aluminum production","County, NAICS 4-digit -- by ownership sector","All establishment sizes",1,0,0,0,0,0,0,0
"28087",5,"3313",76,0,2007,3,"N","Lowndes County, Mississippi","Private","Alumina and aluminum production","County, NAICS 4-digit -- by ownership sector","All establishment sizes",1,0,0,0,0,0,0,0
"28087",5,"3313",76,0,2007,4,"N","Lowndes County, Mississippi","Private","Alumina and aluminum production","County, NAICS 4-digit -- by ownership sector","All establishment sizes",1,0,0,0,0,0,0,0
"28087",5,33131,77,0,2007,1,"N","Lowndes County, Mississippi","Private","Alumina and aluminum production","County, NAICS 5-digit -- by ownership sector","All establishment sizes",1,0,0,0,0,0,0,0
"28087",5,"33131",77,0,2007,2,"N","Lowndes County, Mississippi","Private","Alumina and aluminum production","County, NAICS 5-digit -- by ownership sector","All establishment sizes",1,0,0,0,0,0,0,0
"28087",5,"33131",77,0,2007,3,"N","Lowndes County, Mississippi","Private","Alumina and aluminum production","County, NAICS 5-digit -- by ownership sector","All establishment sizes",1,0,0,0,0,0,0,0
"28087",5,"33131",77,0,2007,4,"N","Lowndes County, Mississippi","Private","Alumina and aluminum production","County, NAICS 5-digit -- by ownership sector","All establishment sizes",1,0,0,0,0,0,0,0
"28087",5,331315,78,0,2007,1,"N","Lowndes County, Mississippi","Private","Aluminum sheet, plate, and foil manufacturing","County, NAICS 6-digit -- by ownership sector","All establishment sizes",1,0,0,0,0,0,0,0
"28087",5,"331315",78,0,2007,2,"N","Lowndes County, Mississippi","Private","Aluminum sheet, plate, and foil manufacturing","County, NAICS 6-digit -- by ownership sector","All establishment sizes",1,0,0,0,0,0,0,0
"28087",5,"331315",78,0,2007,3,"N","Lowndes County, Mississippi","Private","Aluminum sheet, plate, and foil manufacturing","County, NAICS 6-digit -- by ownership sector","All establishment sizes",1,0,0,0,0,0,0,0
"28087",5,"331315",78,0,2007,4,"N","Lowndes County, Mississippi","Private","Aluminum sheet, plate, and foil manufacturing","County, NAICS 6-digit -- by ownership sector","All establishment sizes",1,0,0,0,0,0,0,0
"28087",5,3315,76,0,2007,1,"N","Lowndes County, Mississippi","Private","Foundries","County, NAICS 4-digit -- by ownership sector","All establishment sizes",1,0,0,0,0,0,0,0
"28087",5,"3315",76,0,2007,2,"N","Lowndes County, Mississippi","Private","Foundries","County, NAICS 4-digit -- by ownership sector","All establishment sizes",1,0,0,0,0,0,0,0
"28087",5,"3315",76,0,2007,3,"N","Lowndes County, Mississippi","Private","Foundries","County, NAICS 4-digit -- by ownership sector","All establishment sizes",1,0,0,0,0,0,0,0
"28087",5,"3315",76,0,2007,4,"N","Lowndes County, Mississippi","Private","Foundries","County, NAICS 4-digit -- by ownership sector","All establishment sizes",1,0,0,0,0,0,0,0
"28087",5,33151,77,0,2007,1,"N","Lowndes County, Mississippi","Private","Ferrous metal foundries","County, NAICS 5-digit -- by ownership sector","All establishment sizes",1,0,0,0,0,0,0,0
"28087",5,"33151",77,0,2007,2,"N","Lowndes County, Mississippi","Private","Ferrous metal foundries","County, NAICS 5-digit -- by ownership sector","All establishment sizes",1,0,0,0,0,0,0,0
"28087",5,"33151",77,0,2007,3,"N","Lowndes County, Mississippi","Private","Ferrous metal foundries","County, NAICS 5-digit -- by ownership sector","All establishment sizes",1,0,0,0,0,0,0,0
"28087",5,"33151",77,0,2007,4,"N","Lowndes County, Mississippi","Private","Ferrous metal foundries","County, NAICS 5-digit -- by ownership sector","All establishment sizes",1,0,0,0,0,0,0,0
"28087",5,331512,78,0,2007,1,"N","Lowndes County, Mississippi","Private","Steel investment foundries","County, NAICS 6-digit -- by ownership sector","All establishment sizes",1,0,0,0,0,0,0,0
"28087",5,"331512",78,0,2007,2,"N","Lowndes County, Mississippi","Private","Steel investment foundries","County, NAICS 6-digit -- by ownership sector","All establishment sizes",1,0,0,0,0,0,0,0
"28087",5,"331512",78,0,2007,3,"N","Lowndes County, Mississippi","Private","Steel investment foundries","County, NAICS 6-digit -- by ownership sector","All establishment sizes",1,0,0,0,0,0,0,0
"28087",5,"331512",78,0,2007,4,"N","Lowndes County, Mississippi","Private","Steel investment foundries","County, NAICS 6-digit -- by ownership sector","All establishment sizes",1,0,0,0,0,0,0,0
"28087",5,332,75,0,2007,1,"","Lowndes County, Mississippi","Private","Fabricated metal product manufacturing","County, NAICS 3-digit -- by ownership sector","All establishment sizes",8,320,324,332,3536300,2234085,21537,836
"28087",5,"332",75,0,2007,2,"","Lowndes County, Mississippi","Private","Fabricated metal product manufacturing","County, NAICS 3-digit -- by ownership sector","All establishment sizes",8,328,334,334,3649849,226356,3262,846
"28087",5,"332",75,0,2007,3,"","Lowndes County, Mississippi","Private","Fabricated metal product manufacturing","County, NAICS 3-digit -- by ownership sector","All establishment sizes",9,333,333,330,3836555,123000,1876,889
"28087",5,"332",75,0,2007,4,"","Lowndes County, Mississippi","Private","Fabricated metal product manufacturing","County, NAICS 3-digit -- by ownership sector","All establishment sizes",9,328,328,330,4188954,95566,1625,980
"28087",5,3323,76,0,2007,1,"N","Lowndes County, Mississippi","Private","Architectural and structural metals mfg.","County, NAICS 4-digit -- by ownership sector","All establishment sizes",3,0,0,0,0,0,0,0
"28087",5,"3323",76,0,2007,2,"N","Lowndes County, Mississippi","Private","Architectural and structural metals mfg.","County, NAICS 4-digit -- by ownership sector","All establishment sizes",3,0,0,0,0,0,0,0
"28087",5,"3323",76,0,2007,3,"N","Lowndes County, Mississippi","Private","Architectural and structural metals mfg.","County, NAICS 4-digit -- by ownership sector","All establishment sizes",3,0,0,0,0,0,0,0
"28087",5,"3323",76,0,2007,4,"N","Lowndes County, Mississippi","Private","Architectural and structural metals mfg.","County, NAICS 4-digit -- by ownership sector","All establishment sizes",3,0,0,0,0,0,0,0
"28087",5,33231,77,0,2007,1,"N","Lowndes County, Mississippi","Private","Plate work and fabricated structural products","County, NAICS 5-digit -- by ownership sector","All establishment sizes",3,0,0,0,0,0,0,0
"28087",5,"33231",77,0,2007,2,"N","Lowndes County, Mississippi","Private","Plate work and fabricated structural products","County, NAICS 5-digit -- by ownership sector","All establishment sizes",3,0,0,0,0,0,0,0
"28087",5,"33231",77,0,2007,3,"N","Lowndes County, Mississippi","Private","Plate work and fabricated structural products","County, NAICS 5-digit -- by ownership sector","All establishment sizes",3,0,0,0,0,0,0,0
"28087",5,"33231",77,0,2007,4,"N","Lowndes County, Mississippi","Private","Plate work and fabricated structural products","County, NAICS 5-digit -- by ownership sector","All establishment sizes",3,0,0,0,0,0,0,0
"28087",5,332311,78,0,2007,1,"N","Lowndes County, Mississippi","Private","Prefabricated metal buildings and components","County, NAICS 6-digit -- by ownership sector","All establishment sizes",2,0,0,0,0,0,0,0
"28087",5,"332311",78,0,2007,2,"N","Lowndes County, Mississippi","Private","Prefabricated metal buildings and components","County, NAICS 6-digit -- by ownership sector","All establishment sizes",2,0,0,0,0,0,0,0
"28087",5,"332311",78,0,2007,3,"N","Lowndes County, Mississippi","Private","Prefabricated metal buildings and components","County, NAICS 6-digit -- by ownership sector","All establishment sizes",2,0,0,0,0,0,0,0
"28087",5,"332311",78,0,2007,4,"N","Lowndes County, Mississippi","Private","Prefabricated metal buildings and components","County, NAICS 6-digit -- by ownership sector","All establishment sizes",2,0,0,0,0,0,0,0
"28087",5,332312,78,0,2007,1,"N","Lowndes County, Mississippi","Private","Fabricated structural metal manufacturing","County, NAICS 6-digit -- by ownership sector","All establishment sizes",1,0,0,0,0,0,0,0
"28087",5,"332312",78,0,2007,2,"N","Lowndes County, Mississippi","Private","Fabricated structural metal manufacturing","County, NAICS 6-digit -- by ownership sector","All establishment sizes",1,0,0,0,0,0,0,0
"28087",5,"332312",78,0,2007,3,"N","Lowndes County, Mississippi","Private","Fabricated structural metal manufacturing","County, NAICS 6-digit -- by ownership sector","All establishment sizes",1,0,0,0,0,0,0,0
"28087",5,"332312",78,0,2007,4,"N","Lowndes County, Mississippi","Private","Fabricated structural metal manufacturing","County, NAICS 6-digit -- by ownership sector","All establishment sizes",1,0,0,0,0,0,0,0
"28087",5,3326,76,0,2007,1,"-","Lowndes County, Mississippi","Private","Spring and wire product manufacturing","County, NAICS 4-digit -- by ownership sector","All establishment sizes",0,0,0,0,0,0,0,0
"28087",5,"3326",76,0,2007,2,"-","Lowndes County, Mississippi","Private","Spring and wire product manufacturing","County, NAICS 4-digit -- by ownership sector","All establishment sizes",0,0,0,0,0,0,0,0
"28087",5,"3326",76,0,2007,3,"N","Lowndes County, Mississippi","Private","Spring and wire product manufacturing","County, NAICS 4-digit -- by ownership sector","All establishment sizes",1,0,0,0,0,0,0,0
"28087",5,"3326",76,0,2007,4,"N","Lowndes County, Mississippi","Private","Spring and wire product manufacturing","County, NAICS 4-digit -- by ownership sector","All establishment sizes",1,0,0,0,0,0,0,0
"28087",5,33261,77,0,2007,1,"-","Lowndes County, Mississippi","Private","Spring and wire product manufacturing","County, NAICS 5-digit -- by ownership sector","All establishment sizes",0,0,0,0,0,0,0,0
"28087",5,"33261",77,0,2007,2,"-","Lowndes County, Mississippi","Private","Spring and wire product manufacturing","County, NAICS 5-digit -- by ownership sector","All establishment sizes",0,0,0,0,0,0,0,0
"28087",5,"33261",77,0,2007,3,"N","Lowndes County, Mississippi","Private","Spring and wire product manufacturing","County, NAICS 5-digit -- by ownership sector","All establishment sizes",1,0,0,0,0,0,0,0
"28087",5,"33261",77,0,2007,4,"N","Lowndes County, Mississippi","Private","Spring and wire product manufacturing","County, NAICS 5-digit -- by ownership sector","All establishment sizes",1,0,0,0,0,0,0,0
"28087",5,332618,78,0,2007,1,"-","Lowndes County, Mississippi","Private","Other fabricated wire product manufacturing","County, NAICS 6-digit -- by ownership sector","All establishment sizes",0,0,0,0,0,0,0,0
"28087",5,"332618",78,0,2007,2,"-","Lowndes County, Mississippi","Private","Other fabricated wire product manufacturing","County, NAICS 6-digit -- by ownership sector","All establishment sizes",0,0,0,0,0,0,0,0
"28087",5,"332618",78,0,2007,3,"N","Lowndes County, Mississippi","Private","Other fabricated wire product manufacturing","County, NAICS 6-digit -- by ownership sector","All establishment sizes",1,0,0,0,0,0,0,0
"28087",5,"332618",78,0,2007,4,"N","Lowndes County, Mississippi","Private","Other fabricated wire product manufacturing","County, NAICS 6-digit -- by ownership sector","All establishment sizes",1,0,0,0,0,0,0,0
"28087",5,3327,76,0,2007,1,"N","Lowndes County, Mississippi","Private","Machine shops and threaded product mfg.","County, NAICS 4-digit -- by ownership sector","All establishment sizes",2,0,0,0,0,0,0,0
"28087",5,"3327",76,0,2007,2,"N","Lowndes County, Mississippi","Private","Machine shops and threaded product mfg.","County, NAICS 4-digit -- by ownership sector","All establishment sizes",2,0,0,0,0,0,0,0
"28087",5,"3327",76,0,2007,3,"N","Lowndes County, Mississippi","Private","Machine shops and threaded product mfg.","County, NAICS 4-digit -- by ownership sector","All establishment sizes",2,0,0,0,0,0,0,0
"28087",5,"3327",76,0,2007,4,"N","Lowndes County, Mississippi","Private","Machine shops and threaded product mfg.","County, NAICS 4-digit -- by ownership sector","All establishment sizes",2,0,0,0,0,0,0,0
"28087",5,33271,77,0,2007,1,"N","Lowndes County, Mississippi","Private","Machine shops","County, NAICS 5-digit -- by ownership sector","All establishment sizes",2,0,0,0,0,0,0,0
"28087",5,"33271",77,0,2007,2,"N","Lowndes County, Mississippi","Private","Machine shops","County, NAICS 5-digit -- by ownership sector","All establishment sizes",2,0,0,0,0,0,0,0
"28087",5,"33271",77,0,2007,3,"N","Lowndes County, Mississippi","Private","Machine shops","County, NAICS 5-digit -- by ownership sector","All establishment sizes",2,0,0,0,0,0,0,0
"28087",5,"33271",77,0,2007,4,"N","Lowndes County, Mississippi","Private","Machine shops","County, NAICS 5-digit -- by ownership sector","All establishment sizes",2,0,0,0,0,0,0,0
"28087",5,332710,78,0,2007,1,"N","Lowndes County, Mississippi","Private","Machine shops","County, NAICS 6-digit -- by ownership sector","All establishment sizes",2,0,0,0,0,0,0,0
"28087",5,"332710",78,0,2007,2,"N","Lowndes County, Mississippi","Private","Machine shops","County, NAICS 6-digit -- by ownership sector","All establishment sizes",2,0,0,0,0,0,0,0
"28087",5,"332710",78,0,2007,3,"N","Lowndes County, Mississippi","Private","Machine shops","County, NAICS 6-digit -- by ownership sector","All establishment sizes",2,0,0,0,0,0,0,0
"28087",5,"332710",78,0,2007,4,"N","Lowndes County, Mississippi","Private","Machine shops","County, NAICS 6-digit -- by ownership sector","All establishment sizes",2,0,0,0,0,0,0,0
"28087",5,3328,76,0,2007,1,"N","Lowndes County, Mississippi","Private","Coating, engraving, and heat treating metals","County, NAICS 4-digit -- by ownership sector","All establishment sizes",2,0,0,0,0,0,0,0
"28087",5,"3328",76,0,2007,2,"N","Lowndes County, Mississippi","Private","Coating, engraving, and heat treating metals","County, NAICS 4-digit -- by ownership sector","All establishment sizes",2,0,0,0,0,0,0,0
"28087",5,"3328",76,0,2007,3,"N","Lowndes County, Mississippi","Private","Coating, engraving, and heat treating metals","County, NAICS 4-digit -- by ownership sector","All establishment sizes",2,0,0,0,0,0,0,0
"28087",5,"3328",76,0,2007,4,"N","Lowndes County, Mississippi","Private","Coating, engraving, and heat treating metals","County, NAICS 4-digit -- by ownership sector","All establishment sizes",2,0,0,0,0,0,0,0
"28087",5,33281,77,0,2007,1,"N","Lowndes County, Mississippi","Private","Coating, engraving, and heat treating metals","County, NAICS 5-digit -- by ownership sector","All establishment sizes",2,0,0,0,0,0,0,0
"28087",5,"33281",77,0,2007,2,"N","Lowndes County, Mississippi","Private","Coating, engraving, and heat treating metals","County, NAICS 5-digit -- by ownership sector","All establishment sizes",2,0,0,0,0,0,0,0
"28087",5,"33281",77,0,2007,3,"N","Lowndes County, Mississippi","Private","Coating, engraving, and heat treating metals","County, NAICS 5-digit -- by ownership sector","All establishment sizes",2,0,0,0,0,0,0,0
"28087",5,"33281",77,0,2007,4,"N","Lowndes County, Mississippi","Private","Coating, engraving, and heat treating metals","County, NAICS 5-digit -- by ownership sector","All establishment sizes",2,0,0,0,0,0,0,0
"28087",5,332813,78,0,2007,1,"N","Lowndes County, Mississippi","Private","Electroplating, anodizing, and coloring metal","County, NAICS 6-digit -- by ownership sector","All establishment sizes",2,0,0,0,0,0,0,0
"28087",5,"332813",78,0,2007,2,"N","Lowndes County, Mississippi","Private","Electroplating, anodizing, and coloring metal","County, NAICS 6-digit -- by ownership sector","All establishment sizes",2,0,0,0,0,0,0,0
"28087",5,"332813",78,0,2007,3,"N","Lowndes County, Mississippi","Private","Electroplating, anodizing, and coloring metal","County, NAICS 6-digit -- by ownership sector","All establishment sizes",2,0,0,0,0,0,0,0
"28087",5,"332813",78,0,2007,4,"N","Lowndes County, Mississippi","Private","Electroplating, anodizing, and coloring metal","County, NAICS 6-digit -- by ownership sector","All establishment sizes",2,0,0,0,0,0,0,0
"28087",5,3329,76,0,2007,1,"N","Lowndes County, Mississippi","Private","Other fabricated metal product manufacturing","County, NAICS 4-digit -- by ownership sector","All establishment sizes",1,0,0,0,0,0,0,0
"28087",5,"3329",76,0,2007,2,"N","Lowndes County, Mississippi","Private","Other fabricated metal product manufacturing","County, NAICS 4-digit -- by ownership sector","All establishment sizes",1,0,0,0,0,0,0,0
"28087",5,"3329",76,0,2007,3,"N","Lowndes County, Mississippi","Private","Other fabricated metal product manufacturing","County, NAICS 4-digit -- by ownership sector","All establishment sizes",1,0,0,0,0,0,0,0
"28087",5,"3329",76,0,2007,4,"N","Lowndes County, Mississippi","Private","Other fabricated metal product manufacturing","County, NAICS 4-digit -- by ownership sector","All establishment sizes",1,0,0,0,0,0,0,0
"28087",5,33299,77,0,2007,1,"N","Lowndes County, Mississippi","Private","All other fabricated metal product mfg.","County, NAICS 5-digit -- by ownership sector","All establishment sizes",1,0,0,0,0,0,0,0
"28087",5,"33299",77,0,2007,2,"N","Lowndes County, Mississippi","Private","All other fabricated metal product mfg.","County, NAICS 5-digit -- by ownership sector","All establishment sizes",1,0,0,0,0,0,0,0
"28087",5,"33299",77,0,2007,3,"N","Lowndes County, Mississippi","Private","All other fabricated metal product mfg.","County, NAICS 5-digit -- by ownership sector","All establishment sizes",1,0,0,0,0,0,0,0
"28087",5,"33299",77,0,2007,4,"N","Lowndes County, Mississippi","Private","All other fabricated metal product mfg.","County, NAICS 5-digit -- by ownership sector","All establishment sizes",1,0,0,0,0,0,0,0
"28087",5,332993,78,0,2007,1,"N","Lowndes County, Mississippi","Private","Ammunition, except small arms, manufacturing","County, NAICS 6-digit -- by ownership sector","All establishment sizes",1,0,0,0,0,0,0,0
"28087",5,"332993",78,0,2007,2,"N","Lowndes County, Mississippi","Private","Ammunition, except small arms, manufacturing","County, NAICS 6-digit -- by ownership sector","All establishment sizes",1,0,0,0,0,0,0,0
"28087",5,"332993",78,0,2007,3,"N","Lowndes County, Mississippi","Private","Ammunition, except small arms, manufacturing","County, NAICS 6-digit -- by ownership sector","All establishment sizes",1,0,0,0,0,0,0,0
"28087",5,"332993",78,0,2007,4,"N","Lowndes County, Mississippi","Private","Ammunition, except small arms, manufacturing","County, NAICS 6-digit -- by ownership sector","All establishment sizes",1,0,0,0,0,0,0,0
"28087",5,333,75,0,2007,1,"N","Lowndes County, Mississippi","Private","Machinery manufacturing","County, NAICS 3-digit -- by ownership sector","All establishment sizes",1,0,0,0,0,0,0,0
"28087",5,"333",75,0,2007,2,"N","Lowndes County, Mississippi","Private","Machinery manufacturing","County, NAICS 3-digit -- by ownership sector","All establishment sizes",1,0,0,0,0,0,0,0
"28087",5,"333",75,0,2007,3,"N","Lowndes County, Mississippi","Private","Machinery manufacturing","County, NAICS 3-digit -- by ownership sector","All establishment sizes",1,0,0,0,0,0,0,0
"28087",5,"333",75,0,2007,4,"N","Lowndes County, Mississippi","Private","Machinery manufacturing","County, NAICS 3-digit -- by ownership sector","All establishment sizes",1,0,0,0,0,0,0,0
"28087",5,3331,76,0,2007,1,"N","Lowndes County, Mississippi","Private","Ag., construction, and mining machinery mfg.","County, NAICS 4-digit -- by ownership sector","All establishment sizes",1,0,0,0,0,0,0,0
"28087",5,"3331",76,0,2007,2,"N","Lowndes County, Mississippi","Private","Ag., construction, and mining machinery mfg.","County, NAICS 4-digit -- by ownership sector","All establishment sizes",1,0,0,0,0,0,0,0
"28087",5,"3331",76,0,2007,3,"N","Lowndes County, Mississippi","Private","Ag., construction, and mining machinery mfg.","County, NAICS 4-digit -- by ownership sector","All establishment sizes",1,0,0,0,0,0,0,0
"28087",5,"3331",76,0,2007,4,"N","Lowndes County, Mississippi","Private","Ag., construction, and mining machinery mfg.","County, NAICS 4-digit -- by ownership sector","All establishment sizes",1,0,0,0,0,0,0,0
"28087",5,33311,77,0,2007,1,"N","Lowndes County, Mississippi","Private","Agricultural implement manufacturing","County, NAICS 5-digit -- by ownership sector","All establishment sizes",1,0,0,0,0,0,0,0
"28087",5,"33311",77,0,2007,2,"N","Lowndes County, Mississippi","Private","Agricultural implement manufacturing","County, NAICS 5-digit -- by ownership sector","All establishment sizes",1,0,0,0,0,0,0,0
"28087",5,"33311",77,0,2007,3,"N","Lowndes County, Mississippi","Private","Agricultural implement manufacturing","County, NAICS 5-digit -- by ownership sector","All establishment sizes",1,0,0,0,0,0,0,0
"28087",5,"33311",77,0,2007,4,"N","Lowndes County, Mississippi","Private","Agricultural implement manufacturing","County, NAICS 5-digit -- by ownership sector","All establishment sizes",1,0,0,0,0,0,0,0
"28087",5,333111,78,0,2007,1,"N","Lowndes County, Mississippi","Private","Farm machinery and equipment manufacturing","County, NAICS 6-digit -- by ownership sector","All establishment sizes",1,0,0,0,0,0,0,0
"28087",5,"333111",78,0,2007,2,"N","Lowndes County, Mississippi","Private","Farm machinery and equipment manufacturing","County, NAICS 6-digit -- by ownership sector","All establishment sizes",1,0,0,0,0,0,0,0
"28087",5,"333111",78,0,2007,3,"N","Lowndes County, Mississippi","Private","Farm machinery and equipment manufacturing","County, NAICS 6-digit -- by ownership sector","All establishment sizes",1,0,0,0,0,0,0,0
"28087",5,"333111",78,0,2007,4,"N","Lowndes County, Mississippi","Private","Farm machinery and equipment manufacturing","County, NAICS 6-digit -- by ownership sector","All establishment sizes",1,0,0,0,0,0,0,0
"28087",5,334,75,0,2007,1,"N","Lowndes County, Mississippi","Private","Computer and electronic product manufacturing","County, NAICS 3-digit -- by ownership sector","All establishment sizes",1,0,0,0,0,0,0,0
"28087",5,"334",75,0,2007,2,"N","Lowndes County, Mississippi","Private","Computer and electronic product manufacturing","County, NAICS 3-digit -- by ownership sector","All establishment sizes",1,0,0,0,0,0,0,0
"28087",5,"334",75,0,2007,3,"N","Lowndes County, Mississippi","Private","Computer and electronic product manufacturing","County, NAICS 3-digit -- by ownership sector","All establishment sizes",1,0,0,0,0,0,0,0
"28087",5,"334",75,0,2007,4,"N","Lowndes County, Mississippi","Private","Computer and electronic product manufacturing","County, NAICS 3-digit -- by ownership sector","All establishment sizes",1,0,0,0,0,0,0,0
"28087",5,3345,76,0,2007,1,"N","Lowndes County, Mississippi","Private","Electronic instrument manufacturing","County, NAICS 4-digit -- by ownership sector","All establishment sizes",1,0,0,0,0,0,0,0
"28087",5,"3345",76,0,2007,2,"N","Lowndes County, Mississippi","Private","Electronic instrument manufacturing","County, NAICS 4-digit -- by ownership sector","All establishment sizes",1,0,0,0,0,0,0,0
"28087",5,"3345",76,0,2007,3,"N","Lowndes County, Mississippi","Private","Electronic instrument manufacturing","County, NAICS 4-digit -- by ownership sector","All establishment sizes",1,0,0,0,0,0,0,0
"28087",5,"3345",76,0,2007,4,"N","Lowndes County, Mississippi","Private","Electronic instrument manufacturing","County, NAICS 4-digit -- by ownership sector","All establishment sizes",1,0,0,0,0,0,0,0
"28087",5,33451,77,0,2007,1,"N","Lowndes County, Mississippi","Private","Electronic instrument manufacturing","County, NAICS 5-digit -- by ownership sector","All establishment sizes",1,0,0,0,0,0,0,0
"28087",5,"33451",77,0,2007,2,"N","Lowndes County, Mississippi","Private","Electronic instrument manufacturing","County, NAICS 5-digit -- by ownership sector","All establishment sizes",1,0,0,0,0,0,0,0
"28087",5,"33451",77,0,2007,3,"N","Lowndes County, Mississippi","Private","Electronic instrument manufacturing","County, NAICS 5-digit -- by ownership sector","All establishment sizes",1,0,0,0,0,0,0,0
"28087",5,"33451",77,0,2007,4,"N","Lowndes County, Mississippi","Private","Electronic instrument manufacturing","County, NAICS 5-digit -- by ownership sector","All establishment sizes",1,0,0,0,0,0,0,0
"28087",5,334513,78,0,2007,1,"N","Lowndes County, Mississippi","Private","Industrial process variable instruments","County, NAICS 6-digit -- by ownership sector","All establishment sizes",1,0,0,0,0,0,0,0
"28087",5,"334513",78,0,2007,2,"N","Lowndes County, Mississippi","Private","Industrial process variable instruments","County, NAICS 6-digit -- by ownership sector","All establishment sizes",1,0,0,0,0,0,0,0
"28087",5,"334513",78,0,2007,3,"N","Lowndes County, Mississippi","Private","Industrial process variable instruments","County, NAICS 6-digit -- by ownership sector","All establishment sizes",1,0,0,0,0,0,0,0
"28087",5,"334513",78,0,2007,4,"N","Lowndes County, Mississippi","Private","Industrial process variable instruments","County, NAICS 6-digit -- by ownership sector","All establishment sizes",1,0,0,0,0,0,0,0
"28087",5,335,75,0,2007,1,"N","Lowndes County, Mississippi","Private","Electrical equipment and appliance mfg.","County, NAICS 3-digit -- by ownership sector","All establishment sizes",2,0,0,0,0,0,0,0
"28087",5,"335",75,0,2007,2,"N","Lowndes County, Mississippi","Private","Electrical equipment and appliance mfg.","County, NAICS 3-digit -- by ownership sector","All establishment sizes",2,0,0,0,0,0,0,0
"28087",5,"335",75,0,2007,3,"N","Lowndes County, Mississippi","Private","Electrical equipment and appliance mfg.","County, NAICS 3-digit -- by ownership sector","All establishment sizes",2,0,0,0,0,0,0,0
"28087",5,"335",75,0,2007,4,"N","Lowndes County, Mississippi","Private","Electrical equipment and appliance mfg.","County, NAICS 3-digit -- by ownership sector","All establishment sizes",2,0,0,0,0,0,0,0
"28087",5,3353,76,0,2007,1,"N","Lowndes County, Mississippi","Private","Electrical equipment manufacturing","County, NAICS 4-digit -- by ownership sector","All establishment sizes",2,0,0,0,0,0,0,0
"28087",5,"3353",76,0,2007,2,"N","Lowndes County, Mississippi","Private","Electrical equipment manufacturing","County, NAICS 4-digit -- by ownership sector","All establishment sizes",2,0,0,0,0,0,0,0
"28087",5,"3353",76,0,2007,3,"N","Lowndes County, Mississippi","Private","Electrical equipment manufacturing","County, NAICS 4-digit -- by ownership sector","All establishment sizes",2,0,0,0,0,0,0,0
"28087",5,"3353",76,0,2007,4,"N","Lowndes County, Mississippi","Private","Electrical equipment manufacturing","County, NAICS 4-digit -- by ownership sector","All establishment sizes",2,0,0,0,0,0,0,0
"28087",5,33531,77,0,2007,1,"N","Lowndes County, Mississippi","Private","Electrical equipment manufacturing","County, NAICS 5-digit -- by ownership sector","All establishment sizes",2,0,0,0,0,0,0,0
"28087",5,"33531",77,0,2007,2,"N","Lowndes County, Mississippi","Private","Electrical equipment manufacturing","County, NAICS 5-digit -- by ownership sector","All establishment sizes",2,0,0,0,0,0,0,0
"28087",5,"33531",77,0,2007,3,"N","Lowndes County, Mississippi","Private","Electrical equipment manufacturing","County, NAICS 5-digit -- by ownership sector","All establishment sizes",2,0,0,0,0,0,0,0
"28087",5,"33531",77,0,2007,4,"N","Lowndes County, Mississippi","Private","Electrical equipment manufacturing","County, NAICS 5-digit -- by ownership sector","All establishment sizes",2,0,0,0,0,0,0,0
"28087",5,335312,78,0,2007,1,"N","Lowndes County, Mississippi","Private","Motor and generator manufacturing","County, NAICS 6-digit -- by ownership sector","All establishment sizes",1,0,0,0,0,0,0,0
"28087",5,"335312",78,0,2007,2,"N","Lowndes County, Mississippi","Private","Motor and generator manufacturing","County, NAICS 6-digit -- by ownership sector","All establishment sizes",1,0,0,0,0,0,0,0
"28087",5,"335312",78,0,2007,3,"N","Lowndes County, Mississippi","Private","Motor and generator manufacturing","County, NAICS 6-digit -- by ownership sector","All establishment sizes",1,0,0,0,0,0,0,0
"28087",5,"335312",78,0,2007,4,"N","Lowndes County, Mississippi","Private","Motor and generator manufacturing","County, NAICS 6-digit -- by ownership sector","All establishment sizes",1,0,0,0,0,0,0,0
"28087",5,335314,78,0,2007,1,"N","Lowndes County, Mississippi","Private","Relay and industrial control manufacturing","County, NAICS 6-digit -- by ownership sector","All establishment sizes",1,0,0,0,0,0,0,0
"28087",5,"335314",78,0,2007,2,"N","Lowndes County, Mississippi","Private","Relay and industrial control manufacturing","County, NAICS 6-digit -- by ownership sector","All establishment sizes",1,0,0,0,0,0,0,0
"28087",5,"335314",78,0,2007,3,"N","Lowndes County, Mississippi","Private","Relay and industrial control manufacturing","County, NAICS 6-digit -- by ownership sector","All establishment sizes",1,0,0,0,0,0,0,0
"28087",5,"335314",78,0,2007,4,"N","Lowndes County, Mississippi","Private","Relay and industrial control manufacturing","County, NAICS 6-digit -- by ownership sector","All establishment sizes",1,0,0,0,0,0,0,0
"28087",5,336,75,0,2007,1,"N","Lowndes County, Mississippi","Private","Transportation equipment manufacturing","County, NAICS 3-digit -- by ownership sector","All establishment sizes",2,0,0,0,0,0,0,0
"28087",5,"336",75,0,2007,2,"N","Lowndes County, Mississippi","Private","Transportation equipment manufacturing","County, NAICS 3-digit -- by ownership sector","All establishment sizes",2,0,0,0,0,0,0,0
"28087",5,"336",75,0,2007,3,"N","Lowndes County, Mississippi","Private","Transportation equipment manufacturing","County, NAICS 3-digit -- by ownership sector","All establishment sizes",2,0,0,0,0,0,0,0
"28087",5,"336",75,0,2007,4,"N","Lowndes County, Mississippi","Private","Transportation equipment manufacturing","County, NAICS 3-digit -- by ownership sector","All establishment sizes",3,0,0,0,0,0,0,0
"28087",5,3363,76,0,2007,1,"-","Lowndes County, Mississippi","Private","Motor vehicle parts manufacturing","County, NAICS 4-digit -- by ownership sector","All establishment sizes",0,0,0,0,0,0,0,0
"28087",5,"3363",76,0,2007,2,"-","Lowndes County, Mississippi","Private","Motor vehicle parts manufacturing","County, NAICS 4-digit -- by ownership sector","All establishment sizes",0,0,0,0,0,0,0,0
"28087",5,"3363",76,0,2007,3,"-","Lowndes County, Mississippi","Private","Motor vehicle parts manufacturing","County, NAICS 4-digit -- by ownership sector","All establishment sizes",0,0,0,0,0,0,0,0
"28087",5,"3363",76,0,2007,4,"N","Lowndes County, Mississippi","Private","Motor vehicle parts manufacturing","County, NAICS 4-digit -- by ownership sector","All establishment sizes",1,0,0,0,0,0,0,0
"28087",5,33631,77,0,2007,1,"-","Lowndes County, Mississippi","Private","Motor vehicle gasoline engine and parts mfg.","County, NAICS 5-digit -- by ownership sector","All establishment sizes",0,0,0,0,0,0,0,0
"28087",5,"33631",77,0,2007,2,"-","Lowndes County, Mississippi","Private","Motor vehicle gasoline engine and parts mfg.","County, NAICS 5-digit -- by ownership sector","All establishment sizes",0,0,0,0,0,0,0,0
"28087",5,"33631",77,0,2007,3,"-","Lowndes County, Mississippi","Private","Motor vehicle gasoline engine and parts mfg.","County, NAICS 5-digit -- by ownership sector","All establishment sizes",0,0,0,0,0,0,0,0
"28087",5,"33631",77,0,2007,4,"N","Lowndes County, Mississippi","Private","Motor vehicle gasoline engine and parts mfg.","County, NAICS 5-digit -- by ownership sector","All establishment sizes",1,0,0,0,0,0,0,0
"28087",5,336312,78,0,2007,1,"-","Lowndes County, Mississippi","Private","Gasoline engine and engine parts mfg.","County, NAICS 6-digit -- by ownership sector","All establishment sizes",0,0,0,0,0,0,0,0
"28087",5,"336312",78,0,2007,2,"-","Lowndes County, Mississippi","Private","Gasoline engine and engine parts mfg.","County, NAICS 6-digit -- by ownership sector","All establishment sizes",0,0,0,0,0,0,0,0
"28087",5,"336312",78,0,2007,3,"-","Lowndes County, Mississippi","Private","Gasoline engine and engine parts mfg.","County, NAICS 6-digit -- by ownership sector","All establishment sizes",0,0,0,0,0,0,0,0
"28087",5,"336312",78,0,2007,4,"N","Lowndes County, Mississippi","Private","Gasoline engine and engine parts mfg.","County, NAICS 6-digit -- by ownership sector","All establishment sizes",1,0,0,0,0,0,0,0
"28087",5,3364,76,0,2007,1,"N","Lowndes County, Mississippi","Private","Aerospace product and parts manufacturing","County, NAICS 4-digit -- by ownership sector","All establishment sizes",2,0,0,0,0,0,0,0
"28087",5,"3364",76,0,2007,2,"N","Lowndes County, Mississippi","Private","Aerospace product and parts manufacturing","County, NAICS 4-digit -- by ownership sector","All establishment sizes",2,0,0,0,0,0,0,0
"28087",5,"3364",76,0,2007,3,"N","Lowndes County, Mississippi","Private","Aerospace product and parts manufacturing","County, NAICS 4-digit -- by ownership sector","All establishment sizes",2,0,0,0,0,0,0,0
"28087",5,"3364",76,0,2007,4,"N","Lowndes County, Mississippi","Private","Aerospace product and parts manufacturing","County, NAICS 4-digit -- by ownership sector","All establishment sizes",2,0,0,0,0,0,0,0
"28087",5,33641,77,0,2007,1,"N","Lowndes County, Mississippi","Private","Aerospace product and parts manufacturing","County, NAICS 5-digit -- by ownership sector","All establishment sizes",2,0,0,0,0,0,0,0
"28087",5,"33641",77,0,2007,2,"N","Lowndes County, Mississippi","Private","Aerospace product and parts manufacturing","County, NAICS 5-digit -- by ownership sector","All establishment sizes",2,0,0,0,0,0,0,0
"28087",5,"33641",77,0,2007,3,"N","Lowndes County, Mississippi","Private","Aerospace product and parts manufacturing","County, NAICS 5-digit -- by ownership sector","All establishment sizes",2,0,0,0,0,0,0,0
"28087",5,"33641",77,0,2007,4,"N","Lowndes County, Mississippi","Private","Aerospace product and parts manufacturing","County, NAICS 5-digit -- by ownership sector","All establishment sizes",2,0,0,0,0,0,0,0
"28087",5,336411,78,0,2007,1,"N","Lowndes County, Mississippi","Private","Aircraft manufacturing","County, NAICS 6-digit -- by ownership sector","All establishment sizes",2,0,0,0,0,0,0,0
"28087",5,"336411",78,0,2007,2,"N","Lowndes County, Mississippi","Private","Aircraft manufacturing","County, NAICS 6-digit -- by ownership sector","All establishment sizes",2,0,0,0,0,0,0,0
"28087",5,"336411",78,0,2007,3,"N","Lowndes County, Mississippi","Private","Aircraft manufacturing","County, NAICS 6-digit -- by ownership sector","All establishment sizes",2,0,0,0,0,0,0,0
"28087",5,"336411",78,0,2007,4,"N","Lowndes County, Mississippi","Private","Aircraft manufacturing","County, NAICS 6-digit -- by ownership sector","All establishment sizes",2,0,0,0,0,0,0,0
"28087",5,337,75,0,2007,1,"N","Lowndes County, Mississippi","Private","Furniture and related product manufacturing","County, NAICS 3-digit -- by ownership sector","All establishment sizes",8,0,0,0,0,0,0,0
"28087",5,"337",75,0,2007,2,"N","Lowndes County, Mississippi","Private","Furniture and related product manufacturing","County, NAICS 3-digit -- by ownership sector","All establishment sizes",8,0,0,0,0,0,0,0
"28087",5,"337",75,0,2007,3,"N","Lowndes County, Mississippi","Private","Furniture and related product manufacturing","County, NAICS 3-digit -- by ownership sector","All establishment sizes",7,0,0,0,0,0,0,0
"28087",5,"337",75,0,2007,4,"N","Lowndes County, Mississippi","Private","Furniture and related product manufacturing","County, NAICS 3-digit -- by ownership sector","All establishment sizes",7,0,0,0,0,0,0,0
"28087",5,3371,76,0,2007,1,"N","Lowndes County, Mississippi","Private","Household and institutional furniture mfg.","County, NAICS 4-digit -- by ownership sector","All establishment sizes",8,0,0,0,0,0,0,0
"28087",5,"3371",76,0,2007,2,"N","Lowndes County, Mississippi","Private","Household and institutional furniture mfg.","County, NAICS 4-digit -- by ownership sector","All establishment sizes",8,0,0,0,0,0,0,0
"28087",5,"3371",76,0,2007,3,"N","Lowndes County, Mississippi","Private","Household and institutional furniture mfg.","County, NAICS 4-digit -- by ownership sector","All establishment sizes",7,0,0,0,0,0,0,0
"28087",5,"3371",76,0,2007,4,"N","Lowndes County, Mississippi","Private","Household and institutional furniture mfg.","County, NAICS 4-digit -- by ownership sector","All establishment sizes",7,0,0,0,0,0,0,0
"28087",5,33711,77,0,2007,1,"","Lowndes County, Mississippi","Private","Wood kitchen cabinet and countertop mfg.","County, NAICS 5-digit -- by ownership sector","All establishment sizes",7,23,26,22,132304,104358,1744,430
"28087",5,"33711",77,0,2007,2,"","Lowndes County, Mississippi","Private","Wood kitchen cabinet and countertop mfg.","County, NAICS 5-digit -- by ownership sector","All establishment sizes",7,24,21,21,129978,40848,545,454
"28087",5,"33711",77,0,2007,3,"","Lowndes County, Mississippi","Private","Wood kitchen cabinet and countertop mfg.","County, NAICS 5-digit -- by ownership sector","All establishment sizes",6,24,23,22,126706,34603,630,424
"28087",5,"33711",77,0,2007,4,"","Lowndes County, Mississippi","Private","Wood kitchen cabinet and countertop mfg.","County, NAICS 5-digit -- by ownership sector","All establishment sizes",6,21,12,12,120148,19288,229,616
"28087",5,337110,78,0,2007,1,"","Lowndes County, Mississippi","Private","Wood kitchen cabinet and countertop mfg.","County, NAICS 6-digit -- by ownership sector","All establishment sizes",7,23,26,22,132304,104358,1744,430
"28087",5,"337110",78,0,2007,2,"","Lowndes County, Mississippi","Private","Wood kitchen cabinet and countertop mfg.","County, NAICS 6-digit -- by ownership sector","All establishment sizes",7,24,21,21,129978,40848,545,454
"28087",5,"337110",78,0,2007,3,"","Lowndes County, Mississippi","Private","Wood kitchen cabinet and countertop mfg.","County, NAICS 6-digit -- by ownership sector","All establishment sizes",6,24,23,22,126706,34603,630,424
"28087",5,"337110",78,0,2007,4,"","Lowndes County, Mississippi","Private","Wood kitchen cabinet and countertop mfg.","County, NAICS 6-digit -- by ownership sector","All establishment sizes",6,21,12,12,120148,19288,229,616
"28087",5,33712,77,0,2007,1,"N","Lowndes County, Mississippi","Private","Other household and institutional furniture","County, NAICS 5-digit -- by ownership sector","All establishment sizes",1,0,0,0,0,0,0,0
"28087",5,"33712",77,0,2007,2,"N","Lowndes County, Mississippi","Private","Other household and institutional furniture","County, NAICS 5-digit -- by ownership sector","All establishment sizes",1,0,0,0,0,0,0,0
"28087",5,"33712",77,0,2007,3,"N","Lowndes County, Mississippi","Private","Other household and institutional furniture","County, NAICS 5-digit -- by ownership sector","All establishment sizes",1,0,0,0,0,0,0,0
"28087",5,"33712",77,0,2007,4,"N","Lowndes County, Mississippi","Private","Other household and institutional furniture","County, NAICS 5-digit -- by ownership sector","All establishment sizes",1,0,0,0,0,0,0,0
"28087",5,337122,78,0,2007,1,"N","Lowndes County, Mississippi","Private","Nonupholstered wood household furniture mfg.","County, NAICS 6-digit -- by ownership sector","All establishment sizes",1,0,0,0,0,0,0,0
"28087",5,"337122",78,0,2007,2,"N","Lowndes County, Mississippi","Private","Nonupholstered wood household furniture mfg.","County, NAICS 6-digit -- by ownership sector","All establishment sizes",1,0,0,0,0,0,0,0
"28087",5,"337122",78,0,2007,3,"N","Lowndes County, Mississippi","Private","Nonupholstered wood household furniture mfg.","County, NAICS 6-digit -- by ownership sector","All establishment sizes",1,0,0,0,0,0,0,0
"28087",5,"337122",78,0,2007,4,"N","Lowndes County, Mississippi","Private","Nonupholstered wood household furniture mfg.","County, NAICS 6-digit -- by ownership sector","All establishment sizes",1,0,0,0,0,0,0,0
"28087",5,339,75,0,2007,1,"","Lowndes County, Mississippi","Private","Miscellaneous manufacturing","County, NAICS 3-digit -- by ownership sector","All establishment sizes",6,197,195,197,2109200,1218058,31320,826
"28087",5,"339",75,0,2007,2,"","Lowndes County, Mississippi","Private","Miscellaneous manufacturing","County, NAICS 3-digit -- by ownership sector","All establishment sizes",6,194,197,193,1740376,168189,3952,688
"28087",5,"339",75,0,2007,3,"","Lowndes County, Mississippi","Private","Miscellaneous manufacturing","County, NAICS 3-digit -- by ownership sector","All establishment sizes",6,197,195,194,1817712,66170,1622,716
"28087",5,"339",75,0,2007,4,"N","Lowndes County, Mississippi","Private","Miscellaneous manufacturing","County, NAICS 3-digit -- by ownership sector","All establishment sizes",7,0,0,0,0,0,0,0
"28087",5,3391,76,0,2007,1,"N","Lowndes County, Mississippi","Private","Medical equipment and supplies manufacturing","County, NAICS 4-digit -- by ownership sector","All establishment sizes",3,0,0,0,0,0,0,0
"28087",5,"3391",76,0,2007,2,"N","Lowndes County, Mississippi","Private","Medical equipment and supplies manufacturing","County, NAICS 4-digit -- by ownership sector","All establishment sizes",3,0,0,0,0,0,0,0
"28087",5,"3391",76,0,2007,3,"N","Lowndes County, Mississippi","Private","Medical equipment and supplies manufacturing","County, NAICS 4-digit -- by ownership sector","All establishment sizes",3,0,0,0,0,0,0,0
"28087",5,"3391",76,0,2007,4,"N","Lowndes County, Mississippi","Private","Medical equipment and supplies manufacturing","County, NAICS 4-digit -- by ownership sector","All establishment sizes",4,0,0,0,0,0,0,0
"28087",5,33911,77,0,2007,1,"N","Lowndes County, Mississippi","Private","Medical equipment and supplies manufacturing","County, NAICS 5-digit -- by ownership sector","All establishment sizes",3,0,0,0,0,0,0,0
"28087",5,"33911",77,0,2007,2,"N","Lowndes County, Mississippi","Private","Medical equipment and supplies manufacturing","County, NAICS 5-digit -- by ownership sector","All establishment sizes",3,0,0,0,0,0,0,0
"28087",5,"33911",77,0,2007,3,"N","Lowndes County, Mississippi","Private","Medical equipment and supplies manufacturing","County, NAICS 5-digit -- by ownership sector","All establishment sizes",3,0,0,0,0,0,0,0
"28087",5,"33911",77,0,2007,4,"N","Lowndes County, Mississippi","Private","Medical equipment and supplies manufacturing","County, NAICS 5-digit -- by ownership sector","All establishment sizes",4,0,0,0,0,0,0,0
"28087",5,339113,78,0,2007,1,"N","Lowndes County, Mississippi","Private","Surgical appliance and supplies manufacturing","County, NAICS 6-digit -- by ownership sector","All establishment sizes",3,0,0,0,0,0,0,0
"28087",5,"339113",78,0,2007,2,"N","Lowndes County, Mississippi","Private","Surgical appliance and supplies manufacturing","County, NAICS 6-digit -- by ownership sector","All establishment sizes",3,0,0,0,0,0,0,0
"28087",5,"339113",78,0,2007,3,"N","Lowndes County, Mississippi","Private","Surgical appliance and supplies manufacturing","County, NAICS 6-digit -- by ownership sector","All establishment sizes",3,0,0,0,0,0,0,0
"28087",5,"339113",78,0,2007,4,"N","Lowndes County, Mississippi","Private","Surgical appliance and supplies manufacturing","County, NAICS 6-digit -- by ownership sector","All establishment sizes",4,0,0,0,0,0,0,0
"28087",5,3399,76,0,2007,1,"N","Lowndes County, Mississippi","Private","Other miscellaneous manufacturing","County, NAICS 4-digit -- by ownership sector","All establishment sizes",3,0,0,0,0,0,0,0
"28087",5,"3399",76,0,2007,2,"N","Lowndes County, Mississippi","Private","Other miscellaneous manufacturing","County, NAICS 4-digit -- by ownership sector","All establishment sizes",3,0,0,0,0,0,0,0
"28087",5,"3399",76,0,2007,3,"N","Lowndes County, Mississippi","Private","Other miscellaneous manufacturing","County, NAICS 4-digit -- by ownership sector","All establishment sizes",3,0,0,0,0,0,0,0
"28087",5,"3399",76,0,2007,4,"N","Lowndes County, Mississippi","Private","Other miscellaneous manufacturing","County, NAICS 4-digit -- by ownership sector","All establishment sizes",3,0,0,0,0,0,0,0
"28087",5,33992,77,0,2007,1,"N","Lowndes County, Mississippi","Private","Sporting and athletic goods manufacturing","County, NAICS 5-digit -- by ownership sector","All establishment sizes",1,0,0,0,0,0,0,0
"28087",5,"33992",77,0,2007,2,"N","Lowndes County, Mississippi","Private","Sporting and athletic goods manufacturing","County, NAICS 5-digit -- by ownership sector","All establishment sizes",1,0,0,0,0,0,0,0
"28087",5,"33992",77,0,2007,3,"N","Lowndes County, Mississippi","Private","Sporting and athletic goods manufacturing","County, NAICS 5-digit -- by ownership sector","All establishment sizes",1,0,0,0,0,0,0,0
"28087",5,"33992",77,0,2007,4,"N","Lowndes County, Mississippi","Private","Sporting and athletic goods manufacturing","County, NAICS 5-digit -- by ownership sector","All establishment sizes",1,0,0,0,0,0,0,0
"28087",5,339920,78,0,2007,1,"N","Lowndes County, Mississippi","Private","Sporting and athletic goods manufacturing","County, NAICS 6-digit -- by ownership sector","All establishment sizes",1,0,0,0,0,0,0,0
"28087",5,"339920",78,0,2007,2,"N","Lowndes County, Mississippi","Private","Sporting and athletic goods manufacturing","County, NAICS 6-digit -- by ownership sector","All establishment sizes",1,0,0,0,0,0,0,0
"28087",5,"339920",78,0,2007,3,"N","Lowndes County, Mississippi","Private","Sporting and athletic goods manufacturing","County, NAICS 6-digit -- by ownership sector","All establishment sizes",1,0,0,0,0,0,0,0
"28087",5,"339920",78,0,2007,4,"N","Lowndes County, Mississippi","Private","Sporting and athletic goods manufacturing","County, NAICS 6-digit -- by ownership sector","All establishment sizes",1,0,0,0,0,0,0,0
"28087",5,33995,77,0,2007,1,"N","Lowndes County, Mississippi","Private","Sign manufacturing","County, NAICS 5-digit -- by ownership sector","All establishment sizes",1,0,0,0,0,0,0,0
"28087",5,"33995",77,0,2007,2,"N","Lowndes County, Mississippi","Private","Sign manufacturing","County, NAICS 5-digit -- by ownership sector","All establishment sizes",1,0,0,0,0,0,0,0
"28087",5,"33995",77,0,2007,3,"N","Lowndes County, Mississippi","Private","Sign manufacturing","County, NAICS 5-digit -- by ownership sector","All establishment sizes",1,0,0,0,0,0,0,0
"28087",5,"33995",77,0,2007,4,"N","Lowndes County, Mississippi","Private","Sign manufacturing","County, NAICS 5-digit -- by ownership sector","All establishment sizes",1,0,0,0,0,0,0,0
"28087",5,339950,78,0,2007,1,"N","Lowndes County, Mississippi","Private","Sign manufacturing","County, NAICS 6-digit -- by ownership sector","All establishment sizes",1,0,0,0,0,0,0,0
"28087",5,"339950",78,0,2007,2,"N","Lowndes County, Mississippi","Private","Sign manufacturing","County, NAICS 6-digit -- by ownership sector","All establishment sizes",1,0,0,0,0,0,0,0
"28087",5,"339950",78,0,2007,3,"N","Lowndes County, Mississippi","Private","Sign manufacturing","County, NAICS 6-digit -- by ownership sector","All establishment sizes",1,0,0,0,0,0,0,0
"28087",5,"339950",78,0,2007,4,"N","Lowndes County, Mississippi","Private","Sign manufacturing","County, NAICS 6-digit -- by ownership sector","All establishment sizes",1,0,0,0,0,0,0,0
"28087",5,33999,77,0,2007,1,"N","Lowndes County, Mississippi","Private","All other miscellaneous manufacturing","County, NAICS 5-digit -- by ownership sector","All establishment sizes",1,0,0,0,0,0,0,0
"28087",5,"33999",77,0,2007,2,"N","Lowndes County, Mississippi","Private","All other miscellaneous manufacturing","County, NAICS 5-digit -- by ownership sector","All establishment sizes",1,0,0,0,0,0,0,0
"28087",5,"33999",77,0,2007,3,"N","Lowndes County, Mississippi","Private","All other miscellaneous manufacturing","County, NAICS 5-digit -- by ownership sector","All establishment sizes",1,0,0,0,0,0,0,0
"28087",5,"33999",77,0,2007,4,"N","Lowndes County, Mississippi","Private","All other miscellaneous manufacturing","County, NAICS 5-digit -- by ownership sector","All establishment sizes",1,0,0,0,0,0,0,0
"28087",5,339994,78,0,2007,1,"N","Lowndes County, Mississippi","Private","Broom, brush, and mop manufacturing","County, NAICS 6-digit -- by ownership sector","All establishment sizes",1,0,0,0,0,0,0,0
"28087",5,"339994",78,0,2007,2,"N","Lowndes County, Mississippi","Private","Broom, brush, and mop manufacturing","County, NAICS 6-digit -- by ownership sector","All establishment sizes",1,0,0,0,0,0,0,0
"28087",5,"339994",78,0,2007,3,"N","Lowndes County, Mississippi","Private","Broom, brush, and mop manufacturing","County, NAICS 6-digit -- by ownership sector","All establishment sizes",1,0,0,0,0,0,0,0
"28087",5,"339994",78,0,2007,4,"N","Lowndes County, Mississippi","Private","Broom, brush, and mop manufacturing","County, NAICS 6-digit -- by ownership sector","All establishment sizes",1,0,0,0,0,0,0,0
"28087",5,42,74,0,2007,1,"","Lowndes County, Mississippi","Private","Wholesale trade","County, NAICS Sector -- by ownership sector","All establishment sizes",74,766,757,759,7892104,4585334,37698,798
"28087",5,"42",74,0,2007,2,"","Lowndes County, Mississippi","Private","Wholesale trade","County, NAICS Sector -- by ownership sector","All establishment sizes",75,787,792,796,7815270,900563,7975,759
"28087",5,"42",74,0,2007,3,"","Lowndes County, Mississippi","Private","Wholesale trade","County, NAICS Sector -- by ownership sector","All establishment sizes",76,792,785,777,7521577,430988,3714,737
"28087",5,"42",74,0,2007,4,"","Lowndes County, Mississippi","Private","Wholesale trade","County, NAICS Sector -- by ownership sector","All establishment sizes",77,764,759,769,8626276,373668,3647,869
"28087",5,423,75,0,2007,1,"","Lowndes County, Mississippi","Private","Merchant wholesalers, durable goods","County, NAICS 3-digit -- by ownership sector","All establishment sizes",42,434,434,440,4790060,2760748,23358,845
"28087",5,"423",75,0,2007,2,"","Lowndes County, Mississippi","Private","Merchant wholesalers, durable goods","County, NAICS 3-digit -- by ownership sector","All establishment sizes",43,464,467,466,4710583,459877,4133,778
"28087",5,"423",75,0,2007,3,"","Lowndes County, Mississippi","Private","Merchant wholesalers, durable goods","County, NAICS 3-digit -- by ownership sector","All establishment sizes",43,472,466,463,4870172,240637,2146,802
"28087",5,"423",75,0,2007,4,"","Lowndes County, Mississippi","Private","Merchant wholesalers, durable goods","County, NAICS 3-digit -- by ownership sector","All establishment sizes",44,447,447,447,5248953,183189,1849,903
"28087",5,4231,76,0,2007,1,"","Lowndes County, Mississippi","Private","Motor vehicle and parts merchant wholesalers","County, NAICS 4-digit -- by ownership sector","All establishment sizes",4,81,80,81,791903,542120,5503,755
"28087",5,"4231",76,0,2007,2,"","Lowndes County, Mississippi","Private","Motor vehicle and parts merchant wholesalers","County, NAICS 4-digit -- by ownership sector","All establishment sizes",4,81,81,80,770204,128214,1374,734
"28087",5,"4231",76,0,2007,3,"","Lowndes County, Mississippi","Private","Motor vehicle and parts merchant wholesalers","County, NAICS 4-digit -- by ownership sector","All establishment sizes",4,81,80,80,864613,50391,572,828
"28087",5,"4231",76,0,2007,4,"","Lowndes County, Mississippi","Private","Motor vehicle and parts merchant wholesalers","County, NAICS 4-digit -- by ownership sector","All establishment sizes",4,78,77,77,1111435,42832,445,1106
"28087",5,42311,77,0,2007,1,"N","Lowndes County, Mississippi","Private","Motor vehicle merchant wholesalers","County, NAICS 5-digit -- by ownership sector","All establishment sizes",2,0,0,0,0,0,0,0
"28087",5,"42311",77,0,2007,2,"N","Lowndes County, Mississippi","Private","Motor vehicle merchant wholesalers","County, NAICS 5-digit -- by ownership sector","All establishment sizes",2,0,0,0,0,0,0,0
"28087",5,"42311",77,0,2007,3,"N","Lowndes County, Mississippi","Private","Motor vehicle merchant wholesalers","County, NAICS 5-digit -- by ownership sector","All establishment sizes",2,0,0,0,0,0,0,0
"28087",5,"42311",77,0,2007,4,"N","Lowndes County, Mississippi","Private","Motor vehicle merchant wholesalers","County, NAICS 5-digit -- by ownership sector","All establishment sizes",2,0,0,0,0,0,0,0
"28087",5,423110,78,0,2007,1,"N","Lowndes County, Mississippi","Private","Motor vehicle merchant wholesalers","County, NAICS 6-digit -- by ownership sector","All establishment sizes",2,0,0,0,0,0,0,0
"28087",5,"423110",78,0,2007,2,"N","Lowndes County, Mississippi","Private","Motor vehicle merchant wholesalers","County, NAICS 6-digit -- by ownership sector","All establishment sizes",2,0,0,0,0,0,0,0
"28087",5,"423110",78,0,2007,3,"N","Lowndes County, Mississippi","Private","Motor vehicle merchant wholesalers","County, NAICS 6-digit -- by ownership sector","All establishment sizes",2,0,0,0,0,0,0,0
"28087",5,"423110",78,0,2007,4,"N","Lowndes County, Mississippi","Private","Motor vehicle merchant wholesalers","County, NAICS 6-digit -- by ownership sector","All establishment sizes",2,0,0,0,0,0,0,0
"28087",5,42312,77,0,2007,1,"N","Lowndes County, Mississippi","Private","New motor vehicle parts merchant wholesalers","County, NAICS 5-digit -- by ownership sector","All establishment sizes",1,0,0,0,0,0,0,0
"28087",5,"42312",77,0,2007,2,"N","Lowndes County, Mississippi","Private","New motor vehicle parts merchant wholesalers","County, NAICS 5-digit -- by ownership sector","All establishment sizes",1,0,0,0,0,0,0,0
"28087",5,"42312",77,0,2007,3,"N","Lowndes County, Mississippi","Private","New motor vehicle parts merchant wholesalers","County, NAICS 5-digit -- by ownership sector","All establishment sizes",1,0,0,0,0,0,0,0
"28087",5,"42312",77,0,2007,4,"N","Lowndes County, Mississippi","Private","New motor vehicle parts merchant wholesalers","County, NAICS 5-digit -- by ownership sector","All establishment sizes",1,0,0,0,0,0,0,0
"28087",5,423120,78,0,2007,1,"N","Lowndes County, Mississippi","Private","New motor vehicle parts merchant wholesalers","County, NAICS 6-digit -- by ownership sector","All establishment sizes",1,0,0,0,0,0,0,0
"28087",5,"423120",78,0,2007,2,"N","Lowndes County, Mississippi","Private","New motor vehicle parts merchant wholesalers","County, NAICS 6-digit -- by ownership sector","All establishment sizes",1,0,0,0,0,0,0,0
"28087",5,"423120",78,0,2007,3,"N","Lowndes County, Mississippi","Private","New motor vehicle parts merchant wholesalers","County, NAICS 6-digit -- by ownership sector","All establishment sizes",1,0,0,0,0,0,0,0
"28087",5,"423120",78,0,2007,4,"N","Lowndes County, Mississippi","Private","New motor vehicle parts merchant wholesalers","County, NAICS 6-digit -- by ownership sector","All establishment sizes",1,0,0,0,0,0,0,0
"28087",5,42313,77,0,2007,1,"N","Lowndes County, Mississippi","Private","Tire and tube merchant wholesalers","County, NAICS 5-digit -- by ownership sector","All establishment sizes",1,0,0,0,0,0,0,0
"28087",5,"42313",77,0,2007,2,"N","Lowndes County, Mississippi","Private","Tire and tube merchant wholesalers","County, NAICS 5-digit -- by ownership sector","All establishment sizes",1,0,0,0,0,0,0,0
"28087",5,"42313",77,0,2007,3,"N","Lowndes County, Mississippi","Private","Tire and tube merchant wholesalers","County, NAICS 5-digit -- by ownership sector","All establishment sizes",1,0,0,0,0,0,0,0
"28087",5,"42313",77,0,2007,4,"N","Lowndes County, Mississippi","Private","Tire and tube merchant wholesalers","County, NAICS 5-digit -- by ownership sector","All establishment sizes",1,0,0,0,0,0,0,0
"28087",5,423130,78,0,2007,1,"N","Lowndes County, Mississippi","Private","Tire and tube merchant wholesalers","County, NAICS 6-digit -- by ownership sector","All establishment sizes",1,0,0,0,0,0,0,0
"28087",5,"423130",78,0,2007,2,"N","Lowndes County, Mississippi","Private","Tire and tube merchant wholesalers","County, NAICS 6-digit -- by ownership sector","All establishment sizes",1,0,0,0,0,0,0,0
"28087",5,"423130",78,0,2007,3,"N","Lowndes County, Mississippi","Private","Tire and tube merchant wholesalers","County, NAICS 6-digit -- by ownership sector","All establishment sizes",1,0,0,0,0,0,0,0
"28087",5,"423130",78,0,2007,4,"N","Lowndes County, Mississippi","Private","Tire and tube merchant wholesalers","County, NAICS 6-digit -- by ownership sector","All establishment sizes",1,0,0,0,0,0,0,0
"28087",5,4232,76,0,2007,1,"","Lowndes County, Mississippi","Private","Furniture and furnishing merchant wholesalers","County, NAICS 4-digit -- by ownership sector","All establishment sizes",3,16,15,16,253474,93158,424,1245
"28087",5,"4232",76,0,2007,2,"","Lowndes County, Mississippi","Private","Furniture and furnishing merchant wholesalers","County, NAICS 4-digit -- by ownership sector","All establishment sizes",5,35,32,30,339110,41601,702,807
"28087",5,"4232",76,0,2007,3,"","Lowndes County, Mississippi","Private","Furniture and furnishing merchant wholesalers","County, NAICS 4-digit -- by ownership sector","All establishment sizes",5,29,28,27,241486,15109,341,663
"28087",5,"4232",76,0,2007,4,"","Lowndes County, Mississippi","Private","Furniture and furnishing merchant wholesalers","County, NAICS 4-digit -- by ownership sector","All establishment sizes",5,27,29,30,245120,17720,399,658
"28087",5,42321,77,0,2007,1,"","Lowndes County, Mississippi","Private","Furniture merchant wholesalers","County, NAICS 5-digit -- by ownership sector","All establishment sizes",3,16,15,16,253474,93158,424,1245
"28087",5,"42321",77,0,2007,2,"","Lowndes County, Mississippi","Private","Furniture merchant wholesalers","County, NAICS 5-digit -- by ownership sector","All establishment sizes",5,35,32,30,339110,41601,702,807
"28087",5,"42321",77,0,2007,3,"","Lowndes County, Mississippi","Private","Furniture merchant wholesalers","County, NAICS 5-digit -- by ownership sector","All establishment sizes",5,29,28,27,241486,15109,341,663
"28087",5,"42321",77,0,2007,4,"","Lowndes County, Mississippi","Private","Furniture merchant wholesalers","County, NAICS 5-digit -- by ownership sector","All establishment sizes",5,27,29,30,245120,17720,399,658
"28087",5,423210,78,0,2007,1,"","Lowndes County, Mississippi","Private","Furniture merchant wholesalers","County, NAICS 6-digit -- by ownership sector","All establishment sizes",3,16,15,16,253474,93158,424,1245
"28087",5,"423210",78,0,2007,2,"","Lowndes County, Mississippi","Private","Furniture merchant wholesalers","County, NAICS 6-digit -- by ownership sector","All establishment sizes",5,35,32,30,339110,41601,702,807
"28087",5,"423210",78,0,2007,3,"","Lowndes County, Mississippi","Private","Furniture merchant wholesalers","County, NAICS 6-digit -- by ownership sector","All establishment sizes",5,29,28,27,241486,15109,341,663
"28087",5,"423210",78,0,2007,4,"","Lowndes County, Mississippi","Private","Furniture merchant wholesalers","County, NAICS 6-digit -- by ownership sector","All establishment sizes",5,27,29,30,245120,17720,399,658
"28087",5,4233,76,0,2007,1,"N","Lowndes County, Mississippi","Private","Lumber and const. supply merchant wholesalers","County, NAICS 4-digit -- by ownership sector","All establishment sizes",1,0,0,0,0,0,0,0
"28087",5,"4233",76,0,2007,2,"N","Lowndes County, Mississippi","Private","Lumber and const. supply merchant wholesalers","County, NAICS 4-digit -- by ownership sector","All establishment sizes",1,0,0,0,0,0,0,0
"28087",5,"4233",76,0,2007,3,"N","Lowndes County, Mississippi","Private","Lumber and const. supply merchant wholesalers","County, NAICS 4-digit -- by ownership sector","All establishment sizes",1,0,0,0,0,0,0,0
"28087",5,"4233",76,0,2007,4,"N","Lowndes County, Mississippi","Private","Lumber and const. supply merchant wholesalers","County, NAICS 4-digit -- by ownership sector","All establishment sizes",1,0,0,0,0,0,0,0
"28087",5,42331,77,0,2007,1,"N","Lowndes County, Mississippi","Private","Lumber and wood merchant wholesalers","County, NAICS 5-digit -- by ownership sector","All establishment sizes",1,0,0,0,0,0,0,0
"28087",5,"42331",77,0,2007,2,"N","Lowndes County, Mississippi","Private","Lumber and wood merchant wholesalers","County, NAICS 5-digit -- by ownership sector","All establishment sizes",1,0,0,0,0,0,0,0
"28087",5,"42331",77,0,2007,3,"N","Lowndes County, Mississippi","Private","Lumber and wood merchant wholesalers","County, NAICS 5-digit -- by ownership sector","All establishment sizes",1,0,0,0,0,0,0,0
"28087",5,"42331",77,0,2007,4,"N","Lowndes County, Mississippi","Private","Lumber and wood merchant wholesalers","County, NAICS 5-digit -- by ownership sector","All establishment sizes",1,0,0,0,0,0,0,0
"28087",5,423310,78,0,2007,1,"N","Lowndes County, Mississippi","Private","Lumber and wood merchant wholesalers","County, NAICS 6-digit -- by ownership sector","All establishment sizes",1,0,0,0,0,0,0,0
"28087",5,"423310",78,0,2007,2,"N","Lowndes County, Mississippi","Private","Lumber and wood merchant wholesalers","County, NAICS 6-digit -- by ownership sector","All establishment sizes",1,0,0,0,0,0,0,0
"28087",5,"423310",78,0,2007,3,"N","Lowndes County, Mississippi","Private","Lumber and wood merchant wholesalers","County, NAICS 6-digit -- by ownership sector","All establishment sizes",1,0,0,0,0,0,0,0
"28087",5,"423310",78,0,2007,4,"N","Lowndes County, Mississippi","Private","Lumber and wood merchant wholesalers","County, NAICS 6-digit -- by ownership sector","All establishment sizes",1,0,0,0,0,0,0,0
"28087",5,4234,76,0,2007,1,"N","Lowndes County, Mississippi","Private","Commercial equip. merchant wholesalers","County, NAICS 4-digit -- by ownership sector","All establishment sizes",1,0,0,0,0,0,0,0
"28087",5,"4234",76,0,2007,2,"N","Lowndes County, Mississippi","Private","Commercial equip. merchant wholesalers","County, NAICS 4-digit -- by ownership sector","All establishment sizes",1,0,0,0,0,0,0,0
"28087",5,"4234",76,0,2007,3,"N","Lowndes County, Mississippi","Private","Commercial equip. merchant wholesalers","County, NAICS 4-digit -- by ownership sector","All establishment sizes",1,0,0,0,0,0,0,0
"28087",5,"4234",76,0,2007,4,"N","Lowndes County, Mississippi","Private","Commercial equip. merchant wholesalers","County, NAICS 4-digit -- by ownership sector","All establishment sizes",1,0,0,0,0,0,0,0
"28087",5,42345,77,0,2007,1,"N","Lowndes County, Mississippi","Private","Medical equipment merchant wholesalers","County, NAICS 5-digit -- by ownership sector","All establishment sizes",1,0,0,0,0,0,0,0
"28087",5,"42345",77,0,2007,2,"N","Lowndes County, Mississippi","Private","Medical equipment merchant wholesalers","County, NAICS 5-digit -- by ownership sector","All establishment sizes",1,0,0,0,0,0,0,0
"28087",5,"42345",77,0,2007,3,"N","Lowndes County, Mississippi","Private","Medical equipment merchant wholesalers","County, NAICS 5-digit -- by ownership sector","All establishment sizes",1,0,0,0,0,0,0,0
"28087",5,"42345",77,0,2007,4,"N","Lowndes County, Mississippi","Private","Medical equipment merchant wholesalers","County, NAICS 5-digit -- by ownership sector","All establishment sizes",1,0,0,0,0,0,0,0
"28087",5,423450,78,0,2007,1,"N","Lowndes County, Mississippi","Private","Medical equipment merchant wholesalers","County, NAICS 6-digit -- by ownership sector","All establishment sizes",1,0,0,0,0,0,0,0
"28087",5,"423450",78,0,2007,2,"N","Lowndes County, Mississippi","Private","Medical equipment merchant wholesalers","County, NAICS 6-digit -- by ownership sector","All establishment sizes",1,0,0,0,0,0,0,0
"28087",5,"423450",78,0,2007,3,"N","Lowndes County, Mississippi","Private","Medical equipment merchant wholesalers","County, NAICS 6-digit -- by ownership sector","All establishment sizes",1,0,0,0,0,0,0,0
"28087",5,"423450",78,0,2007,4,"N","Lowndes County, Mississippi","Private","Medical equipment merchant wholesalers","County, NAICS 6-digit -- by ownership sector","All establishment sizes",1,0,0,0,0,0,0,0
"28087",5,4235,76,0,2007,1,"N","Lowndes County, Mississippi","Private","Metal and mineral merchant wholesalers","County, NAICS 4-digit -- by ownership sector","All establishment sizes",1,0,0,0,0,0,0,0
"28087",5,"4235",76,0,2007,2,"N","Lowndes County, Mississippi","Private","Metal and mineral merchant wholesalers","County, NAICS 4-digit -- by ownership sector","All establishment sizes",1,0,0,0,0,0,0,0
"28087",5,"4235",76,0,2007,3,"N","Lowndes County, Mississippi","Private","Metal and mineral merchant wholesalers","County, NAICS 4-digit -- by ownership sector","All establishment sizes",1,0,0,0,0,0,0,0
"28087",5,"4235",76,0,2007,4,"N","Lowndes County, Mississippi","Private","Metal and mineral merchant wholesalers","County, NAICS 4-digit -- by ownership sector","All establishment sizes",1,0,0,0,0,0,0,0
"28087",5,42351,77,0,2007,1,"N","Lowndes County, Mississippi","Private","Metal merchant wholesalers","County, NAICS 5-digit -- by ownership sector","All establishment sizes",1,0,0,0,0,0,0,0
"28087",5,"42351",77,0,2007,2,"N","Lowndes County, Mississippi","Private","Metal merchant wholesalers","County, NAICS 5-digit -- by ownership sector","All establishment sizes",1,0,0,0,0,0,0,0
"28087",5,"42351",77,0,2007,3,"N","Lowndes County, Mississippi","Private","Metal merchant wholesalers","County, NAICS 5-digit -- by ownership sector","All establishment sizes",1,0,0,0,0,0,0,0
"28087",5,"42351",77,0,2007,4,"N","Lowndes County, Mississippi","Private","Metal merchant wholesalers","County, NAICS 5-digit -- by ownership sector","All establishment sizes",1,0,0,0,0,0,0,0
"28087",5,423510,78,0,2007,1,"N","Lowndes County, Mississippi","Private","Metal merchant wholesalers","County, NAICS 6-digit -- by ownership sector","All establishment sizes",1,0,0,0,0,0,0,0
"28087",5,"423510",78,0,2007,2,"N","Lowndes County, Mississippi","Private","Metal merchant wholesalers","County, NAICS 6-digit -- by ownership sector","All establishment sizes",1,0,0,0,0,0,0,0
"28087",5,"423510",78,0,2007,3,"N","Lowndes County, Mississippi","Private","Metal merchant wholesalers","County, NAICS 6-digit -- by ownership sector","All establishment sizes",1,0,0,0,0,0,0,0
"28087",5,"423510",78,0,2007,4,"N","Lowndes County, Mississippi","Private","Metal merchant wholesalers","County, NAICS 6-digit -- by ownership sector","All establishment sizes",1,0,0,0,0,0,0,0
"28087",5,4236,76,0,2007,1,"","Lowndes County, Mississippi","Private","Electric goods merchant wholesalers","County, NAICS 4-digit -- by ownership sector","All establishment sizes",6,56,56,56,685846,349352,2981,942
"28087",5,"4236",76,0,2007,2,"","Lowndes County, Mississippi","Private","Electric goods merchant wholesalers","County, NAICS 4-digit -- by ownership sector","All establishment sizes",6,55,55,55,585618,48176,378,819
"28087",5,"4236",76,0,2007,3,"","Lowndes County, Mississippi","Private","Electric goods merchant wholesalers","County, NAICS 4-digit -- by ownership sector","All establishment sizes",6,55,55,55,574158,5867,52,803
"28087",5,"4236",76,0,2007,4,"","Lowndes County, Mississippi","Private","Electric goods merchant wholesalers","County, NAICS 4-digit -- by ownership sector","All establishment sizes",6,52,51,51,687705,3081,25,1031
"28087",5,42361,77,0,2007,1,"N","Lowndes County, Mississippi","Private","Elec. equip. and wiring merchant wholesalers","County, NAICS 5-digit -- by ownership sector","All establishment sizes",4,0,0,0,0,0,0,0
"28087",5,"42361",77,0,2007,2,"N","Lowndes County, Mississippi","Private","Elec. equip. and wiring merchant wholesalers","County, NAICS 5-digit -- by ownership sector","All establishment sizes",4,0,0,0,0,0,0,0
"28087",5,"42361",77,0,2007,3,"N","Lowndes County, Mississippi","Private","Elec. equip. and wiring merchant wholesalers","County, NAICS 5-digit -- by ownership sector","All establishment sizes",4,0,0,0,0,0,0,0
"28087",5,"42361",77,0,2007,4,"N","Lowndes County, Mississippi","Private","Elec. equip. and wiring merchant wholesalers","County, NAICS 5-digit -- by ownership sector","All establishment sizes",4,0,0,0,0,0,0,0
"28087",5,423610,78,0,2007,1,"N","Lowndes County, Mississippi","Private","Elec. equip. and wiring merchant wholesalers","County, NAICS 6-digit -- by ownership sector","All establishment sizes",4,0,0,0,0,0,0,0
"28087",5,"423610",78,0,2007,2,"N","Lowndes County, Mississippi","Private","Elec. equip. and wiring merchant wholesalers","County, NAICS 6-digit -- by ownership sector","All establishment sizes",4,0,0,0,0,0,0,0
"28087",5,"423610",78,0,2007,3,"N","Lowndes County, Mississippi","Private","Elec. equip. and wiring merchant wholesalers","County, NAICS 6-digit -- by ownership sector","All establishment sizes",4,0,0,0,0,0,0,0
"28087",5,"423610",78,0,2007,4,"N","Lowndes County, Mississippi","Private","Elec. equip. and wiring merchant wholesalers","County, NAICS 6-digit -- by ownership sector","All establishment sizes",4,0,0,0,0,0,0,0
"28087",5,42369,77,0,2007,1,"N","Lowndes County, Mississippi","Private","Other electronic parts merchant wholesalers","County, NAICS 5-digit -- by ownership sector","All establishment sizes",2,0,0,0,0,0,0,0
"28087",5,"42369",77,0,2007,2,"N","Lowndes County, Mississippi","Private","Other electronic parts merchant wholesalers","County, NAICS 5-digit -- by ownership sector","All establishment sizes",2,0,0,0,0,0,0,0
"28087",5,"42369",77,0,2007,3,"N","Lowndes County, Mississippi","Private","Other electronic parts merchant wholesalers","County, NAICS 5-digit -- by ownership sector","All establishment sizes",2,0,0,0,0,0,0,0
"28087",5,"42369",77,0,2007,4,"N","Lowndes County, Mississippi","Private","Other electronic parts merchant wholesalers","County, NAICS 5-digit -- by ownership sector","All establishment sizes",2,0,0,0,0,0,0,0
"28087",5,423690,78,0,2007,1,"N","Lowndes County, Mississippi","Private","Other electronic parts merchant wholesalers","County, NAICS 6-digit -- by ownership sector","All establishment sizes",2,0,0,0,0,0,0,0
"28087",5,"423690",78,0,2007,2,"N","Lowndes County, Mississippi","Private","Other electronic parts merchant wholesalers","County, NAICS 6-digit -- by ownership sector","All establishment sizes",2,0,0,0,0,0,0,0
"28087",5,"423690",78,0,2007,3,"N","Lowndes County, Mississippi","Private","Other electronic parts merchant wholesalers","County, NAICS 6-digit -- by ownership sector","All establishment sizes",2,0,0,0,0,0,0,0
"28087",5,"423690",78,0,2007,4,"N","Lowndes County, Mississippi","Private","Other electronic parts merchant wholesalers","County, NAICS 6-digit -- by ownership sector","All establishment sizes",2,0,0,0,0,0,0,0
"28087",5,4237,76,0,2007,1,"","Lowndes County, Mississippi","Private","Hardware and plumbing merchant wholesalers","County, NAICS 4-digit -- by ownership sector","All establishment sizes",3,18,21,22,305515,117865,1267,1156
"28087",5,"4237",76,0,2007,2,"","Lowndes County, Mississippi","Private","Hardware and plumbing merchant wholesalers","County, NAICS 4-digit -- by ownership sector","All establishment sizes",3,21,21,21,178884,13359,163,655
"28087",5,"4237",76,0,2007,3,"","Lowndes County, Mississippi","Private","Hardware and plumbing merchant wholesalers","County, NAICS 4-digit -- by ownership sector","All establishment sizes",3,21,20,20,273095,13988,133,1033
"28087",5,"4237",76,0,2007,4,"","Lowndes County, Mississippi","Private","Hardware and plumbing merchant wholesalers","County, NAICS 4-digit -- by ownership sector","All establishment sizes",3,19,19,19,250993,4671,65,1016
"28087",5,42372,77,0,2007,1,"N","Lowndes County, Mississippi","Private","Plumbing equip. merchant wholesalers","County, NAICS 5-digit -- by ownership sector","All establishment sizes",2,0,0,0,0,0,0,0
"28087",5,"42372",77,0,2007,2,"N","Lowndes County, Mississippi","Private","Plumbing equip. merchant wholesalers","County, NAICS 5-digit -- by ownership sector","All establishment sizes",2,0,0,0,0,0,0,0
"28087",5,"42372",77,0,2007,3,"N","Lowndes County, Mississippi","Private","Plumbing equip. merchant wholesalers","County, NAICS 5-digit -- by ownership sector","All establishment sizes",2,0,0,0,0,0,0,0
"28087",5,"42372",77,0,2007,4,"N","Lowndes County, Mississippi","Private","Plumbing equip. merchant wholesalers","County, NAICS 5-digit -- by ownership sector","All establishment sizes",2,0,0,0,0,0,0,0
"28087",5,423720,78,0,2007,1,"N","Lowndes County, Mississippi","Private","Plumbing equip. merchant wholesalers","County, NAICS 6-digit -- by ownership sector","All establishment sizes",2,0,0,0,0,0,0,0
"28087",5,"423720",78,0,2007,2,"N","Lowndes County, Mississippi","Private","Plumbing equip. merchant wholesalers","County, NAICS 6-digit -- by ownership sector","All establishment sizes",2,0,0,0,0,0,0,0
"28087",5,"423720",78,0,2007,3,"N","Lowndes County, Mississippi","Private","Plumbing equip. merchant wholesalers","County, NAICS 6-digit -- by ownership sector","All establishment sizes",2,0,0,0,0,0,0,0
"28087",5,"423720",78,0,2007,4,"N","Lowndes County, Mississippi","Private","Plumbing equip. merchant wholesalers","County, NAICS 6-digit -- by ownership sector","All establishment sizes",2,0,0,0,0,0,0,0
"28087",5,42374,77,0,2007,1,"N","Lowndes County, Mississippi","Private","Refrigeration equip. merchant wholesalers","County, NAICS 5-digit -- by ownership sector","All establishment sizes",1,0,0,0,0,0,0,0
"28087",5,"42374",77,0,2007,2,"N","Lowndes County, Mississippi","Private","Refrigeration equip. merchant wholesalers","County, NAICS 5-digit -- by ownership sector","All establishment sizes",1,0,0,0,0,0,0,0
"28087",5,"42374",77,0,2007,3,"N","Lowndes County, Mississippi","Private","Refrigeration equip. merchant wholesalers","County, NAICS 5-digit -- by ownership sector","All establishment sizes",1,0,0,0,0,0,0,0
"28087",5,"42374",77,0,2007,4,"N","Lowndes County, Mississippi","Private","Refrigeration equip. merchant wholesalers","County, NAICS 5-digit -- by ownership sector","All establishment sizes",1,0,0,0,0,0,0,0
"28087",5,423740,78,0,2007,1,"N","Lowndes County, Mississippi","Private","Refrigeration equip. merchant wholesalers","County, NAICS 6-digit -- by ownership sector","All establishment sizes",1,0,0,0,0,0,0,0
"28087",5,"423740",78,0,2007,2,"N","Lowndes County, Mississippi","Private","Refrigeration equip. merchant wholesalers","County, NAICS 6-digit -- by ownership sector","All establishment sizes",1,0,0,0,0,0,0,0
"28087",5,"423740",78,0,2007,3,"N","Lowndes County, Mississippi","Private","Refrigeration equip. merchant wholesalers","County, NAICS 6-digit -- by ownership sector","All establishment sizes",1,0,0,0,0,0,0,0
"28087",5,"423740",78,0,2007,4,"N","Lowndes County, Mississippi","Private","Refrigeration equip. merchant wholesalers","County, NAICS 6-digit -- by ownership sector","All establishment sizes",1,0,0,0,0,0,0,0
"28087",5,4238,76,0,2007,1,"","Lowndes County, Mississippi","Private","Machinery and supply merchant wholesalers","County, NAICS 4-digit -- by ownership sector","All establishment sizes",19,184,184,188,2060407,1224362,11435,855
"28087",5,"4238",76,0,2007,2,"","Lowndes County, Mississippi","Private","Machinery and supply merchant wholesalers","County, NAICS 4-digit -- by ownership sector","All establishment sizes",18,193,197,199,2152867,150938,1195,843
"28087",5,"4238",76,0,2007,3,"","Lowndes County, Mississippi","Private","Machinery and supply merchant wholesalers","County, NAICS 4-digit -- by ownership sector","All establishment sizes",18,204,203,204,2256292,114191,879,852
"28087",5,"4238",76,0,2007,4,"","Lowndes County, Mississippi","Private","Machinery and supply merchant wholesalers","County, NAICS 4-digit -- by ownership sector","All establishment sizes",18,198,196,193,2225916,64299,571,875
"28087",5,42381,77,0,2007,1,"","Lowndes County, Mississippi","Private","Construction equipment merchant wholesalers","County, NAICS 5-digit -- by ownership sector","All establishment sizes",3,48,49,48,645438,341903,3287,1027
"28087",5,"42381",77,0,2007,2,"","Lowndes County, Mississippi","Private","Construction equipment merchant wholesalers","County, NAICS 5-digit -- by ownership sector","All establishment sizes",3,50,52,50,574523,21072,228,872
"28087",5,"42381",77,0,2007,3,"","Lowndes County, Mississippi","Private","Construction equipment merchant wholesalers","County, NAICS 5-digit -- by ownership sector","All establishment sizes",3,53,55,55,661568,13385,206,937
"28087",5,"42381",77,0,2007,4,"","Lowndes County, Mississippi","Private","Construction equipment merchant wholesalers","County, NAICS 5-digit -- by ownership sector","All establishment sizes",3,46,45,45,513575,11420,159,871
"28087",5,423810,78,0,2007,1,"","Lowndes County, Mississippi","Private","Construction equipment merchant wholesalers","County, NAICS 6-digit -- by ownership sector","All establishment sizes",3,48,49,48,645438,341903,3287,1027
"28087",5,"423810",78,0,2007,2,"","Lowndes County, Mississippi","Private","Construction equipment merchant wholesalers","County, NAICS 6-digit -- by ownership sector","All establishment sizes",3,50,52,50,574523,21072,228,872
"28087",5,"423810",78,0,2007,3,"","Lowndes County, Mississippi","Private","Construction equipment merchant wholesalers","County, NAICS 6-digit -- by ownership sector","All establishment sizes",3,53,55,55,661568,13385,206,937
"28087",5,"423810",78,0,2007,4,"","Lowndes County, Mississippi","Private","Construction equipment merchant wholesalers","County, NAICS 6-digit -- by ownership sector","All establishment sizes",3,46,45,45,513575,11420,159,871
"28087",5,42382,77,0,2007,1,"N","Lowndes County, Mississippi","Private","Farm and garden equip. merchant wholesalers","County, NAICS 5-digit -- by ownership sector","All establishment sizes",4,0,0,0,0,0,0,0
"28087",5,"42382",77,0,2007,2,"N","Lowndes County, Mississippi","Private","Farm and garden equip. merchant wholesalers","County, NAICS 5-digit -- by ownership sector","All establishment sizes",3,0,0,0,0,0,0,0
"28087",5,"42382",77,0,2007,3,"N","Lowndes County, Mississippi","Private","Farm and garden equip. merchant wholesalers","County, NAICS 5-digit -- by ownership sector","All establishment sizes",3,0,0,0,0,0,0,0
"28087",5,"42382",77,0,2007,4,"N","Lowndes County, Mississippi","Private","Farm and garden equip. merchant wholesalers","County, NAICS 5-digit -- by ownership sector","All establishment sizes",3,0,0,0,0,0,0,0
"28087",5,423820,78,0,2007,1,"N","Lowndes County, Mississippi","Private","Farm and garden equip. merchant wholesalers","County, NAICS 6-digit -- by ownership sector","All establishment sizes",4,0,0,0,0,0,0,0
"28087",5,"423820",78,0,2007,2,"N","Lowndes County, Mississippi","Private","Farm and garden equip. merchant wholesalers","County, NAICS 6-digit -- by ownership sector","All establishment sizes",3,0,0,0,0,0,0,0
"28087",5,"423820",78,0,2007,3,"N","Lowndes County, Mississippi","Private","Farm and garden equip. merchant wholesalers","County, NAICS 6-digit -- by ownership sector","All establishment sizes",3,0,0,0,0,0,0,0
"28087",5,"423820",78,0,2007,4,"N","Lowndes County, Mississippi","Private","Farm and garden equip. merchant wholesalers","County, NAICS 6-digit -- by ownership sector","All establishment sizes",3,0,0,0,0,0,0,0
"28087",5,42383,77,0,2007,1,"","Lowndes County, Mississippi","Private","Industrial machinery merchant wholesalers","County, NAICS 5-digit -- by ownership sector","All establishment sizes",5,41,41,42,391998,266558,2927,730
"28087",5,"42383",77,0,2007,2,"","Lowndes County, Mississippi","Private","Industrial machinery merchant wholesalers","County, NAICS 5-digit -- by ownership sector","All establishment sizes",5,42,43,43,469923,36763,296,847
"28087",5,"42383",77,0,2007,3,"","Lowndes County, Mississippi","Private","Industrial machinery merchant wholesalers","County, NAICS 5-digit -- by ownership sector","All establishment sizes",5,47,47,48,501087,50428,248,814
"28087",5,"42383",77,0,2007,4,"","Lowndes County, Mississippi","Private","Industrial machinery merchant wholesalers","County, NAICS 5-digit -- by ownership sector","All establishment sizes",5,48,47,47,558736,8245,85,908
"28087",5,423830,78,0,2007,1,"","Lowndes County, Mississippi","Private","Industrial machinery merchant wholesalers","County, NAICS 6-digit -- by ownership sector","All establishment sizes",5,41,41,42,391998,266558,2927,730
"28087",5,"423830",78,0,2007,2,"","Lowndes County, Mississippi","Private","Industrial machinery merchant wholesalers","County, NAICS 6-digit -- by ownership sector","All establishment sizes",5,42,43,43,469923,36763,296,847
"28087",5,"423830",78,0,2007,3,"","Lowndes County, Mississippi","Private","Industrial machinery merchant wholesalers","County, NAICS 6-digit -- by ownership sector","All establishment sizes",5,47,47,48,501087,50428,248,814
"28087",5,"423830",78,0,2007,4,"","Lowndes County, Mississippi","Private","Industrial machinery merchant wholesalers","County, NAICS 6-digit -- by ownership sector","All establishment sizes",5,48,47,47,558736,8245,85,908
"28087",5,42384,77,0,2007,1,"","Lowndes County, Mississippi","Private","Industrial supplies merchant wholesalers","County, NAICS 5-digit -- by ownership sector","All establishment sizes",6,53,52,54,689705,376490,4262,1001
"28087",5,"42384",77,0,2007,2,"","Lowndes County, Mississippi","Private","Industrial supplies merchant wholesalers","County, NAICS 5-digit -- by ownership sector","All establishment sizes",6,54,55,57,708720,41939,466,985
"28087",5,"42384",77,0,2007,3,"","Lowndes County, Mississippi","Private","Industrial supplies merchant wholesalers","County, NAICS 5-digit -- by ownership sector","All establishment sizes",6,54,54,51,704418,30114,344,1022
"28087",5,"42384",77,0,2007,4,"","Lowndes County, Mississippi","Private","Industrial supplies merchant wholesalers","County, NAICS 5-digit -- by ownership sector","All establishment sizes",6,55,56,52,639196,20188,230,905
"28087",5,423840,78,0,2007,1,"","Lowndes County, Mississippi","Private","Industrial supplies merchant wholesalers","County, NAICS 6-digit -- by ownership sector","All establishment sizes",6,53,52,54,689705,376490,4262,1001
"28087",5,"423840",78,0,2007,2,"","Lowndes County, Mississippi","Private","Industrial supplies merchant wholesalers","County, NAICS 6-digit -- by ownership sector","All establishment sizes",6,54,55,57,708720,41939,466,985
"28087",5,"423840",78,0,2007,3,"","Lowndes County, Mississippi","Private","Industrial supplies merchant wholesalers","County, NAICS 6-digit -- by ownership sector","All establishment sizes",6,54,54,51,704418,30114,344,1022
"28087",5,"423840",78,0,2007,4,"","Lowndes County, Mississippi","Private","Industrial supplies merchant wholesalers","County, NAICS 6-digit -- by ownership sector","All establishment sizes",6,55,56,52,639196,20188,230,905
"28087",5,42385,77,0,2007,1,"N","Lowndes County, Mississippi","Private","Service estab. equip. merchant wholesalers","County, NAICS 5-digit -- by ownership sector","All establishment sizes",1,0,0,0,0,0,0,0
"28087",5,"42385",77,0,2007,2,"N","Lowndes County, Mississippi","Private","Service estab. equip. merchant wholesalers","County, NAICS 5-digit -- by ownership sector","All establishment sizes",1,0,0,0,0,0,0,0
"28087",5,"42385",77,0,2007,3,"N","Lowndes County, Mississippi","Private","Service estab. equip. merchant wholesalers","County, NAICS 5-digit -- by ownership sector","All establishment sizes",1,0,0,0,0,0,0,0
"28087",5,"42385",77,0,2007,4,"N","Lowndes County, Mississippi","Private","Service estab. equip. merchant wholesalers","County, NAICS 5-digit -- by ownership sector","All establishment sizes",1,0,0,0,0,0,0,0
"28087",5,423850,78,0,2007,1,"N","Lowndes County, Mississippi","Private","Service estab. equip. merchant wholesalers","County, NAICS 6-digit -- by ownership sector","All establishment sizes",1,0,0,0,0,0,0,0
"28087",5,"423850",78,0,2007,2,"N","Lowndes County, Mississippi","Private","Service estab. equip. merchant wholesalers","County, NAICS 6-digit -- by ownership sector","All establishment sizes",1,0,0,0,0,0,0,0
"28087",5,"423850",78,0,2007,3,"N","Lowndes County, Mississippi","Private","Service estab. equip. merchant wholesalers","County, NAICS 6-digit -- by ownership sector","All establishment sizes",1,0,0,0,0,0,0,0
"28087",5,"423850",78,0,2007,4,"N","Lowndes County, Mississippi","Private","Service estab. equip. merchant wholesalers","County, NAICS 6-digit -- by ownership sector","All establishment sizes",1,0,0,0,0,0,0,0
"28087",5,4239,76,0,2007,1,"","Lowndes County, Mississippi","Private","Misc. durable goods merchant wholesalers","County, NAICS 4-digit -- by ownership sector","All establishment sizes",4,35,36,35,262764,163314,665,572
"28087",5,"4239",76,0,2007,2,"","Lowndes County, Mississippi","Private","Misc. durable goods merchant wholesalers","County, NAICS 4-digit -- by ownership sector","All establishment sizes",4,35,36,36,273593,46920,199,590
"28087",5,"4239",76,0,2007,3,"","Lowndes County, Mississippi","Private","Misc. durable goods merchant wholesalers","County, NAICS 4-digit -- by ownership sector","All establishment sizes",4,38,37,34,252275,22125,93,534
"28087",5,"4239",76,0,2007,4,"N","Lowndes County, Mississippi","Private","Misc. durable goods merchant wholesalers","County, NAICS 4-digit -- by ownership sector","All establishment sizes",5,0,0,0,0,0,0,0
"28087",5,42391,77,0,2007,1,"N","Lowndes County, Mississippi","Private","Sporting goods merchant wholesalers","County, NAICS 5-digit -- by ownership sector","All establishment sizes",2,0,0,0,0,0,0,0
"28087",5,"42391",77,0,2007,2,"N","Lowndes County, Mississippi","Private","Sporting goods merchant wholesalers","County, NAICS 5-digit -- by ownership sector","All establishment sizes",2,0,0,0,0,0,0,0
"28087",5,"42391",77,0,2007,3,"N","Lowndes County, Mississippi","Private","Sporting goods merchant wholesalers","County, NAICS 5-digit -- by ownership sector","All establishment sizes",2,0,0,0,0,0,0,0
"28087",5,"42391",77,0,2007,4,"N","Lowndes County, Mississippi","Private","Sporting goods merchant wholesalers","County, NAICS 5-digit -- by ownership sector","All establishment sizes",2,0,0,0,0,0,0,0
"28087",5,423910,78,0,2007,1,"N","Lowndes County, Mississippi","Private","Sporting goods merchant wholesalers","County, NAICS 6-digit -- by ownership sector","All establishment sizes",2,0,0,0,0,0,0,0
"28087",5,"423910",78,0,2007,2,"N","Lowndes County, Mississippi","Private","Sporting goods merchant wholesalers","County, NAICS 6-digit -- by ownership sector","All establishment sizes",2,0,0,0,0,0,0,0
"28087",5,"423910",78,0,2007,3,"N","Lowndes County, Mississippi","Private","Sporting goods merchant wholesalers","County, NAICS 6-digit -- by ownership sector","All establishment sizes",2,0,0,0,0,0,0,0
"28087",5,"423910",78,0,2007,4,"N","Lowndes County, Mississippi","Private","Sporting goods merchant wholesalers","County, NAICS 6-digit -- by ownership sector","All establishment sizes",2,0,0,0,0,0,0,0
"28087",5,42393,77,0,2007,1,"N","Lowndes County, Mississippi","Private","Recyclable material merchant wholesalers","County, NAICS 5-digit -- by ownership sector","All establishment sizes",2,0,0,0,0,0,0,0
"28087",5,"42393",77,0,2007,2,"N","Lowndes County, Mississippi","Private","Recyclable material merchant wholesalers","County, NAICS 5-digit -- by ownership sector","All establishment sizes",2,0,0,0,0,0,0,0
"28087",5,"42393",77,0,2007,3,"N","Lowndes County, Mississippi","Private","Recyclable material merchant wholesalers","County, NAICS 5-digit -- by ownership sector","All establishment sizes",2,0,0,0,0,0,0,0
"28087",5,"42393",77,0,2007,4,"N","Lowndes County, Mississippi","Private","Recyclable material merchant wholesalers","County, NAICS 5-digit -- by ownership sector","All establishment sizes",2,0,0,0,0,0,0,0
"28087",5,423930,78,0,2007,1,"N","Lowndes County, Mississippi","Private","Recyclable material merchant wholesalers","County, NAICS 6-digit -- by ownership sector","All establishment sizes",2,0,0,0,0,0,0,0
"28087",5,"423930",78,0,2007,2,"N","Lowndes County, Mississippi","Private","Recyclable material merchant wholesalers","County, NAICS 6-digit -- by ownership sector","All establishment sizes",2,0,0,0,0,0,0,0
"28087",5,"423930",78,0,2007,3,"N","Lowndes County, Mississippi","Private","Recyclable material merchant wholesalers","County, NAICS 6-digit -- by ownership sector","All establishment sizes",2,0,0,0,0,0,0,0
"28087",5,"423930",78,0,2007,4,"N","Lowndes County, Mississippi","Private","Recyclable material merchant wholesalers","County, NAICS 6-digit -- by ownership sector","All establishment sizes",2,0,0,0,0,0,0,0
"28087",5,42399,77,0,2007,1,"-","Lowndes County, Mississippi","Private","All other durable goods merchant wholesalers","County, NAICS 5-digit -- by ownership sector","All establishment sizes",0,0,0,0,0,0,0,0
"28087",5,"42399",77,0,2007,2,"-","Lowndes County, Mississippi","Private","All other durable goods merchant wholesalers","County, NAICS 5-digit -- by ownership sector","All establishment sizes",0,0,0,0,0,0,0,0
"28087",5,"42399",77,0,2007,3,"-","Lowndes County, Mississippi","Private","All other durable goods merchant wholesalers","County, NAICS 5-digit -- by ownership sector","All establishment sizes",0,0,0,0,0,0,0,0
"28087",5,"42399",77,0,2007,4,"N","Lowndes County, Mississippi","Private","All other durable goods merchant wholesalers","County, NAICS 5-digit -- by ownership sector","All establishment sizes",1,0,0,0,0,0,0,0
"28087",5,423990,78,0,2007,1,"-","Lowndes County, Mississippi","Private","All other durable goods merchant wholesalers","County, NAICS 6-digit -- by ownership sector","All establishment sizes",0,0,0,0,0,0,0,0
"28087",5,"423990",78,0,2007,2,"-","Lowndes County, Mississippi","Private","All other durable goods merchant wholesalers","County, NAICS 6-digit -- by ownership sector","All establishment sizes",0,0,0,0,0,0,0,0
"28087",5,"423990",78,0,2007,3,"-","Lowndes County, Mississippi","Private","All other durable goods merchant wholesalers","County, NAICS 6-digit -- by ownership sector","All establishment sizes",0,0,0,0,0,0,0,0
"28087",5,"423990",78,0,2007,4,"N","Lowndes County, Mississippi","Private","All other durable goods merchant wholesalers","County, NAICS 6-digit -- by ownership sector","All establishment sizes",1,0,0,0,0,0,0,0
"28087",5,424,75,0,2007,1,"","Lowndes County, Mississippi","Private","Merchant wholesalers, nondurable goods","County, NAICS 3-digit -- by ownership sector","All establishment sizes",22,279,281,277,2489317,1548983,12853,686
"28087",5,"424",75,0,2007,2,"","Lowndes County, Mississippi","Private","Merchant wholesalers, nondurable goods","County, NAICS 3-digit -- by ownership sector","All establishment sizes",22,282,282,286,2252245,381646,3572,611
"28087",5,"424",75,0,2007,3,"","Lowndes County, Mississippi","Private","Merchant wholesalers, nondurable goods","County, NAICS 3-digit -- by ownership sector","All establishment sizes",22,275,273,268,2083838,159464,1444,589
"28087",5,"424",75,0,2007,4,"","Lowndes County, Mississippi","Private","Merchant wholesalers, nondurable goods","County, NAICS 3-digit -- by ownership sector","All establishment sizes",22,265,260,272,2645638,134398,1280,766
"28087",5,4241,76,0,2007,1,"N","Lowndes County, Mississippi","Private","Paper and paper product merchant wholesalers","County, NAICS 4-digit -- by ownership sector","All establishment sizes",1,0,0,0,0,0,0,0
"28087",5,"4241",76,0,2007,2,"N","Lowndes County, Mississippi","Private","Paper and paper product merchant wholesalers","County, NAICS 4-digit -- by ownership sector","All establishment sizes",1,0,0,0,0,0,0,0
"28087",5,"4241",76,0,2007,3,"N","Lowndes County, Mississippi","Private","Paper and paper product merchant wholesalers","County, NAICS 4-digit -- by ownership sector","All establishment sizes",1,0,0,0,0,0,0,0
"28087",5,"4241",76,0,2007,4,"N","Lowndes County, Mississippi","Private","Paper and paper product merchant wholesalers","County, NAICS 4-digit -- by ownership sector","All establishment sizes",1,0,0,0,0,0,0,0
"28087",5,42412,77,0,2007,1,"N","Lowndes County, Mississippi","Private","Office supplies merchant wholesalers","County, NAICS 5-digit -- by ownership sector","All establishment sizes",1,0,0,0,0,0,0,0
"28087",5,"42412",77,0,2007,2,"N","Lowndes County, Mississippi","Private","Office supplies merchant wholesalers","County, NAICS 5-digit -- by ownership sector","All establishment sizes",1,0,0,0,0,0,0,0
"28087",5,"42412",77,0,2007,3,"N","Lowndes County, Mississippi","Private","Office supplies merchant wholesalers","County, NAICS 5-digit -- by ownership sector","All establishment sizes",1,0,0,0,0,0,0,0
"28087",5,"42412",77,0,2007,4,"N","Lowndes County, Mississippi","Private","Office supplies merchant wholesalers","County, NAICS 5-digit -- by ownership sector","All establishment sizes",1,0,0,0,0,0,0,0
"28087",5,424120,78,0,2007,1,"N","Lowndes County, Mississippi","Private","Office supplies merchant wholesalers","County, NAICS 6-digit -- by ownership sector","All establishment sizes",1,0,0,0,0,0,0,0
"28087",5,"424120",78,0,2007,2,"N","Lowndes County, Mississippi","Private","Office supplies merchant wholesalers","County, NAICS 6-digit -- by ownership sector","All establishment sizes",1,0,0,0,0,0,0,0
"28087",5,"424120",78,0,2007,3,"N","Lowndes County, Mississippi","Private","Office supplies merchant wholesalers","County, NAICS 6-digit -- by ownership sector","All establishment sizes",1,0,0,0,0,0,0,0
"28087",5,"424120",78,0,2007,4,"N","Lowndes County, Mississippi","Private","Office supplies merchant wholesalers","County, NAICS 6-digit -- by ownership sector","All establishment sizes",1,0,0,0,0,0,0,0
"28087",5,4243,76,0,2007,1,"","Lowndes County, Mississippi","Private","Apparel and piece goods merchant wholesalers","County, NAICS 4-digit -- by ownership sector","All establishment sizes",3,18,18,19,96276,87116,553,404
"28087",5,"4243",76,0,2007,2,"","Lowndes County, Mississippi","Private","Apparel and piece goods merchant wholesalers","County, NAICS 4-digit -- by ownership sector","All establishment sizes",3,19,19,19,102138,53927,421,414
"28087",5,"4243",76,0,2007,3,"","Lowndes County, Mississippi","Private","Apparel and piece goods merchant wholesalers","County, NAICS 4-digit -- by ownership sector","All establishment sizes",3,19,18,18,100424,32938,317,421
"28087",5,"4243",76,0,2007,4,"","Lowndes County, Mississippi","Private","Apparel and piece goods merchant wholesalers","County, NAICS 4-digit -- by ownership sector","All establishment sizes",3,18,18,18,96331,21995,251,412
"28087",5,42431,77,0,2007,1,"","Lowndes County, Mississippi","Private","Piece goods merchant wholesalers","County, NAICS 5-digit -- by ownership sector","All establishment sizes",3,18,18,19,96276,87116,553,404
"28087",5,"42431",77,0,2007,2,"","Lowndes County, Mississippi","Private","Piece goods merchant wholesalers","County, NAICS 5-digit -- by ownership sector","All establishment sizes",3,19,19,19,102138,53927,421,414
"28087",5,"42431",77,0,2007,3,"","Lowndes County, Mississippi","Private","Piece goods merchant wholesalers","County, NAICS 5-digit -- by ownership sector","All establishment sizes",3,19,18,18,100424,32938,317,421
"28087",5,"42431",77,0,2007,4,"","Lowndes County, Mississippi","Private","Piece goods merchant wholesalers","County, NAICS 5-digit -- by ownership sector","All establishment sizes",3,18,18,18,96331,21995,251,412
"28087",5,424310,78,0,2007,1,"","Lowndes County, Mississippi","Private","Piece goods merchant wholesalers","County, NAICS 6-digit -- by ownership sector","All establishment sizes",3,18,18,19,96276,87116,553,404
"28087",5,"424310",78,0,2007,2,"","Lowndes County, Mississippi","Private","Piece goods merchant wholesalers","County, NAICS 6-digit -- by ownership sector","All establishment sizes",3,19,19,19,102138,53927,421,414
"28087",5,"424310",78,0,2007,3,"","Lowndes County, Mississippi","Private","Piece goods merchant wholesalers","County, NAICS 6-digit -- by ownership sector","All establishment sizes",3,19,18,18,100424,32938,317,421
"28087",5,"424310",78,0,2007,4,"","Lowndes County, Mississippi","Private","Piece goods merchant wholesalers","County, NAICS 6-digit -- by ownership sector","All establishment sizes",3,18,18,18,96331,21995,251,412
"28087",5,4244,76,0,2007,1,"","Lowndes County, Mississippi","Private","Grocery and related product wholesalers","County, NAICS 4-digit -- by ownership sector","All establishment sizes",9,72,71,71,617654,419086,4847,666
"28087",5,"4244",76,0,2007,2,"","Lowndes County, Mississippi","Private","Grocery and related product wholesalers","County, NAICS 4-digit -- by ownership sector","All establishment sizes",9,72,71,71,636098,67421,1113,686
"28087",5,"4244",76,0,2007,3,"","Lowndes County, Mississippi","Private","Grocery and related product wholesalers","County, NAICS 4-digit -- by ownership sector","All establishment sizes",9,64,67,66,555458,25570,324,651
"28087",5,"4244",76,0,2007,4,"","Lowndes County, Mississippi","Private","Grocery and related product wholesalers","County, NAICS 4-digit -- by ownership sector","All establishment sizes",9,68,66,68,568451,21965,240,649
"28087",5,42445,77,0,2007,1,"N","Lowndes County, Mississippi","Private","Confectionery merchant wholesalers","County, NAICS 5-digit -- by ownership sector","All establishment sizes",2,0,0,0,0,0,0,0
"28087",5,"42445",77,0,2007,2,"N","Lowndes County, Mississippi","Private","Confectionery merchant wholesalers","County, NAICS 5-digit -- by ownership sector","All establishment sizes",2,0,0,0,0,0,0,0
"28087",5,"42445",77,0,2007,3,"N","Lowndes County, Mississippi","Private","Confectionery merchant wholesalers","County, NAICS 5-digit -- by ownership sector","All establishment sizes",2,0,0,0,0,0,0,0
"28087",5,"42445",77,0,2007,4,"N","Lowndes County, Mississippi","Private","Confectionery merchant wholesalers","County, NAICS 5-digit -- by ownership sector","All establishment sizes",2,0,0,0,0,0,0,0
"28087",5,424450,78,0,2007,1,"N","Lowndes County, Mississippi","Private","Confectionery merchant wholesalers","County, NAICS 6-digit -- by ownership sector","All establishment sizes",2,0,0,0,0,0,0,0
"28087",5,"424450",78,0,2007,2,"N","Lowndes County, Mississippi","Private","Confectionery merchant wholesalers","County, NAICS 6-digit -- by ownership sector","All establishment sizes",2,0,0,0,0,0,0,0
"28087",5,"424450",78,0,2007,3,"N","Lowndes County, Mississippi","Private","Confectionery merchant wholesalers","County, NAICS 6-digit -- by ownership sector","All establishment sizes",2,0,0,0,0,0,0,0
"28087",5,"424450",78,0,2007,4,"N","Lowndes County, Mississippi","Private","Confectionery merchant wholesalers","County, NAICS 6-digit -- by ownership sector","All establishment sizes",2,0,0,0,0,0,0,0
"28087",5,42449,77,0,2007,1,"N","Lowndes County, Mississippi","Private","Other grocery product merchant wholesalers","County, NAICS 5-digit -- by ownership sector","All establishment sizes",7,0,0,0,0,0,0,0
"28087",5,"42449",77,0,2007,2,"N","Lowndes County, Mississippi","Private","Other grocery product merchant wholesalers","County, NAICS 5-digit -- by ownership sector","All establishment sizes",7,0,0,0,0,0,0,0
"28087",5,"42449",77,0,2007,3,"N","Lowndes County, Mississippi","Private","Other grocery product merchant wholesalers","County, NAICS 5-digit -- by ownership sector","All establishment sizes",7,0,0,0,0,0,0,0
"28087",5,"42449",77,0,2007,4,"N","Lowndes County, Mississippi","Private","Other grocery product merchant wholesalers","County, NAICS 5-digit -- by ownership sector","All establishment sizes",7,0,0,0,0,0,0,0
"28087",5,424490,78,0,2007,1,"N","Lowndes County, Mississippi","Private","Other grocery product merchant wholesalers","County, NAICS 6-digit -- by ownership sector","All establishment sizes",7,0,0,0,0,0,0,0
"28087",5,"424490",78,0,2007,2,"N","Lowndes County, Mississippi","Private","Other grocery product merchant wholesalers","County, NAICS 6-digit -- by ownership sector","All establishment sizes",7,0,0,0,0,0,0,0
"28087",5,"424490",78,0,2007,3,"N","Lowndes County, Mississippi","Private","Other grocery product merchant wholesalers","County, NAICS 6-digit -- by ownership sector","All establishment sizes",7,0,0,0,0,0,0,0
"28087",5,"424490",78,0,2007,4,"N","Lowndes County, Mississippi","Private","Other grocery product merchant wholesalers","County, NAICS 6-digit -- by ownership sector","All establishment sizes",7,0,0,0,0,0,0,0
"28087",5,4246,76,0,2007,1,"N","Lowndes County, Mississippi","Private","Chemical merchant wholesalers","County, NAICS 4-digit -- by ownership sector","All establishment sizes",2,0,0,0,0,0,0,0
"28087",5,"4246",76,0,2007,2,"N","Lowndes County, Mississippi","Private","Chemical merchant wholesalers","County, NAICS 4-digit -- by ownership sector","All establishment sizes",2,0,0,0,0,0,0,0
"28087",5,"4246",76,0,2007,3,"N","Lowndes County, Mississippi","Private","Chemical merchant wholesalers","County, NAICS 4-digit -- by ownership sector","All establishment sizes",2,0,0,0,0,0,0,0
"28087",5,"4246",76,0,2007,4,"N","Lowndes County, Mississippi","Private","Chemical merchant wholesalers","County, NAICS 4-digit -- by ownership sector","All establishment sizes",2,0,0,0,0,0,0,0
"28087",5,42469,77,0,2007,1,"N","Lowndes County, Mississippi","Private","Other chemicals merchant wholesalers","County, NAICS 5-digit -- by ownership sector","All establishment sizes",2,0,0,0,0,0,0,0
"28087",5,"42469",77,0,2007,2,"N","Lowndes County, Mississippi","Private","Other chemicals merchant wholesalers","County, NAICS 5-digit -- by ownership sector","All establishment sizes",2,0,0,0,0,0,0,0
"28087",5,"42469",77,0,2007,3,"N","Lowndes County, Mississippi","Private","Other chemicals merchant wholesalers","County, NAICS 5-digit -- by ownership sector","All establishment sizes",2,0,0,0,0,0,0,0
"28087",5,"42469",77,0,2007,4,"N","Lowndes County, Mississippi","Private","Other chemicals merchant wholesalers","County, NAICS 5-digit -- by ownership sector","All establishment sizes",2,0,0,0,0,0,0,0
"28087",5,424690,78,0,2007,1,"N","Lowndes County, Mississippi","Private","Other chemicals merchant wholesalers","County, NAICS 6-digit -- by ownership sector","All establishment sizes",2,0,0,0,0,0,0,0
"28087",5,"424690",78,0,2007,2,"N","Lowndes County, Mississippi","Private","Other chemicals merchant wholesalers","County, NAICS 6-digit -- by ownership sector","All establishment sizes",2,0,0,0,0,0,0,0
"28087",5,"424690",78,0,2007,3,"N","Lowndes County, Mississippi","Private","Other chemicals merchant wholesalers","County, NAICS 6-digit -- by ownership sector","All establishment sizes",2,0,0,0,0,0,0,0
"28087",5,"424690",78,0,2007,4,"N","Lowndes County, Mississippi","Private","Other chemicals merchant wholesalers","County, NAICS 6-digit -- by ownership sector","All establishment sizes",2,0,0,0,0,0,0,0
"28087",5,4247,76,0,2007,1,"","Lowndes County, Mississippi","Private","Petroleum merchant wholesalers","County, NAICS 4-digit -- by ownership sector","All establishment sizes",6,108,106,104,896269,514096,2680,650
"28087",5,"4247",76,0,2007,2,"","Lowndes County, Mississippi","Private","Petroleum merchant wholesalers","County, NAICS 4-digit -- by ownership sector","All establishment sizes",6,105,107,111,709115,149233,903,507
"28087",5,"4247",76,0,2007,3,"","Lowndes County, Mississippi","Private","Petroleum merchant wholesalers","County, NAICS 4-digit -- by ownership sector","All establishment sizes",6,107,103,104,713170,69357,482,524
"28087",5,"4247",76,0,2007,4,"","Lowndes County, Mississippi","Private","Petroleum merchant wholesalers","County, NAICS 4-digit -- by ownership sector","All establishment sizes",6,100,97,102,1212360,42382,287,936
"28087",5,42471,77,0,2007,1,"","Lowndes County, Mississippi","Private","Petroleum bulk stations and terminals","County, NAICS 5-digit -- by ownership sector","All establishment sizes",3,16,16,16,106738,78281,936,513
"28087",5,"42471",77,0,2007,2,"","Lowndes County, Mississippi","Private","Petroleum bulk stations and terminals","County, NAICS 5-digit -- by ownership sector","All establishment sizes",3,17,17,17,98618,61265,552,446
"28087",5,"42471",77,0,2007,3,"","Lowndes County, Mississippi","Private","Petroleum bulk stations and terminals","County, NAICS 5-digit -- by ownership sector","All establishment sizes",3,15,15,15,98152,15826,268,503
"28087",5,"42471",77,0,2007,4,"","Lowndes County, Mississippi","Private","Petroleum bulk stations and terminals","County, NAICS 5-digit -- by ownership sector","All establishment sizes",3,15,14,14,89411,7754,149,480
"28087",5,424710,78,0,2007,1,"","Lowndes County, Mississippi","Private","Petroleum bulk stations and terminals","County, NAICS 6-digit -- by ownership sector","All establishment sizes",3,16,16,16,106738,78281,936,513
"28087",5,"424710",78,0,2007,2,"","Lowndes County, Mississippi","Private","Petroleum bulk stations and terminals","County, NAICS 6-digit -- by ownership sector","All establishment sizes",3,17,17,17,98618,61265,552,446
"28087",5,"424710",78,0,2007,3,"","Lowndes County, Mississippi","Private","Petroleum bulk stations and terminals","County, NAICS 6-digit -- by ownership sector","All establishment sizes",3,15,15,15,98152,15826,268,503
"28087",5,"424710",78,0,2007,4,"","Lowndes County, Mississippi","Private","Petroleum bulk stations and terminals","County, NAICS 6-digit -- by ownership sector","All establishment sizes",3,15,14,14,89411,7754,149,480
"28087",5,42472,77,0,2007,1,"","Lowndes County, Mississippi","Private","Other petroleum merchant wholesalers","County, NAICS 5-digit -- by ownership sector","All establishment sizes",3,92,90,88,789531,435815,1744,675
"28087",5,"42472",77,0,2007,2,"","Lowndes County, Mississippi","Private","Other petroleum merchant wholesalers","County, NAICS 5-digit -- by ownership sector","All establishment sizes",3,88,90,94,610497,87968,351,518
"28087",5,"42472",77,0,2007,3,"","Lowndes County, Mississippi","Private","Other petroleum merchant wholesalers","County, NAICS 5-digit -- by ownership sector","All establishment sizes",3,92,88,89,615018,53531,214,528
"28087",5,"42472",77,0,2007,4,"","Lowndes County, Mississippi","Private","Other petroleum merchant wholesalers","County, NAICS 5-digit -- by ownership sector","All establishment sizes",3,85,83,88,1122949,34628,138,1012
"28087",5,424720,78,0,2007,1,"","Lowndes County, Mississippi","Private","Other petroleum merchant wholesalers","County, NAICS 6-digit -- by ownership sector","All establishment sizes",3,92,90,88,789531,435815,1744,675
"28087",5,"424720",78,0,2007,2,"","Lowndes County, Mississippi","Private","Other petroleum merchant wholesalers","County, NAICS 6-digit -- by ownership sector","All establishment sizes",3,88,90,94,610497,87968,351,518
"28087",5,"424720",78,0,2007,3,"","Lowndes County, Mississippi","Private","Other petroleum merchant wholesalers","County, NAICS 6-digit -- by ownership sector","All establishment sizes",3,92,88,89,615018,53531,214,528
"28087",5,"424720",78,0,2007,4,"","Lowndes County, Mississippi","Private","Other petroleum merchant wholesalers","County, NAICS 6-digit -- by ownership sector","All establishment sizes",3,85,83,88,1122949,34628,138,1012
"28087",5,4248,76,0,2007,1,"N","Lowndes County, Mississippi","Private","Alcoholic beverage merchant wholesalers","County, NAICS 4-digit -- by ownership sector","All establishment sizes",1,0,0,0,0,0,0,0
"28087",5,"4248",76,0,2007,2,"N","Lowndes County, Mississippi","Private","Alcoholic beverage merchant wholesalers","County, NAICS 4-digit -- by ownership sector","All establishment sizes",1,0,0,0,0,0,0,0
"28087",5,"4248",76,0,2007,3,"N","Lowndes County, Mississippi","Private","Alcoholic beverage merchant wholesalers","County, NAICS 4-digit -- by ownership sector","All establishment sizes",1,0,0,0,0,0,0,0
"28087",5,"4248",76,0,2007,4,"N","Lowndes County, Mississippi","Private","Alcoholic beverage merchant wholesalers","County, NAICS 4-digit -- by ownership sector","All establishment sizes",1,0,0,0,0,0,0,0
"28087",5,42481,77,0,2007,1,"N","Lowndes County, Mississippi","Private","Beer and ale merchant wholesalers","County, NAICS 5-digit -- by ownership sector","All establishment sizes",1,0,0,0,0,0,0,0
"28087",5,"42481",77,0,2007,2,"N","Lowndes County, Mississippi","Private","Beer and ale merchant wholesalers","County, NAICS 5-digit -- by ownership sector","All establishment sizes",1,0,0,0,0,0,0,0
"28087",5,"42481",77,0,2007,3,"N","Lowndes County, Mississippi","Private","Beer and ale merchant wholesalers","County, NAICS 5-digit -- by ownership sector","All establishment sizes",1,0,0,0,0,0,0,0
"28087",5,"42481",77,0,2007,4,"N","Lowndes County, Mississippi","Private","Beer and ale merchant wholesalers","County, NAICS 5-digit -- by ownership sector","All establishment sizes",1,0,0,0,0,0,0,0
"28087",5,424810,78,0,2007,1,"N","Lowndes County, Mississippi","Private","Beer and ale merchant wholesalers","County, NAICS 6-digit -- by ownership sector","All establishment sizes",1,0,0,0,0,0,0,0
"28087",5,"424810",78,0,2007,2,"N","Lowndes County, Mississippi","Private","Beer and ale merchant wholesalers","County, NAICS 6-digit -- by ownership sector","All establishment sizes",1,0,0,0,0,0,0,0
"28087",5,"424810",78,0,2007,3,"N","Lowndes County, Mississippi","Private","Beer and ale merchant wholesalers","County, NAICS 6-digit -- by ownership sector","All establishment sizes",1,0,0,0,0,0,0,0
"28087",5,"424810",78,0,2007,4,"N","Lowndes County, Mississippi","Private","Beer and ale merchant wholesalers","County, NAICS 6-digit -- by ownership sector","All establishment sizes",1,0,0,0,0,0,0,0
"28087",5,425,75,0,2007,1,"","Lowndes County, Mississippi","Private","Electronic markets and agents and brokers","County, NAICS 3-digit -- by ownership sector","All establishment sizes",10,53,42,42,612727,275603,1487,1032
"28087",5,"425",75,0,2007,2,"","Lowndes County, Mississippi","Private","Electronic markets and agents and brokers","County, NAICS 3-digit -- by ownership sector","All establishment sizes",10,41,43,44,852442,59040,270,1537
"28087",5,"425",75,0,2007,3,"","Lowndes County, Mississippi","Private","Electronic markets and agents and brokers","County, NAICS 3-digit -- by ownership sector","All establishment sizes",11,45,46,46,567567,30887,124,956
"28087",5,"425",75,0,2007,4,"","Lowndes County, Mississippi","Private","Electronic markets and agents and brokers","County, NAICS 3-digit -- by ownership sector","All establishment sizes",11,52,52,50,731685,56081,518,1096
"28087",5,4251,76,0,2007,1,"","Lowndes County, Mississippi","Private","Electronic markets and agents and brokers","County, NAICS 4-digit -- by ownership sector","All establishment sizes",10,53,42,42,612727,275603,1487,1032
"28087",5,"4251",76,0,2007,2,"","Lowndes County, Mississippi","Private","Electronic markets and agents and brokers","County, NAICS 4-digit -- by ownership sector","All establishment sizes",10,41,43,44,852442,59040,270,1537
"28087",5,"4251",76,0,2007,3,"","Lowndes County, Mississippi","Private","Electronic markets and agents and brokers","County, NAICS 4-digit -- by ownership sector","All establishment sizes",11,45,46,46,567567,30887,124,956
"28087",5,"4251",76,0,2007,4,"","Lowndes County, Mississippi","Private","Electronic markets and agents and brokers","County, NAICS 4-digit -- by ownership sector","All establishment sizes",11,52,52,50,731685,56081,518,1096
"28087",5,42512,77,0,2007,1,"","Lowndes County, Mississippi","Private","Wholesale trade agents and brokers","County, NAICS 5-digit -- by ownership sector","All establishment sizes",10,53,42,42,612727,275603,1487,1032
"28087",5,"42512",77,0,2007,2,"","Lowndes County, Mississippi","Private","Wholesale trade agents and brokers","County, NAICS 5-digit -- by ownership sector","All establishment sizes",10,41,43,44,852442,59040,270,1537
"28087",5,"42512",77,0,2007,3,"","Lowndes County, Mississippi","Private","Wholesale trade agents and brokers","County, NAICS 5-digit -- by ownership sector","All establishment sizes",11,45,46,46,567567,30887,124,956
"28087",5,"42512",77,0,2007,4,"","Lowndes County, Mississippi","Private","Wholesale trade agents and brokers","County, NAICS 5-digit -- by ownership sector","All establishment sizes",11,52,52,50,731685,56081,518,1096
"28087",5,425120,78,0,2007,1,"","Lowndes County, Mississippi","Private","Wholesale trade agents and brokers","County, NAICS 6-digit -- by ownership sector","All establishment sizes",10,53,42,42,612727,275603,1487,1032
"28087",5,"425120",78,0,2007,2,"","Lowndes County, Mississippi","Private","Wholesale trade agents and brokers","County, NAICS 6-digit -- by ownership sector","All establishment sizes",10,41,43,44,852442,59040,270,1537
"28087",5,"425120",78,0,2007,3,"","Lowndes County, Mississippi","Private","Wholesale trade agents and brokers","County, NAICS 6-digit -- by ownership sector","All establishment sizes",11,45,46,46,567567,30887,124,956
"28087",5,"425120",78,0,2007,4,"","Lowndes County, Mississippi","Private","Wholesale trade agents and brokers","County, NAICS 6-digit -- by ownership sector","All establishment sizes",11,52,52,50,731685,56081,518,1096
"28087",5,44-45,74,0,2007,1,"","Lowndes County, Mississippi","Private","Retail trade","County, NAICS Sector -- by ownership sector","All establishment sizes",311,3646,3641,3681,20073755,15143517,191479,422
"28087",5,"44-45",74,0,2007,2,"","Lowndes County, Mississippi","Private","Retail trade","County, NAICS Sector -- by ownership sector","All establishment sizes",315,3682,3692,3730,19889561,6770553,82215,413
"28087",5,"44-45",74,0,2007,3,"","Lowndes County, Mississippi","Private","Retail trade","County, NAICS Sector -- by ownership sector","All establishment sizes",317,3692,3687,3672,19719042,3800649,46672,412
"28087",5,"44-45",74,0,2007,4,"","Lowndes County, Mississippi","Private","Retail trade","County, NAICS Sector -- by ownership sector","All establishment sizes",312,3629,3688,3720,20773284,3235263,41264,434
"28087",5,441,75,0,2007,1,"","Lowndes County, Mississippi","Private","Motor vehicle and parts dealers","County, NAICS 3-digit -- by ownership sector","All establishment sizes",41,462,465,473,3975891,2578110,31532,655
"28087",5,"441",75,0,2007,2,"","Lowndes County, Mississippi","Private","Motor vehicle and parts dealers","County, NAICS 3-digit -- by ownership sector","All establishment sizes",42,493,474,463,4087837,868375,9811,660
"28087",5,"441",75,0,2007,3,"","Lowndes County, Mississippi","Private","Motor vehicle and parts dealers","County, NAICS 3-digit -- by ownership sector","All establishment sizes",41,478,484,477,4120894,529944,6008,661
"28087",5,"441",75,0,2007,4,"","Lowndes County, Mississippi","Private","Motor vehicle and parts dealers","County, NAICS 3-digit -- by ownership sector","All establishment sizes",39,475,473,469,4182666,539007,5610,681
"28087",5,4411,76,0,2007,1,"","Lowndes County, Mississippi","Private","Automobile dealers","County, NAICS 4-digit -- by ownership sector","All establishment sizes",17,288,286,288,2965560,1738959,21359,794
"28087",5,"4411",76,0,2007,2,"","Lowndes County, Mississippi","Private","Automobile dealers","County, NAICS 4-digit -- by ownership sector","All establishment sizes",18,304,291,281,2971117,504481,5429,783
"28087",5,"4411",76,0,2007,3,"","Lowndes County, Mississippi","Private","Automobile dealers","County, NAICS 4-digit -- by ownership sector","All establishment sizes",17,288,290,289,3057207,341021,3666,814
"28087",5,"4411",76,0,2007,4,"","Lowndes County, Mississippi","Private","Automobile dealers","County, NAICS 4-digit -- by ownership sector","All establishment sizes",15,295,295,299,3126614,375169,3899,812
"28087",5,44111,77,0,2007,1,"","Lowndes County, Mississippi","Private","New car dealers","County, NAICS 5-digit -- by ownership sector","All establishment sizes",8,271,268,269,2806731,1640053,20494,802
"28087",5,"44111",77,0,2007,2,"","Lowndes County, Mississippi","Private","New car dealers","County, NAICS 5-digit -- by ownership sector","All establishment sizes",9,284,270,262,2822288,456586,5076,798
"28087",5,"44111",77,0,2007,3,"","Lowndes County, Mississippi","Private","New car dealers","County, NAICS 5-digit -- by ownership sector","All establishment sizes",8,270,273,271,2910697,304562,3460,825
"28087",5,"44111",77,0,2007,4,"","Lowndes County, Mississippi","Private","New car dealers","County, NAICS 5-digit -- by ownership sector","All establishment sizes",7,277,274,277,2971478,328156,3692,828
"28087",5,441110,78,0,2007,1,"","Lowndes County, Mississippi","Private","New car dealers","County, NAICS 6-digit -- by ownership sector","All establishment sizes",8,271,268,269,2806731,1640053,20494,802
"28087",5,"441110",78,0,2007,2,"","Lowndes County, Mississippi","Private","New car dealers","County, NAICS 6-digit -- by ownership sector","All establishment sizes",9,284,270,262,2822288,456586,5076,798
"28087",5,"441110",78,0,2007,3,"","Lowndes County, Mississippi","Private","New car dealers","County, NAICS 6-digit -- by ownership sector","All establishment sizes",8,270,273,271,2910697,304562,3460,825
"28087",5,"441110",78,0,2007,4,"","Lowndes County, Mississippi","Private","New car dealers","County, NAICS 6-digit -- by ownership sector","All establishment sizes",7,277,274,277,2971478,328156,3692,828
"28087",5,44112,77,0,2007,1,"","Lowndes County, Mississippi","Private","Used car dealers","County, NAICS 5-digit -- by ownership sector","All establishment sizes",9,17,18,19,158829,98906,865,679
"28087",5,"44112",77,0,2007,2,"","Lowndes County, Mississippi","Private","Used car dealers","County, NAICS 5-digit -- by ownership sector","All establishment sizes",9,20,21,19,148829,47895,353,572
"28087",5,"44112",77,0,2007,3,"","Lowndes County, Mississippi","Private","Used car dealers","County, NAICS 5-digit -- by ownership sector","All establishment sizes",9,18,17,18,146510,36459,206,638
"28087",5,"44112",77,0,2007,4,"","Lowndes County, Mississippi","Private","Used car dealers","County, NAICS 5-digit -- by ownership sector","All establishment sizes",8,18,21,22,155136,47013,207,587
"28087",5,441120,78,0,2007,1,"","Lowndes County, Mississippi","Private","Used car dealers","County, NAICS 6-digit -- by ownership sector","All establishment sizes",9,17,18,19,158829,98906,865,679
"28087",5,"441120",78,0,2007,2,"","Lowndes County, Mississippi","Private","Used car dealers","County, NAICS 6-digit -- by ownership sector","All establishment sizes",9,20,21,19,148829,47895,353,572
"28087",5,"441120",78,0,2007,3,"","Lowndes County, Mississippi","Private","Used car dealers","County, NAICS 6-digit -- by ownership sector","All establishment sizes",9,18,17,18,146510,36459,206,638
"28087",5,"441120",78,0,2007,4,"","Lowndes County, Mississippi","Private","Used car dealers","County, NAICS 6-digit -- by ownership sector","All establishment sizes",8,18,21,22,155136,47013,207,587
"28087",5,4412,76,0,2007,1,"","Lowndes County, Mississippi","Private","Other motor vehicle dealers","County, NAICS 4-digit -- by ownership sector","All establishment sizes",6,22,26,27,185679,145289,641,571
"28087",5,"4412",76,0,2007,2,"","Lowndes County, Mississippi","Private","Other motor vehicle dealers","County, NAICS 4-digit -- by ownership sector","All establishment sizes",6,31,32,32,254731,73126,405,619
"28087",5,"4412",76,0,2007,3,"","Lowndes County, Mississippi","Private","Other motor vehicle dealers","County, NAICS 4-digit -- by ownership sector","All establishment sizes",6,31,35,33,259270,40607,213,604
"28087",5,"4412",76,0,2007,4,"","Lowndes County, Mississippi","Private","Other motor vehicle dealers","County, NAICS 4-digit -- by ownership sector","All establishment sizes",6,38,35,28,225018,18242,135,514
"28087",5,44121,77,0,2007,1,"N","Lowndes County, Mississippi","Private","Recreational vehicle dealers","County, NAICS 5-digit -- by ownership sector","All establishment sizes",1,0,0,0,0,0,0,0
"28087",5,"44121",77,0,2007,2,"N","Lowndes County, Mississippi","Private","Recreational vehicle dealers","County, NAICS 5-digit -- by ownership sector","All establishment sizes",1,0,0,0,0,0,0,0
"28087",5,"44121",77,0,2007,3,"N","Lowndes County, Mississippi","Private","Recreational vehicle dealers","County, NAICS 5-digit -- by ownership sector","All establishment sizes",1,0,0,0,0,0,0,0
"28087",5,"44121",77,0,2007,4,"N","Lowndes County, Mississippi","Private","Recreational vehicle dealers","County, NAICS 5-digit -- by ownership sector","All establishment sizes",1,0,0,0,0,0,0,0
"28087",5,441210,78,0,2007,1,"N","Lowndes County, Mississippi","Private","Recreational vehicle dealers","County, NAICS 6-digit -- by ownership sector","All establishment sizes",1,0,0,0,0,0,0,0
"28087",5,"441210",78,0,2007,2,"N","Lowndes County, Mississippi","Private","Recreational vehicle dealers","County, NAICS 6-digit -- by ownership sector","All establishment sizes",1,0,0,0,0,0,0,0
"28087",5,"441210",78,0,2007,3,"N","Lowndes County, Mississippi","Private","Recreational vehicle dealers","County, NAICS 6-digit -- by ownership sector","All establishment sizes",1,0,0,0,0,0,0,0
"28087",5,"441210",78,0,2007,4,"N","Lowndes County, Mississippi","Private","Recreational vehicle dealers","County, NAICS 6-digit -- by ownership sector","All establishment sizes",1,0,0,0,0,0,0,0
"28087",5,44122,77,0,2007,1,"N","Lowndes County, Mississippi","Private","Motorcycle, boat, and other vehicle dealers","County, NAICS 5-digit -- by ownership sector","All establishment sizes",5,0,0,0,0,0,0,0
"28087",5,"44122",77,0,2007,2,"N","Lowndes County, Mississippi","Private","Motorcycle, boat, and other vehicle dealers","County, NAICS 5-digit -- by ownership sector","All establishment sizes",5,0,0,0,0,0,0,0
"28087",5,"44122",77,0,2007,3,"N","Lowndes County, Mississippi","Private","Motorcycle, boat, and other vehicle dealers","County, NAICS 5-digit -- by ownership sector","All establishment sizes",5,0,0,0,0,0,0,0
"28087",5,"44122",77,0,2007,4,"N","Lowndes County, Mississippi","Private","Motorcycle, boat, and other vehicle dealers","County, NAICS 5-digit -- by ownership sector","All establishment sizes",5,0,0,0,0,0,0,0
"28087",5,441221,78,0,2007,1,"N","Lowndes County, Mississippi","Private","Motorcycle, ATV, personal watercraft dealers","County, NAICS 6-digit -- by ownership sector","All establishment sizes",1,0,0,0,0,0,0,0
"28087",5,"441221",78,0,2007,2,"N","Lowndes County, Mississippi","Private","Motorcycle, ATV, personal watercraft dealers","County, NAICS 6-digit -- by ownership sector","All establishment sizes",1,0,0,0,0,0,0,0
"28087",5,"441221",78,0,2007,3,"N","Lowndes County, Mississippi","Private","Motorcycle, ATV, personal watercraft dealers","County, NAICS 6-digit -- by ownership sector","All establishment sizes",1,0,0,0,0,0,0,0
"28087",5,"441221",78,0,2007,4,"N","Lowndes County, Mississippi","Private","Motorcycle, ATV, personal watercraft dealers","County, NAICS 6-digit -- by ownership sector","All establishment sizes",1,0,0,0,0,0,0,0
"28087",5,441222,78,0,2007,1,"N","Lowndes County, Mississippi","Private","Boat dealers","County, NAICS 6-digit -- by ownership sector","All establishment sizes",3,0,0,0,0,0,0,0
"28087",5,"441222",78,0,2007,2,"N","Lowndes County, Mississippi","Private","Boat dealers","County, NAICS 6-digit -- by ownership sector","All establishment sizes",3,0,0,0,0,0,0,0
"28087",5,"441222",78,0,2007,3,"N","Lowndes County, Mississippi","Private","Boat dealers","County, NAICS 6-digit -- by ownership sector","All establishment sizes",3,0,0,0,0,0,0,0
"28087",5,"441222",78,0,2007,4,"N","Lowndes County, Mississippi","Private","Boat dealers","County, NAICS 6-digit -- by ownership sector","All establishment sizes",3,0,0,0,0,0,0,0
"28087",5,441229,78,0,2007,1,"N","Lowndes County, Mississippi","Private","All other motor vehicle dealers","County, NAICS 6-digit -- by ownership sector","All establishment sizes",1,0,0,0,0,0,0,0
"28087",5,"441229",78,0,2007,2,"N","Lowndes County, Mississippi","Private","All other motor vehicle dealers","County, NAICS 6-digit -- by ownership sector","All establishment sizes",1,0,0,0,0,0,0,0
"28087",5,"441229",78,0,2007,3,"N","Lowndes County, Mississippi","Private","All other motor vehicle dealers","County, NAICS 6-digit -- by ownership sector","All establishment sizes",1,0,0,0,0,0,0,0
"28087",5,"441229",78,0,2007,4,"N","Lowndes County, Mississippi","Private","All other motor vehicle dealers","County, NAICS 6-digit -- by ownership sector","All establishment sizes",1,0,0,0,0,0,0,0
"28087",5,4413,76,0,2007,1,"","Lowndes County, Mississippi","Private","Auto parts, accessories, and tire stores","County, NAICS 4-digit -- by ownership sector","All establishment sizes",18,152,153,158,824652,693862,9532,411
"28087",5,"4413",76,0,2007,2,"","Lowndes County, Mississippi","Private","Auto parts, accessories, and tire stores","County, NAICS 4-digit -- by ownership sector","All establishment sizes",18,158,151,150,861989,290768,3977,433
"28087",5,"4413",76,0,2007,3,"","Lowndes County, Mississippi","Private","Auto parts, accessories, and tire stores","County, NAICS 4-digit -- by ownership sector","All establishment sizes",18,159,159,155,804417,148316,2129,392
"28087",5,"4413",76,0,2007,4,"","Lowndes County, Mississippi","Private","Auto parts, accessories, and tire stores","County, NAICS 4-digit -- by ownership sector","All establishment sizes",18,142,143,142,831034,145596,1576,449
"28087",5,44131,77,0,2007,1,"","Lowndes County, Mississippi","Private","Automotive parts and accessories stores","County, NAICS 5-digit -- by ownership sector","All establishment sizes",15,101,102,105,482082,437210,6407,361
"28087",5,"44131",77,0,2007,2,"","Lowndes County, Mississippi","Private","Automotive parts and accessories stores","County, NAICS 5-digit -- by ownership sector","All establishment sizes",15,103,96,96,502898,210952,3147,393
"28087",5,"44131",77,0,2007,3,"","Lowndes County, Mississippi","Private","Automotive parts and accessories stores","County, NAICS 5-digit -- by ownership sector","All establishment sizes",15,100,100,99,455615,102304,1648,352
"28087",5,"44131",77,0,2007,4,"","Lowndes County, Mississippi","Private","Automotive parts and accessories stores","County, NAICS 5-digit -- by ownership sector","All establishment sizes",15,95,95,95,528075,109496,1177,428
"28087",5,441310,78,0,2007,1,"","Lowndes County, Mississippi","Private","Automotive parts and accessories stores","County, NAICS 6-digit -- by ownership sector","All establishment sizes",15,101,102,105,482082,437210,6407,361
"28087",5,"441310",78,0,2007,2,"","Lowndes County, Mississippi","Private","Automotive parts and accessories stores","County, NAICS 6-digit -- by ownership sector","All establishment sizes",15,103,96,96,502898,210952,3147,393
"28087",5,"441310",78,0,2007,3,"","Lowndes County, Mississippi","Private","Automotive parts and accessories stores","County, NAICS 6-digit -- by ownership sector","All establishment sizes",15,100,100,99,455615,102304,1648,352
"28087",5,"441310",78,0,2007,4,"","Lowndes County, Mississippi","Private","Automotive parts and accessories stores","County, NAICS 6-digit -- by ownership sector","All establishment sizes",15,95,95,95,528075,109496,1177,428
"28087",5,44132,77,0,2007,1,"","Lowndes County, Mississippi","Private","Tire dealers","County, NAICS 5-digit -- by ownership sector","All establishment sizes",3,51,51,53,342570,256652,3125,510
"28087",5,"44132",77,0,2007,2,"","Lowndes County, Mississippi","Private","Tire dealers","County, NAICS 5-digit -- by ownership sector","All establishment sizes",3,55,55,54,359091,79816,830,505
"28087",5,"44132",77,0,2007,3,"","Lowndes County, Mississippi","Private","Tire dealers","County, NAICS 5-digit -- by ownership sector","All establishment sizes",3,59,59,56,348802,46012,481,463
"28087",5,"44132",77,0,2007,4,"","Lowndes County, Mississippi","Private","Tire dealers","County, NAICS 5-digit -- by ownership sector","All establishment sizes",3,47,48,47,302959,36100,399,492
"28087",5,441320,78,0,2007,1,"","Lowndes County, Mississippi","Private","Tire dealers","County, NAICS 6-digit -- by ownership sector","All establishment sizes",3,51,51,53,342570,256652,3125,510
"28087",5,"441320",78,0,2007,2,"","Lowndes County, Mississippi","Private","Tire dealers","County, NAICS 6-digit -- by ownership sector","All establishment sizes",3,55,55,54,359091,79816,830,505
"28087",5,"441320",78,0,2007,3,"","Lowndes County, Mississippi","Private","Tire dealers","County, NAICS 6-digit -- by ownership sector","All establishment sizes",3,59,59,56,348802,46012,481,463
"28087",5,"441320",78,0,2007,4,"","Lowndes County, Mississippi","Private","Tire dealers","County, NAICS 6-digit -- by ownership sector","All establishment sizes",3,47,48,47,302959,36100,399,492
"28087",5,442,75,0,2007,1,"","Lowndes County, Mississippi","Private","Furniture and home furnishings stores","County, NAICS 3-digit -- by ownership sector","All establishment sizes",21,148,149,144,849361,674918,6888,444
"28087",5,"442",75,0,2007,2,"","Lowndes County, Mississippi","Private","Furniture and home furnishings stores","County, NAICS 3-digit -- by ownership sector","All establishment sizes",21,134,134,136,695315,272336,2363,397
"28087",5,"442",75,0,2007,3,"","Lowndes County, Mississippi","Private","Furniture and home furnishings stores","County, NAICS 3-digit -- by ownership sector","All establishment sizes",21,125,130,127,730670,134242,1107,441
"28087",5,"442",75,0,2007,4,"","Lowndes County, Mississippi","Private","Furniture and home furnishings stores","County, NAICS 3-digit -- by ownership sector","All establishment sizes",20,117,127,124,677786,112214,1102,425
"28087",5,4421,76,0,2007,1,"","Lowndes County, Mississippi","Private","Furniture stores","County, NAICS 4-digit -- by ownership sector","All establishment sizes",9,81,83,82,608137,468106,5415,570
"28087",5,"4421",76,0,2007,2,"","Lowndes County, Mississippi","Private","Furniture stores","County, NAICS 4-digit -- by ownership sector","All establishment sizes",9,73,71,71,436722,166889,1702,469
"28087",5,"4421",76,0,2007,3,"","Lowndes County, Mississippi","Private","Furniture stores","County, NAICS 4-digit -- by ownership sector","All establishment sizes",9,66,66,63,467164,66826,707,553
"28087",5,"4421",76,0,2007,4,"","Lowndes County, Mississippi","Private","Furniture stores","County, NAICS 4-digit -- by ownership sector","All establishment sizes",8,55,64,64,404737,42875,595,510
"28087",5,44211,77,0,2007,1,"","Lowndes County, Mississippi","Private","Furniture stores","County, NAICS 5-digit -- by ownership sector","All establishment sizes",9,81,83,82,608137,468106,5415,570
"28087",5,"44211",77,0,2007,2,"","Lowndes County, Mississippi","Private","Furniture stores","County, NAICS 5-digit -- by ownership sector","All establishment sizes",9,73,71,71,436722,166889,1702,469
"28087",5,"44211",77,0,2007,3,"","Lowndes County, Mississippi","Private","Furniture stores","County, NAICS 5-digit -- by ownership sector","All establishment sizes",9,66,66,63,467164,66826,707,553
"28087",5,"44211",77,0,2007,4,"","Lowndes County, Mississippi","Private","Furniture stores","County, NAICS 5-digit -- by ownership sector","All establishment sizes",8,55,64,64,404737,42875,595,510
"28087",5,442110,78,0,2007,1,"","Lowndes County, Mississippi","Private","Furniture stores","County, NAICS 6-digit -- by ownership sector","All establishment sizes",9,81,83,82,608137,468106,5415,570
"28087",5,"442110",78,0,2007,2,"","Lowndes County, Mississippi","Private","Furniture stores","County, NAICS 6-digit -- by ownership sector","All establishment sizes",9,73,71,71,436722,166889,1702,469
"28087",5,"442110",78,0,2007,3,"","Lowndes County, Mississippi","Private","Furniture stores","County, NAICS 6-digit -- by ownership sector","All establishment sizes",9,66,66,63,467164,66826,707,553
"28087",5,"442110",78,0,2007,4,"","Lowndes County, Mississippi","Private","Furniture stores","County, NAICS 6-digit -- by ownership sector","All establishment sizes",8,55,64,64,404737,42875,595,510
"28087",5,4422,76,0,2007,1,"","Lowndes County, Mississippi","Private","Home furnishings stores","County, NAICS 4-digit -- by ownership sector","All establishment sizes",12,67,66,62,241224,206812,1473,285
"28087",5,"4422",76,0,2007,2,"","Lowndes County, Mississippi","Private","Home furnishings stores","County, NAICS 4-digit -- by ownership sector","All establishment sizes",12,61,63,65,258593,105447,661,316
"28087",5,"4422",76,0,2007,3,"","Lowndes County, Mississippi","Private","Home furnishings stores","County, NAICS 4-digit -- by ownership sector","All establishment sizes",12,59,64,64,263506,67416,400,325
"28087",5,"4422",76,0,2007,4,"","Lowndes County, Mississippi","Private","Home furnishings stores","County, NAICS 4-digit -- by ownership sector","All establishment sizes",12,62,63,60,273049,69339,507,341
"28087",5,44221,77,0,2007,1,"","Lowndes County, Mississippi","Private","Floor covering stores","County, NAICS 5-digit -- by ownership sector","All establishment sizes",6,27,25,23,153183,122145,769,471
"28087",5,"44221",77,0,2007,2,"","Lowndes County, Mississippi","Private","Floor covering stores","County, NAICS 5-digit -- by ownership sector","All establishment sizes",6,23,24,27,171941,49229,212,536
"28087",5,"44221",77,0,2007,3,"","Lowndes County, Mississippi","Private","Floor covering stores","County, NAICS 5-digit -- by ownership sector","All establishment sizes",6,23,25,25,171172,26413,106,541
"28087",5,"44221",77,0,2007,4,"","Lowndes County, Mississippi","Private","Floor covering stores","County, NAICS 5-digit -- by ownership sector","All establishment sizes",6,22,22,28,173491,27799,155,556
"28087",5,442210,78,0,2007,1,"","Lowndes County, Mississippi","Private","Floor covering stores","County, NAICS 6-digit -- by ownership sector","All establishment sizes",6,27,25,23,153183,122145,769,471
"28087",5,"442210",78,0,2007,2,"","Lowndes County, Mississippi","Private","Floor covering stores","County, NAICS 6-digit -- by ownership sector","All establishment sizes",6,23,24,27,171941,49229,212,536
"28087",5,"442210",78,0,2007,3,"","Lowndes County, Mississippi","Private","Floor covering stores","County, NAICS 6-digit -- by ownership sector","All establishment sizes",6,23,25,25,171172,26413,106,541
"28087",5,"442210",78,0,2007,4,"","Lowndes County, Mississippi","Private","Floor covering stores","County, NAICS 6-digit -- by ownership sector","All establishment sizes",6,22,22,28,173491,27799,155,556
"28087",5,44229,77,0,2007,1,"","Lowndes County, Mississippi","Private","Other home furnishings stores","County, NAICS 5-digit -- by ownership sector","All establishment sizes",6,40,41,39,88041,84667,704,169
"28087",5,"44229",77,0,2007,2,"","Lowndes County, Mississippi","Private","Other home furnishings stores","County, NAICS 5-digit -- by ownership sector","All establishment sizes",6,38,39,38,86652,56218,449,174
"28087",5,"44229",77,0,2007,3,"","Lowndes County, Mississippi","Private","Other home furnishings stores","County, NAICS 5-digit -- by ownership sector","All establishment sizes",6,36,39,39,92334,41003,294,187
"28087",5,"44229",77,0,2007,4,"","Lowndes County, Mississippi","Private","Other home furnishings stores","County, NAICS 5-digit -- by ownership sector","All establishment sizes",6,40,41,32,99558,41540,352,203
"28087",5,442299,78,0,2007,1,"","Lowndes County, Mississippi","Private","All other home furnishings stores","County, NAICS 6-digit -- by ownership sector","All establishment sizes",6,40,41,39,88041,84667,704,169
"28087",5,"442299",78,0,2007,2,"","Lowndes County, Mississippi","Private","All other home furnishings stores","County, NAICS 6-digit -- by ownership sector","All establishment sizes",6,38,39,38,86652,56218,449,174
"28087",5,"442299",78,0,2007,3,"","Lowndes County, Mississippi","Private","All other home furnishings stores","County, NAICS 6-digit -- by ownership sector","All establishment sizes",6,36,39,39,92334,41003,294,187
"28087",5,"442299",78,0,2007,4,"","Lowndes County, Mississippi","Private","All other home furnishings stores","County, NAICS 6-digit -- by ownership sector","All establishment sizes",6,40,41,32,99558,41540,352,203
"28087",5,443,75,0,2007,1,"","Lowndes County, Mississippi","Private","Electronics and appliance stores","County, NAICS 3-digit -- by ownership sector","All establishment sizes",14,186,187,187,1526081,980084,14053,629
"28087",5,"443",75,0,2007,2,"","Lowndes County, Mississippi","Private","Electronics and appliance stores","County, NAICS 3-digit -- by ownership sector","All establishment sizes",13,190,189,185,1646164,273397,3858,674
"28087",5,"443",75,0,2007,3,"","Lowndes County, Mississippi","Private","Electronics and appliance stores","County, NAICS 3-digit -- by ownership sector","All establishment sizes",13,184,184,188,1532345,108472,1465,636
"28087",5,"443",75,0,2007,4,"","Lowndes County, Mississippi","Private","Electronics and appliance stores","County, NAICS 3-digit -- by ownership sector","All establishment sizes",13,189,191,193,1885753,134377,1880,759
"28087",5,4431,76,0,2007,1,"","Lowndes County, Mississippi","Private","Electronics and appliance stores","County, NAICS 4-digit -- by ownership sector","All establishment sizes",14,186,187,187,1526081,980084,14053,629
"28087",5,"4431",76,0,2007,2,"","Lowndes County, Mississippi","Private","Electronics and appliance stores","County, NAICS 4-digit -- by ownership sector","All establishment sizes",13,190,189,185,1646164,273397,3858,674
"28087",5,"4431",76,0,2007,3,"","Lowndes County, Mississippi","Private","Electronics and appliance stores","County, NAICS 4-digit -- by ownership sector","All establishment sizes",13,184,184,188,1532345,108472,1465,636
"28087",5,"4431",76,0,2007,4,"","Lowndes County, Mississippi","Private","Electronics and appliance stores","County, NAICS 4-digit -- by ownership sector","All establishment sizes",13,189,191,193,1885753,134377,1880,759
"28087",5,44311,77,0,2007,1,"","Lowndes County, Mississippi","Private","Appliance, TV, and other electronics stores","County, NAICS 5-digit -- by ownership sector","All establishment sizes",10,39,37,35,230574,188309,3044,479
"28087",5,"44311",77,0,2007,2,"","Lowndes County, Mississippi","Private","Appliance, TV, and other electronics stores","County, NAICS 5-digit -- by ownership sector","All establishment sizes",9,35,35,34,242136,58779,877,537
"28087",5,"44311",77,0,2007,3,"","Lowndes County, Mississippi","Private","Appliance, TV, and other electronics stores","County, NAICS 5-digit -- by ownership sector","All establishment sizes",9,33,31,32,232334,19377,254,558
"28087",5,"44311",77,0,2007,4,"","Lowndes County, Mississippi","Private","Appliance, TV, and other electronics stores","County, NAICS 5-digit -- by ownership sector","All establishment sizes",9,36,36,38,248330,28962,466,521
"28087",5,443111,78,0,2007,1,"","Lowndes County, Mississippi","Private","Household appliance stores","County, NAICS 6-digit -- by ownership sector","All establishment sizes",4,18,18,18,106510,86395,1570,455
"28087",5,"443111",78,0,2007,2,"","Lowndes County, Mississippi","Private","Household appliance stores","County, NAICS 6-digit -- by ownership sector","All establishment sizes",4,18,18,17,118920,32042,567,518
"28087",5,"443111",78,0,2007,3,"","Lowndes County, Mississippi","Private","Household appliance stores","County, NAICS 6-digit -- by ownership sector","All establishment sizes",4,17,16,17,94172,6755,95,435
"28087",5,"443111",78,0,2007,4,"","Lowndes County, Mississippi","Private","Household appliance stores","County, NAICS 6-digit -- by ownership sector","All establishment sizes",4,20,19,20,120920,15294,297,473
"28087",5,443112,78,0,2007,1,"","Lowndes County, Mississippi","Private","Radio, TV, and other electronics stores","County, NAICS 6-digit -- by ownership sector","All establishment sizes",6,21,19,17,124064,101914,1474,502
"28087",5,"443112",78,0,2007,2,"","Lowndes County, Mississippi","Private","Radio, TV, and other electronics stores","County, NAICS 6-digit -- by ownership sector","All establishment sizes",5,17,17,17,123216,26737,310,558
"28087",5,"443112",78,0,2007,3,"","Lowndes County, Mississippi","Private","Radio, TV, and other electronics stores","County, NAICS 6-digit -- by ownership sector","All establishment sizes",5,16,15,15,138162,12622,159,693
"28087",5,"443112",78,0,2007,4,"","Lowndes County, Mississippi","Private","Radio, TV, and other electronics stores","County, NAICS 6-digit -- by ownership sector","All establishment sizes",5,16,17,18,127410,13668,169,577
"28087",5,44312,77,0,2007,1,"","Lowndes County, Mississippi","Private","Computer and software stores","County, NAICS 5-digit -- by ownership sector","All establishment sizes",4,147,150,152,1295507,791775,11009,666
"28087",5,"44312",77,0,2007,2,"","Lowndes County, Mississippi","Private","Computer and software stores","County, NAICS 5-digit -- by ownership sector","All establishment sizes",4,155,154,151,1404028,214618,2981,704
"28087",5,"44312",77,0,2007,3,"","Lowndes County, Mississippi","Private","Computer and software stores","County, NAICS 5-digit -- by ownership sector","All establishment sizes",4,151,153,156,1300011,89095,1211,652
"28087",5,"44312",77,0,2007,4,"","Lowndes County, Mississippi","Private","Computer and software stores","County, NAICS 5-digit -- by ownership sector","All establishment sizes",4,153,155,155,1637423,105415,1414,816
"28087",5,443120,78,0,2007,1,"","Lowndes County, Mississippi","Private","Computer and software stores","County, NAICS 6-digit -- by ownership sector","All establishment sizes",4,147,150,152,1295507,791775,11009,666
"28087",5,"443120",78,0,2007,2,"","Lowndes County, Mississippi","Private","Computer and software stores","County, NAICS 6-digit -- by ownership sector","All establishment sizes",4,155,154,151,1404028,214618,2981,704
"28087",5,"443120",78,0,2007,3,"","Lowndes County, Mississippi","Private","Computer and software stores","County, NAICS 6-digit -- by ownership sector","All establishment sizes",4,151,153,156,1300011,89095,1211,652
"28087",5,"443120",78,0,2007,4,"","Lowndes County, Mississippi","Private","Computer and software stores","County, NAICS 6-digit -- by ownership sector","All establishment sizes",4,153,155,155,1637423,105415,1414,816
"28087",5,444,75,0,2007,1,"","Lowndes County, Mississippi","Private","Building material and garden supply stores","County, NAICS 3-digit -- by ownership sector","All establishment sizes",20,289,281,293,1819095,1414096,11855,486
"28087",5,"444",75,0,2007,2,"","Lowndes County, Mississippi","Private","Building material and garden supply stores","County, NAICS 3-digit -- by ownership sector","All establishment sizes",21,292,290,308,1579651,503729,3705,410
"28087",5,"444",75,0,2007,3,"","Lowndes County, Mississippi","Private","Building material and garden supply stores","County, NAICS 3-digit -- by ownership sector","All establishment sizes",21,302,288,280,1741432,250341,1817,462
"28087",5,"444",75,0,2007,4,"","Lowndes County, Mississippi","Private","Building material and garden supply stores","County, NAICS 3-digit -- by ownership sector","All establishment sizes",22,274,279,273,1623975,141074,1524,454
"28087",5,4441,76,0,2007,1,"","Lowndes County, Mississippi","Private","Building material and supplies dealers","County, NAICS 4-digit -- by ownership sector","All establishment sizes",15,270,262,273,1742343,1347722,11589,499
"28087",5,"4441",76,0,2007,2,"","Lowndes County, Mississippi","Private","Building material and supplies dealers","County, NAICS 4-digit -- by ownership sector","All establishment sizes",16,270,268,285,1489355,453947,3506,418
"28087",5,"4441",76,0,2007,3,"","Lowndes County, Mississippi","Private","Building material and supplies dealers","County, NAICS 4-digit -- by ownership sector","All establishment sizes",15,283,268,261,1657198,229904,1686,471
"28087",5,"4441",76,0,2007,4,"","Lowndes County, Mississippi","Private","Building material and supplies dealers","County, NAICS 4-digit -- by ownership sector","All establishment sizes",16,253,256,253,1545448,129420,1478,468
"28087",5,44411,77,0,2007,1,"","Lowndes County, Mississippi","Private","Home centers","County, NAICS 5-digit -- by ownership sector","All establishment sizes",4,227,221,229,1518408,1154909,9804,518
"28087",5,"44411",77,0,2007,2,"","Lowndes County, Mississippi","Private","Home centers","County, NAICS 5-digit -- by ownership sector","All establishment sizes",4,225,219,238,1233811,368630,2987,417
"28087",5,"44411",77,0,2007,3,"","Lowndes County, Mississippi","Private","Home centers","County, NAICS 5-digit -- by ownership sector","All establishment sizes",4,238,218,214,1381081,189429,1456,476
"28087",5,"44411",77,0,2007,4,"","Lowndes County, Mississippi","Private","Home centers","County, NAICS 5-digit -- by ownership sector","All establishment sizes",4,207,208,205,1208183,93370,1012,450
"28087",5,444110,78,0,2007,1,"","Lowndes County, Mississippi","Private","Home centers","County, NAICS 6-digit -- by ownership sector","All establishment sizes",4,227,221,229,1518408,1154909,9804,518
"28087",5,"444110",78,0,2007,2,"","Lowndes County, Mississippi","Private","Home centers","County, NAICS 6-digit -- by ownership sector","All establishment sizes",4,225,219,238,1233811,368630,2987,417
"28087",5,"444110",78,0,2007,3,"","Lowndes County, Mississippi","Private","Home centers","County, NAICS 6-digit -- by ownership sector","All establishment sizes",4,238,218,214,1381081,189429,1456,476
"28087",5,"444110",78,0,2007,4,"","Lowndes County, Mississippi","Private","Home centers","County, NAICS 6-digit -- by ownership sector","All establishment sizes",4,207,208,205,1208183,93370,1012,450
"28087",5,44412,77,0,2007,1,"","Lowndes County, Mississippi","Private","Paint and wallpaper stores","County, NAICS 5-digit -- by ownership sector","All establishment sizes",3,12,10,12,52588,37198,149,357
"28087",5,"44412",77,0,2007,2,"","Lowndes County, Mississippi","Private","Paint and wallpaper stores","County, NAICS 5-digit -- by ownership sector","All establishment sizes",3,11,11,11,54027,20617,83,378
"28087",5,"44412",77,0,2007,3,"","Lowndes County, Mississippi","Private","Paint and wallpaper stores","County, NAICS 5-digit -- by ownership sector","All establishment sizes",3,11,11,10,56318,12073,48,406
"28087",5,"44412",77,0,2007,4,"","Lowndes County, Mississippi","Private","Paint and wallpaper stores","County, NAICS 5-digit -- by ownership sector","All establishment sizes",3,10,11,10,52640,4872,20,392
"28087",5,444120,78,0,2007,1,"","Lowndes County, Mississippi","Private","Paint and wallpaper stores","County, NAICS 6-digit -- by ownership sector","All establishment sizes",3,12,10,12,52588,37198,149,357
"28087",5,"444120",78,0,2007,2,"","Lowndes County, Mississippi","Private","Paint and wallpaper stores","County, NAICS 6-digit -- by ownership sector","All establishment sizes",3,11,11,11,54027,20617,83,378
"28087",5,"444120",78,0,2007,3,"","Lowndes County, Mississippi","Private","Paint and wallpaper stores","County, NAICS 6-digit -- by ownership sector","All establishment sizes",3,11,11,10,56318,12073,48,406
"28087",5,"444120",78,0,2007,4,"","Lowndes County, Mississippi","Private","Paint and wallpaper stores","County, NAICS 6-digit -- by ownership sector","All establishment sizes",3,10,11,10,52640,4872,20,392
"28087",5,44413,77,0,2007,1,"","Lowndes County, Mississippi","Private","Hardware stores","County, NAICS 5-digit -- by ownership sector","All establishment sizes",4,17,18,17,93936,81254,412,417
"28087",5,"44413",77,0,2007,2,"","Lowndes County, Mississippi","Private","Hardware stores","County, NAICS 5-digit -- by ownership sector","All establishment sizes",4,19,19,18,96896,26176,122,399
"28087",5,"44413",77,0,2007,3,"","Lowndes County, Mississippi","Private","Hardware stores","County, NAICS 5-digit -- by ownership sector","All establishment sizes",4,18,19,18,100319,15598,80,421
"28087",5,"44413",77,0,2007,4,"","Lowndes County, Mississippi","Private","Hardware stores","County, NAICS 5-digit -- by ownership sector","All establishment sizes",4,15,15,15,96405,7815,49,494
"28087",5,444130,78,0,2007,1,"","Lowndes County, Mississippi","Private","Hardware stores","County, NAICS 6-digit -- by ownership sector","All establishment sizes",4,17,18,17,93936,81254,412,417
"28087",5,"444130",78,0,2007,2,"","Lowndes County, Mississippi","Private","Hardware stores","County, NAICS 6-digit -- by ownership sector","All establishment sizes",4,19,19,18,96896,26176,122,399
"28087",5,"444130",78,0,2007,3,"","Lowndes County, Mississippi","Private","Hardware stores","County, NAICS 6-digit -- by ownership sector","All establishment sizes",4,18,19,18,100319,15598,80,421
"28087",5,"444130",78,0,2007,4,"","Lowndes County, Mississippi","Private","Hardware stores","County, NAICS 6-digit -- by ownership sector","All establishment sizes",4,15,15,15,96405,7815,49,494
"28087",5,44419,77,0,2007,1,"","Lowndes County, Mississippi","Private","Other building material dealers","County, NAICS 5-digit -- by ownership sector","All establishment sizes",4,14,13,15,77411,74361,1224,425
"28087",5,"44419",77,0,2007,2,"","Lowndes County, Mississippi","Private","Other building material dealers","County, NAICS 5-digit -- by ownership sector","All establishment sizes",5,15,19,18,104621,38524,314,464
"28087",5,"44419",77,0,2007,3,"","Lowndes County, Mississippi","Private","Other building material dealers","County, NAICS 5-digit -- by ownership sector","All establishment sizes",4,16,20,19,119480,12804,102,501
"28087",5,"44419",77,0,2007,4,"","Lowndes County, Mississippi","Private","Other building material dealers","County, NAICS 5-digit -- by ownership sector","All establishment sizes",5,21,22,23,188220,23363,397,658
"28087",5,444190,78,0,2007,1,"","Lowndes County, Mississippi","Private","Other building material dealers","County, NAICS 6-digit -- by ownership sector","All establishment sizes",4,14,13,15,77411,74361,1224,425
"28087",5,"444190",78,0,2007,2,"","Lowndes County, Mississippi","Private","Other building material dealers","County, NAICS 6-digit -- by ownership sector","All establishment sizes",5,15,19,18,104621,38524,314,464
"28087",5,"444190",78,0,2007,3,"","Lowndes County, Mississippi","Private","Other building material dealers","County, NAICS 6-digit -- by ownership sector","All establishment sizes",4,16,20,19,119480,12804,102,501
"28087",5,"444190",78,0,2007,4,"","Lowndes County, Mississippi","Private","Other building material dealers","County, NAICS 6-digit -- by ownership sector","All establishment sizes",5,21,22,23,188220,23363,397,658
"28087",5,4442,76,0,2007,1,"","Lowndes County, Mississippi","Private","Lawn and garden equipment and supplies stores","County, NAICS 4-digit -- by ownership sector","All establishment sizes",5,19,19,20,76752,66374,266,305
"28087",5,"4442",76,0,2007,2,"","Lowndes County, Mississippi","Private","Lawn and garden equipment and supplies stores","County, NAICS 4-digit -- by ownership sector","All establishment sizes",5,22,22,23,90296,49782,199,311
"28087",5,"4442",76,0,2007,3,"","Lowndes County, Mississippi","Private","Lawn and garden equipment and supplies stores","County, NAICS 4-digit -- by ownership sector","All establishment sizes",6,19,20,19,84234,20437,131,335
"28087",5,"4442",76,0,2007,4,"","Lowndes County, Mississippi","Private","Lawn and garden equipment and supplies stores","County, NAICS 4-digit -- by ownership sector","All establishment sizes",6,21,23,20,78527,11654,46,283
"28087",5,44421,77,0,2007,1,"N","Lowndes County, Mississippi","Private","Outdoor power equipment stores","County, NAICS 5-digit -- by ownership sector","All establishment sizes",2,0,0,0,0,0,0,0
"28087",5,"44421",77,0,2007,2,"N","Lowndes County, Mississippi","Private","Outdoor power equipment stores","County, NAICS 5-digit -- by ownership sector","All establishment sizes",2,0,0,0,0,0,0,0
"28087",5,"44421",77,0,2007,3,"N","Lowndes County, Mississippi","Private","Outdoor power equipment stores","County, NAICS 5-digit -- by ownership sector","All establishment sizes",2,0,0,0,0,0,0,0
"28087",5,"44421",77,0,2007,4,"N","Lowndes County, Mississippi","Private","Outdoor power equipment stores","County, NAICS 5-digit -- by ownership sector","All establishment sizes",2,0,0,0,0,0,0,0
"28087",5,444210,78,0,2007,1,"N","Lowndes County, Mississippi","Private","Outdoor power equipment stores","County, NAICS 6-digit -- by ownership sector","All establishment sizes",2,0,0,0,0,0,0,0
"28087",5,"444210",78,0,2007,2,"N","Lowndes County, Mississippi","Private","Outdoor power equipment stores","County, NAICS 6-digit -- by ownership sector","All establishment sizes",2,0,0,0,0,0,0,0
"28087",5,"444210",78,0,2007,3,"N","Lowndes County, Mississippi","Private","Outdoor power equipment stores","County, NAICS 6-digit -- by ownership sector","All establishment sizes",2,0,0,0,0,0,0,0
"28087",5,"444210",78,0,2007,4,"N","Lowndes County, Mississippi","Private","Outdoor power equipment stores","County, NAICS 6-digit -- by ownership sector","All establishment sizes",2,0,0,0,0,0,0,0
"28087",5,44422,77,0,2007,1,"N","Lowndes County, Mississippi","Private","Nursery, garden, and farm supply stores","County, NAICS 5-digit -- by ownership sector","All establishment sizes",3,0,0,0,0,0,0,0
"28087",5,"44422",77,0,2007,2,"N","Lowndes County, Mississippi","Private","Nursery, garden, and farm supply stores","County, NAICS 5-digit -- by ownership sector","All establishment sizes",3,0,0,0,0,0,0,0
"28087",5,"44422",77,0,2007,3,"N","Lowndes County, Mississippi","Private","Nursery, garden, and farm supply stores","County, NAICS 5-digit -- by ownership sector","All establishment sizes",4,0,0,0,0,0,0,0
"28087",5,"44422",77,0,2007,4,"N","Lowndes County, Mississippi","Private","Nursery, garden, and farm supply stores","County, NAICS 5-digit -- by ownership sector","All establishment sizes",4,0,0,0,0,0,0,0
"28087",5,444220,78,0,2007,1,"N","Lowndes County, Mississippi","Private","Nursery, garden, and farm supply stores","County, NAICS 6-digit -- by ownership sector","All establishment sizes",3,0,0,0,0,0,0,0
"28087",5,"444220",78,0,2007,2,"N","Lowndes County, Mississippi","Private","Nursery, garden, and farm supply stores","County, NAICS 6-digit -- by ownership sector","All establishment sizes",3,0,0,0,0,0,0,0
"28087",5,"444220",78,0,2007,3,"N","Lowndes County, Mississippi","Private","Nursery, garden, and farm supply stores","County, NAICS 6-digit -- by ownership sector","All establishment sizes",4,0,0,0,0,0,0,0
"28087",5,"444220",78,0,2007,4,"N","Lowndes County, Mississippi","Private","Nursery, garden, and farm supply stores","County, NAICS 6-digit -- by ownership sector","All establishment sizes",4,0,0,0,0,0,0,0
"28087",5,445,75,0,2007,1,"","Lowndes County, Mississippi","Private","Food and beverage stores","County, NAICS 3-digit -- by ownership sector","All establishment sizes",35,435,443,437,1780085,1464899,18802,312
"28087",5,"445",75,0,2007,2,"","Lowndes County, Mississippi","Private","Food and beverage stores","County, NAICS 3-digit -- by ownership sector","All establishment sizes",36,431,446,454,1852822,787923,10453,321
"28087",5,"445",75,0,2007,3,"","Lowndes County, Mississippi","Private","Food and beverage stores","County, NAICS 3-digit -- by ownership sector","All establishment sizes",38,438,437,448,1835456,513975,6380,320
"28087",5,"445",75,0,2007,4,"","Lowndes County, Mississippi","Private","Food and beverage stores","County, NAICS 3-digit -- by ownership sector","All establishment sizes",36,424,422,423,1863330,378243,4845,339
"28087",5,4451,76,0,2007,1,"","Lowndes County, Mississippi","Private","Grocery stores","County, NAICS 4-digit -- by ownership sector","All establishment sizes",16,392,397,391,1536609,1266601,16940,301
"28087",5,"4451",76,0,2007,2,"","Lowndes County, Mississippi","Private","Grocery stores","County, NAICS 4-digit -- by ownership sector","All establishment sizes",18,384,400,412,1598428,710593,9451,308
"28087",5,"4451",76,0,2007,3,"","Lowndes County, Mississippi","Private","Grocery stores","County, NAICS 4-digit -- by ownership sector","All establishment sizes",18,392,391,401,1580094,473044,5697,308
"28087",5,"4451",76,0,2007,4,"","Lowndes County, Mississippi","Private","Grocery stores","County, NAICS 4-digit -- by ownership sector","All establishment sizes",16,382,378,377,1555568,346228,4416,316
"28087",5,44511,77,0,2007,1,"N","Lowndes County, Mississippi","Private","Supermarkets and other grocery stores","County, NAICS 5-digit -- by ownership sector","All establishment sizes",15,0,0,0,0,0,0,0
"28087",5,"44511",77,0,2007,2,"N","Lowndes County, Mississippi","Private","Supermarkets and other grocery stores","County, NAICS 5-digit -- by ownership sector","All establishment sizes",16,0,0,0,0,0,0,0
"28087",5,"44511",77,0,2007,3,"N","Lowndes County, Mississippi","Private","Supermarkets and other grocery stores","County, NAICS 5-digit -- by ownership sector","All establishment sizes",16,0,0,0,0,0,0,0
"28087",5,"44511",77,0,2007,4,"N","Lowndes County, Mississippi","Private","Supermarkets and other grocery stores","County, NAICS 5-digit -- by ownership sector","All establishment sizes",15,0,0,0,0,0,0,0
"28087",5,445110,78,0,2007,1,"N","Lowndes County, Mississippi","Private","Supermarkets and other grocery stores","County, NAICS 6-digit -- by ownership sector","All establishment sizes",15,0,0,0,0,0,0,0
"28087",5,"445110",78,0,2007,2,"N","Lowndes County, Mississippi","Private","Supermarkets and other grocery stores","County, NAICS 6-digit -- by ownership sector","All establishment sizes",16,0,0,0,0,0,0,0
"28087",5,"445110",78,0,2007,3,"N","Lowndes County, Mississippi","Private","Supermarkets and other grocery stores","County, NAICS 6-digit -- by ownership sector","All establishment sizes",16,0,0,0,0,0,0,0
"28087",5,"445110",78,0,2007,4,"N","Lowndes County, Mississippi","Private","Supermarkets and other grocery stores","County, NAICS 6-digit -- by ownership sector","All establishment sizes",15,0,0,0,0,0,0,0
"28087",5,44512,77,0,2007,1,"N","Lowndes County, Mississippi","Private","Convenience stores","County, NAICS 5-digit -- by ownership sector","All establishment sizes",1,0,0,0,0,0,0,0
"28087",5,"44512",77,0,2007,2,"N","Lowndes County, Mississippi","Private","Convenience stores","County, NAICS 5-digit -- by ownership sector","All establishment sizes",2,0,0,0,0,0,0,0
"28087",5,"44512",77,0,2007,3,"N","Lowndes County, Mississippi","Private","Convenience stores","County, NAICS 5-digit -- by ownership sector","All establishment sizes",2,0,0,0,0,0,0,0
"28087",5,"44512",77,0,2007,4,"N","Lowndes County, Mississippi","Private","Convenience stores","County, NAICS 5-digit -- by ownership sector","All establishment sizes",1,0,0,0,0,0,0,0
"28087",5,445120,78,0,2007,1,"N","Lowndes County, Mississippi","Private","Convenience stores","County, NAICS 6-digit -- by ownership sector","All establishment sizes",1,0,0,0,0,0,0,0
"28087",5,"445120",78,0,2007,2,"N","Lowndes County, Mississippi","Private","Convenience stores","County, NAICS 6-digit -- by ownership sector","All establishment sizes",2,0,0,0,0,0,0,0
"28087",5,"445120",78,0,2007,3,"N","Lowndes County, Mississippi","Private","Convenience stores","County, NAICS 6-digit -- by ownership sector","All establishment sizes",2,0,0,0,0,0,0,0
"28087",5,"445120",78,0,2007,4,"N","Lowndes County, Mississippi","Private","Convenience stores","County, NAICS 6-digit -- by ownership sector","All establishment sizes",1,0,0,0,0,0,0,0
"28087",5,4452,76,0,2007,1,"","Lowndes County, Mississippi","Private","Specialty food stores","County, NAICS 4-digit -- by ownership sector","All establishment sizes",6,25,25,25,154695,118890,1099,476
"28087",5,"4452",76,0,2007,2,"","Lowndes County, Mississippi","Private","Specialty food stores","County, NAICS 4-digit -- by ownership sector","All establishment sizes",6,23,24,20,158644,25234,217,546
"28087",5,"4452",76,0,2007,3,"","Lowndes County, Mississippi","Private","Specialty food stores","County, NAICS 4-digit -- by ownership sector","All establishment sizes",6,23,22,23,155804,7243,102,529
"28087",5,"4452",76,0,2007,4,"","Lowndes County, Mississippi","Private","Specialty food stores","County, NAICS 4-digit -- by ownership sector","All establishment sizes",6,21,23,24,162787,7688,68,552
"28087",5,44521,77,0,2007,1,"N","Lowndes County, Mississippi","Private","Meat markets","County, NAICS 5-digit -- by ownership sector","All establishment sizes",2,0,0,0,0,0,0,0
"28087",5,"44521",77,0,2007,2,"N","Lowndes County, Mississippi","Private","Meat markets","County, NAICS 5-digit -- by ownership sector","All establishment sizes",2,0,0,0,0,0,0,0
"28087",5,"44521",77,0,2007,3,"N","Lowndes County, Mississippi","Private","Meat markets","County, NAICS 5-digit -- by ownership sector","All establishment sizes",2,0,0,0,0,0,0,0
"28087",5,"44521",77,0,2007,4,"N","Lowndes County, Mississippi","Private","Meat markets","County, NAICS 5-digit -- by ownership sector","All establishment sizes",2,0,0,0,0,0,0,0
"28087",5,445210,78,0,2007,1,"N","Lowndes County, Mississippi","Private","Meat markets","County, NAICS 6-digit -- by ownership sector","All establishment sizes",2,0,0,0,0,0,0,0
"28087",5,"445210",78,0,2007,2,"N","Lowndes County, Mississippi","Private","Meat markets","County, NAICS 6-digit -- by ownership sector","All establishment sizes",2,0,0,0,0,0,0,0
"28087",5,"445210",78,0,2007,3,"N","Lowndes County, Mississippi","Private","Meat markets","County, NAICS 6-digit -- by ownership sector","All establishment sizes",2,0,0,0,0,0,0,0
"28087",5,"445210",78,0,2007,4,"N","Lowndes County, Mississippi","Private","Meat markets","County, NAICS 6-digit -- by ownership sector","All establishment sizes",2,0,0,0,0,0,0,0
"28087",5,44522,77,0,2007,1,"N","Lowndes County, Mississippi","Private","Fish and seafood markets","County, NAICS 5-digit -- by ownership sector","All establishment sizes",1,0,0,0,0,0,0,0
"28087",5,"44522",77,0,2007,2,"N","Lowndes County, Mississippi","Private","Fish and seafood markets","County, NAICS 5-digit -- by ownership sector","All establishment sizes",1,0,0,0,0,0,0,0
"28087",5,"44522",77,0,2007,3,"N","Lowndes County, Mississippi","Private","Fish and seafood markets","County, NAICS 5-digit -- by ownership sector","All establishment sizes",1,0,0,0,0,0,0,0
"28087",5,"44522",77,0,2007,4,"N","Lowndes County, Mississippi","Private","Fish and seafood markets","County, NAICS 5-digit -- by ownership sector","All establishment sizes",1,0,0,0,0,0,0,0
"28087",5,445220,78,0,2007,1,"N","Lowndes County, Mississippi","Private","Fish and seafood markets","County, NAICS 6-digit -- by ownership sector","All establishment sizes",1,0,0,0,0,0,0,0
"28087",5,"445220",78,0,2007,2,"N","Lowndes County, Mississippi","Private","Fish and seafood markets","County, NAICS 6-digit -- by ownership sector","All establishment sizes",1,0,0,0,0,0,0,0
"28087",5,"445220",78,0,2007,3,"N","Lowndes County, Mississippi","Private","Fish and seafood markets","County, NAICS 6-digit -- by ownership sector","All establishment sizes",1,0,0,0,0,0,0,0
"28087",5,"445220",78,0,2007,4,"N","Lowndes County, Mississippi","Private","Fish and seafood markets","County, NAICS 6-digit -- by ownership sector","All establishment sizes",1,0,0,0,0,0,0,0
"28087",5,44529,77,0,2007,1,"","Lowndes County, Mississippi","Private","Other specialty food stores","County, NAICS 5-digit -- by ownership sector","All establishment sizes",3,22,22,22,147401,111596,1021,515
"28087",5,"44529",77,0,2007,2,"N","Lowndes County, Mississippi","Private","Other specialty food stores","County, NAICS 5-digit -- by ownership sector","All establishment sizes",3,0,0,0,0,0,0,0
"28087",5,"44529",77,0,2007,3,"","Lowndes County, Mississippi","Private","Other specialty food stores","County, NAICS 5-digit -- by ownership sector","All establishment sizes",3,20,19,20,148751,4779,49,582
"28087",5,"44529",77,0,2007,4,"N","Lowndes County, Mississippi","Private","Other specialty food stores","County, NAICS 5-digit -- by ownership sector","All establishment sizes",3,0,0,0,0,0,0,0
"28087",5,445291,78,0,2007,1,"N","Lowndes County, Mississippi","Private","Baked goods stores","County, NAICS 6-digit -- by ownership sector","All establishment sizes",1,0,0,0,0,0,0,0
"28087",5,"445291",78,0,2007,2,"N","Lowndes County, Mississippi","Private","Baked goods stores","County, NAICS 6-digit -- by ownership sector","All establishment sizes",1,0,0,0,0,0,0,0
"28087",5,"445291",78,0,2007,3,"N","Lowndes County, Mississippi","Private","Baked goods stores","County, NAICS 6-digit -- by ownership sector","All establishment sizes",1,0,0,0,0,0,0,0
"28087",5,"445291",78,0,2007,4,"N","Lowndes County, Mississippi","Private","Baked goods stores","County, NAICS 6-digit -- by ownership sector","All establishment sizes",1,0,0,0,0,0,0,0
"28087",5,445299,78,0,2007,1,"N","Lowndes County, Mississippi","Private","All other specialty food stores","County, NAICS 6-digit -- by ownership sector","All establishment sizes",2,0,0,0,0,0,0,0
"28087",5,"445299",78,0,2007,2,"N","Lowndes County, Mississippi","Private","All other specialty food stores","County, NAICS 6-digit -- by ownership sector","All establishment sizes",2,0,0,0,0,0,0,0
"28087",5,"445299",78,0,2007,3,"N","Lowndes County, Mississippi","Private","All other specialty food stores","County, NAICS 6-digit -- by ownership sector","All establishment sizes",2,0,0,0,0,0,0,0
"28087",5,"445299",78,0,2007,4,"N","Lowndes County, Mississippi","Private","All other specialty food stores","County, NAICS 6-digit -- by ownership sector","All establishment sizes",2,0,0,0,0,0,0,0
"28087",5,4453,76,0,2007,1,"","Lowndes County, Mississippi","Private","Beer, wine, and liquor stores","County, NAICS 4-digit -- by ownership sector","All establishment sizes",13,18,21,21,88781,79408,763,341
"28087",5,"4453",76,0,2007,2,"","Lowndes County, Mississippi","Private","Beer, wine, and liquor stores","County, NAICS 4-digit -- by ownership sector","All establishment sizes",12,24,22,22,95750,52096,785,325
"28087",5,"4453",76,0,2007,3,"","Lowndes County, Mississippi","Private","Beer, wine, and liquor stores","County, NAICS 4-digit -- by ownership sector","All establishment sizes",14,23,24,24,99558,33688,581,324
"28087",5,"4453",76,0,2007,4,"","Lowndes County, Mississippi","Private","Beer, wine, and liquor stores","County, NAICS 4-digit -- by ownership sector","All establishment sizes",14,21,21,22,144975,24327,361,523
"28087",5,44531,77,0,2007,1,"","Lowndes County, Mississippi","Private","Beer, wine, and liquor stores","County, NAICS 5-digit -- by ownership sector","All establishment sizes",13,18,21,21,88781,79408,763,341
"28087",5,"44531",77,0,2007,2,"","Lowndes County, Mississippi","Private","Beer, wine, and liquor stores","County, NAICS 5-digit -- by ownership sector","All establishment sizes",12,24,22,22,95750,52096,785,325
"28087",5,"44531",77,0,2007,3,"","Lowndes County, Mississippi","Private","Beer, wine, and liquor stores","County, NAICS 5-digit -- by ownership sector","All establishment sizes",14,23,24,24,99558,33688,581,324
"28087",5,"44531",77,0,2007,4,"","Lowndes County, Mississippi","Private","Beer, wine, and liquor stores","County, NAICS 5-digit -- by ownership sector","All establishment sizes",14,21,21,22,144975,24327,361,523
"28087",5,445310,78,0,2007,1,"","Lowndes County, Mississippi","Private","Beer, wine, and liquor stores","County, NAICS 6-digit -- by ownership sector","All establishment sizes",13,18,21,21,88781,79408,763,341
"28087",5,"445310",78,0,2007,2,"","Lowndes County, Mississippi","Private","Beer, wine, and liquor stores","County, NAICS 6-digit -- by ownership sector","All establishment sizes",12,24,22,22,95750,52096,785,325
"28087",5,"445310",78,0,2007,3,"","Lowndes County, Mississippi","Private","Beer, wine, and liquor stores","County, NAICS 6-digit -- by ownership sector","All establishment sizes",14,23,24,24,99558,33688,581,324
"28087",5,"445310",78,0,2007,4,"","Lowndes County, Mississippi","Private","Beer, wine, and liquor stores","County, NAICS 6-digit -- by ownership sector","All establishment sizes",14,21,21,22,144975,24327,361,523
"28087",5,446,75,0,2007,1,"","Lowndes County, Mississippi","Private","Health and personal care stores","County, NAICS 3-digit -- by ownership sector","All establishment sizes",25,221,225,224,1578468,932618,10460,544
"28087",5,"446",75,0,2007,2,"","Lowndes County, Mississippi","Private","Health and personal care stores","County, NAICS 3-digit -- by ownership sector","All establishment sizes",26,213,218,213,1649592,398520,4032,591
"28087",5,"446",75,0,2007,3,"","Lowndes County, Mississippi","Private","Health and personal care stores","County, NAICS 3-digit -- by ownership sector","All establishment sizes",27,220,211,209,1777067,288509,2513,641
"28087",5,"446",75,0,2007,4,"","Lowndes County, Mississippi","Private","Health and personal care stores","County, NAICS 3-digit -- by ownership sector","All establishment sizes",24,204,209,222,1772429,159029,1839,644
"28087",5,4461,76,0,2007,1,"","Lowndes County, Mississippi","Private","Health and personal care stores","County, NAICS 4-digit -- by ownership sector","All establishment sizes",25,221,225,224,1578468,932618,10460,544
"28087",5,"4461",76,0,2007,2,"","Lowndes County, Mississippi","Private","Health and personal care stores","County, NAICS 4-digit -- by ownership sector","All establishment sizes",26,213,218,213,1649592,398520,4032,591
"28087",5,"4461",76,0,2007,3,"","Lowndes County, Mississippi","Private","Health and personal care stores","County, NAICS 4-digit -- by ownership sector","All establishment sizes",27,220,211,209,1777067,288509,2513,641
"28087",5,"4461",76,0,2007,4,"","Lowndes County, Mississippi","Private","Health and personal care stores","County, NAICS 4-digit -- by ownership sector","All establishment sizes",24,204,209,222,1772429,159029,1839,644
"28087",5,44611,77,0,2007,1,"","Lowndes County, Mississippi","Private","Pharmacies and drug stores","County, NAICS 5-digit -- by ownership sector","All establishment sizes",13,165,170,169,1314243,738549,9137,602
"28087",5,"44611",77,0,2007,2,"","Lowndes County, Mississippi","Private","Pharmacies and drug stores","County, NAICS 5-digit -- by ownership sector","All establishment sizes",13,164,165,165,1362142,318931,3452,636
"28087",5,"44611",77,0,2007,3,"","Lowndes County, Mississippi","Private","Pharmacies and drug stores","County, NAICS 5-digit -- by ownership sector","All establishment sizes",14,170,166,164,1569877,248600,2162,725
"28087",5,"44611",77,0,2007,4,"","Lowndes County, Mississippi","Private","Pharmacies and drug stores","County, NAICS 5-digit -- by ownership sector","All establishment sizes",13,158,161,169,1580960,128208,1528,748
"28087",5,446110,78,0,2007,1,"","Lowndes County, Mississippi","Private","Pharmacies and drug stores","County, NAICS 6-digit -- by ownership sector","All establishment sizes",13,165,170,169,1314243,738549,9137,602
"28087",5,"446110",78,0,2007,2,"","Lowndes County, Mississippi","Private","Pharmacies and drug stores","County, NAICS 6-digit -- by ownership sector","All establishment sizes",13,164,165,165,1362142,318931,3452,636
"28087",5,"446110",78,0,2007,3,"","Lowndes County, Mississippi","Private","Pharmacies and drug stores","County, NAICS 6-digit -- by ownership sector","All establishment sizes",14,170,166,164,1569877,248600,2162,725
"28087",5,"446110",78,0,2007,4,"","Lowndes County, Mississippi","Private","Pharmacies and drug stores","County, NAICS 6-digit -- by ownership sector","All establishment sizes",13,158,161,169,1580960,128208,1528,748
"28087",5,44612,77,0,2007,1,"","Lowndes County, Mississippi","Private","Cosmetic and beauty supply stores","County, NAICS 5-digit -- by ownership sector","All establishment sizes",7,37,38,35,99503,92851,900,209
"28087",5,"44612",77,0,2007,2,"","Lowndes County, Mississippi","Private","Cosmetic and beauty supply stores","County, NAICS 5-digit -- by ownership sector","All establishment sizes",7,29,34,29,78892,53622,461,198
"28087",5,"44612",77,0,2007,3,"","Lowndes County, Mississippi","Private","Cosmetic and beauty supply stores","County, NAICS 5-digit -- by ownership sector","All establishment sizes",7,32,27,27,86545,32629,322,232
"28087",5,"44612",77,0,2007,4,"","Lowndes County, Mississippi","Private","Cosmetic and beauty supply stores","County, NAICS 5-digit -- by ownership sector","All establishment sizes",6,28,29,34,75571,27316,297,192
"28087",5,446120,78,0,2007,1,"","Lowndes County, Mississippi","Private","Cosmetic and beauty supply stores","County, NAICS 6-digit -- by ownership sector","All establishment sizes",7,37,38,35,99503,92851,900,209
"28087",5,"446120",78,0,2007,2,"","Lowndes County, Mississippi","Private","Cosmetic and beauty supply stores","County, NAICS 6-digit -- by ownership sector","All establishment sizes",7,29,34,29,78892,53622,461,198
"28087",5,"446120",78,0,2007,3,"","Lowndes County, Mississippi","Private","Cosmetic and beauty supply stores","County, NAICS 6-digit -- by ownership sector","All establishment sizes",7,32,27,27,86545,32629,322,232
"28087",5,"446120",78,0,2007,4,"","Lowndes County, Mississippi","Private","Cosmetic and beauty supply stores","County, NAICS 6-digit -- by ownership sector","All establishment sizes",6,28,29,34,75571,27316,297,192
"28087",5,44613,77,0,2007,1,"N","Lowndes County, Mississippi","Private","Optical goods stores","County, NAICS 5-digit -- by ownership sector","All establishment sizes",1,0,0,0,0,0,0,0
"28087",5,"44613",77,0,2007,2,"N","Lowndes County, Mississippi","Private","Optical goods stores","County, NAICS 5-digit -- by ownership sector","All establishment sizes",1,0,0,0,0,0,0,0
"28087",5,"44613",77,0,2007,3,"N","Lowndes County, Mississippi","Private","Optical goods stores","County, NAICS 5-digit -- by ownership sector","All establishment sizes",1,0,0,0,0,0,0,0
"28087",5,"44613",77,0,2007,4,"N","Lowndes County, Mississippi","Private","Optical goods stores","County, NAICS 5-digit -- by ownership sector","All establishment sizes",1,0,0,0,0,0,0,0
"28087",5,446130,78,0,2007,1,"N","Lowndes County, Mississippi","Private","Optical goods stores","County, NAICS 6-digit -- by ownership sector","All establishment sizes",1,0,0,0,0,0,0,0
"28087",5,"446130",78,0,2007,2,"N","Lowndes County, Mississippi","Private","Optical goods stores","County, NAICS 6-digit -- by ownership sector","All establishment sizes",1,0,0,0,0,0,0,0
"28087",5,"446130",78,0,2007,3,"N","Lowndes County, Mississippi","Private","Optical goods stores","County, NAICS 6-digit -- by ownership sector","All establishment sizes",1,0,0,0,0,0,0,0
"28087",5,"446130",78,0,2007,4,"N","Lowndes County, Mississippi","Private","Optical goods stores","County, NAICS 6-digit -- by ownership sector","All establishment sizes",1,0,0,0,0,0,0,0
"28087",5,44619,77,0,2007,1,"N","Lowndes County, Mississippi","Private","Other health and personal care stores","County, NAICS 5-digit -- by ownership sector","All establishment sizes",4,0,0,0,0,0,0,0
"28087",5,"44619",77,0,2007,2,"N","Lowndes County, Mississippi","Private","Other health and personal care stores","County, NAICS 5-digit -- by ownership sector","All establishment sizes",5,0,0,0,0,0,0,0
"28087",5,"44619",77,0,2007,3,"N","Lowndes County, Mississippi","Private","Other health and personal care stores","County, NAICS 5-digit -- by ownership sector","All establishment sizes",5,0,0,0,0,0,0,0
"28087",5,"44619",77,0,2007,4,"N","Lowndes County, Mississippi","Private","Other health and personal care stores","County, NAICS 5-digit -- by ownership sector","All establishment sizes",4,0,0,0,0,0,0,0
"28087",5,446191,78,0,2007,1,"N","Lowndes County, Mississippi","Private","Food, health, supplement stores","County, NAICS 6-digit -- by ownership sector","All establishment sizes",2,0,0,0,0,0,0,0
"28087",5,"446191",78,0,2007,2,"N","Lowndes County, Mississippi","Private","Food, health, supplement stores","County, NAICS 6-digit -- by ownership sector","All establishment sizes",3,0,0,0,0,0,0,0
"28087",5,"446191",78,0,2007,3,"N","Lowndes County, Mississippi","Private","Food, health, supplement stores","County, NAICS 6-digit -- by ownership sector","All establishment sizes",3,0,0,0,0,0,0,0
"28087",5,"446191",78,0,2007,4,"N","Lowndes County, Mississippi","Private","Food, health, supplement stores","County, NAICS 6-digit -- by ownership sector","All establishment sizes",2,0,0,0,0,0,0,0
"28087",5,446199,78,0,2007,1,"N","Lowndes County, Mississippi","Private","All other health and personal care stores","County, NAICS 6-digit -- by ownership sector","All establishment sizes",2,0,0,0,0,0,0,0
"28087",5,"446199",78,0,2007,2,"N","Lowndes County, Mississippi","Private","All other health and personal care stores","County, NAICS 6-digit -- by ownership sector","All establishment sizes",2,0,0,0,0,0,0,0
"28087",5,"446199",78,0,2007,3,"N","Lowndes County, Mississippi","Private","All other health and personal care stores","County, NAICS 6-digit -- by ownership sector","All establishment sizes",2,0,0,0,0,0,0,0
"28087",5,"446199",78,0,2007,4,"N","Lowndes County, Mississippi","Private","All other health and personal care stores","County, NAICS 6-digit -- by ownership sector","All establishment sizes",2,0,0,0,0,0,0,0
"28087",5,447,75,0,2007,1,"","Lowndes County, Mississippi","Private","Gasoline stations","County, NAICS 3-digit -- by ownership sector","All establishment sizes",49,344,356,377,1372760,1220955,17512,294
"28087",5,"447",75,0,2007,2,"","Lowndes County, Mississippi","Private","Gasoline stations","County, NAICS 3-digit -- by ownership sector","All establishment sizes",49,406,416,419,1383136,828611,11984,257
"28087",5,"447",75,0,2007,3,"","Lowndes County, Mississippi","Private","Gasoline stations","County, NAICS 3-digit -- by ownership sector","All establishment sizes",48,398,407,407,1399319,530592,7941,266
"28087",5,"447",75,0,2007,4,"","Lowndes County, Mississippi","Private","Gasoline stations","County, NAICS 3-digit -- by ownership sector","All establishment sizes",48,401,397,394,1302738,378211,5065,252
"28087",5,4471,76,0,2007,1,"","Lowndes County, Mississippi","Private","Gasoline stations","County, NAICS 4-digit -- by ownership sector","All establishment sizes",49,344,356,377,1372760,1220955,17512,294
"28087",5,"4471",76,0,2007,2,"","Lowndes County, Mississippi","Private","Gasoline stations","County, NAICS 4-digit -- by ownership sector","All establishment sizes",49,406,416,419,1383136,828611,11984,257
"28087",5,"4471",76,0,2007,3,"","Lowndes County, Mississippi","Private","Gasoline stations","County, NAICS 4-digit -- by ownership sector","All establishment sizes",48,398,407,407,1399319,530592,7941,266
"28087",5,"4471",76,0,2007,4,"","Lowndes County, Mississippi","Private","Gasoline stations","County, NAICS 4-digit -- by ownership sector","All establishment sizes",48,401,397,394,1302738,378211,5065,252
"28087",5,44711,77,0,2007,1,"","Lowndes County, Mississippi","Private","Gasoline stations with convenience stores","County, NAICS 5-digit -- by ownership sector","All establishment sizes",49,344,356,377,1372760,1220955,17512,294
"28087",5,"44711",77,0,2007,2,"","Lowndes County, Mississippi","Private","Gasoline stations with convenience stores","County, NAICS 5-digit -- by ownership sector","All establishment sizes",49,406,416,419,1383136,828611,11984,257
"28087",5,"44711",77,0,2007,3,"","Lowndes County, Mississippi","Private","Gasoline stations with convenience stores","County, NAICS 5-digit -- by ownership sector","All establishment sizes",48,398,407,407,1399319,530592,7941,266
"28087",5,"44711",77,0,2007,4,"","Lowndes County, Mississippi","Private","Gasoline stations with convenience stores","County, NAICS 5-digit -- by ownership sector","All establishment sizes",48,401,397,394,1302738,378211,5065,252
"28087",5,447110,78,0,2007,1,"","Lowndes County, Mississippi","Private","Gasoline stations with convenience stores","County, NAICS 6-digit -- by ownership sector","All establishment sizes",49,344,356,377,1372760,1220955,17512,294
"28087",5,"447110",78,0,2007,2,"","Lowndes County, Mississippi","Private","Gasoline stations with convenience stores","County, NAICS 6-digit -- by ownership sector","All establishment sizes",49,406,416,419,1383136,828611,11984,257
"28087",5,"447110",78,0,2007,3,"","Lowndes County, Mississippi","Private","Gasoline stations with convenience stores","County, NAICS 6-digit -- by ownership sector","All establishment sizes",48,398,407,407,1399319,530592,7941,266
"28087",5,"447110",78,0,2007,4,"","Lowndes County, Mississippi","Private","Gasoline stations with convenience stores","County, NAICS 6-digit -- by ownership sector","All establishment sizes",48,401,397,394,1302738,378211,5065,252
"28087",5,448,75,0,2007,1,"","Lowndes County, Mississippi","Private","Clothing and clothing accessories stores","County, NAICS 3-digit -- by ownership sector","All establishment sizes",34,237,235,238,959521,811314,10117,312
"28087",5,"448",75,0,2007,2,"","Lowndes County, Mississippi","Private","Clothing and clothing accessories stores","County, NAICS 3-digit -- by ownership sector","All establishment sizes",34,234,231,234,908007,520031,6461,300
"28087",5,"448",75,0,2007,3,"","Lowndes County, Mississippi","Private","Clothing and clothing accessories stores","County, NAICS 3-digit -- by ownership sector","All establishment sizes",34,246,248,248,902671,368096,4762,281
"28087",5,"448",75,0,2007,4,"","Lowndes County, Mississippi","Private","Clothing and clothing accessories stores","County, NAICS 3-digit -- by ownership sector","All establishment sizes",34,245,247,246,947847,323723,4172,296
"28087",5,4481,76,0,2007,1,"","Lowndes County, Mississippi","Private","Clothing stores","County, NAICS 4-digit -- by ownership sector","All establishment sizes",27,196,198,204,834334,704740,8773,322
"28087",5,"4481",76,0,2007,2,"","Lowndes County, Mississippi","Private","Clothing stores","County, NAICS 4-digit -- by ownership sector","All establishment sizes",27,201,196,200,792704,468811,5960,306
"28087",5,"4481",76,0,2007,3,"","Lowndes County, Mississippi","Private","Clothing stores","County, NAICS 4-digit -- by ownership sector","All establishment sizes",27,211,212,213,790157,331614,4425,287
"28087",5,"4481",76,0,2007,4,"","Lowndes County, Mississippi","Private","Clothing stores","County, NAICS 4-digit -- by ownership sector","All establishment sizes",27,211,211,208,820615,287279,3790,301
"28087",5,44811,77,0,2007,1,"N","Lowndes County, Mississippi","Private","Men's clothing stores","County, NAICS 5-digit -- by ownership sector","All establishment sizes",6,0,0,0,0,0,0,0
"28087",5,"44811",77,0,2007,2,"N","Lowndes County, Mississippi","Private","Men's clothing stores","County, NAICS 5-digit -- by ownership sector","All establishment sizes",6,0,0,0,0,0,0,0
"28087",5,"44811",77,0,2007,3,"N","Lowndes County, Mississippi","Private","Men's clothing stores","County, NAICS 5-digit -- by ownership sector","All establishment sizes",6,0,0,0,0,0,0,0
"28087",5,"44811",77,0,2007,4,"N","Lowndes County, Mississippi","Private","Men's clothing stores","County, NAICS 5-digit -- by ownership sector","All establishment sizes",6,0,0,0,0,0,0,0
"28087",5,448110,78,0,2007,1,"N","Lowndes County, Mississippi","Private","Men's clothing stores","County, NAICS 6-digit -- by ownership sector","All establishment sizes",6,0,0,0,0,0,0,0
"28087",5,"448110",78,0,2007,2,"N","Lowndes County, Mississippi","Private","Men's clothing stores","County, NAICS 6-digit -- by ownership sector","All establishment sizes",6,0,0,0,0,0,0,0
"28087",5,"448110",78,0,2007,3,"N","Lowndes County, Mississippi","Private","Men's clothing stores","County, NAICS 6-digit -- by ownership sector","All establishment sizes",6,0,0,0,0,0,0,0
"28087",5,"448110",78,0,2007,4,"N","Lowndes County, Mississippi","Private","Men's clothing stores","County, NAICS 6-digit -- by ownership sector","All establishment sizes",6,0,0,0,0,0,0,0
"28087",5,44812,77,0,2007,1,"","Lowndes County, Mississippi","Private","Women's clothing stores","County, NAICS 5-digit -- by ownership sector","All establishment sizes",9,29,30,35,103070,93056,961,253
"28087",5,"44812",77,0,2007,2,"","Lowndes County, Mississippi","Private","Women's clothing stores","County, NAICS 5-digit -- by ownership sector","All establishment sizes",9,31,26,26,86203,49420,562,240
"28087",5,"44812",77,0,2007,3,"","Lowndes County, Mississippi","Private","Women's clothing stores","County, NAICS 5-digit -- by ownership sector","All establishment sizes",9,26,29,35,102372,33846,299,262
"28087",5,"44812",77,0,2007,4,"","Lowndes County, Mississippi","Private","Women's clothing stores","County, NAICS 5-digit -- by ownership sector","All establishment sizes",9,34,28,27,94041,30580,240,244
"28087",5,448120,78,0,2007,1,"","Lowndes County, Mississippi","Private","Women's clothing stores","County, NAICS 6-digit -- by ownership sector","All establishment sizes",9,29,30,35,103070,93056,961,253
"28087",5,"448120",78,0,2007,2,"","Lowndes County, Mississippi","Private","Women's clothing stores","County, NAICS 6-digit -- by ownership sector","All establishment sizes",9,31,26,26,86203,49420,562,240
"28087",5,"448120",78,0,2007,3,"","Lowndes County, Mississippi","Private","Women's clothing stores","County, NAICS 6-digit -- by ownership sector","All establishment sizes",9,26,29,35,102372,33846,299,262
"28087",5,"448120",78,0,2007,4,"","Lowndes County, Mississippi","Private","Women's clothing stores","County, NAICS 6-digit -- by ownership sector","All establishment sizes",9,34,28,27,94041,30580,240,244
"28087",5,44814,77,0,2007,1,"","Lowndes County, Mississippi","Private","Family clothing stores","County, NAICS 5-digit -- by ownership sector","All establishment sizes",7,113,113,114,562051,447813,6291,381
"28087",5,"44814",77,0,2007,2,"","Lowndes County, Mississippi","Private","Family clothing stores","County, NAICS 5-digit -- by ownership sector","All establishment sizes",7,114,116,120,520051,317925,4242,343
"28087",5,"44814",77,0,2007,3,"","Lowndes County, Mississippi","Private","Family clothing stores","County, NAICS 5-digit -- by ownership sector","All establishment sizes",7,128,125,120,501968,236863,3257,311
"28087",5,"44814",77,0,2007,4,"","Lowndes County, Mississippi","Private","Family clothing stores","County, NAICS 5-digit -- by ownership sector","All establishment sizes",7,124,130,127,538629,212222,2904,326
"28087",5,448140,78,0,2007,1,"","Lowndes County, Mississippi","Private","Family clothing stores","County, NAICS 6-digit -- by ownership sector","All establishment sizes",7,113,113,114,562051,447813,6291,381
"28087",5,"448140",78,0,2007,2,"","Lowndes County, Mississippi","Private","Family clothing stores","County, NAICS 6-digit -- by ownership sector","All establishment sizes",7,114,116,120,520051,317925,4242,343
"28087",5,"448140",78,0,2007,3,"","Lowndes County, Mississippi","Private","Family clothing stores","County, NAICS 6-digit -- by ownership sector","All establishment sizes",7,128,125,120,501968,236863,3257,311
"28087",5,"448140",78,0,2007,4,"","Lowndes County, Mississippi","Private","Family clothing stores","County, NAICS 6-digit -- by ownership sector","All establishment sizes",7,124,130,127,538629,212222,2904,326
"28087",5,44815,77,0,2007,1,"N","Lowndes County, Mississippi","Private","Clothing accessories stores","County, NAICS 5-digit -- by ownership sector","All establishment sizes",1,0,0,0,0,0,0,0
"28087",5,"44815",77,0,2007,2,"N","Lowndes County, Mississippi","Private","Clothing accessories stores","County, NAICS 5-digit -- by ownership sector","All establishment sizes",1,0,0,0,0,0,0,0
"28087",5,"44815",77,0,2007,3,"N","Lowndes County, Mississippi","Private","Clothing accessories stores","County, NAICS 5-digit -- by ownership sector","All establishment sizes",1,0,0,0,0,0,0,0
"28087",5,"44815",77,0,2007,4,"N","Lowndes County, Mississippi","Private","Clothing accessories stores","County, NAICS 5-digit -- by ownership sector","All establishment sizes",1,0,0,0,0,0,0,0
"28087",5,448150,78,0,2007,1,"N","Lowndes County, Mississippi","Private","Clothing accessories stores","County, NAICS 6-digit -- by ownership sector","All establishment sizes",1,0,0,0,0,0,0,0
"28087",5,"448150",78,0,2007,2,"N","Lowndes County, Mississippi","Private","Clothing accessories stores","County, NAICS 6-digit -- by ownership sector","All establishment sizes",1,0,0,0,0,0,0,0
"28087",5,"448150",78,0,2007,3,"N","Lowndes County, Mississippi","Private","Clothing accessories stores","County, NAICS 6-digit -- by ownership sector","All establishment sizes",1,0,0,0,0,0,0,0
"28087",5,"448150",78,0,2007,4,"N","Lowndes County, Mississippi","Private","Clothing accessories stores","County, NAICS 6-digit -- by ownership sector","All establishment sizes",1,0,0,0,0,0,0,0
"28087",5,44819,77,0,2007,1,"","Lowndes County, Mississippi","Private","Other clothing stores","County, NAICS 5-digit -- by ownership sector","All establishment sizes",4,26,27,29,76434,75934,987,215
"28087",5,"44819",77,0,2007,2,"","Lowndes County, Mississippi","Private","Other clothing stores","County, NAICS 5-digit -- by ownership sector","All establishment sizes",4,30,30,30,91806,52773,819,235
"28087",5,"44819",77,0,2007,3,"","Lowndes County, Mississippi","Private","Other clothing stores","County, NAICS 5-digit -- by ownership sector","All establishment sizes",4,31,33,34,92249,37829,684,217
"28087",5,"44819",77,0,2007,4,"","Lowndes County, Mississippi","Private","Other clothing stores","County, NAICS 5-digit -- by ownership sector","All establishment sizes",4,31,29,31,93647,28733,503,237
"28087",5,448190,78,0,2007,1,"","Lowndes County, Mississippi","Private","Other clothing stores","County, NAICS 6-digit -- by ownership sector","All establishment sizes",4,26,27,29,76434,75934,987,215
"28087",5,"448190",78,0,2007,2,"","Lowndes County, Mississippi","Private","Other clothing stores","County, NAICS 6-digit -- by ownership sector","All establishment sizes",4,30,30,30,91806,52773,819,235
"28087",5,"448190",78,0,2007,3,"","Lowndes County, Mississippi","Private","Other clothing stores","County, NAICS 6-digit -- by ownership sector","All establishment sizes",4,31,33,34,92249,37829,684,217
"28087",5,"448190",78,0,2007,4,"","Lowndes County, Mississippi","Private","Other clothing stores","County, NAICS 6-digit -- by ownership sector","All establishment sizes",4,31,29,31,93647,28733,503,237
"28087",5,4482,76,0,2007,1,"N","Lowndes County, Mississippi","Private","Shoe stores","County, NAICS 4-digit -- by ownership sector","All establishment sizes",2,0,0,0,0,0,0,0
"28087",5,"4482",76,0,2007,2,"N","Lowndes County, Mississippi","Private","Shoe stores","County, NAICS 4-digit -- by ownership sector","All establishment sizes",2,0,0,0,0,0,0,0
"28087",5,"4482",76,0,2007,3,"N","Lowndes County, Mississippi","Private","Shoe stores","County, NAICS 4-digit -- by ownership sector","All establishment sizes",2,0,0,0,0,0,0,0
"28087",5,"4482",76,0,2007,4,"N","Lowndes County, Mississippi","Private","Shoe stores","County, NAICS 4-digit -- by ownership sector","All establishment sizes",2,0,0,0,0,0,0,0
"28087",5,44821,77,0,2007,1,"N","Lowndes County, Mississippi","Private","Shoe stores","County, NAICS 5-digit -- by ownership sector","All establishment sizes",2,0,0,0,0,0,0,0
"28087",5,"44821",77,0,2007,2,"N","Lowndes County, Mississippi","Private","Shoe stores","County, NAICS 5-digit -- by ownership sector","All establishment sizes",2,0,0,0,0,0,0,0
"28087",5,"44821",77,0,2007,3,"N","Lowndes County, Mississippi","Private","Shoe stores","County, NAICS 5-digit -- by ownership sector","All establishment sizes",2,0,0,0,0,0,0,0
"28087",5,"44821",77,0,2007,4,"N","Lowndes County, Mississippi","Private","Shoe stores","County, NAICS 5-digit -- by ownership sector","All establishment sizes",2,0,0,0,0,0,0,0
"28087",5,448210,78,0,2007,1,"N","Lowndes County, Mississippi","Private","Shoe stores","County, NAICS 6-digit -- by ownership sector","All establishment sizes",2,0,0,0,0,0,0,0
"28087",5,"448210",78,0,2007,2,"N","Lowndes County, Mississippi","Private","Shoe stores","County, NAICS 6-digit -- by ownership sector","All establishment sizes",2,0,0,0,0,0,0,0
"28087",5,"448210",78,0,2007,3,"N","Lowndes County, Mississippi","Private","Shoe stores","County, NAICS 6-digit -- by ownership sector","All establishment sizes",2,0,0,0,0,0,0,0
"28087",5,"448210",78,0,2007,4,"N","Lowndes County, Mississippi","Private","Shoe stores","County, NAICS 6-digit -- by ownership sector","All establishment sizes",2,0,0,0,0,0,0,0
"28087",5,4483,76,0,2007,1,"N","Lowndes County, Mississippi","Private","Jewelry, luggage, and leather goods stores","County, NAICS 4-digit -- by ownership sector","All establishment sizes",5,0,0,0,0,0,0,0
"28087",5,"4483",76,0,2007,2,"N","Lowndes County, Mississippi","Private","Jewelry, luggage, and leather goods stores","County, NAICS 4-digit -- by ownership sector","All establishment sizes",5,0,0,0,0,0,0,0
"28087",5,"4483",76,0,2007,3,"N","Lowndes County, Mississippi","Private","Jewelry, luggage, and leather goods stores","County, NAICS 4-digit -- by ownership sector","All establishment sizes",5,0,0,0,0,0,0,0
"28087",5,"4483",76,0,2007,4,"N","Lowndes County, Mississippi","Private","Jewelry, luggage, and leather goods stores","County, NAICS 4-digit -- by ownership sector","All establishment sizes",5,0,0,0,0,0,0,0
"28087",5,44831,77,0,2007,1,"N","Lowndes County, Mississippi","Private","Jewelry stores","County, NAICS 5-digit -- by ownership sector","All establishment sizes",5,0,0,0,0,0,0,0
"28087",5,"44831",77,0,2007,2,"N","Lowndes County, Mississippi","Private","Jewelry stores","County, NAICS 5-digit -- by ownership sector","All establishment sizes",5,0,0,0,0,0,0,0
"28087",5,"44831",77,0,2007,3,"N","Lowndes County, Mississippi","Private","Jewelry stores","County, NAICS 5-digit -- by ownership sector","All establishment sizes",5,0,0,0,0,0,0,0
"28087",5,"44831",77,0,2007,4,"N","Lowndes County, Mississippi","Private","Jewelry stores","County, NAICS 5-digit -- by ownership sector","All establishment sizes",5,0,0,0,0,0,0,0
"28087",5,448310,78,0,2007,1,"N","Lowndes County, Mississippi","Private","Jewelry stores","County, NAICS 6-digit -- by ownership sector","All establishment sizes",5,0,0,0,0,0,0,0
"28087",5,"448310",78,0,2007,2,"N","Lowndes County, Mississippi","Private","Jewelry stores","County, NAICS 6-digit -- by ownership sector","All establishment sizes",5,0,0,0,0,0,0,0
"28087",5,"448310",78,0,2007,3,"N","Lowndes County, Mississippi","Private","Jewelry stores","County, NAICS 6-digit -- by ownership sector","All establishment sizes",5,0,0,0,0,0,0,0
"28087",5,"448310",78,0,2007,4,"N","Lowndes County, Mississippi","Private","Jewelry stores","County, NAICS 6-digit -- by ownership sector","All establishment sizes",5,0,0,0,0,0,0,0
"28087",5,451,75,0,2007,1,"","Lowndes County, Mississippi","Private","Sporting goods, hobby, book and music stores","County, NAICS 3-digit -- by ownership sector","All establishment sizes",14,121,117,116,450679,376054,4246,294
"28087",5,"451",75,0,2007,2,"","Lowndes County, Mississippi","Private","Sporting goods, hobby, book and music stores","County, NAICS 3-digit -- by ownership sector","All establishment sizes",14,115,118,111,482853,181458,1948,324
"28087",5,"451",75,0,2007,3,"","Lowndes County, Mississippi","Private","Sporting goods, hobby, book and music stores","County, NAICS 3-digit -- by ownership sector","All establishment sizes",14,106,114,108,479503,109015,1157,337
"28087",5,"451",75,0,2007,4,"","Lowndes County, Mississippi","Private","Sporting goods, hobby, book and music stores","County, NAICS 3-digit -- by ownership sector","All establishment sizes",14,106,110,115,464930,100446,1178,324
"28087",5,4511,76,0,2007,1,"","Lowndes County, Mississippi","Private","Sporting goods and musical instrument stores","County, NAICS 4-digit -- by ownership sector","All establishment sizes",8,67,67,68,273324,222274,1521,312
"28087",5,"4511",76,0,2007,2,"","Lowndes County, Mississippi","Private","Sporting goods and musical instrument stores","County, NAICS 4-digit -- by ownership sector","All establishment sizes",8,66,62,61,285479,93004,614,349
"28087",5,"4511",76,0,2007,3,"","Lowndes County, Mississippi","Private","Sporting goods and musical instrument stores","County, NAICS 4-digit -- by ownership sector","All establishment sizes",8,58,59,58,288046,54362,370,380
"28087",5,"4511",76,0,2007,4,"","Lowndes County, Mississippi","Private","Sporting goods and musical instrument stores","County, NAICS 4-digit -- by ownership sector","All establishment sizes",8,56,59,58,274611,51753,355,366
"28087",5,45111,77,0,2007,1,"N","Lowndes County, Mississippi","Private","Sporting goods stores","County, NAICS 5-digit -- by ownership sector","All establishment sizes",4,0,0,0,0,0,0,0
"28087",5,"45111",77,0,2007,2,"N","Lowndes County, Mississippi","Private","Sporting goods stores","County, NAICS 5-digit -- by ownership sector","All establishment sizes",4,0,0,0,0,0,0,0
"28087",5,"45111",77,0,2007,3,"N","Lowndes County, Mississippi","Private","Sporting goods stores","County, NAICS 5-digit -- by ownership sector","All establishment sizes",4,0,0,0,0,0,0,0
"28087",5,"45111",77,0,2007,4,"N","Lowndes County, Mississippi","Private","Sporting goods stores","County, NAICS 5-digit -- by ownership sector","All establishment sizes",4,0,0,0,0,0,0,0
"28087",5,451110,78,0,2007,1,"N","Lowndes County, Mississippi","Private","Sporting goods stores","County, NAICS 6-digit -- by ownership sector","All establishment sizes",4,0,0,0,0,0,0,0
"28087",5,"451110",78,0,2007,2,"N","Lowndes County, Mississippi","Private","Sporting goods stores","County, NAICS 6-digit -- by ownership sector","All establishment sizes",4,0,0,0,0,0,0,0
"28087",5,"451110",78,0,2007,3,"N","Lowndes County, Mississippi","Private","Sporting goods stores","County, NAICS 6-digit -- by ownership sector","All establishment sizes",4,0,0,0,0,0,0,0
"28087",5,"451110",78,0,2007,4,"N","Lowndes County, Mississippi","Private","Sporting goods stores","County, NAICS 6-digit -- by ownership sector","All establishment sizes",4,0,0,0,0,0,0,0
"28087",5,45112,77,0,2007,1,"-","Lowndes County, Mississippi","Private","Hobby, toy, and game stores","County, NAICS 5-digit -- by ownership sector","All establishment sizes",0,0,0,0,0,0,0,0
"28087",5,"45112",77,0,2007,2,"-","Lowndes County, Mississippi","Private","Hobby, toy, and game stores","County, NAICS 5-digit -- by ownership sector","All establishment sizes",0,0,0,0,0,0,0,0
"28087",5,"45112",77,0,2007,3,"N","Lowndes County, Mississippi","Private","Hobby, toy, and game stores","County, NAICS 5-digit -- by ownership sector","All establishment sizes",1,0,0,0,0,0,0,0
"28087",5,"45112",77,0,2007,4,"N","Lowndes County, Mississippi","Private","Hobby, toy, and game stores","County, NAICS 5-digit -- by ownership sector","All establishment sizes",1,0,0,0,0,0,0,0
"28087",5,451120,78,0,2007,1,"-","Lowndes County, Mississippi","Private","Hobby, toy, and game stores","County, NAICS 6-digit -- by ownership sector","All establishment sizes",0,0,0,0,0,0,0,0
"28087",5,"451120",78,0,2007,2,"-","Lowndes County, Mississippi","Private","Hobby, toy, and game stores","County, NAICS 6-digit -- by ownership sector","All establishment sizes",0,0,0,0,0,0,0,0
"28087",5,"451120",78,0,2007,3,"N","Lowndes County, Mississippi","Private","Hobby, toy, and game stores","County, NAICS 6-digit -- by ownership sector","All establishment sizes",1,0,0,0,0,0,0,0
"28087",5,"451120",78,0,2007,4,"N","Lowndes County, Mississippi","Private","Hobby, toy, and game stores","County, NAICS 6-digit -- by ownership sector","All establishment sizes",1,0,0,0,0,0,0,0
"28087",5,45113,77,0,2007,1,"N","Lowndes County, Mississippi","Private","Sewing, needlework, and piece goods stores","County, NAICS 5-digit -- by ownership sector","All establishment sizes",4,0,0,0,0,0,0,0
"28087",5,"45113",77,0,2007,2,"N","Lowndes County, Mississippi","Private","Sewing, needlework, and piece goods stores","County, NAICS 5-digit -- by ownership sector","All establishment sizes",4,0,0,0,0,0,0,0
"28087",5,"45113",77,0,2007,3,"N","Lowndes County, Mississippi","Private","Sewing, needlework, and piece goods stores","County, NAICS 5-digit -- by ownership sector","All establishment sizes",3,0,0,0,0,0,0,0
"28087",5,"45113",77,0,2007,4,"N","Lowndes County, Mississippi","Private","Sewing, needlework, and piece goods stores","County, NAICS 5-digit -- by ownership sector","All establishment sizes",3,0,0,0,0,0,0,0
"28087",5,451130,78,0,2007,1,"N","Lowndes County, Mississippi","Private","Sewing, needlework, and piece goods stores","County, NAICS 6-digit -- by ownership sector","All establishment sizes",4,0,0,0,0,0,0,0
"28087",5,"451130",78,0,2007,2,"N","Lowndes County, Mississippi","Private","Sewing, needlework, and piece goods stores","County, NAICS 6-digit -- by ownership sector","All establishment sizes",4,0,0,0,0,0,0,0
"28087",5,"451130",78,0,2007,3,"N","Lowndes County, Mississippi","Private","Sewing, needlework, and piece goods stores","County, NAICS 6-digit -- by ownership sector","All establishment sizes",3,0,0,0,0,0,0,0
"28087",5,"451130",78,0,2007,4,"N","Lowndes County, Mississippi","Private","Sewing, needlework, and piece goods stores","County, NAICS 6-digit -- by ownership sector","All establishment sizes",3,0,0,0,0,0,0,0
"28087",5,4512,76,0,2007,1,"","Lowndes County, Mississippi","Private","Book, periodical, and music stores","County, NAICS 4-digit -- by ownership sector","All establishment sizes",6,54,50,48,177355,153780,2725,269
"28087",5,"4512",76,0,2007,2,"","Lowndes County, Mississippi","Private","Book, periodical, and music stores","County, NAICS 4-digit -- by ownership sector","All establishment sizes",6,49,56,50,197374,88454,1334,294
"28087",5,"4512",76,0,2007,3,"","Lowndes County, Mississippi","Private","Book, periodical, and music stores","County, NAICS 4-digit -- by ownership sector","All establishment sizes",6,48,55,50,191457,54653,787,289
"28087",5,"4512",76,0,2007,4,"","Lowndes County, Mississippi","Private","Book, periodical, and music stores","County, NAICS 4-digit -- by ownership sector","All establishment sizes",6,50,51,57,190319,48693,823,278
"28087",5,45121,77,0,2007,1,"","Lowndes County, Mississippi","Private","Book stores and news dealers","County, NAICS 5-digit -- by ownership sector","All establishment sizes",3,36,31,30,89549,80277,618,213
"28087",5,"45121",77,0,2007,2,"","Lowndes County, Mississippi","Private","Book stores and news dealers","County, NAICS 5-digit -- by ownership sector","All establishment sizes",3,30,36,31,109697,56758,427,261
"28087",5,"45121",77,0,2007,3,"","Lowndes County, Mississippi","Private","Book stores and news dealers","County, NAICS 5-digit -- by ownership sector","All establishment sizes",3,32,37,31,110739,39387,341,256
"28087",5,"45121",77,0,2007,4,"","Lowndes County, Mississippi","Private","Book stores and news dealers","County, NAICS 5-digit -- by ownership sector","All establishment sizes",3,30,30,37,106449,30742,263,253
"28087",5,451211,78,0,2007,1,"","Lowndes County, Mississippi","Private","Book stores","County, NAICS 6-digit -- by ownership sector","All establishment sizes",3,36,31,30,89549,80277,618,213
"28087",5,"451211",78,0,2007,2,"","Lowndes County, Mississippi","Private","Book stores","County, NAICS 6-digit -- by ownership sector","All establishment sizes",3,30,36,31,109697,56758,427,261
"28087",5,"451211",78,0,2007,3,"","Lowndes County, Mississippi","Private","Book stores","County, NAICS 6-digit -- by ownership sector","All establishment sizes",3,32,37,31,110739,39387,341,256
"28087",5,"451211",78,0,2007,4,"","Lowndes County, Mississippi","Private","Book stores","County, NAICS 6-digit -- by ownership sector","All establishment sizes",3,30,30,37,106449,30742,263,253
"28087",5,45122,77,0,2007,1,"","Lowndes County, Mississippi","Private","Precorded tape, CD, and record stores","County, NAICS 5-digit -- by ownership sector","All establishment sizes",3,18,19,18,87806,73503,2107,368
"28087",5,"45122",77,0,2007,2,"","Lowndes County, Mississippi","Private","Precorded tape, CD, and record stores","County, NAICS 5-digit -- by ownership sector","All establishment sizes",3,19,20,19,87677,31696,907,349
"28087",5,"45122",77,0,2007,3,"","Lowndes County, Mississippi","Private","Precorded tape, CD, and record stores","County, NAICS 5-digit -- by ownership sector","All establishment sizes",3,16,18,19,80718,15266,446,351
"28087",5,"45122",77,0,2007,4,"","Lowndes County, Mississippi","Private","Precorded tape, CD, and record stores","County, NAICS 5-digit -- by ownership sector","All establishment sizes",3,20,21,20,83870,17951,560,317
"28087",5,451220,78,0,2007,1,"","Lowndes County, Mississippi","Private","Precorded tape, CD, and record stores","County, NAICS 6-digit -- by ownership sector","All establishment sizes",3,18,19,18,87806,73503,2107,368
"28087",5,"451220",78,0,2007,2,"","Lowndes County, Mississippi","Private","Precorded tape, CD, and record stores","County, NAICS 6-digit -- by ownership sector","All establishment sizes",3,19,20,19,87677,31696,907,349
"28087",5,"451220",78,0,2007,3,"","Lowndes County, Mississippi","Private","Precorded tape, CD, and record stores","County, NAICS 6-digit -- by ownership sector","All establishment sizes",3,16,18,19,80718,15266,446,351
"28087",5,"451220",78,0,2007,4,"","Lowndes County, Mississippi","Private","Precorded tape, CD, and record stores","County, NAICS 6-digit -- by ownership sector","All establishment sizes",3,20,21,20,83870,17951,560,317
"28087",5,452,75,0,2007,1,"","Lowndes County, Mississippi","Private","General merchandise stores","County, NAICS 3-digit -- by ownership sector","All establishment sizes",19,914,900,917,3874210,3310383,42719,327
"28087",5,"452",75,0,2007,2,"","Lowndes County, Mississippi","Private","General merchandise stores","County, NAICS 3-digit -- by ownership sector","All establishment sizes",19,897,896,932,3909581,1672720,21386,331
"28087",5,"452",75,0,2007,3,"","Lowndes County, Mississippi","Private","General merchandise stores","County, NAICS 3-digit -- by ownership sector","All establishment sizes",19,929,915,907,3638932,749755,10757,305
"28087",5,"452",75,0,2007,4,"","Lowndes County, Mississippi","Private","General merchandise stores","County, NAICS 3-digit -- by ownership sector","All establishment sizes",20,911,943,974,3963257,727099,10931,323
"28087",5,4521,76,0,2007,1,"","Lowndes County, Mississippi","Private","Department stores","County, NAICS 4-digit -- by ownership sector","All establishment sizes",4,354,329,328,1212721,1048357,24829,277
"28087",5,"4521",76,0,2007,2,"","Lowndes County, Mississippi","Private","Department stores","County, NAICS 4-digit -- by ownership sector","All establishment sizes",4,334,328,315,1171290,532000,12389,277
"28087",5,"4521",76,0,2007,3,"","Lowndes County, Mississippi","Private","Department stores","County, NAICS 4-digit -- by ownership sector","All establishment sizes",4,315,307,312,1138320,298609,6938,281
"28087",5,"4521",76,0,2007,4,"","Lowndes County, Mississippi","Private","Department stores","County, NAICS 4-digit -- by ownership sector","All establishment sizes",4,319,345,372,1228508,285409,6884,274
"28087",5,45211,77,0,2007,1,"","Lowndes County, Mississippi","Private","Department stores","County, NAICS 5-digit -- by ownership sector","All establishment sizes",4,354,329,328,1212721,1048357,24829,277
"28087",5,"45211",77,0,2007,2,"","Lowndes County, Mississippi","Private","Department stores","County, NAICS 5-digit -- by ownership sector","All establishment sizes",4,334,328,315,1171290,532000,12389,277
"28087",5,"45211",77,0,2007,3,"","Lowndes County, Mississippi","Private","Department stores","County, NAICS 5-digit -- by ownership sector","All establishment sizes",4,315,307,312,1138320,298609,6938,281
"28087",5,"45211",77,0,2007,4,"","Lowndes County, Mississippi","Private","Department stores","County, NAICS 5-digit -- by ownership sector","All establishment sizes",4,319,345,372,1228508,285409,6884,274
"28087",5,452111,78,0,2007,1,"N","Lowndes County, Mississippi","Private","Department stores, except discount","County, NAICS 6-digit -- by ownership sector","All establishment sizes",3,0,0,0,0,0,0,0
"28087",5,"452111",78,0,2007,2,"N","Lowndes County, Mississippi","Private","Department stores, except discount","County, NAICS 6-digit -- by ownership sector","All establishment sizes",3,0,0,0,0,0,0,0
"28087",5,"452111",78,0,2007,3,"N","Lowndes County, Mississippi","Private","Department stores, except discount","County, NAICS 6-digit -- by ownership sector","All establishment sizes",3,0,0,0,0,0,0,0
"28087",5,"452111",78,0,2007,4,"N","Lowndes County, Mississippi","Private","Department stores, except discount","County, NAICS 6-digit -- by ownership sector","All establishment sizes",3,0,0,0,0,0,0,0
"28087",5,452112,78,0,2007,1,"N","Lowndes County, Mississippi","Private","Discount department stores","County, NAICS 6-digit -- by ownership sector","All establishment sizes",1,0,0,0,0,0,0,0
"28087",5,"452112",78,0,2007,2,"N","Lowndes County, Mississippi","Private","Discount department stores","County, NAICS 6-digit -- by ownership sector","All establishment sizes",1,0,0,0,0,0,0,0
"28087",5,"452112",78,0,2007,3,"N","Lowndes County, Mississippi","Private","Discount department stores","County, NAICS 6-digit -- by ownership sector","All establishment sizes",1,0,0,0,0,0,0,0
"28087",5,"452112",78,0,2007,4,"N","Lowndes County, Mississippi","Private","Discount department stores","County, NAICS 6-digit -- by ownership sector","All establishment sizes",1,0,0,0,0,0,0,0
"28087",5,4529,76,0,2007,1,"","Lowndes County, Mississippi","Private","Other general merchandise stores","County, NAICS 4-digit -- by ownership sector","All establishment sizes",15,560,571,589,2661489,2262026,17890,357
"28087",5,"4529",76,0,2007,2,"","Lowndes County, Mississippi","Private","Other general merchandise stores","County, NAICS 4-digit -- by ownership sector","All establishment sizes",15,563,568,617,2738291,1140720,8997,362
"28087",5,"4529",76,0,2007,3,"","Lowndes County, Mississippi","Private","Other general merchandise stores","County, NAICS 4-digit -- by ownership sector","All establishment sizes",15,614,608,595,2500612,451146,3819,318
"28087",5,"4529",76,0,2007,4,"","Lowndes County, Mississippi","Private","Other general merchandise stores","County, NAICS 4-digit -- by ownership sector","All establishment sizes",16,592,598,602,2734749,441690,4047,352
"28087",5,45291,77,0,2007,1,"N","Lowndes County, Mississippi","Private","Warehouse clubs and supercenters","County, NAICS 5-digit -- by ownership sector","All establishment sizes",1,0,0,0,0,0,0,0
"28087",5,"45291",77,0,2007,2,"N","Lowndes County, Mississippi","Private","Warehouse clubs and supercenters","County, NAICS 5-digit -- by ownership sector","All establishment sizes",1,0,0,0,0,0,0,0
"28087",5,"45291",77,0,2007,3,"N","Lowndes County, Mississippi","Private","Warehouse clubs and supercenters","County, NAICS 5-digit -- by ownership sector","All establishment sizes",1,0,0,0,0,0,0,0
"28087",5,"45291",77,0,2007,4,"N","Lowndes County, Mississippi","Private","Warehouse clubs and supercenters","County, NAICS 5-digit -- by ownership sector","All establishment sizes",1,0,0,0,0,0,0,0
"28087",5,452910,78,0,2007,1,"N","Lowndes County, Mississippi","Private","Warehouse clubs and supercenters","County, NAICS 6-digit -- by ownership sector","All establishment sizes",1,0,0,0,0,0,0,0
"28087",5,"452910",78,0,2007,2,"N","Lowndes County, Mississippi","Private","Warehouse clubs and supercenters","County, NAICS 6-digit -- by ownership sector","All establishment sizes",1,0,0,0,0,0,0,0
"28087",5,"452910",78,0,2007,3,"N","Lowndes County, Mississippi","Private","Warehouse clubs and supercenters","County, NAICS 6-digit -- by ownership sector","All establishment sizes",1,0,0,0,0,0,0,0
"28087",5,"452910",78,0,2007,4,"N","Lowndes County, Mississippi","Private","Warehouse clubs and supercenters","County, NAICS 6-digit -- by ownership sector","All establishment sizes",1,0,0,0,0,0,0,0
"28087",5,45299,77,0,2007,1,"N","Lowndes County, Mississippi","Private","All other general merchandise stores","County, NAICS 5-digit -- by ownership sector","All establishment sizes",14,0,0,0,0,0,0,0
"28087",5,"45299",77,0,2007,2,"N","Lowndes County, Mississippi","Private","All other general merchandise stores","County, NAICS 5-digit -- by ownership sector","All establishment sizes",14,0,0,0,0,0,0,0
"28087",5,"45299",77,0,2007,3,"N","Lowndes County, Mississippi","Private","All other general merchandise stores","County, NAICS 5-digit -- by ownership sector","All establishment sizes",14,0,0,0,0,0,0,0
"28087",5,"45299",77,0,2007,4,"N","Lowndes County, Mississippi","Private","All other general merchandise stores","County, NAICS 5-digit -- by ownership sector","All establishment sizes",15,0,0,0,0,0,0,0
"28087",5,452990,78,0,2007,1,"N","Lowndes County, Mississippi","Private","All other general merchandise stores","County, NAICS 6-digit -- by ownership sector","All establishment sizes",14,0,0,0,0,0,0,0
"28087",5,"452990",78,0,2007,2,"N","Lowndes County, Mississippi","Private","All other general merchandise stores","County, NAICS 6-digit -- by ownership sector","All establishment sizes",14,0,0,0,0,0,0,0
"28087",5,"452990",78,0,2007,3,"N","Lowndes County, Mississippi","Private","All other general merchandise stores","County, NAICS 6-digit -- by ownership sector","All establishment sizes",14,0,0,0,0,0,0,0
"28087",5,"452990",78,0,2007,4,"N","Lowndes County, Mississippi","Private","All other general merchandise stores","County, NAICS 6-digit -- by ownership sector","All establishment sizes",15,0,0,0,0,0,0,0
"28087",5,453,75,0,2007,1,"","Lowndes County, Mississippi","Private","Miscellaneous store retailers","County, NAICS 3-digit -- by ownership sector","All establishment sizes",33,197,195,194,1040741,747582,8166,410
"28087",5,"453",75,0,2007,2,"","Lowndes County, Mississippi","Private","Miscellaneous store retailers","County, NAICS 3-digit -- by ownership sector","All establishment sizes",35,203,202,200,980271,369949,4290,374
"28087",5,"453",75,0,2007,3,"","Lowndes County, Mississippi","Private","Miscellaneous store retailers","County, NAICS 3-digit -- by ownership sector","All establishment sizes",35,193,196,198,942685,191765,2252,371
"28087",5,"453",75,0,2007,4,"","Lowndes County, Mississippi","Private","Miscellaneous store retailers","County, NAICS 3-digit -- by ownership sector","All establishment sizes",35,207,212,207,1013135,182601,1965,373
"28087",5,4531,76,0,2007,1,"N","Lowndes County, Mississippi","Private","Florists","County, NAICS 4-digit -- by ownership sector","All establishment sizes",6,0,0,0,0,0,0,0
"28087",5,"4531",76,0,2007,2,"N","Lowndes County, Mississippi","Private","Florists","County, NAICS 4-digit -- by ownership sector","All establishment sizes",6,0,0,0,0,0,0,0
"28087",5,"4531",76,0,2007,3,"N","Lowndes County, Mississippi","Private","Florists","County, NAICS 4-digit -- by ownership sector","All establishment sizes",5,0,0,0,0,0,0,0
"28087",5,"4531",76,0,2007,4,"","Lowndes County, Mississippi","Private","Florists","County, NAICS 4-digit -- by ownership sector","All establishment sizes",5,12,15,15,51812,23177,93,285
"28087",5,45311,77,0,2007,1,"N","Lowndes County, Mississippi","Private","Florists","County, NAICS 5-digit -- by ownership sector","All establishment sizes",6,0,0,0,0,0,0,0
"28087",5,"45311",77,0,2007,2,"N","Lowndes County, Mississippi","Private","Florists","County, NAICS 5-digit -- by ownership sector","All establishment sizes",6,0,0,0,0,0,0,0
"28087",5,"45311",77,0,2007,3,"N","Lowndes County, Mississippi","Private","Florists","County, NAICS 5-digit -- by ownership sector","All establishment sizes",5,0,0,0,0,0,0,0
"28087",5,"45311",77,0,2007,4,"","Lowndes County, Mississippi","Private","Florists","County, NAICS 5-digit -- by ownership sector","All establishment sizes",5,12,15,15,51812,23177,93,285
"28087",5,453110,78,0,2007,1,"N","Lowndes County, Mississippi","Private","Florists","County, NAICS 6-digit -- by ownership sector","All establishment sizes",6,0,0,0,0,0,0,0
"28087",5,"453110",78,0,2007,2,"N","Lowndes County, Mississippi","Private","Florists","County, NAICS 6-digit -- by ownership sector","All establishment sizes",6,0,0,0,0,0,0,0
"28087",5,"453110",78,0,2007,3,"N","Lowndes County, Mississippi","Private","Florists","County, NAICS 6-digit -- by ownership sector","All establishment sizes",5,0,0,0,0,0,0,0
"28087",5,"453110",78,0,2007,4,"","Lowndes County, Mississippi","Private","Florists","County, NAICS 6-digit -- by ownership sector","All establishment sizes",5,12,15,15,51812,23177,93,285
"28087",5,4532,76,0,2007,1,"","Lowndes County, Mississippi","Private","Office supplies, stationery, and gift stores","County, NAICS 4-digit -- by ownership sector","All establishment sizes",11,117,118,118,782804,510210,5018,512
"28087",5,"4532",76,0,2007,2,"","Lowndes County, Mississippi","Private","Office supplies, stationery, and gift stores","County, NAICS 4-digit -- by ownership sector","All establishment sizes",12,123,124,124,676452,206197,2060,421
"28087",5,"4532",76,0,2007,3,"","Lowndes County, Mississippi","Private","Office supplies, stationery, and gift stores","County, NAICS 4-digit -- by ownership sector","All establishment sizes",12,115,121,119,634398,101812,1058,412
"28087",5,"4532",76,0,2007,4,"","Lowndes County, Mississippi","Private","Office supplies, stationery, and gift stores","County, NAICS 4-digit -- by ownership sector","All establishment sizes",12,130,130,126,704837,104701,953,421
"28087",5,45321,77,0,2007,1,"","Lowndes County, Mississippi","Private","Office supplies and stationery stores","County, NAICS 5-digit -- by ownership sector","All establishment sizes",7,89,91,91,725079,452485,4787,617
"28087",5,"45321",77,0,2007,2,"","Lowndes County, Mississippi","Private","Office supplies and stationery stores","County, NAICS 5-digit -- by ownership sector","All establishment sizes",7,89,89,89,597659,139045,1485,517
"28087",5,"45321",77,0,2007,3,"","Lowndes County, Mississippi","Private","Office supplies and stationery stores","County, NAICS 5-digit -- by ownership sector","All establishment sizes",7,83,88,84,564165,64041,669,511
"28087",5,"45321",77,0,2007,4,"","Lowndes County, Mississippi","Private","Office supplies and stationery stores","County, NAICS 5-digit -- by ownership sector","All establishment sizes",7,87,89,86,608781,61332,541,536
"28087",5,453210,78,0,2007,1,"","Lowndes County, Mississippi","Private","Office supplies and stationery stores","County, NAICS 6-digit -- by ownership sector","All establishment sizes",7,89,91,91,725079,452485,4787,617
"28087",5,"453210",78,0,2007,2,"","Lowndes County, Mississippi","Private","Office supplies and stationery stores","County, NAICS 6-digit -- by ownership sector","All establishment sizes",7,89,89,89,597659,139045,1485,517
"28087",5,"453210",78,0,2007,3,"","Lowndes County, Mississippi","Private","Office supplies and stationery stores","County, NAICS 6-digit -- by ownership sector","All establishment sizes",7,83,88,84,564165,64041,669,511
"28087",5,"453210",78,0,2007,4,"","Lowndes County, Mississippi","Private","Office supplies and stationery stores","County, NAICS 6-digit -- by ownership sector","All establishment sizes",7,87,89,86,608781,61332,541,536
"28087",5,45322,77,0,2007,1,"","Lowndes County, Mississippi","Private","Gift, novelty, and souvenir stores","County, NAICS 5-digit -- by ownership sector","All establishment sizes",4,28,27,27,57725,57725,231,162
"28087",5,"45322",77,0,2007,2,"","Lowndes County, Mississippi","Private","Gift, novelty, and souvenir stores","County, NAICS 5-digit -- by ownership sector","All establishment sizes",5,34,35,35,78793,67152,575,175
"28087",5,"45322",77,0,2007,3,"","Lowndes County, Mississippi","Private","Gift, novelty, and souvenir stores","County, NAICS 5-digit -- by ownership sector","All establishment sizes",5,32,33,35,70233,37771,389,162
"28087",5,"45322",77,0,2007,4,"","Lowndes County, Mississippi","Private","Gift, novelty, and souvenir stores","County, NAICS 5-digit -- by ownership sector","All establishment sizes",5,43,41,40,96056,43369,412,179
"28087",5,453220,78,0,2007,1,"","Lowndes County, Mississippi","Private","Gift, novelty, and souvenir stores","County, NAICS 6-digit -- by ownership sector","All establishment sizes",4,28,27,27,57725,57725,231,162
"28087",5,"453220",78,0,2007,2,"","Lowndes County, Mississippi","Private","Gift, novelty, and souvenir stores","County, NAICS 6-digit -- by ownership sector","All establishment sizes",5,34,35,35,78793,67152,575,175
"28087",5,"453220",78,0,2007,3,"","Lowndes County, Mississippi","Private","Gift, novelty, and souvenir stores","County, NAICS 6-digit -- by ownership sector","All establishment sizes",5,32,33,35,70233,37771,389,162
"28087",5,"453220",78,0,2007,4,"","Lowndes County, Mississippi","Private","Gift, novelty, and souvenir stores","County, NAICS 6-digit -- by ownership sector","All establishment sizes",5,43,41,40,96056,43369,412,179
"28087",5,4533,76,0,2007,1,"N","Lowndes County, Mississippi","Private","Used merchandise stores","County, NAICS 4-digit -- by ownership sector","All establishment sizes",2,0,0,0,0,0,0,0
"28087",5,"4533",76,0,2007,2,"N","Lowndes County, Mississippi","Private","Used merchandise stores","County, NAICS 4-digit -- by ownership sector","All establishment sizes",3,0,0,0,0,0,0,0
"28087",5,"4533",76,0,2007,3,"N","Lowndes County, Mississippi","Private","Used merchandise stores","County, NAICS 4-digit -- by ownership sector","All establishment sizes",3,0,0,0,0,0,0,0
"28087",5,"4533",76,0,2007,4,"","Lowndes County, Mississippi","Private","Used merchandise stores","County, NAICS 4-digit -- by ownership sector","All establishment sizes",3,9,9,9,18410,6066,121,157
"28087",5,45331,77,0,2007,1,"N","Lowndes County, Mississippi","Private","Used merchandise stores","County, NAICS 5-digit -- by ownership sector","All establishment sizes",2,0,0,0,0,0,0,0
"28087",5,"45331",77,0,2007,2,"N","Lowndes County, Mississippi","Private","Used merchandise stores","County, NAICS 5-digit -- by ownership sector","All establishment sizes",3,0,0,0,0,0,0,0
"28087",5,"45331",77,0,2007,3,"N","Lowndes County, Mississippi","Private","Used merchandise stores","County, NAICS 5-digit -- by ownership sector","All establishment sizes",3,0,0,0,0,0,0,0
"28087",5,"45331",77,0,2007,4,"","Lowndes County, Mississippi","Private","Used merchandise stores","County, NAICS 5-digit -- by ownership sector","All establishment sizes",3,9,9,9,18410,6066,121,157
"28087",5,453310,78,0,2007,1,"N","Lowndes County, Mississippi","Private","Used merchandise stores","County, NAICS 6-digit -- by ownership sector","All establishment sizes",2,0,0,0,0,0,0,0
"28087",5,"453310",78,0,2007,2,"N","Lowndes County, Mississippi","Private","Used merchandise stores","County, NAICS 6-digit -- by ownership sector","All establishment sizes",3,0,0,0,0,0,0,0
"28087",5,"453310",78,0,2007,3,"N","Lowndes County, Mississippi","Private","Used merchandise stores","County, NAICS 6-digit -- by ownership sector","All establishment sizes",3,0,0,0,0,0,0,0
"28087",5,"453310",78,0,2007,4,"","Lowndes County, Mississippi","Private","Used merchandise stores","County, NAICS 6-digit -- by ownership sector","All establishment sizes",3,9,9,9,18410,6066,121,157
"28087",5,4539,76,0,2007,1,"","Lowndes County, Mississippi","Private","Other miscellaneous store retailers","County, NAICS 4-digit -- by ownership sector","All establishment sizes",14,54,54,53,202218,181653,2554,290
"28087",5,"4539",76,0,2007,2,"","Lowndes County, Mississippi","Private","Other miscellaneous store retailers","County, NAICS 4-digit -- by ownership sector","All establishment sizes",14,55,53,52,251496,117303,1734,363
"28087",5,"4539",76,0,2007,3,"","Lowndes County, Mississippi","Private","Other miscellaneous store retailers","County, NAICS 4-digit -- by ownership sector","All establishment sizes",15,61,58,58,250425,61147,1005,326
"28087",5,"4539",76,0,2007,4,"","Lowndes County, Mississippi","Private","Other miscellaneous store retailers","County, NAICS 4-digit -- by ownership sector","All establishment sizes",15,56,58,57,238076,48657,798,321
"28087",5,45391,77,0,2007,1,"-","Lowndes County, Mississippi","Private","Pet and pet supplies stores","County, NAICS 5-digit -- by ownership sector","All establishment sizes",0,0,0,0,0,0,0,0
"28087",5,"45391",77,0,2007,2,"-","Lowndes County, Mississippi","Private","Pet and pet supplies stores","County, NAICS 5-digit -- by ownership sector","All establishment sizes",0,0,0,0,0,0,0,0
"28087",5,"45391",77,0,2007,3,"N","Lowndes County, Mississippi","Private","Pet and pet supplies stores","County, NAICS 5-digit -- by ownership sector","All establishment sizes",1,0,0,0,0,0,0,0
"28087",5,"45391",77,0,2007,4,"N","Lowndes County, Mississippi","Private","Pet and pet supplies stores","County, NAICS 5-digit -- by ownership sector","All establishment sizes",1,0,0,0,0,0,0,0
"28087",5,453910,78,0,2007,1,"-","Lowndes County, Mississippi","Private","Pet and pet supplies stores","County, NAICS 6-digit -- by ownership sector","All establishment sizes",0,0,0,0,0,0,0,0
"28087",5,"453910",78,0,2007,2,"-","Lowndes County, Mississippi","Private","Pet and pet supplies stores","County, NAICS 6-digit -- by ownership sector","All establishment sizes",0,0,0,0,0,0,0,0
"28087",5,"453910",78,0,2007,3,"N","Lowndes County, Mississippi","Private","Pet and pet supplies stores","County, NAICS 6-digit -- by ownership sector","All establishment sizes",1,0,0,0,0,0,0,0
"28087",5,"453910",78,0,2007,4,"N","Lowndes County, Mississippi","Private","Pet and pet supplies stores","County, NAICS 6-digit -- by ownership sector","All establishment sizes",1,0,0,0,0,0,0,0
"28087",5,45393,77,0,2007,1,"","Lowndes County, Mississippi","Private","Manufactured, mobile, home dealers","County, NAICS 5-digit -- by ownership sector","All establishment sizes",3,7,7,7,28223,25531,357,310
"28087",5,"45393",77,0,2007,2,"","Lowndes County, Mississippi","Private","Manufactured, mobile, home dealers","County, NAICS 5-digit -- by ownership sector","All establishment sizes",3,6,6,6,32798,10458,186,420
"28087",5,"45393",77,0,2007,3,"N","Lowndes County, Mississippi","Private","Manufactured, mobile, home dealers","County, NAICS 5-digit -- by ownership sector","All establishment sizes",3,0,0,0,0,0,0,0
"28087",5,"45393",77,0,2007,4,"N","Lowndes County, Mississippi","Private","Manufactured, mobile, home dealers","County, NAICS 5-digit -- by ownership sector","All establishment sizes",3,0,0,0,0,0,0,0
"28087",5,453930,78,0,2007,1,"","Lowndes County, Mississippi","Private","Manufactured, mobile, home dealers","County, NAICS 6-digit -- by ownership sector","All establishment sizes",3,7,7,7,28223,25531,357,310
"28087",5,"453930",78,0,2007,2,"","Lowndes County, Mississippi","Private","Manufactured, mobile, home dealers","County, NAICS 6-digit -- by ownership sector","All establishment sizes",3,6,6,6,32798,10458,186,420
"28087",5,"453930",78,0,2007,3,"N","Lowndes County, Mississippi","Private","Manufactured, mobile, home dealers","County, NAICS 6-digit -- by ownership sector","All establishment sizes",3,0,0,0,0,0,0,0
"28087",5,"453930",78,0,2007,4,"N","Lowndes County, Mississippi","Private","Manufactured, mobile, home dealers","County, NAICS 6-digit -- by ownership sector","All establishment sizes",3,0,0,0,0,0,0,0
"28087",5,45399,77,0,2007,1,"","Lowndes County, Mississippi","Private","All other miscellaneous store retailers","County, NAICS 5-digit -- by ownership sector","All establishment sizes",11,47,47,46,173995,156122,2197,287
"28087",5,"45399",77,0,2007,2,"","Lowndes County, Mississippi","Private","All other miscellaneous store retailers","County, NAICS 5-digit -- by ownership sector","All establishment sizes",11,49,47,46,218698,106845,1548,355
"28087",5,"45399",77,0,2007,3,"","Lowndes County, Mississippi","Private","All other miscellaneous store retailers","County, NAICS 5-digit -- by ownership sector","All establishment sizes",11,55,52,51,212362,56712,942,310
"28087",5,"45399",77,0,2007,4,"","Lowndes County, Mississippi","Private","All other miscellaneous store retailers","County, NAICS 5-digit -- by ownership sector","All establishment sizes",11,45,47,46,200134,38753,726,335
"28087",5,453991,78,0,2007,1,"","Lowndes County, Mississippi","Private","Tobacco stores","County, NAICS 6-digit -- by ownership sector","All establishment sizes",4,16,19,17,47067,42984,915,209
"28087",5,"453991",78,0,2007,2,"","Lowndes County, Mississippi","Private","Tobacco stores","County, NAICS 6-digit -- by ownership sector","All establishment sizes",4,16,15,14,47415,25570,566,243
"28087",5,"453991",78,0,2007,3,"","Lowndes County, Mississippi","Private","Tobacco stores","County, NAICS 6-digit -- by ownership sector","All establishment sizes",4,17,20,21,50187,23546,546,200
"28087",5,"453991",78,0,2007,4,"","Lowndes County, Mississippi","Private","Tobacco stores","County, NAICS 6-digit -- by ownership sector","All establishment sizes",4,20,21,20,57932,24115,502,219
"28087",5,453998,78,0,2007,1,"","Lowndes County, Mississippi","Private","Store retailers not specified elsewhere","County, NAICS 6-digit -- by ownership sector","All establishment sizes",7,31,28,29,126928,113138,1282,333
"28087",5,"453998",78,0,2007,2,"","Lowndes County, Mississippi","Private","Store retailers not specified elsewhere","County, NAICS 6-digit -- by ownership sector","All establishment sizes",7,33,32,32,171283,81275,982,407
"28087",5,"453998",78,0,2007,3,"","Lowndes County, Mississippi","Private","Store retailers not specified elsewhere","County, NAICS 6-digit -- by ownership sector","All establishment sizes",7,38,32,30,162175,33166,396,374
"28087",5,"453998",78,0,2007,4,"","Lowndes County, Mississippi","Private","Store retailers not specified elsewhere","County, NAICS 6-digit -- by ownership sector","All establishment sizes",7,25,26,26,142202,14638,224,426
"28087",5,454,75,0,2007,1,"","Lowndes County, Mississippi","Private","Nonstore retailers","County, NAICS 3-digit -- by ownership sector","All establishment sizes",6,92,88,81,846863,632504,15129,749
"28087",5,"454",75,0,2007,2,"","Lowndes County, Mississippi","Private","Nonstore retailers","County, NAICS 3-digit -- by ownership sector","All establishment sizes",5,74,78,75,714332,93504,1924,726
"28087",5,"454",75,0,2007,3,"","Lowndes County, Mississippi","Private","Nonstore retailers","County, NAICS 3-digit -- by ownership sector","All establishment sizes",6,73,73,75,618068,25943,513,645
"28087",5,"454",75,0,2007,4,"","Lowndes County, Mississippi","Private","Nonstore retailers","County, NAICS 3-digit -- by ownership sector","All establishment sizes",7,76,78,80,1075438,59239,1153,1061
"28087",5,4541,76,0,2007,1,"N","Lowndes County, Mississippi","Private","Electronic shopping and mail-order houses","County, NAICS 4-digit -- by ownership sector","All establishment sizes",1,0,0,0,0,0,0,0
"28087",5,"4541",76,0,2007,2,"N","Lowndes County, Mississippi","Private","Electronic shopping and mail-order houses","County, NAICS 4-digit -- by ownership sector","All establishment sizes",1,0,0,0,0,0,0,0
"28087",5,"4541",76,0,2007,3,"N","Lowndes County, Mississippi","Private","Electronic shopping and mail-order houses","County, NAICS 4-digit -- by ownership sector","All establishment sizes",1,0,0,0,0,0,0,0
"28087",5,"4541",76,0,2007,4,"N","Lowndes County, Mississippi","Private","Electronic shopping and mail-order houses","County, NAICS 4-digit -- by ownership sector","All establishment sizes",1,0,0,0,0,0,0,0
"28087",5,45411,77,0,2007,1,"N","Lowndes County, Mississippi","Private","Electronic shopping and mail-order houses","County, NAICS 5-digit -- by ownership sector","All establishment sizes",1,0,0,0,0,0,0,0
"28087",5,"45411",77,0,2007,2,"N","Lowndes County, Mississippi","Private","Electronic shopping and mail-order houses","County, NAICS 5-digit -- by ownership sector","All establishment sizes",1,0,0,0,0,0,0,0
"28087",5,"45411",77,0,2007,3,"N","Lowndes County, Mississippi","Private","Electronic shopping and mail-order houses","County, NAICS 5-digit -- by ownership sector","All establishment sizes",1,0,0,0,0,0,0,0
"28087",5,"45411",77,0,2007,4,"N","Lowndes County, Mississippi","Private","Electronic shopping and mail-order houses","County, NAICS 5-digit -- by ownership sector","All establishment sizes",1,0,0,0,0,0,0,0
"28087",5,454113,78,0,2007,1,"N","Lowndes County, Mississippi","Private","Mail-order houses","County, NAICS 6-digit -- by ownership sector","All establishment sizes",1,0,0,0,0,0,0,0
"28087",5,"454113",78,0,2007,2,"N","Lowndes County, Mississippi","Private","Mail-order houses","County, NAICS 6-digit -- by ownership sector","All establishment sizes",1,0,0,0,0,0,0,0
"28087",5,"454113",78,0,2007,3,"N","Lowndes County, Mississippi","Private","Mail-order houses","County, NAICS 6-digit -- by ownership sector","All establishment sizes",1,0,0,0,0,0,0,0
"28087",5,"454113",78,0,2007,4,"N","Lowndes County, Mississippi","Private","Mail-order houses","County, NAICS 6-digit -- by ownership sector","All establishment sizes",1,0,0,0,0,0,0,0
"28087",5,4542,76,0,2007,1,"N","Lowndes County, Mississippi","Private","Vending machine operators","County, NAICS 4-digit -- by ownership sector","All establishment sizes",2,0,0,0,0,0,0,0
"28087",5,"4542",76,0,2007,2,"N","Lowndes County, Mississippi","Private","Vending machine operators","County, NAICS 4-digit -- by ownership sector","All establishment sizes",2,0,0,0,0,0,0,0
"28087",5,"4542",76,0,2007,3,"N","Lowndes County, Mississippi","Private","Vending machine operators","County, NAICS 4-digit -- by ownership sector","All establishment sizes",3,0,0,0,0,0,0,0
"28087",5,"4542",76,0,2007,4,"","Lowndes County, Mississippi","Private","Vending machine operators","County, NAICS 4-digit -- by ownership sector","All establishment sizes",3,3,3,4,7096,1302,16,164
"28087",5,45421,77,0,2007,1,"N","Lowndes County, Mississippi","Private","Vending machine operators","County, NAICS 5-digit -- by ownership sector","All establishment sizes",2,0,0,0,0,0,0,0
"28087",5,"45421",77,0,2007,2,"N","Lowndes County, Mississippi","Private","Vending machine operators","County, NAICS 5-digit -- by ownership sector","All establishment sizes",2,0,0,0,0,0,0,0
"28087",5,"45421",77,0,2007,3,"N","Lowndes County, Mississippi","Private","Vending machine operators","County, NAICS 5-digit -- by ownership sector","All establishment sizes",3,0,0,0,0,0,0,0
"28087",5,"45421",77,0,2007,4,"","Lowndes County, Mississippi","Private","Vending machine operators","County, NAICS 5-digit -- by ownership sector","All establishment sizes",3,3,3,4,7096,1302,16,164
"28087",5,454210,78,0,2007,1,"N","Lowndes County, Mississippi","Private","Vending machine operators","County, NAICS 6-digit -- by ownership sector","All establishment sizes",2,0,0,0,0,0,0,0
"28087",5,"454210",78,0,2007,2,"N","Lowndes County, Mississippi","Private","Vending machine operators","County, NAICS 6-digit -- by ownership sector","All establishment sizes",2,0,0,0,0,0,0,0
"28087",5,"454210",78,0,2007,3,"N","Lowndes County, Mississippi","Private","Vending machine operators","County, NAICS 6-digit -- by ownership sector","All establishment sizes",3,0,0,0,0,0,0,0
"28087",5,"454210",78,0,2007,4,"","Lowndes County, Mississippi","Private","Vending machine operators","County, NAICS 6-digit -- by ownership sector","All establishment sizes",3,3,3,4,7096,1302,16,164
"28087",5,4543,76,0,2007,1,"N","Lowndes County, Mississippi","Private","Direct selling establishments","County, NAICS 4-digit -- by ownership sector","All establishment sizes",3,0,0,0,0,0,0,0
"28087",5,"4543",76,0,2007,2,"N","Lowndes County, Mississippi","Private","Direct selling establishments","County, NAICS 4-digit -- by ownership sector","All establishment sizes",2,0,0,0,0,0,0,0
"28087",5,"4543",76,0,2007,3,"N","Lowndes County, Mississippi","Private","Direct selling establishments","County, NAICS 4-digit -- by ownership sector","All establishment sizes",2,0,0,0,0,0,0,0
"28087",5,"4543",76,0,2007,4,"N","Lowndes County, Mississippi","Private","Direct selling establishments","County, NAICS 4-digit -- by ownership sector","All establishment sizes",3,0,0,0,0,0,0,0
"28087",5,45431,77,0,2007,1,"N","Lowndes County, Mississippi","Private","Fuel dealers","County, NAICS 5-digit -- by ownership sector","All establishment sizes",3,0,0,0,0,0,0,0
"28087",5,"45431",77,0,2007,2,"N","Lowndes County, Mississippi","Private","Fuel dealers","County, NAICS 5-digit -- by ownership sector","All establishment sizes",2,0,0,0,0,0,0,0
"28087",5,"45431",77,0,2007,3,"N","Lowndes County, Mississippi","Private","Fuel dealers","County, NAICS 5-digit -- by ownership sector","All establishment sizes",2,0,0,0,0,0,0,0
"28087",5,"45431",77,0,2007,4,"N","Lowndes County, Mississippi","Private","Fuel dealers","County, NAICS 5-digit -- by ownership sector","All establishment sizes",3,0,0,0,0,0,0,0
"28087",5,454312,78,0,2007,1,"N","Lowndes County, Mississippi","Private","Liquefied petroleum gas, bottled gas, dealers","County, NAICS 6-digit -- by ownership sector","All establishment sizes",3,0,0,0,0,0,0,0
"28087",5,"454312",78,0,2007,2,"N","Lowndes County, Mississippi","Private","Liquefied petroleum gas, bottled gas, dealers","County, NAICS 6-digit -- by ownership sector","All establishment sizes",2,0,0,0,0,0,0,0
"28087",5,"454312",78,0,2007,3,"N","Lowndes County, Mississippi","Private","Liquefied petroleum gas, bottled gas, dealers","County, NAICS 6-digit -- by ownership sector","All establishment sizes",2,0,0,0,0,0,0,0
"28087",5,"454312",78,0,2007,4,"N","Lowndes County, Mississippi","Private","Liquefied petroleum gas, bottled gas, dealers","County, NAICS 6-digit -- by ownership sector","All establishment sizes",3,0,0,0,0,0,0,0
"28087",5,48-49,74,0,2007,1,"","Lowndes County, Mississippi","Private","Transportation and warehousing","County, NAICS Sector -- by ownership sector","All establishment sizes",60,1237,1245,1277,12917149,8069946,84081,793
"28087",5,"48-49",74,0,2007,2,"","Lowndes County, Mississippi","Private","Transportation and warehousing","County, NAICS Sector -- by ownership sector","All establishment sizes",61,1283,1290,1245,12352005,1387946,20786,747
"28087",5,"48-49",74,0,2007,3,"","Lowndes County, Mississippi","Private","Transportation and warehousing","County, NAICS Sector -- by ownership sector","All establishment sizes",59,1246,1248,1218,13994071,797617,9152,870
"28087",5,"48-49",74,0,2007,4,"","Lowndes County, Mississippi","Private","Transportation and warehousing","County, NAICS Sector -- by ownership sector","All establishment sizes",59,1196,1233,1232,12609909,500558,6227,795
"28087",5,484,75,0,2007,1,"","Lowndes County, Mississippi","Private","Truck transportation","County, NAICS 3-digit -- by ownership sector","All establishment sizes",33,357,370,386,3177477,2230597,33027,659
"28087",5,"484",75,0,2007,2,"","Lowndes County, Mississippi","Private","Truck transportation","County, NAICS 3-digit -- by ownership sector","All establishment sizes",34,381,381,394,3423172,702950,10818,683
"28087",5,"484",75,0,2007,3,"","Lowndes County, Mississippi","Private","Truck transportation","County, NAICS 3-digit -- by ownership sector","All establishment sizes",33,377,373,346,3858262,344459,4883,812
"28087",5,"484",75,0,2007,4,"","Lowndes County, Mississippi","Private","Truck transportation","County, NAICS 3-digit -- by ownership sector","All establishment sizes",33,326,353,356,3235342,227971,3136,721
"28087",5,4841,76,0,2007,1,"","Lowndes County, Mississippi","Private","General freight trucking","County, NAICS 4-digit -- by ownership sector","All establishment sizes",21,194,190,193,1258634,1020832,14113,503
"28087",5,"4841",76,0,2007,2,"","Lowndes County, Mississippi","Private","General freight trucking","County, NAICS 4-digit -- by ownership sector","All establishment sizes",22,189,188,199,1233693,353560,5331,494
"28087",5,"4841",76,0,2007,3,"","Lowndes County, Mississippi","Private","General freight trucking","County, NAICS 4-digit -- by ownership sector","All establishment sizes",21,193,190,191,1343850,208424,2953,540
"28087",5,"4841",76,0,2007,4,"","Lowndes County, Mississippi","Private","General freight trucking","County, NAICS 4-digit -- by ownership sector","All establishment sizes",21,187,191,195,1281387,159946,2233,516
"28087",5,48411,77,0,2007,1,"","Lowndes County, Mississippi","Private","General freight trucking, local","County, NAICS 5-digit -- by ownership sector","All establishment sizes",3,17,18,19,120892,101067,785,517
"28087",5,"48411",77,0,2007,2,"","Lowndes County, Mississippi","Private","General freight trucking, local","County, NAICS 5-digit -- by ownership sector","All establishment sizes",4,19,17,19,116074,30510,385,487
"28087",5,"48411",77,0,2007,3,"","Lowndes County, Mississippi","Private","General freight trucking, local","County, NAICS 5-digit -- by ownership sector","All establishment sizes",4,19,19,19,133104,37553,425,539
"28087",5,"48411",77,0,2007,4,"","Lowndes County, Mississippi","Private","General freight trucking, local","County, NAICS 5-digit -- by ownership sector","All establishment sizes",4,18,21,21,166907,26931,212,642
"28087",5,484110,78,0,2007,1,"","Lowndes County, Mississippi","Private","General freight trucking, local","County, NAICS 6-digit -- by ownership sector","All establishment sizes",3,17,18,19,120892,101067,785,517
"28087",5,"484110",78,0,2007,2,"","Lowndes County, Mississippi","Private","General freight trucking, local","County, NAICS 6-digit -- by ownership sector","All establishment sizes",4,19,17,19,116074,30510,385,487
"28087",5,"484110",78,0,2007,3,"","Lowndes County, Mississippi","Private","General freight trucking, local","County, NAICS 6-digit -- by ownership sector","All establishment sizes",4,19,19,19,133104,37553,425,539
"28087",5,"484110",78,0,2007,4,"","Lowndes County, Mississippi","Private","General freight trucking, local","County, NAICS 6-digit -- by ownership sector","All establishment sizes",4,18,21,21,166907,26931,212,642
"28087",5,48412,77,0,2007,1,"","Lowndes County, Mississippi","Private","General freight trucking, long-distance","County, NAICS 5-digit -- by ownership sector","All establishment sizes",18,177,172,174,1137742,919765,13328,502
"28087",5,"48412",77,0,2007,2,"","Lowndes County, Mississippi","Private","General freight trucking, long-distance","County, NAICS 5-digit -- by ownership sector","All establishment sizes",18,170,171,180,1117619,323050,4946,495
"28087",5,"48412",77,0,2007,3,"","Lowndes County, Mississippi","Private","General freight trucking, long-distance","County, NAICS 5-digit -- by ownership sector","All establishment sizes",17,174,171,172,1210746,170871,2528,540
"28087",5,"48412",77,0,2007,4,"","Lowndes County, Mississippi","Private","General freight trucking, long-distance","County, NAICS 5-digit -- by ownership sector","All establishment sizes",17,169,170,174,1114480,133015,2021,501
"28087",5,484121,78,0,2007,1,"","Lowndes County, Mississippi","Private","General freight trucking, long-distance TL","County, NAICS 6-digit -- by ownership sector","All establishment sizes",18,177,172,174,1137742,919765,13328,502
"28087",5,"484121",78,0,2007,2,"","Lowndes County, Mississippi","Private","General freight trucking, long-distance TL","County, NAICS 6-digit -- by ownership sector","All establishment sizes",18,170,171,180,1117619,323050,4946,495
"28087",5,"484121",78,0,2007,3,"","Lowndes County, Mississippi","Private","General freight trucking, long-distance TL","County, NAICS 6-digit -- by ownership sector","All establishment sizes",17,174,171,172,1210746,170871,2528,540
"28087",5,"484121",78,0,2007,4,"","Lowndes County, Mississippi","Private","General freight trucking, long-distance TL","County, NAICS 6-digit -- by ownership sector","All establishment sizes",17,169,170,174,1114480,133015,2021,501
"28087",5,4842,76,0,2007,1,"","Lowndes County, Mississippi","Private","Specialized freight trucking","County, NAICS 4-digit -- by ownership sector","All establishment sizes",12,163,180,193,1918843,1209765,18914,826
"28087",5,"4842",76,0,2007,2,"","Lowndes County, Mississippi","Private","Specialized freight trucking","County, NAICS 4-digit -- by ownership sector","All establishment sizes",12,192,193,195,2189479,349390,5487,871
"28087",5,"4842",76,0,2007,3,"","Lowndes County, Mississippi","Private","Specialized freight trucking","County, NAICS 4-digit -- by ownership sector","All establishment sizes",12,184,183,155,2514412,136035,1930,1112
"28087",5,"4842",76,0,2007,4,"","Lowndes County, Mississippi","Private","Specialized freight trucking","County, NAICS 4-digit -- by ownership sector","All establishment sizes",12,139,162,161,1953955,68025,903,976
"28087",5,48421,77,0,2007,1,"N","Lowndes County, Mississippi","Private","Used household and office goods moving","County, NAICS 5-digit -- by ownership sector","All establishment sizes",2,0,0,0,0,0,0,0
"28087",5,"48421",77,0,2007,2,"N","Lowndes County, Mississippi","Private","Used household and office goods moving","County, NAICS 5-digit -- by ownership sector","All establishment sizes",2,0,0,0,0,0,0,0
"28087",5,"48421",77,0,2007,3,"N","Lowndes County, Mississippi","Private","Used household and office goods moving","County, NAICS 5-digit -- by ownership sector","All establishment sizes",2,0,0,0,0,0,0,0
"28087",5,"48421",77,0,2007,4,"N","Lowndes County, Mississippi","Private","Used household and office goods moving","County, NAICS 5-digit -- by ownership sector","All establishment sizes",2,0,0,0,0,0,0,0
"28087",5,484210,78,0,2007,1,"N","Lowndes County, Mississippi","Private","Used household and office goods moving","County, NAICS 6-digit -- by ownership sector","All establishment sizes",2,0,0,0,0,0,0,0
"28087",5,"484210",78,0,2007,2,"N","Lowndes County, Mississippi","Private","Used household and office goods moving","County, NAICS 6-digit -- by ownership sector","All establishment sizes",2,0,0,0,0,0,0,0
"28087",5,"484210",78,0,2007,3,"N","Lowndes County, Mississippi","Private","Used household and office goods moving","County, NAICS 6-digit -- by ownership sector","All establishment sizes",2,0,0,0,0,0,0,0
"28087",5,"484210",78,0,2007,4,"N","Lowndes County, Mississippi","Private","Used household and office goods moving","County, NAICS 6-digit -- by ownership sector","All establishment sizes",2,0,0,0,0,0,0,0
"28087",5,48422,77,0,2007,1,"","Lowndes County, Mississippi","Private","Other specialized trucking, local","County, NAICS 5-digit -- by ownership sector","All establishment sizes",8,39,39,39,267006,200204,1805,527
"28087",5,"48422",77,0,2007,2,"","Lowndes County, Mississippi","Private","Other specialized trucking, local","County, NAICS 5-digit -- by ownership sector","All establishment sizes",8,40,41,38,343832,66138,463,667
"28087",5,"48422",77,0,2007,3,"","Lowndes County, Mississippi","Private","Other specialized trucking, local","County, NAICS 5-digit -- by ownership sector","All establishment sizes",8,39,38,34,282905,27830,262,588
"28087",5,"48422",77,0,2007,4,"","Lowndes County, Mississippi","Private","Other specialized trucking, local","County, NAICS 5-digit -- by ownership sector","All establishment sizes",8,26,32,34,309719,24941,241,777
"28087",5,484220,78,0,2007,1,"","Lowndes County, Mississippi","Private","Other specialized trucking, local","County, NAICS 6-digit -- by ownership sector","All establishment sizes",8,39,39,39,267006,200204,1805,527
"28087",5,"484220",78,0,2007,2,"","Lowndes County, Mississippi","Private","Other specialized trucking, local","County, NAICS 6-digit -- by ownership sector","All establishment sizes",8,40,41,38,343832,66138,463,667
"28087",5,"484220",78,0,2007,3,"","Lowndes County, Mississippi","Private","Other specialized trucking, local","County, NAICS 6-digit -- by ownership sector","All establishment sizes",8,39,38,34,282905,27830,262,588
"28087",5,"484220",78,0,2007,4,"","Lowndes County, Mississippi","Private","Other specialized trucking, local","County, NAICS 6-digit -- by ownership sector","All establishment sizes",8,26,32,34,309719,24941,241,777
"28087",5,48423,77,0,2007,1,"N","Lowndes County, Mississippi","Private","Other specialized trucking, long-distance","County, NAICS 5-digit -- by ownership sector","All establishment sizes",2,0,0,0,0,0,0,0
"28087",5,"48423",77,0,2007,2,"N","Lowndes County, Mississippi","Private","Other specialized trucking, long-distance","County, NAICS 5-digit -- by ownership sector","All establishment sizes",2,0,0,0,0,0,0,0
"28087",5,"48423",77,0,2007,3,"N","Lowndes County, Mississippi","Private","Other specialized trucking, long-distance","County, NAICS 5-digit -- by ownership sector","All establishment sizes",2,0,0,0,0,0,0,0
"28087",5,"48423",77,0,2007,4,"N","Lowndes County, Mississippi","Private","Other specialized trucking, long-distance","County, NAICS 5-digit -- by ownership sector","All establishment sizes",2,0,0,0,0,0,0,0
"28087",5,484230,78,0,2007,1,"N","Lowndes County, Mississippi","Private","Other specialized trucking, long-distance","County, NAICS 6-digit -- by ownership sector","All establishment sizes",2,0,0,0,0,0,0,0
"28087",5,"484230",78,0,2007,2,"N","Lowndes County, Mississippi","Private","Other specialized trucking, long-distance","County, NAICS 6-digit -- by ownership sector","All establishment sizes",2,0,0,0,0,0,0,0
"28087",5,"484230",78,0,2007,3,"N","Lowndes County, Mississippi","Private","Other specialized trucking, long-distance","County, NAICS 6-digit -- by ownership sector","All establishment sizes",2,0,0,0,0,0,0,0
"28087",5,"484230",78,0,2007,4,"N","Lowndes County, Mississippi","Private","Other specialized trucking, long-distance","County, NAICS 6-digit -- by ownership sector","All establishment sizes",2,0,0,0,0,0,0,0
"28087",5,485,75,0,2007,1,"N","Lowndes County, Mississippi","Private","Transit and ground passenger transportation","County, NAICS 3-digit -- by ownership sector","All establishment sizes",2,0,0,0,0,0,0,0
"28087",5,"485",75,0,2007,2,"N","Lowndes County, Mississippi","Private","Transit and ground passenger transportation","County, NAICS 3-digit -- by ownership sector","All establishment sizes",2,0,0,0,0,0,0,0
"28087",5,"485",75,0,2007,3,"N","Lowndes County, Mississippi","Private","Transit and ground passenger transportation","County, NAICS 3-digit -- by ownership sector","All establishment sizes",2,0,0,0,0,0,0,0
"28087",5,"485",75,0,2007,4,"N","Lowndes County, Mississippi","Private","Transit and ground passenger transportation","County, NAICS 3-digit -- by ownership sector","All establishment sizes",2,0,0,0,0,0,0,0
"28087",5,4853,76,0,2007,1,"N","Lowndes County, Mississippi","Private","Taxi and limousine service","County, NAICS 4-digit -- by ownership sector","All establishment sizes",1,0,0,0,0,0,0,0
"28087",5,"4853",76,0,2007,2,"N","Lowndes County, Mississippi","Private","Taxi and limousine service","County, NAICS 4-digit -- by ownership sector","All establishment sizes",1,0,0,0,0,0,0,0
"28087",5,"4853",76,0,2007,3,"N","Lowndes County, Mississippi","Private","Taxi and limousine service","County, NAICS 4-digit -- by ownership sector","All establishment sizes",1,0,0,0,0,0,0,0
"28087",5,"4853",76,0,2007,4,"N","Lowndes County, Mississippi","Private","Taxi and limousine service","County, NAICS 4-digit -- by ownership sector","All establishment sizes",1,0,0,0,0,0,0,0
"28087",5,48531,77,0,2007,1,"N","Lowndes County, Mississippi","Private","Taxi service","County, NAICS 5-digit -- by ownership sector","All establishment sizes",1,0,0,0,0,0,0,0
"28087",5,"48531",77,0,2007,2,"N","Lowndes County, Mississippi","Private","Taxi service","County, NAICS 5-digit -- by ownership sector","All establishment sizes",1,0,0,0,0,0,0,0
"28087",5,"48531",77,0,2007,3,"N","Lowndes County, Mississippi","Private","Taxi service","County, NAICS 5-digit -- by ownership sector","All establishment sizes",1,0,0,0,0,0,0,0
"28087",5,"48531",77,0,2007,4,"N","Lowndes County, Mississippi","Private","Taxi service","County, NAICS 5-digit -- by ownership sector","All establishment sizes",1,0,0,0,0,0,0,0
"28087",5,485310,78,0,2007,1,"N","Lowndes County, Mississippi","Private","Taxi service","County, NAICS 6-digit -- by ownership sector","All establishment sizes",1,0,0,0,0,0,0,0
"28087",5,"485310",78,0,2007,2,"N","Lowndes County, Mississippi","Private","Taxi service","County, NAICS 6-digit -- by ownership sector","All establishment sizes",1,0,0,0,0,0,0,0
"28087",5,"485310",78,0,2007,3,"N","Lowndes County, Mississippi","Private","Taxi service","County, NAICS 6-digit -- by ownership sector","All establishment sizes",1,0,0,0,0,0,0,0
"28087",5,"485310",78,0,2007,4,"N","Lowndes County, Mississippi","Private","Taxi service","County, NAICS 6-digit -- by ownership sector","All establishment sizes",1,0,0,0,0,0,0,0
"28087",5,4859,76,0,2007,1,"N","Lowndes County, Mississippi","Private","Other ground passenger transportation","County, NAICS 4-digit -- by ownership sector","All establishment sizes",1,0,0,0,0,0,0,0
"28087",5,"4859",76,0,2007,2,"N","Lowndes County, Mississippi","Private","Other ground passenger transportation","County, NAICS 4-digit -- by ownership sector","All establishment sizes",1,0,0,0,0,0,0,0
"28087",5,"4859",76,0,2007,3,"N","Lowndes County, Mississippi","Private","Other ground passenger transportation","County, NAICS 4-digit -- by ownership sector","All establishment sizes",1,0,0,0,0,0,0,0
"28087",5,"4859",76,0,2007,4,"N","Lowndes County, Mississippi","Private","Other ground passenger transportation","County, NAICS 4-digit -- by ownership sector","All establishment sizes",1,0,0,0,0,0,0,0
"28087",5,48599,77,0,2007,1,"N","Lowndes County, Mississippi","Private","Other ground passenger transportation","County, NAICS 5-digit -- by ownership sector","All establishment sizes",1,0,0,0,0,0,0,0
"28087",5,"48599",77,0,2007,2,"N","Lowndes County, Mississippi","Private","Other ground passenger transportation","County, NAICS 5-digit -- by ownership sector","All establishment sizes",1,0,0,0,0,0,0,0
"28087",5,"48599",77,0,2007,3,"N","Lowndes County, Mississippi","Private","Other ground passenger transportation","County, NAICS 5-digit -- by ownership sector","All establishment sizes",1,0,0,0,0,0,0,0
"28087",5,"48599",77,0,2007,4,"N","Lowndes County, Mississippi","Private","Other ground passenger transportation","County, NAICS 5-digit -- by ownership sector","All establishment sizes",1,0,0,0,0,0,0,0
"28087",5,485991,78,0,2007,1,"N","Lowndes County, Mississippi","Private","Special needs transportation","County, NAICS 6-digit -- by ownership sector","All establishment sizes",1,0,0,0,0,0,0,0
"28087",5,"485991",78,0,2007,2,"N","Lowndes County, Mississippi","Private","Special needs transportation","County, NAICS 6-digit -- by ownership sector","All establishment sizes",1,0,0,0,0,0,0,0
"28087",5,"485991",78,0,2007,3,"N","Lowndes County, Mississippi","Private","Special needs transportation","County, NAICS 6-digit -- by ownership sector","All establishment sizes",1,0,0,0,0,0,0,0
"28087",5,"485991",78,0,2007,4,"N","Lowndes County, Mississippi","Private","Special needs transportation","County, NAICS 6-digit -- by ownership sector","All establishment sizes",1,0,0,0,0,0,0,0
"28087",5,486,75,0,2007,1,"N","Lowndes County, Mississippi","Private","Pipeline transportation","County, NAICS 3-digit -- by ownership sector","All establishment sizes",2,0,0,0,0,0,0,0
"28087",5,"486",75,0,2007,2,"N","Lowndes County, Mississippi","Private","Pipeline transportation","County, NAICS 3-digit -- by ownership sector","All establishment sizes",2,0,0,0,0,0,0,0
"28087",5,"486",75,0,2007,3,"N","Lowndes County, Mississippi","Private","Pipeline transportation","County, NAICS 3-digit -- by ownership sector","All establishment sizes",2,0,0,0,0,0,0,0
"28087",5,"486",75,0,2007,4,"N","Lowndes County, Mississippi","Private","Pipeline transportation","County, NAICS 3-digit -- by ownership sector","All establishment sizes",3,0,0,0,0,0,0,0
"28087",5,4862,76,0,2007,1,"N","Lowndes County, Mississippi","Private","Pipeline transportation of natural gas","County, NAICS 4-digit -- by ownership sector","All establishment sizes",2,0,0,0,0,0,0,0
"28087",5,"4862",76,0,2007,2,"N","Lowndes County, Mississippi","Private","Pipeline transportation of natural gas","County, NAICS 4-digit -- by ownership sector","All establishment sizes",2,0,0,0,0,0,0,0
"28087",5,"4862",76,0,2007,3,"N","Lowndes County, Mississippi","Private","Pipeline transportation of natural gas","County, NAICS 4-digit -- by ownership sector","All establishment sizes",2,0,0,0,0,0,0,0
"28087",5,"4862",76,0,2007,4,"N","Lowndes County, Mississippi","Private","Pipeline transportation of natural gas","County, NAICS 4-digit -- by ownership sector","All establishment sizes",3,0,0,0,0,0,0,0
"28087",5,48621,77,0,2007,1,"N","Lowndes County, Mississippi","Private","Pipeline transportation of natural gas","County, NAICS 5-digit -- by ownership sector","All establishment sizes",2,0,0,0,0,0,0,0
"28087",5,"48621",77,0,2007,2,"N","Lowndes County, Mississippi","Private","Pipeline transportation of natural gas","County, NAICS 5-digit -- by ownership sector","All establishment sizes",2,0,0,0,0,0,0,0
"28087",5,"48621",77,0,2007,3,"N","Lowndes County, Mississippi","Private","Pipeline transportation of natural gas","County, NAICS 5-digit -- by ownership sector","All establishment sizes",2,0,0,0,0,0,0,0
"28087",5,"48621",77,0,2007,4,"N","Lowndes County, Mississippi","Private","Pipeline transportation of natural gas","County, NAICS 5-digit -- by ownership sector","All establishment sizes",3,0,0,0,0,0,0,0
"28087",5,486210,78,0,2007,1,"N","Lowndes County, Mississippi","Private","Pipeline transportation of natural gas","County, NAICS 6-digit -- by ownership sector","All establishment sizes",2,0,0,0,0,0,0,0
"28087",5,"486210",78,0,2007,2,"N","Lowndes County, Mississippi","Private","Pipeline transportation of natural gas","County, NAICS 6-digit -- by ownership sector","All establishment sizes",2,0,0,0,0,0,0,0
"28087",5,"486210",78,0,2007,3,"N","Lowndes County, Mississippi","Private","Pipeline transportation of natural gas","County, NAICS 6-digit -- by ownership sector","All establishment sizes",2,0,0,0,0,0,0,0
"28087",5,"486210",78,0,2007,4,"N","Lowndes County, Mississippi","Private","Pipeline transportation of natural gas","County, NAICS 6-digit -- by ownership sector","All establishment sizes",3,0,0,0,0,0,0,0
"28087",5,488,75,0,2007,1,"","Lowndes County, Mississippi","Private","Support activities for transportation","County, NAICS 3-digit -- by ownership sector","All establishment sizes",14,657,668,678,7960519,4671109,30280,917
"28087",5,"488",75,0,2007,2,"","Lowndes County, Mississippi","Private","Support activities for transportation","County, NAICS 3-digit -- by ownership sector","All establishment sizes",14,687,688,685,7119360,359162,3607,798
"28087",5,"488",75,0,2007,3,"","Lowndes County, Mississippi","Private","Support activities for transportation","County, NAICS 3-digit -- by ownership sector","All establishment sizes",14,699,705,712,8578256,316496,3193,936
"28087",5,"488",75,0,2007,4,"","Lowndes County, Mississippi","Private","Support activities for transportation","County, NAICS 3-digit -- by ownership sector","All establishment sizes",14,704,706,684,7664586,128177,1593,845
"28087",5,4881,76,0,2007,1,"","Lowndes County, Mississippi","Private","Support activities for air transportation","County, NAICS 4-digit -- by ownership sector","All establishment sizes",4,630,640,648,7668611,4526356,28612,923
"28087",5,"4881",76,0,2007,2,"","Lowndes County, Mississippi","Private","Support activities for air transportation","County, NAICS 4-digit -- by ownership sector","All establishment sizes",4,658,659,656,6834915,316833,3172,799
"28087",5,"4881",76,0,2007,3,"","Lowndes County, Mississippi","Private","Support activities for air transportation","County, NAICS 4-digit -- by ownership sector","All establishment sizes",4,671,676,683,8260221,285156,2769,939
"28087",5,"4881",76,0,2007,4,"N","Lowndes County, Mississippi","Private","Support activities for air transportation","County, NAICS 4-digit -- by ownership sector","All establishment sizes",4,0,0,0,0,0,0,0
"28087",5,48811,77,0,2007,1,"N","Lowndes County, Mississippi","Private","Airport operations","County, NAICS 5-digit -- by ownership sector","All establishment sizes",1,0,0,0,0,0,0,0
"28087",5,"48811",77,0,2007,2,"N","Lowndes County, Mississippi","Private","Airport operations","County, NAICS 5-digit -- by ownership sector","All establishment sizes",1,0,0,0,0,0,0,0
"28087",5,"48811",77,0,2007,3,"N","Lowndes County, Mississippi","Private","Airport operations","County, NAICS 5-digit -- by ownership sector","All establishment sizes",1,0,0,0,0,0,0,0
"28087",5,"48811",77,0,2007,4,"N","Lowndes County, Mississippi","Private","Airport operations","County, NAICS 5-digit -- by ownership sector","All establishment sizes",1,0,0,0,0,0,0,0
"28087",5,488119,78,0,2007,1,"N","Lowndes County, Mississippi","Private","Other airport operations","County, NAICS 6-digit -- by ownership sector","All establishment sizes",1,0,0,0,0,0,0,0
"28087",5,"488119",78,0,2007,2,"N","Lowndes County, Mississippi","Private","Other airport operations","County, NAICS 6-digit -- by ownership sector","All establishment sizes",1,0,0,0,0,0,0,0
"28087",5,"488119",78,0,2007,3,"N","Lowndes County, Mississippi","Private","Other airport operations","County, NAICS 6-digit -- by ownership sector","All establishment sizes",1,0,0,0,0,0,0,0
"28087",5,"488119",78,0,2007,4,"N","Lowndes County, Mississippi","Private","Other airport operations","County, NAICS 6-digit -- by ownership sector","All establishment sizes",1,0,0,0,0,0,0,0
"28087",5,48819,77,0,2007,1,"N","Lowndes County, Mississippi","Private","Other support activities for air transport.","County, NAICS 5-digit -- by ownership sector","All establishment sizes",3,0,0,0,0,0,0,0
"28087",5,"48819",77,0,2007,2,"N","Lowndes County, Mississippi","Private","Other support activities for air transport.","County, NAICS 5-digit -- by ownership sector","All establishment sizes",3,0,0,0,0,0,0,0
"28087",5,"48819",77,0,2007,3,"N","Lowndes County, Mississippi","Private","Other support activities for air transport.","County, NAICS 5-digit -- by ownership sector","All establishment sizes",3,0,0,0,0,0,0,0
"28087",5,"48819",77,0,2007,4,"N","Lowndes County, Mississippi","Private","Other support activities for air transport.","County, NAICS 5-digit -- by ownership sector","All establishment sizes",3,0,0,0,0,0,0,0
"28087",5,488190,78,0,2007,1,"N","Lowndes County, Mississippi","Private","Other support activities for air transport.","County, NAICS 6-digit -- by ownership sector","All establishment sizes",3,0,0,0,0,0,0,0
"28087",5,"488190",78,0,2007,2,"N","Lowndes County, Mississippi","Private","Other support activities for air transport.","County, NAICS 6-digit -- by ownership sector","All establishment sizes",3,0,0,0,0,0,0,0
"28087",5,"488190",78,0,2007,3,"N","Lowndes County, Mississippi","Private","Other support activities for air transport.","County, NAICS 6-digit -- by ownership sector","All establishment sizes",3,0,0,0,0,0,0,0
"28087",5,"488190",78,0,2007,4,"N","Lowndes County, Mississippi","Private","Other support activities for air transport.","County, NAICS 6-digit -- by ownership sector","All establishment sizes",3,0,0,0,0,0,0,0
"28087",5,4882,76,0,2007,1,"N","Lowndes County, Mississippi","Private","Support activities for rail transportation","County, NAICS 4-digit -- by ownership sector","All establishment sizes",2,0,0,0,0,0,0,0
"28087",5,"4882",76,0,2007,2,"N","Lowndes County, Mississippi","Private","Support activities for rail transportation","County, NAICS 4-digit -- by ownership sector","All establishment sizes",2,0,0,0,0,0,0,0
"28087",5,"4882",76,0,2007,3,"N","Lowndes County, Mississippi","Private","Support activities for rail transportation","County, NAICS 4-digit -- by ownership sector","All establishment sizes",2,0,0,0,0,0,0,0
"28087",5,"4882",76,0,2007,4,"N","Lowndes County, Mississippi","Private","Support activities for rail transportation","County, NAICS 4-digit -- by ownership sector","All establishment sizes",2,0,0,0,0,0,0,0
"28087",5,48821,77,0,2007,1,"N","Lowndes County, Mississippi","Private","Support activities for rail transportation","County, NAICS 5-digit -- by ownership sector","All establishment sizes",2,0,0,0,0,0,0,0
"28087",5,"48821",77,0,2007,2,"N","Lowndes County, Mississippi","Private","Support activities for rail transportation","County, NAICS 5-digit -- by ownership sector","All establishment sizes",2,0,0,0,0,0,0,0
"28087",5,"48821",77,0,2007,3,"N","Lowndes County, Mississippi","Private","Support activities for rail transportation","County, NAICS 5-digit -- by ownership sector","All establishment sizes",2,0,0,0,0,0,0,0
"28087",5,"48821",77,0,2007,4,"N","Lowndes County, Mississippi","Private","Support activities for rail transportation","County, NAICS 5-digit -- by ownership sector","All establishment sizes",2,0,0,0,0,0,0,0
"28087",5,488210,78,0,2007,1,"N","Lowndes County, Mississippi","Private","Support activities for rail transportation","County, NAICS 6-digit -- by ownership sector","All establishment sizes",2,0,0,0,0,0,0,0
"28087",5,"488210",78,0,2007,2,"N","Lowndes County, Mississippi","Private","Support activities for rail transportation","County, NAICS 6-digit -- by ownership sector","All establishment sizes",2,0,0,0,0,0,0,0
"28087",5,"488210",78,0,2007,3,"N","Lowndes County, Mississippi","Private","Support activities for rail transportation","County, NAICS 6-digit -- by ownership sector","All establishment sizes",2,0,0,0,0,0,0,0
"28087",5,"488210",78,0,2007,4,"N","Lowndes County, Mississippi","Private","Support activities for rail transportation","County, NAICS 6-digit -- by ownership sector","All establishment sizes",2,0,0,0,0,0,0,0
"28087",5,4883,76,0,2007,1,"N","Lowndes County, Mississippi","Private","Support activities for water transportation","County, NAICS 4-digit -- by ownership sector","All establishment sizes",1,0,0,0,0,0,0,0
"28087",5,"4883",76,0,2007,2,"N","Lowndes County, Mississippi","Private","Support activities for water transportation","County, NAICS 4-digit -- by ownership sector","All establishment sizes",1,0,0,0,0,0,0,0
"28087",5,"4883",76,0,2007,3,"N","Lowndes County, Mississippi","Private","Support activities for water transportation","County, NAICS 4-digit -- by ownership sector","All establishment sizes",1,0,0,0,0,0,0,0
"28087",5,"4883",76,0,2007,4,"N","Lowndes County, Mississippi","Private","Support activities for water transportation","County, NAICS 4-digit -- by ownership sector","All establishment sizes",1,0,0,0,0,0,0,0
"28087",5,48831,77,0,2007,1,"N","Lowndes County, Mississippi","Private","Port and harbor operations","County, NAICS 5-digit -- by ownership sector","All establishment sizes",1,0,0,0,0,0,0,0
"28087",5,"48831",77,0,2007,2,"N","Lowndes County, Mississippi","Private","Port and harbor operations","County, NAICS 5-digit -- by ownership sector","All establishment sizes",1,0,0,0,0,0,0,0
"28087",5,"48831",77,0,2007,3,"N","Lowndes County, Mississippi","Private","Port and harbor operations","County, NAICS 5-digit -- by ownership sector","All establishment sizes",1,0,0,0,0,0,0,0
"28087",5,"48831",77,0,2007,4,"N","Lowndes County, Mississippi","Private","Port and harbor operations","County, NAICS 5-digit -- by ownership sector","All establishment sizes",1,0,0,0,0,0,0,0
"28087",5,488310,78,0,2007,1,"N","Lowndes County, Mississippi","Private","Port and harbor operations","County, NAICS 6-digit -- by ownership sector","All establishment sizes",1,0,0,0,0,0,0,0
"28087",5,"488310",78,0,2007,2,"N","Lowndes County, Mississippi","Private","Port and harbor operations","County, NAICS 6-digit -- by ownership sector","All establishment sizes",1,0,0,0,0,0,0,0
"28087",5,"488310",78,0,2007,3,"N","Lowndes County, Mississippi","Private","Port and harbor operations","County, NAICS 6-digit -- by ownership sector","All establishment sizes",1,0,0,0,0,0,0,0
"28087",5,"488310",78,0,2007,4,"N","Lowndes County, Mississippi","Private","Port and harbor operations","County, NAICS 6-digit -- by ownership sector","All establishment sizes",1,0,0,0,0,0,0,0
"28087",5,4884,76,0,2007,1,"N","Lowndes County, Mississippi","Private","Support activities for road transportation","County, NAICS 4-digit -- by ownership sector","All establishment sizes",3,0,0,0,0,0,0,0
"28087",5,"4884",76,0,2007,2,"N","Lowndes County, Mississippi","Private","Support activities for road transportation","County, NAICS 4-digit -- by ownership sector","All establishment sizes",3,0,0,0,0,0,0,0
"28087",5,"4884",76,0,2007,3,"N","Lowndes County, Mississippi","Private","Support activities for road transportation","County, NAICS 4-digit -- by ownership sector","All establishment sizes",3,0,0,0,0,0,0,0
"28087",5,"4884",76,0,2007,4,"","Lowndes County, Mississippi","Private","Support activities for road transportation","County, NAICS 4-digit -- by ownership sector","All establishment sizes",3,6,6,5,27056,10499,462,367
"28087",5,48841,77,0,2007,1,"N","Lowndes County, Mississippi","Private","Motor vehicle towing","County, NAICS 5-digit -- by ownership sector","All establishment sizes",3,0,0,0,0,0,0,0
"28087",5,"48841",77,0,2007,2,"N","Lowndes County, Mississippi","Private","Motor vehicle towing","County, NAICS 5-digit -- by ownership sector","All establishment sizes",3,0,0,0,0,0,0,0
"28087",5,"48841",77,0,2007,3,"N","Lowndes County, Mississippi","Private","Motor vehicle towing","County, NAICS 5-digit -- by ownership sector","All establishment sizes",3,0,0,0,0,0,0,0
"28087",5,"48841",77,0,2007,4,"","Lowndes County, Mississippi","Private","Motor vehicle towing","County, NAICS 5-digit -- by ownership sector","All establishment sizes",3,6,6,5,27056,10499,462,367
"28087",5,488410,78,0,2007,1,"N","Lowndes County, Mississippi","Private","Motor vehicle towing","County, NAICS 6-digit -- by ownership sector","All establishment sizes",3,0,0,0,0,0,0,0
"28087",5,"488410",78,0,2007,2,"N","Lowndes County, Mississippi","Private","Motor vehicle towing","County, NAICS 6-digit -- by ownership sector","All establishment sizes",3,0,0,0,0,0,0,0
"28087",5,"488410",78,0,2007,3,"N","Lowndes County, Mississippi","Private","Motor vehicle towing","County, NAICS 6-digit -- by ownership sector","All establishment sizes",3,0,0,0,0,0,0,0
"28087",5,"488410",78,0,2007,4,"","Lowndes County, Mississippi","Private","Motor vehicle towing","County, NAICS 6-digit -- by ownership sector","All establishment sizes",3,6,6,5,27056,10499,462,367
"28087",5,4885,76,0,2007,1,"","Lowndes County, Mississippi","Private","Freight transportation arrangement","County, NAICS 4-digit -- by ownership sector","All establishment sizes",4,12,12,12,185382,63403,1017,1188
"28087",5,"4885",76,0,2007,2,"","Lowndes County, Mississippi","Private","Freight transportation arrangement","County, NAICS 4-digit -- by ownership sector","All establishment sizes",4,12,13,12,184439,18839,152,1150
"28087",5,"4885",76,0,2007,3,"","Lowndes County, Mississippi","Private","Freight transportation arrangement","County, NAICS 4-digit -- by ownership sector","All establishment sizes",4,14,15,15,219070,18389,214,1149
"28087",5,"4885",76,0,2007,4,"","Lowndes County, Mississippi","Private","Freight transportation arrangement","County, NAICS 4-digit -- by ownership sector","All establishment sizes",4,12,14,13,239443,6562,26,1417
"28087",5,48851,77,0,2007,1,"","Lowndes County, Mississippi","Private","Freight transportation arrangement","County, NAICS 5-digit -- by ownership sector","All establishment sizes",4,12,12,12,185382,63403,1017,1188
"28087",5,"48851",77,0,2007,2,"","Lowndes County, Mississippi","Private","Freight transportation arrangement","County, NAICS 5-digit -- by ownership sector","All establishment sizes",4,12,13,12,184439,18839,152,1150
"28087",5,"48851",77,0,2007,3,"","Lowndes County, Mississippi","Private","Freight transportation arrangement","County, NAICS 5-digit -- by ownership sector","All establishment sizes",4,14,15,15,219070,18389,214,1149
"28087",5,"48851",77,0,2007,4,"","Lowndes County, Mississippi","Private","Freight transportation arrangement","County, NAICS 5-digit -- by ownership sector","All establishment sizes",4,12,14,13,239443,6562,26,1417
"28087",5,488510,78,0,2007,1,"","Lowndes County, Mississippi","Private","Freight transportation arrangement","County, NAICS 6-digit -- by ownership sector","All establishment sizes",4,12,12,12,185382,63403,1017,1188
"28087",5,"488510",78,0,2007,2,"","Lowndes County, Mississippi","Private","Freight transportation arrangement","County, NAICS 6-digit -- by ownership sector","All establishment sizes",4,12,13,12,184439,18839,152,1150
"28087",5,"488510",78,0,2007,3,"","Lowndes County, Mississippi","Private","Freight transportation arrangement","County, NAICS 6-digit -- by ownership sector","All establishment sizes",4,14,15,15,219070,18389,214,1149
"28087",5,"488510",78,0,2007,4,"","Lowndes County, Mississippi","Private","Freight transportation arrangement","County, NAICS 6-digit -- by ownership sector","All establishment sizes",4,12,14,13,239443,6562,26,1417
"28087",5,491,75,0,2007,1,"N","Lowndes County, Mississippi","Private","Postal service","County, NAICS 3-digit -- by ownership sector","All establishment sizes",2,0,0,0,0,0,0,0
"28087",5,"491",75,0,2007,2,"N","Lowndes County, Mississippi","Private","Postal service","County, NAICS 3-digit -- by ownership sector","All establishment sizes",2,0,0,0,0,0,0,0
"28087",5,"491",75,0,2007,3,"N","Lowndes County, Mississippi","Private","Postal service","County, NAICS 3-digit -- by ownership sector","All establishment sizes",2,0,0,0,0,0,0,0
"28087",5,"491",75,0,2007,4,"N","Lowndes County, Mississippi","Private","Postal service","County, NAICS 3-digit -- by ownership sector","All establishment sizes",2,0,0,0,0,0,0,0
"28087",5,4911,76,0,2007,1,"N","Lowndes County, Mississippi","Private","Postal service","County, NAICS 4-digit -- by ownership sector","All establishment sizes",2,0,0,0,0,0,0,0
"28087",5,"4911",76,0,2007,2,"N","Lowndes County, Mississippi","Private","Postal service","County, NAICS 4-digit -- by ownership sector","All establishment sizes",2,0,0,0,0,0,0,0
"28087",5,"4911",76,0,2007,3,"N","Lowndes County, Mississippi","Private","Postal service","County, NAICS 4-digit -- by ownership sector","All establishment sizes",2,0,0,0,0,0,0,0
"28087",5,"4911",76,0,2007,4,"N","Lowndes County, Mississippi","Private","Postal service","County, NAICS 4-digit -- by ownership sector","All establishment sizes",2,0,0,0,0,0,0,0
"28087",5,49111,77,0,2007,1,"N","Lowndes County, Mississippi","Private","Postal service","County, NAICS 5-digit -- by ownership sector","All establishment sizes",2,0,0,0,0,0,0,0
"28087",5,"49111",77,0,2007,2,"N","Lowndes County, Mississippi","Private","Postal service","County, NAICS 5-digit -- by ownership sector","All establishment sizes",2,0,0,0,0,0,0,0
"28087",5,"49111",77,0,2007,3,"N","Lowndes County, Mississippi","Private","Postal service","County, NAICS 5-digit -- by ownership sector","All establishment sizes",2,0,0,0,0,0,0,0
"28087",5,"49111",77,0,2007,4,"N","Lowndes County, Mississippi","Private","Postal service","County, NAICS 5-digit -- by ownership sector","All establishment sizes",2,0,0,0,0,0,0,0
"28087",5,491110,78,0,2007,1,"N","Lowndes County, Mississippi","Private","Postal service","County, NAICS 6-digit -- by ownership sector","All establishment sizes",2,0,0,0,0,0,0,0
"28087",5,"491110",78,0,2007,2,"N","Lowndes County, Mississippi","Private","Postal service","County, NAICS 6-digit -- by ownership sector","All establishment sizes",2,0,0,0,0,0,0,0
"28087",5,"491110",78,0,2007,3,"N","Lowndes County, Mississippi","Private","Postal service","County, NAICS 6-digit -- by ownership sector","All establishment sizes",2,0,0,0,0,0,0,0
"28087",5,"491110",78,0,2007,4,"N","Lowndes County, Mississippi","Private","Postal service","County, NAICS 6-digit -- by ownership sector","All establishment sizes",2,0,0,0,0,0,0,0
"28087",5,492,75,0,2007,1,"","Lowndes County, Mississippi","Private","Couriers and messengers","County, NAICS 3-digit -- by ownership sector","All establishment sizes",4,110,106,108,1048860,625610,3341,747
"28087",5,"492",75,0,2007,2,"","Lowndes County, Mississippi","Private","Couriers and messengers","County, NAICS 3-digit -- by ownership sector","All establishment sizes",4,111,115,114,1109017,157734,856,753
"28087",5,"492",75,0,2007,3,"","Lowndes County, Mississippi","Private","Couriers and messengers","County, NAICS 3-digit -- by ownership sector","All establishment sizes",4,114,112,111,1156817,93229,512,792
"28087",5,"492",75,0,2007,4,"","Lowndes County, Mississippi","Private","Couriers and messengers","County, NAICS 3-digit -- by ownership sector","All establishment sizes",3,119,124,143,1290404,84312,458,771
"28087",5,4921,76,0,2007,1,"N","Lowndes County, Mississippi","Private","Couriers and express delivery services","County, NAICS 4-digit -- by ownership sector","All establishment sizes",3,0,0,0,0,0,0,0
"28087",5,"4921",76,0,2007,2,"N","Lowndes County, Mississippi","Private","Couriers and express delivery services","County, NAICS 4-digit -- by ownership sector","All establishment sizes",3,0,0,0,0,0,0,0
"28087",5,"4921",76,0,2007,3,"N","Lowndes County, Mississippi","Private","Couriers and express delivery services","County, NAICS 4-digit -- by ownership sector","All establishment sizes",3,0,0,0,0,0,0,0
"28087",5,"4921",76,0,2007,4,"","Lowndes County, Mississippi","Private","Couriers and express delivery services","County, NAICS 4-digit -- by ownership sector","All establishment sizes",3,119,124,143,1290404,84312,458,771
"28087",5,49211,77,0,2007,1,"N","Lowndes County, Mississippi","Private","Couriers and express delivery services","County, NAICS 5-digit -- by ownership sector","All establishment sizes",3,0,0,0,0,0,0,0
"28087",5,"49211",77,0,2007,2,"N","Lowndes County, Mississippi","Private","Couriers and express delivery services","County, NAICS 5-digit -- by ownership sector","All establishment sizes",3,0,0,0,0,0,0,0
"28087",5,"49211",77,0,2007,3,"N","Lowndes County, Mississippi","Private","Couriers and express delivery services","County, NAICS 5-digit -- by ownership sector","All establishment sizes",3,0,0,0,0,0,0,0
"28087",5,"49211",77,0,2007,4,"","Lowndes County, Mississippi","Private","Couriers and express delivery services","County, NAICS 5-digit -- by ownership sector","All establishment sizes",3,119,124,143,1290404,84312,458,771
"28087",5,492110,78,0,2007,1,"N","Lowndes County, Mississippi","Private","Couriers and express delivery services","County, NAICS 6-digit -- by ownership sector","All establishment sizes",3,0,0,0,0,0,0,0
"28087",5,"492110",78,0,2007,2,"N","Lowndes County, Mississippi","Private","Couriers and express delivery services","County, NAICS 6-digit -- by ownership sector","All establishment sizes",3,0,0,0,0,0,0,0
"28087",5,"492110",78,0,2007,3,"N","Lowndes County, Mississippi","Private","Couriers and express delivery services","County, NAICS 6-digit -- by ownership sector","All establishment sizes",3,0,0,0,0,0,0,0
"28087",5,"492110",78,0,2007,4,"","Lowndes County, Mississippi","Private","Couriers and express delivery services","County, NAICS 6-digit -- by ownership sector","All establishment sizes",3,119,124,143,1290404,84312,458,771
"28087",5,4922,76,0,2007,1,"N","Lowndes County, Mississippi","Private","Local messengers and local delivery","County, NAICS 4-digit -- by ownership sector","All establishment sizes",1,0,0,0,0,0,0,0
"28087",5,"4922",76,0,2007,2,"N","Lowndes County, Mississippi","Private","Local messengers and local delivery","County, NAICS 4-digit -- by ownership sector","All establishment sizes",1,0,0,0,0,0,0,0
"28087",5,"4922",76,0,2007,3,"N","Lowndes County, Mississippi","Private","Local messengers and local delivery","County, NAICS 4-digit -- by ownership sector","All establishment sizes",1,0,0,0,0,0,0,0
"28087",5,"4922",76,0,2007,4,"-","Lowndes County, Mississippi","Private","Local messengers and local delivery","County, NAICS 4-digit -- by ownership sector","All establishment sizes",0,0,0,0,0,0,0,0
"28087",5,49221,77,0,2007,1,"N","Lowndes County, Mississippi","Private","Local messengers and local delivery","County, NAICS 5-digit -- by ownership sector","All establishment sizes",1,0,0,0,0,0,0,0
"28087",5,"49221",77,0,2007,2,"N","Lowndes County, Mississippi","Private","Local messengers and local delivery","County, NAICS 5-digit -- by ownership sector","All establishment sizes",1,0,0,0,0,0,0,0
"28087",5,"49221",77,0,2007,3,"N","Lowndes County, Mississippi","Private","Local messengers and local delivery","County, NAICS 5-digit -- by ownership sector","All establishment sizes",1,0,0,0,0,0,0,0
"28087",5,"49221",77,0,2007,4,"-","Lowndes County, Mississippi","Private","Local messengers and local delivery","County, NAICS 5-digit -- by ownership sector","All establishment sizes",0,0,0,0,0,0,0,0
"28087",5,492210,78,0,2007,1,"N","Lowndes County, Mississippi","Private","Local messengers and local delivery","County, NAICS 6-digit -- by ownership sector","All establishment sizes",1,0,0,0,0,0,0,0
"28087",5,"492210",78,0,2007,2,"N","Lowndes County, Mississippi","Private","Local messengers and local delivery","County, NAICS 6-digit -- by ownership sector","All establishment sizes",1,0,0,0,0,0,0,0
"28087",5,"492210",78,0,2007,3,"N","Lowndes County, Mississippi","Private","Local messengers and local delivery","County, NAICS 6-digit -- by ownership sector","All establishment sizes",1,0,0,0,0,0,0,0
"28087",5,"492210",78,0,2007,4,"-","Lowndes County, Mississippi","Private","Local messengers and local delivery","County, NAICS 6-digit -- by ownership sector","All establishment sizes",0,0,0,0,0,0,0,0
"28087",5,493,75,0,2007,1,"N","Lowndes County, Mississippi","Private","Warehousing and storage","County, NAICS 3-digit -- by ownership sector","All establishment sizes",3,0,0,0,0,0,0,0
"28087",5,"493",75,0,2007,2,"N","Lowndes County, Mississippi","Private","Warehousing and storage","County, NAICS 3-digit -- by ownership sector","All establishment sizes",3,0,0,0,0,0,0,0
"28087",5,"493",75,0,2007,3,"N","Lowndes County, Mississippi","Private","Warehousing and storage","County, NAICS 3-digit -- by ownership sector","All establishment sizes",2,0,0,0,0,0,0,0
"28087",5,"493",75,0,2007,4,"N","Lowndes County, Mississippi","Private","Warehousing and storage","County, NAICS 3-digit -- by ownership sector","All establishment sizes",2,0,0,0,0,0,0,0
"28087",5,4931,76,0,2007,1,"N","Lowndes County, Mississippi","Private","Warehousing and storage","County, NAICS 4-digit -- by ownership sector","All establishment sizes",3,0,0,0,0,0,0,0
"28087",5,"4931",76,0,2007,2,"N","Lowndes County, Mississippi","Private","Warehousing and storage","County, NAICS 4-digit -- by ownership sector","All establishment sizes",3,0,0,0,0,0,0,0
"28087",5,"4931",76,0,2007,3,"N","Lowndes County, Mississippi","Private","Warehousing and storage","County, NAICS 4-digit -- by ownership sector","All establishment sizes",2,0,0,0,0,0,0,0
"28087",5,"4931",76,0,2007,4,"N","Lowndes County, Mississippi","Private","Warehousing and storage","County, NAICS 4-digit -- by ownership sector","All establishment sizes",2,0,0,0,0,0,0,0
"28087",5,49311,77,0,2007,1,"N","Lowndes County, Mississippi","Private","General warehousing and storage","County, NAICS 5-digit -- by ownership sector","All establishment sizes",3,0,0,0,0,0,0,0
"28087",5,"49311",77,0,2007,2,"N","Lowndes County, Mississippi","Private","General warehousing and storage","County, NAICS 5-digit -- by ownership sector","All establishment sizes",3,0,0,0,0,0,0,0
"28087",5,"49311",77,0,2007,3,"N","Lowndes County, Mississippi","Private","General warehousing and storage","County, NAICS 5-digit -- by ownership sector","All establishment sizes",2,0,0,0,0,0,0,0
"28087",5,"49311",77,0,2007,4,"N","Lowndes County, Mississippi","Private","General warehousing and storage","County, NAICS 5-digit -- by ownership sector","All establishment sizes",2,0,0,0,0,0,0,0
"28087",5,493110,78,0,2007,1,"N","Lowndes County, Mississippi","Private","General warehousing and storage","County, NAICS 6-digit -- by ownership sector","All establishment sizes",3,0,0,0,0,0,0,0
"28087",5,"493110",78,0,2007,2,"N","Lowndes County, Mississippi","Private","General warehousing and storage","County, NAICS 6-digit -- by ownership sector","All establishment sizes",3,0,0,0,0,0,0,0
"28087",5,"493110",78,0,2007,3,"N","Lowndes County, Mississippi","Private","General warehousing and storage","County, NAICS 6-digit -- by ownership sector","All establishment sizes",2,0,0,0,0,0,0,0
"28087",5,"493110",78,0,2007,4,"N","Lowndes County, Mississippi","Private","General warehousing and storage","County, NAICS 6-digit -- by ownership sector","All establishment sizes",2,0,0,0,0,0,0,0
"28087",5,51,74,0,2007,1,"","Lowndes County, Mississippi","Private","Information","County, NAICS Sector -- by ownership sector","All establishment sizes",22,295,302,303,2606910,1649739,22282,668
"28087",5,"51",74,0,2007,2,"","Lowndes County, Mississippi","Private","Information","County, NAICS Sector -- by ownership sector","All establishment sizes",21,300,299,299,2348412,329762,4606,603
"28087",5,"51",74,0,2007,3,"","Lowndes County, Mississippi","Private","Information","County, NAICS Sector -- by ownership sector","All establishment sizes",19,303,303,309,2489507,250217,3459,628
"28087",5,"51",74,0,2007,4,"","Lowndes County, Mississippi","Private","Information","County, NAICS Sector -- by ownership sector","All establishment sizes",19,302,300,301,2490479,166358,2214,636
"28087",5,511,75,0,2007,1,"","Lowndes County, Mississippi","Private","Publishing industries, except Internet","County, NAICS 3-digit -- by ownership sector","All establishment sizes",7,103,106,105,726492,554389,5247,534
"28087",5,"511",75,0,2007,2,"","Lowndes County, Mississippi","Private","Publishing industries, except Internet","County, NAICS 3-digit -- by ownership sector","All establishment sizes",7,105,109,107,681587,112244,1085,490
"28087",5,"511",75,0,2007,3,"","Lowndes County, Mississippi","Private","Publishing industries, except Internet","County, NAICS 3-digit -- by ownership sector","All establishment sizes",6,110,109,113,735350,86788,857,511
"28087",5,"511",75,0,2007,4,"","Lowndes County, Mississippi","Private","Publishing industries, except Internet","County, NAICS 3-digit -- by ownership sector","All establishment sizes",6,108,106,106,749295,70001,635,540
"28087",5,5111,76,0,2007,1,"N","Lowndes County, Mississippi","Private","Newspaper, book, and directory publishers","County, NAICS 4-digit -- by ownership sector","All establishment sizes",6,0,0,0,0,0,0,0
"28087",5,"5111",76,0,2007,2,"N","Lowndes County, Mississippi","Private","Newspaper, book, and directory publishers","County, NAICS 4-digit -- by ownership sector","All establishment sizes",6,0,0,0,0,0,0,0
"28087",5,"5111",76,0,2007,3,"N","Lowndes County, Mississippi","Private","Newspaper, book, and directory publishers","County, NAICS 4-digit -- by ownership sector","All establishment sizes",5,0,0,0,0,0,0,0
"28087",5,"5111",76,0,2007,4,"N","Lowndes County, Mississippi","Private","Newspaper, book, and directory publishers","County, NAICS 4-digit -- by ownership sector","All establishment sizes",5,0,0,0,0,0,0,0
"28087",5,51111,77,0,2007,1,"N","Lowndes County, Mississippi","Private","Newspaper publishers","County, NAICS 5-digit -- by ownership sector","All establishment sizes",2,0,0,0,0,0,0,0
"28087",5,"51111",77,0,2007,2,"N","Lowndes County, Mississippi","Private","Newspaper publishers","County, NAICS 5-digit -- by ownership sector","All establishment sizes",2,0,0,0,0,0,0,0
"28087",5,"51111",77,0,2007,3,"N","Lowndes County, Mississippi","Private","Newspaper publishers","County, NAICS 5-digit -- by ownership sector","All establishment sizes",2,0,0,0,0,0,0,0
"28087",5,"51111",77,0,2007,4,"N","Lowndes County, Mississippi","Private","Newspaper publishers","County, NAICS 5-digit -- by ownership sector","All establishment sizes",2,0,0,0,0,0,0,0
"28087",5,511110,78,0,2007,1,"N","Lowndes County, Mississippi","Private","Newspaper publishers","County, NAICS 6-digit -- by ownership sector","All establishment sizes",2,0,0,0,0,0,0,0
"28087",5,"511110",78,0,2007,2,"N","Lowndes County, Mississippi","Private","Newspaper publishers","County, NAICS 6-digit -- by ownership sector","All establishment sizes",2,0,0,0,0,0,0,0
"28087",5,"511110",78,0,2007,3,"N","Lowndes County, Mississippi","Private","Newspaper publishers","County, NAICS 6-digit -- by ownership sector","All establishment sizes",2,0,0,0,0,0,0,0
"28087",5,"511110",78,0,2007,4,"N","Lowndes County, Mississippi","Private","Newspaper publishers","County, NAICS 6-digit -- by ownership sector","All establishment sizes",2,0,0,0,0,0,0,0
"28087",5,51113,77,0,2007,1,"N","Lowndes County, Mississippi","Private","Book publishers","County, NAICS 5-digit -- by ownership sector","All establishment sizes",1,0,0,0,0,0,0,0
"28087",5,"51113",77,0,2007,2,"N","Lowndes County, Mississippi","Private","Book publishers","County, NAICS 5-digit -- by ownership sector","All establishment sizes",1,0,0,0,0,0,0,0
"28087",5,"51113",77,0,2007,3,"N","Lowndes County, Mississippi","Private","Book publishers","County, NAICS 5-digit -- by ownership sector","All establishment sizes",1,0,0,0,0,0,0,0
"28087",5,"51113",77,0,2007,4,"N","Lowndes County, Mississippi","Private","Book publishers","County, NAICS 5-digit -- by ownership sector","All establishment sizes",1,0,0,0,0,0,0,0
"28087",5,511130,78,0,2007,1,"N","Lowndes County, Mississippi","Private","Book publishers","County, NAICS 6-digit -- by ownership sector","All establishment sizes",1,0,0,0,0,0,0,0
"28087",5,"511130",78,0,2007,2,"N","Lowndes County, Mississippi","Private","Book publishers","County, NAICS 6-digit -- by ownership sector","All establishment sizes",1,0,0,0,0,0,0,0
"28087",5,"511130",78,0,2007,3,"N","Lowndes County, Mississippi","Private","Book publishers","County, NAICS 6-digit -- by ownership sector","All establishment sizes",1,0,0,0,0,0,0,0
"28087",5,"511130",78,0,2007,4,"N","Lowndes County, Mississippi","Private","Book publishers","County, NAICS 6-digit -- by ownership sector","All establishment sizes",1,0,0,0,0,0,0,0
"28087",5,51114,77,0,2007,1,"N","Lowndes County, Mississippi","Private","Directory and mailing list publishers","County, NAICS 5-digit -- by ownership sector","All establishment sizes",3,0,0,0,0,0,0,0
"28087",5,"51114",77,0,2007,2,"N","Lowndes County, Mississippi","Private","Directory and mailing list publishers","County, NAICS 5-digit -- by ownership sector","All establishment sizes",3,0,0,0,0,0,0,0
"28087",5,"51114",77,0,2007,3,"N","Lowndes County, Mississippi","Private","Directory and mailing list publishers","County, NAICS 5-digit -- by ownership sector","All establishment sizes",2,0,0,0,0,0,0,0
"28087",5,"51114",77,0,2007,4,"N","Lowndes County, Mississippi","Private","Directory and mailing list publishers","County, NAICS 5-digit -- by ownership sector","All establishment sizes",2,0,0,0,0,0,0,0
"28087",5,511140,78,0,2007,1,"N","Lowndes County, Mississippi","Private","Directory and mailing list publishers","County, NAICS 6-digit -- by ownership sector","All establishment sizes",3,0,0,0,0,0,0,0
"28087",5,"511140",78,0,2007,2,"N","Lowndes County, Mississippi","Private","Directory and mailing list publishers","County, NAICS 6-digit -- by ownership sector","All establishment sizes",3,0,0,0,0,0,0,0
"28087",5,"511140",78,0,2007,3,"N","Lowndes County, Mississippi","Private","Directory and mailing list publishers","County, NAICS 6-digit -- by ownership sector","All establishment sizes",2,0,0,0,0,0,0,0
"28087",5,"511140",78,0,2007,4,"N","Lowndes County, Mississippi","Private","Directory and mailing list publishers","County, NAICS 6-digit -- by ownership sector","All establishment sizes",2,0,0,0,0,0,0,0
"28087",5,5112,76,0,2007,1,"N","Lowndes County, Mississippi","Private","Software publishers","County, NAICS 4-digit -- by ownership sector","All establishment sizes",1,0,0,0,0,0,0,0
"28087",5,"5112",76,0,2007,2,"N","Lowndes County, Mississippi","Private","Software publishers","County, NAICS 4-digit -- by ownership sector","All establishment sizes",1,0,0,0,0,0,0,0
"28087",5,"5112",76,0,2007,3,"N","Lowndes County, Mississippi","Private","Software publishers","County, NAICS 4-digit -- by ownership sector","All establishment sizes",1,0,0,0,0,0,0,0
"28087",5,"5112",76,0,2007,4,"N","Lowndes County, Mississippi","Private","Software publishers","County, NAICS 4-digit -- by ownership sector","All establishment sizes",1,0,0,0,0,0,0,0
"28087",5,51121,77,0,2007,1,"N","Lowndes County, Mississippi","Private","Software publishers","County, NAICS 5-digit -- by ownership sector","All establishment sizes",1,0,0,0,0,0,0,0
"28087",5,"51121",77,0,2007,2,"N","Lowndes County, Mississippi","Private","Software publishers","County, NAICS 5-digit -- by ownership sector","All establishment sizes",1,0,0,0,0,0,0,0
"28087",5,"51121",77,0,2007,3,"N","Lowndes County, Mississippi","Private","Software publishers","County, NAICS 5-digit -- by ownership sector","All establishment sizes",1,0,0,0,0,0,0,0
"28087",5,"51121",77,0,2007,4,"N","Lowndes County, Mississippi","Private","Software publishers","County, NAICS 5-digit -- by ownership sector","All establishment sizes",1,0,0,0,0,0,0,0
"28087",5,511210,78,0,2007,1,"N","Lowndes County, Mississippi","Private","Software publishers","County, NAICS 6-digit -- by ownership sector","All establishment sizes",1,0,0,0,0,0,0,0
"28087",5,"511210",78,0,2007,2,"N","Lowndes County, Mississippi","Private","Software publishers","County, NAICS 6-digit -- by ownership sector","All establishment sizes",1,0,0,0,0,0,0,0
"28087",5,"511210",78,0,2007,3,"N","Lowndes County, Mississippi","Private","Software publishers","County, NAICS 6-digit -- by ownership sector","All establishment sizes",1,0,0,0,0,0,0,0
"28087",5,"511210",78,0,2007,4,"N","Lowndes County, Mississippi","Private","Software publishers","County, NAICS 6-digit -- by ownership sector","All establishment sizes",1,0,0,0,0,0,0,0
"28087",5,512,75,0,2007,1,"N","Lowndes County, Mississippi","Private","Motion picture and sound recording industries","County, NAICS 3-digit -- by ownership sector","All establishment sizes",1,0,0,0,0,0,0,0
"28087",5,"512",75,0,2007,2,"N","Lowndes County, Mississippi","Private","Motion picture and sound recording industries","County, NAICS 3-digit -- by ownership sector","All establishment sizes",1,0,0,0,0,0,0,0
"28087",5,"512",75,0,2007,3,"N","Lowndes County, Mississippi","Private","Motion picture and sound recording industries","County, NAICS 3-digit -- by ownership sector","All establishment sizes",1,0,0,0,0,0,0,0
"28087",5,"512",75,0,2007,4,"N","Lowndes County, Mississippi","Private","Motion picture and sound recording industries","County, NAICS 3-digit -- by ownership sector","All establishment sizes",1,0,0,0,0,0,0,0
"28087",5,5121,76,0,2007,1,"N","Lowndes County, Mississippi","Private","Motion picture and video industries","County, NAICS 4-digit -- by ownership sector","All establishment sizes",1,0,0,0,0,0,0,0
"28087",5,"5121",76,0,2007,2,"N","Lowndes County, Mississippi","Private","Motion picture and video industries","County, NAICS 4-digit -- by ownership sector","All establishment sizes",1,0,0,0,0,0,0,0
"28087",5,"5121",76,0,2007,3,"N","Lowndes County, Mississippi","Private","Motion picture and video industries","County, NAICS 4-digit -- by ownership sector","All establishment sizes",1,0,0,0,0,0,0,0
"28087",5,"5121",76,0,2007,4,"N","Lowndes County, Mississippi","Private","Motion picture and video industries","County, NAICS 4-digit -- by ownership sector","All establishment sizes",1,0,0,0,0,0,0,0
"28087",5,51211,77,0,2007,1,"N","Lowndes County, Mississippi","Private","Motion picture and video production","County, NAICS 5-digit -- by ownership sector","All establishment sizes",1,0,0,0,0,0,0,0
"28087",5,"51211",77,0,2007,2,"N","Lowndes County, Mississippi","Private","Motion picture and video production","County, NAICS 5-digit -- by ownership sector","All establishment sizes",1,0,0,0,0,0,0,0
"28087",5,"51211",77,0,2007,3,"N","Lowndes County, Mississippi","Private","Motion picture and video production","County, NAICS 5-digit -- by ownership sector","All establishment sizes",1,0,0,0,0,0,0,0
"28087",5,"51211",77,0,2007,4,"N","Lowndes County, Mississippi","Private","Motion picture and video production","County, NAICS 5-digit -- by ownership sector","All establishment sizes",1,0,0,0,0,0,0,0
"28087",5,512110,78,0,2007,1,"N","Lowndes County, Mississippi","Private","Motion picture and video production","County, NAICS 6-digit -- by ownership sector","All establishment sizes",1,0,0,0,0,0,0,0
"28087",5,"512110",78,0,2007,2,"N","Lowndes County, Mississippi","Private","Motion picture and video production","County, NAICS 6-digit -- by ownership sector","All establishment sizes",1,0,0,0,0,0,0,0
"28087",5,"512110",78,0,2007,3,"N","Lowndes County, Mississippi","Private","Motion picture and video production","County, NAICS 6-digit -- by ownership sector","All establishment sizes",1,0,0,0,0,0,0,0
"28087",5,"512110",78,0,2007,4,"N","Lowndes County, Mississippi","Private","Motion picture and video production","County, NAICS 6-digit -- by ownership sector","All establishment sizes",1,0,0,0,0,0,0,0
"28087",5,515,75,0,2007,1,"","Lowndes County, Mississippi","Private","Broadcasting, except Internet","County, NAICS 3-digit -- by ownership sector","All establishment sizes",4,110,112,116,752263,547349,9110,514
"28087",5,"515",75,0,2007,2,"","Lowndes County, Mississippi","Private","Broadcasting, except Internet","County, NAICS 3-digit -- by ownership sector","All establishment sizes",4,111,110,111,709133,163699,2883,493
"28087",5,"515",75,0,2007,3,"","Lowndes County, Mississippi","Private","Broadcasting, except Internet","County, NAICS 3-digit -- by ownership sector","All establishment sizes",4,110,113,111,804270,123805,2098,556
"28087",5,"515",75,0,2007,4,"","Lowndes County, Mississippi","Private","Broadcasting, except Internet","County, NAICS 3-digit -- by ownership sector","All establishment sizes",4,108,108,107,744776,64680,1144,532
"28087",5,5151,76,0,2007,1,"","Lowndes County, Mississippi","Private","Radio and television broadcasting","County, NAICS 4-digit -- by ownership sector","All establishment sizes",4,110,112,116,752263,547349,9110,514
"28087",5,"5151",76,0,2007,2,"","Lowndes County, Mississippi","Private","Radio and television broadcasting","County, NAICS 4-digit -- by ownership sector","All establishment sizes",4,111,110,111,709133,163699,2883,493
"28087",5,"5151",76,0,2007,3,"","Lowndes County, Mississippi","Private","Radio and television broadcasting","County, NAICS 4-digit -- by ownership sector","All establishment sizes",4,110,113,111,804270,123805,2098,556
"28087",5,"5151",76,0,2007,4,"","Lowndes County, Mississippi","Private","Radio and television broadcasting","County, NAICS 4-digit -- by ownership sector","All establishment sizes",4,108,108,107,744776,64680,1144,532
"28087",5,51511,77,0,2007,1,"N","Lowndes County, Mississippi","Private","Radio broadcasting","County, NAICS 5-digit -- by ownership sector","All establishment sizes",3,0,0,0,0,0,0,0
"28087",5,"51511",77,0,2007,2,"N","Lowndes County, Mississippi","Private","Radio broadcasting","County, NAICS 5-digit -- by ownership sector","All establishment sizes",3,0,0,0,0,0,0,0
"28087",5,"51511",77,0,2007,3,"N","Lowndes County, Mississippi","Private","Radio broadcasting","County, NAICS 5-digit -- by ownership sector","All establishment sizes",3,0,0,0,0,0,0,0
"28087",5,"51511",77,0,2007,4,"N","Lowndes County, Mississippi","Private","Radio broadcasting","County, NAICS 5-digit -- by ownership sector","All establishment sizes",3,0,0,0,0,0,0,0
"28087",5,515111,78,0,2007,1,"N","Lowndes County, Mississippi","Private","Radio networks","County, NAICS 6-digit -- by ownership sector","All establishment sizes",1,0,0,0,0,0,0,0
"28087",5,"515111",78,0,2007,2,"N","Lowndes County, Mississippi","Private","Radio networks","County, NAICS 6-digit -- by ownership sector","All establishment sizes",1,0,0,0,0,0,0,0
"28087",5,"515111",78,0,2007,3,"N","Lowndes County, Mississippi","Private","Radio networks","County, NAICS 6-digit -- by ownership sector","All establishment sizes",1,0,0,0,0,0,0,0
"28087",5,"515111",78,0,2007,4,"N","Lowndes County, Mississippi","Private","Radio networks","County, NAICS 6-digit -- by ownership sector","All establishment sizes",1,0,0,0,0,0,0,0
"28087",5,515112,78,0,2007,1,"N","Lowndes County, Mississippi","Private","Radio stations","County, NAICS 6-digit -- by ownership sector","All establishment sizes",2,0,0,0,0,0,0,0
"28087",5,"515112",78,0,2007,2,"N","Lowndes County, Mississippi","Private","Radio stations","County, NAICS 6-digit -- by ownership sector","All establishment sizes",2,0,0,0,0,0,0,0
"28087",5,"515112",78,0,2007,3,"N","Lowndes County, Mississippi","Private","Radio stations","County, NAICS 6-digit -- by ownership sector","All establishment sizes",2,0,0,0,0,0,0,0
"28087",5,"515112",78,0,2007,4,"N","Lowndes County, Mississippi","Private","Radio stations","County, NAICS 6-digit -- by ownership sector","All establishment sizes",2,0,0,0,0,0,0,0
"28087",5,51512,77,0,2007,1,"N","Lowndes County, Mississippi","Private","Television broadcasting","County, NAICS 5-digit -- by ownership sector","All establishment sizes",1,0,0,0,0,0,0,0
"28087",5,"51512",77,0,2007,2,"N","Lowndes County, Mississippi","Private","Television broadcasting","County, NAICS 5-digit -- by ownership sector","All establishment sizes",1,0,0,0,0,0,0,0
"28087",5,"51512",77,0,2007,3,"N","Lowndes County, Mississippi","Private","Television broadcasting","County, NAICS 5-digit -- by ownership sector","All establishment sizes",1,0,0,0,0,0,0,0
"28087",5,"51512",77,0,2007,4,"N","Lowndes County, Mississippi","Private","Television broadcasting","County, NAICS 5-digit -- by ownership sector","All establishment sizes",1,0,0,0,0,0,0,0
"28087",5,515120,78,0,2007,1,"N","Lowndes County, Mississippi","Private","Television broadcasting","County, NAICS 6-digit -- by ownership sector","All establishment sizes",1,0,0,0,0,0,0,0
"28087",5,"515120",78,0,2007,2,"N","Lowndes County, Mississippi","Private","Television broadcasting","County, NAICS 6-digit -- by ownership sector","All establishment sizes",1,0,0,0,0,0,0,0
"28087",5,"515120",78,0,2007,3,"N","Lowndes County, Mississippi","Private","Television broadcasting","County, NAICS 6-digit -- by ownership sector","All establishment sizes",1,0,0,0,0,0,0,0
"28087",5,"515120",78,0,2007,4,"N","Lowndes County, Mississippi","Private","Television broadcasting","County, NAICS 6-digit -- by ownership sector","All establishment sizes",1,0,0,0,0,0,0,0
"28087",5,517,75,0,2007,1,"N","Lowndes County, Mississippi","Private","Telecommunications","County, NAICS 3-digit -- by ownership sector","All establishment sizes",10,0,0,0,0,0,0,0
"28087",5,"517",75,0,2007,2,"N","Lowndes County, Mississippi","Private","Telecommunications","County, NAICS 3-digit -- by ownership sector","All establishment sizes",9,0,0,0,0,0,0,0
"28087",5,"517",75,0,2007,3,"N","Lowndes County, Mississippi","Private","Telecommunications","County, NAICS 3-digit -- by ownership sector","All establishment sizes",8,0,0,0,0,0,0,0
"28087",5,"517",75,0,2007,4,"N","Lowndes County, Mississippi","Private","Telecommunications","County, NAICS 3-digit -- by ownership sector","All establishment sizes",8,0,0,0,0,0,0,0
"28087",5,5171,76,0,2007,1,"N","Lowndes County, Mississippi","Private","Wired telecommunications carriers","County, NAICS 4-digit -- by ownership sector","All establishment sizes",3,0,0,0,0,0,0,0
"28087",5,"5171",76,0,2007,2,"N","Lowndes County, Mississippi","Private","Wired telecommunications carriers","County, NAICS 4-digit -- by ownership sector","All establishment sizes",3,0,0,0,0,0,0,0
"28087",5,"5171",76,0,2007,3,"N","Lowndes County, Mississippi","Private","Wired telecommunications carriers","County, NAICS 4-digit -- by ownership sector","All establishment sizes",3,0,0,0,0,0,0,0
"28087",5,"5171",76,0,2007,4,"N","Lowndes County, Mississippi","Private","Wired telecommunications carriers","County, NAICS 4-digit -- by ownership sector","All establishment sizes",3,0,0,0,0,0,0,0
"28087",5,51711,77,0,2007,1,"N","Lowndes County, Mississippi","Private","Wired telecommunications carriers","County, NAICS 5-digit -- by ownership sector","All establishment sizes",3,0,0,0,0,0,0,0
"28087",5,"51711",77,0,2007,2,"N","Lowndes County, Mississippi","Private","Wired telecommunications carriers","County, NAICS 5-digit -- by ownership sector","All establishment sizes",3,0,0,0,0,0,0,0
"28087",5,"51711",77,0,2007,3,"N","Lowndes County, Mississippi","Private","Wired telecommunications carriers","County, NAICS 5-digit -- by ownership sector","All establishment sizes",3,0,0,0,0,0,0,0
"28087",5,"51711",77,0,2007,4,"N","Lowndes County, Mississippi","Private","Wired telecommunications carriers","County, NAICS 5-digit -- by ownership sector","All establishment sizes",3,0,0,0,0,0,0,0
"28087",5,517110,78,0,2007,1,"N","Lowndes County, Mississippi","Private","Wired telecommunications carriers","County, NAICS 6-digit -- by ownership sector","All establishment sizes",3,0,0,0,0,0,0,0
"28087",5,"517110",78,0,2007,2,"N","Lowndes County, Mississippi","Private","Wired telecommunications carriers","County, NAICS 6-digit -- by ownership sector","All establishment sizes",3,0,0,0,0,0,0,0
"28087",5,"517110",78,0,2007,3,"N","Lowndes County, Mississippi","Private","Wired telecommunications carriers","County, NAICS 6-digit -- by ownership sector","All establishment sizes",3,0,0,0,0,0,0,0
"28087",5,"517110",78,0,2007,4,"N","Lowndes County, Mississippi","Private","Wired telecommunications carriers","County, NAICS 6-digit -- by ownership sector","All establishment sizes",3,0,0,0,0,0,0,0
"28087",5,5172,76,0,2007,1,"","Lowndes County, Mississippi","Private","Wireless telecommunications carriers","County, NAICS 4-digit -- by ownership sector","All establishment sizes",7,39,40,40,387281,267821,3006,751
"28087",5,"5172",76,0,2007,2,"","Lowndes County, Mississippi","Private","Wireless telecommunications carriers","County, NAICS 4-digit -- by ownership sector","All establishment sizes",6,41,38,39,372966,37423,405,729
"28087",5,"5172",76,0,2007,3,"","Lowndes County, Mississippi","Private","Wireless telecommunications carriers","County, NAICS 4-digit -- by ownership sector","All establishment sizes",5,41,41,43,395656,25579,297,730
"28087",5,"5172",76,0,2007,4,"","Lowndes County, Mississippi","Private","Wireless telecommunications carriers","County, NAICS 4-digit -- by ownership sector","All establishment sizes",5,45,45,46,445366,21811,284,756
"28087",5,51721,77,0,2007,1,"","Lowndes County, Mississippi","Private","Wireless telecommunications carriers","County, NAICS 5-digit -- by ownership sector","All establishment sizes",7,39,40,40,387281,267821,3006,751
"28087",5,"51721",77,0,2007,2,"","Lowndes County, Mississippi","Private","Wireless telecommunications carriers","County, NAICS 5-digit -- by ownership sector","All establishment sizes",6,41,38,39,372966,37423,405,729
"28087",5,"51721",77,0,2007,3,"","Lowndes County, Mississippi","Private","Wireless telecommunications carriers","County, NAICS 5-digit -- by ownership sector","All establishment sizes",5,41,41,43,395656,25579,297,730
"28087",5,"51721",77,0,2007,4,"","Lowndes County, Mississippi","Private","Wireless telecommunications carriers","County, NAICS 5-digit -- by ownership sector","All establishment sizes",5,45,45,46,445366,21811,284,756
"28087",5,517210,78,0,2007,1,"","Lowndes County, Mississippi","Private","Wireless telecommunications carriers","County, NAICS 6-digit -- by ownership sector","All establishment sizes",7,39,40,40,387281,267821,3006,751
"28087",5,"517210",78,0,2007,2,"","Lowndes County, Mississippi","Private","Wireless telecommunications carriers","County, NAICS 6-digit -- by ownership sector","All establishment sizes",6,41,38,39,372966,37423,405,729
"28087",5,"517210",78,0,2007,3,"","Lowndes County, Mississippi","Private","Wireless telecommunications carriers","County, NAICS 6-digit -- by ownership sector","All establishment sizes",5,41,41,43,395656,25579,297,730
"28087",5,"517210",78,0,2007,4,"","Lowndes County, Mississippi","Private","Wireless telecommunications carriers","County, NAICS 6-digit -- by ownership sector","All establishment sizes",5,45,45,46,445366,21811,284,756
"28087",5,52,74,0,2007,1,"","Lowndes County, Mississippi","Private","Finance and insurance","County, NAICS Sector -- by ownership sector","All establishment sizes",102,508,510,512,4918732,2784573,24360,742
"28087",5,"52",74,0,2007,2,"","Lowndes County, Mississippi","Private","Finance and insurance","County, NAICS Sector -- by ownership sector","All establishment sizes",105,514,518,521,4733454,658611,6611,703
"28087",5,"52",74,0,2007,3,"","Lowndes County, Mississippi","Private","Finance and insurance","County, NAICS Sector -- by ownership sector","All establishment sizes",106,527,510,506,4698400,320636,3564,703
"28087",5,"52",74,0,2007,4,"","Lowndes County, Mississippi","Private","Finance and insurance","County, NAICS Sector -- by ownership sector","All establishment sizes",106,525,507,510,5019426,302120,3324,751
"28087",5,522,75,0,2007,1,"","Lowndes County, Mississippi","Private","Credit intermediation and related activities","County, NAICS 3-digit -- by ownership sector","All establishment sizes",55,340,339,340,3162396,1784817,14175,716
"28087",5,"522",75,0,2007,2,"","Lowndes County, Mississippi","Private","Credit intermediation and related activities","County, NAICS 3-digit -- by ownership sector","All establishment sizes",56,341,339,341,3014470,435095,4065,681
"28087",5,"522",75,0,2007,3,"","Lowndes County, Mississippi","Private","Credit intermediation and related activities","County, NAICS 3-digit -- by ownership sector","All establishment sizes",56,347,338,339,2993262,175456,1527,675
"28087",5,"522",75,0,2007,4,"","Lowndes County, Mississippi","Private","Credit intermediation and related activities","County, NAICS 3-digit -- by ownership sector","All establishment sizes",55,353,339,344,2977344,173688,1833,663
"28087",5,5221,76,0,2007,1,"","Lowndes County, Mississippi","Private","Depository credit intermediation","County, NAICS 4-digit -- by ownership sector","All establishment sizes",22,243,238,240,2363895,1239814,8175,757
"28087",5,"5221",76,0,2007,2,"","Lowndes County, Mississippi","Private","Depository credit intermediation","County, NAICS 4-digit -- by ownership sector","All establishment sizes",22,237,236,237,2130523,238352,1608,692
"28087",5,"5221",76,0,2007,3,"","Lowndes County, Mississippi","Private","Depository credit intermediation","County, NAICS 4-digit -- by ownership sector","All establishment sizes",22,241,232,235,2129050,94970,605,694
"28087",5,"5221",76,0,2007,4,"","Lowndes County, Mississippi","Private","Depository credit intermediation","County, NAICS 4-digit -- by ownership sector","All establishment sizes",22,240,234,234,2039561,79591,503,665
"28087",5,52211,77,0,2007,1,"","Lowndes County, Mississippi","Private","Commercial banking","County, NAICS 5-digit -- by ownership sector","All establishment sizes",16,211,206,208,2118799,1048401,7347,782
"28087",5,"52211",77,0,2007,2,"","Lowndes County, Mississippi","Private","Commercial banking","County, NAICS 5-digit -- by ownership sector","All establishment sizes",16,204,204,204,1900163,198270,1447,717
"28087",5,"52211",77,0,2007,3,"","Lowndes County, Mississippi","Private","Commercial banking","County, NAICS 5-digit -- by ownership sector","All establishment sizes",16,209,199,201,1878997,72604,515,712
"28087",5,"52211",77,0,2007,4,"","Lowndes County, Mississippi","Private","Commercial banking","County, NAICS 5-digit -- by ownership sector","All establishment sizes",16,206,199,200,1768616,55809,408,675
"28087",5,522110,78,0,2007,1,"","Lowndes County, Mississippi","Private","Commercial banking","County, NAICS 6-digit -- by ownership sector","All establishment sizes",16,211,206,208,2118799,1048401,7347,782
"28087",5,"522110",78,0,2007,2,"","Lowndes County, Mississippi","Private","Commercial banking","County, NAICS 6-digit -- by ownership sector","All establishment sizes",16,204,204,204,1900163,198270,1447,717
"28087",5,"522110",78,0,2007,3,"","Lowndes County, Mississippi","Private","Commercial banking","County, NAICS 6-digit -- by ownership sector","All establishment sizes",16,209,199,201,1878997,72604,515,712
"28087",5,"522110",78,0,2007,4,"","Lowndes County, Mississippi","Private","Commercial banking","County, NAICS 6-digit -- by ownership sector","All establishment sizes",16,206,199,200,1768616,55809,408,675
"28087",5,52213,77,0,2007,1,"","Lowndes County, Mississippi","Private","Credit unions","County, NAICS 5-digit -- by ownership sector","All establishment sizes",6,32,32,32,245096,191413,828,589
"28087",5,"52213",77,0,2007,2,"","Lowndes County, Mississippi","Private","Credit unions","County, NAICS 5-digit -- by ownership sector","All establishment sizes",6,33,32,33,230360,40082,161,542
"28087",5,"52213",77,0,2007,3,"","Lowndes County, Mississippi","Private","Credit unions","County, NAICS 5-digit -- by ownership sector","All establishment sizes",6,32,33,34,250053,22366,90,583
"28087",5,"52213",77,0,2007,4,"","Lowndes County, Mississippi","Private","Credit unions","County, NAICS 5-digit -- by ownership sector","All establishment sizes",6,34,35,34,270945,23782,95,607
"28087",5,522130,78,0,2007,1,"","Lowndes County, Mississippi","Private","Credit unions","County, NAICS 6-digit -- by ownership sector","All establishment sizes",6,32,32,32,245096,191413,828,589
"28087",5,"522130",78,0,2007,2,"","Lowndes County, Mississippi","Private","Credit unions","County, NAICS 6-digit -- by ownership sector","All establishment sizes",6,33,32,33,230360,40082,161,542
"28087",5,"522130",78,0,2007,3,"","Lowndes County, Mississippi","Private","Credit unions","County, NAICS 6-digit -- by ownership sector","All establishment sizes",6,32,33,34,250053,22366,90,583
"28087",5,"522130",78,0,2007,4,"","Lowndes County, Mississippi","Private","Credit unions","County, NAICS 6-digit -- by ownership sector","All establishment sizes",6,34,35,34,270945,23782,95,607
"28087",5,5222,76,0,2007,1,"","Lowndes County, Mississippi","Private","Nondepository credit intermediation","County, NAICS 4-digit -- by ownership sector","All establishment sizes",19,75,78,76,666868,428222,4225,672
"28087",5,"5222",76,0,2007,2,"","Lowndes County, Mississippi","Private","Nondepository credit intermediation","County, NAICS 4-digit -- by ownership sector","All establishment sizes",20,81,80,81,749512,153590,1770,715
"28087",5,"5222",76,0,2007,3,"","Lowndes County, Mississippi","Private","Nondepository credit intermediation","County, NAICS 4-digit -- by ownership sector","All establishment sizes",20,84,83,81,723762,57752,615,673
"28087",5,"5222",76,0,2007,4,"","Lowndes County, Mississippi","Private","Nondepository credit intermediation","County, NAICS 4-digit -- by ownership sector","All establishment sizes",19,90,82,86,797930,75994,1091,714
"28087",5,52222,77,0,2007,1,"N","Lowndes County, Mississippi","Private","Sales financing","County, NAICS 5-digit -- by ownership sector","All establishment sizes",2,0,0,0,0,0,0,0
"28087",5,"52222",77,0,2007,2,"N","Lowndes County, Mississippi","Private","Sales financing","County, NAICS 5-digit -- by ownership sector","All establishment sizes",2,0,0,0,0,0,0,0
"28087",5,"52222",77,0,2007,3,"N","Lowndes County, Mississippi","Private","Sales financing","County, NAICS 5-digit -- by ownership sector","All establishment sizes",2,0,0,0,0,0,0,0
"28087",5,"52222",77,0,2007,4,"N","Lowndes County, Mississippi","Private","Sales financing","County, NAICS 5-digit -- by ownership sector","All establishment sizes",2,0,0,0,0,0,0,0
"28087",5,522220,78,0,2007,1,"N","Lowndes County, Mississippi","Private","Sales financing","County, NAICS 6-digit -- by ownership sector","All establishment sizes",2,0,0,0,0,0,0,0
"28087",5,"522220",78,0,2007,2,"N","Lowndes County, Mississippi","Private","Sales financing","County, NAICS 6-digit -- by ownership sector","All establishment sizes",2,0,0,0,0,0,0,0
"28087",5,"522220",78,0,2007,3,"N","Lowndes County, Mississippi","Private","Sales financing","County, NAICS 6-digit -- by ownership sector","All establishment sizes",2,0,0,0,0,0,0,0
"28087",5,"522220",78,0,2007,4,"N","Lowndes County, Mississippi","Private","Sales financing","County, NAICS 6-digit -- by ownership sector","All establishment sizes",2,0,0,0,0,0,0,0
"28087",5,52229,77,0,2007,1,"N","Lowndes County, Mississippi","Private","Other nondepository credit intermediation","County, NAICS 5-digit -- by ownership sector","All establishment sizes",17,0,0,0,0,0,0,0
"28087",5,"52229",77,0,2007,2,"N","Lowndes County, Mississippi","Private","Other nondepository credit intermediation","County, NAICS 5-digit -- by ownership sector","All establishment sizes",18,0,0,0,0,0,0,0
"28087",5,"52229",77,0,2007,3,"N","Lowndes County, Mississippi","Private","Other nondepository credit intermediation","County, NAICS 5-digit -- by ownership sector","All establishment sizes",18,0,0,0,0,0,0,0
"28087",5,"52229",77,0,2007,4,"N","Lowndes County, Mississippi","Private","Other nondepository credit intermediation","County, NAICS 5-digit -- by ownership sector","All establishment sizes",17,0,0,0,0,0,0,0
"28087",5,522291,78,0,2007,1,"","Lowndes County, Mississippi","Private","Consumer lending","County, NAICS 6-digit -- by ownership sector","All establishment sizes",7,27,30,29,234423,148804,1812,629
"28087",5,"522291",78,0,2007,2,"","Lowndes County, Mississippi","Private","Consumer lending","County, NAICS 6-digit -- by ownership sector","All establishment sizes",8,30,30,30,230029,44403,619,590
"28087",5,"522291",78,0,2007,3,"","Lowndes County, Mississippi","Private","Consumer lending","County, NAICS 6-digit -- by ownership sector","All establishment sizes",8,33,31,31,237314,19102,304,576
"28087",5,"522291",78,0,2007,4,"","Lowndes County, Mississippi","Private","Consumer lending","County, NAICS 6-digit -- by ownership sector","All establishment sizes",8,32,28,32,297693,38617,719,747
"28087",5,522292,78,0,2007,1,"N","Lowndes County, Mississippi","Private","Real estate credit","County, NAICS 6-digit -- by ownership sector","All establishment sizes",3,0,0,0,0,0,0,0
"28087",5,"522292",78,0,2007,2,"","Lowndes County, Mississippi","Private","Real estate credit","County, NAICS 6-digit -- by ownership sector","All establishment sizes",3,21,20,21,317054,45789,227,1180
"28087",5,"522292",78,0,2007,3,"","Lowndes County, Mississippi","Private","Real estate credit","County, NAICS 6-digit -- by ownership sector","All establishment sizes",3,20,21,20,278022,19156,94,1052
"28087",5,"522292",78,0,2007,4,"N","Lowndes County, Mississippi","Private","Real estate credit","County, NAICS 6-digit -- by ownership sector","All establishment sizes",3,0,0,0,0,0,0,0
"28087",5,522298,78,0,2007,1,"","Lowndes County, Mississippi","Private","All other nondepository credit intermediation","County, NAICS 6-digit -- by ownership sector","All establishment sizes",7,20,19,19,98615,87402,1020,392
"28087",5,"522298",78,0,2007,2,"N","Lowndes County, Mississippi","Private","All other nondepository credit intermediation","County, NAICS 6-digit -- by ownership sector","All establishment sizes",7,0,0,0,0,0,0,0
"28087",5,"522298",78,0,2007,3,"N","Lowndes County, Mississippi","Private","All other nondepository credit intermediation","County, NAICS 6-digit -- by ownership sector","All establishment sizes",7,0,0,0,0,0,0,0
"28087",5,"522298",78,0,2007,4,"N","Lowndes County, Mississippi","Private","All other nondepository credit intermediation","County, NAICS 6-digit -- by ownership sector","All establishment sizes",6,0,0,0,0,0,0,0
"28087",5,5223,76,0,2007,1,"","Lowndes County, Mississippi","Private","Activities related to credit intermediation","County, NAICS 4-digit -- by ownership sector","All establishment sizes",14,22,23,24,131633,116781,1775,440
"28087",5,"5223",76,0,2007,2,"","Lowndes County, Mississippi","Private","Activities related to credit intermediation","County, NAICS 4-digit -- by ownership sector","All establishment sizes",14,23,23,23,134435,43153,687,450
"28087",5,"5223",76,0,2007,3,"","Lowndes County, Mississippi","Private","Activities related to credit intermediation","County, NAICS 4-digit -- by ownership sector","All establishment sizes",14,22,23,23,140450,22734,307,477
"28087",5,"5223",76,0,2007,4,"","Lowndes County, Mississippi","Private","Activities related to credit intermediation","County, NAICS 4-digit -- by ownership sector","All establishment sizes",14,23,23,24,139853,18103,239,461
"28087",5,52231,77,0,2007,1,"N","Lowndes County, Mississippi","Private","Mortgage and nonmortgage loan brokers","County, NAICS 5-digit -- by ownership sector","All establishment sizes",2,0,0,0,0,0,0,0
"28087",5,"52231",77,0,2007,2,"N","Lowndes County, Mississippi","Private","Mortgage and nonmortgage loan brokers","County, NAICS 5-digit -- by ownership sector","All establishment sizes",2,0,0,0,0,0,0,0
"28087",5,"52231",77,0,2007,3,"N","Lowndes County, Mississippi","Private","Mortgage and nonmortgage loan brokers","County, NAICS 5-digit -- by ownership sector","All establishment sizes",2,0,0,0,0,0,0,0
"28087",5,"52231",77,0,2007,4,"N","Lowndes County, Mississippi","Private","Mortgage and nonmortgage loan brokers","County, NAICS 5-digit -- by ownership sector","All establishment sizes",2,0,0,0,0,0,0,0
"28087",5,522310,78,0,2007,1,"N","Lowndes County, Mississippi","Private","Mortgage and nonmortgage loan brokers","County, NAICS 6-digit -- by ownership sector","All establishment sizes",2,0,0,0,0,0,0,0
"28087",5,"522310",78,0,2007,2,"N","Lowndes County, Mississippi","Private","Mortgage and nonmortgage loan brokers","County, NAICS 6-digit -- by ownership sector","All establishment sizes",2,0,0,0,0,0,0,0
"28087",5,"522310",78,0,2007,3,"N","Lowndes County, Mississippi","Private","Mortgage and nonmortgage loan brokers","County, NAICS 6-digit -- by ownership sector","All establishment sizes",2,0,0,0,0,0,0,0
"28087",5,"522310",78,0,2007,4,"N","Lowndes County, Mississippi","Private","Mortgage and nonmortgage loan brokers","County, NAICS 6-digit -- by ownership sector","All establishment sizes",2,0,0,0,0,0,0,0
"28087",5,52239,77,0,2007,1,"N","Lowndes County, Mississippi","Private","Other credit intermediation activities","County, NAICS 5-digit -- by ownership sector","All establishment sizes",12,0,0,0,0,0,0,0
"28087",5,"52239",77,0,2007,2,"N","Lowndes County, Mississippi","Private","Other credit intermediation activities","County, NAICS 5-digit -- by ownership sector","All establishment sizes",12,0,0,0,0,0,0,0
"28087",5,"52239",77,0,2007,3,"N","Lowndes County, Mississippi","Private","Other credit intermediation activities","County, NAICS 5-digit -- by ownership sector","All establishment sizes",12,0,0,0,0,0,0,0
"28087",5,"52239",77,0,2007,4,"N","Lowndes County, Mississippi","Private","Other credit intermediation activities","County, NAICS 5-digit -- by ownership sector","All establishment sizes",12,0,0,0,0,0,0,0
"28087",5,522390,78,0,2007,1,"N","Lowndes County, Mississippi","Private","Other credit intermediation activities","County, NAICS 6-digit -- by ownership sector","All establishment sizes",12,0,0,0,0,0,0,0
"28087",5,"522390",78,0,2007,2,"N","Lowndes County, Mississippi","Private","Other credit intermediation activities","County, NAICS 6-digit -- by ownership sector","All establishment sizes",12,0,0,0,0,0,0,0
"28087",5,"522390",78,0,2007,3,"N","Lowndes County, Mississippi","Private","Other credit intermediation activities","County, NAICS 6-digit -- by ownership sector","All establishment sizes",12,0,0,0,0,0,0,0
"28087",5,"522390",78,0,2007,4,"N","Lowndes County, Mississippi","Private","Other credit intermediation activities","County, NAICS 6-digit -- by ownership sector","All establishment sizes",12,0,0,0,0,0,0,0
"28087",5,523,75,0,2007,1,"","Lowndes County, Mississippi","Private","Securities, commodity contracts, investments","County, NAICS 3-digit -- by ownership sector","All establishment sizes",7,27,30,31,438090,158749,1084,1149
"28087",5,"523",75,0,2007,2,"","Lowndes County, Mississippi","Private","Securities, commodity contracts, investments","County, NAICS 3-digit -- by ownership sector","All establishment sizes",8,29,30,32,425923,33548,194,1080
"28087",5,"523",75,0,2007,3,"","Lowndes County, Mississippi","Private","Securities, commodity contracts, investments","County, NAICS 3-digit -- by ownership sector","All establishment sizes",9,34,34,33,457281,23597,309,1045
"28087",5,"523",75,0,2007,4,"","Lowndes County, Mississippi","Private","Securities, commodity contracts, investments","County, NAICS 3-digit -- by ownership sector","All establishment sizes",9,36,35,34,459740,21284,167,1010
"28087",5,5231,76,0,2007,1,"","Lowndes County, Mississippi","Private","Securities and commodity contracts brokerage","County, NAICS 4-digit -- by ownership sector","All establishment sizes",3,17,21,22,378045,109222,746,1454
"28087",5,"5231",76,0,2007,2,"","Lowndes County, Mississippi","Private","Securities and commodity contracts brokerage","County, NAICS 4-digit -- by ownership sector","All establishment sizes",3,20,20,21,362616,21202,95,1372
"28087",5,"5231",76,0,2007,3,"","Lowndes County, Mississippi","Private","Securities and commodity contracts brokerage","County, NAICS 4-digit -- by ownership sector","All establishment sizes",3,20,20,19,377538,8445,52,1477
"28087",5,"5231",76,0,2007,4,"","Lowndes County, Mississippi","Private","Securities and commodity contracts brokerage","County, NAICS 4-digit -- by ownership sector","All establishment sizes",3,21,20,19,376924,14157,73,1450
"28087",5,52311,77,0,2007,1,"N","Lowndes County, Mississippi","Private","Investment banking and securities dealing","County, NAICS 5-digit -- by ownership sector","All establishment sizes",1,0,0,0,0,0,0,0
"28087",5,"52311",77,0,2007,2,"N","Lowndes County, Mississippi","Private","Investment banking and securities dealing","County, NAICS 5-digit -- by ownership sector","All establishment sizes",1,0,0,0,0,0,0,0
"28087",5,"52311",77,0,2007,3,"N","Lowndes County, Mississippi","Private","Investment banking and securities dealing","County, NAICS 5-digit -- by ownership sector","All establishment sizes",1,0,0,0,0,0,0,0
"28087",5,"52311",77,0,2007,4,"N","Lowndes County, Mississippi","Private","Investment banking and securities dealing","County, NAICS 5-digit -- by ownership sector","All establishment sizes",1,0,0,0,0,0,0,0
"28087",5,523110,78,0,2007,1,"N","Lowndes County, Mississippi","Private","Investment banking and securities dealing","County, NAICS 6-digit -- by ownership sector","All establishment sizes",1,0,0,0,0,0,0,0
"28087",5,"523110",78,0,2007,2,"N","Lowndes County, Mississippi","Private","Investment banking and securities dealing","County, NAICS 6-digit -- by ownership sector","All establishment sizes",1,0,0,0,0,0,0,0
"28087",5,"523110",78,0,2007,3,"N","Lowndes County, Mississippi","Private","Investment banking and securities dealing","County, NAICS 6-digit -- by ownership sector","All establishment sizes",1,0,0,0,0,0,0,0
"28087",5,"523110",78,0,2007,4,"N","Lowndes County, Mississippi","Private","Investment banking and securities dealing","County, NAICS 6-digit -- by ownership sector","All establishment sizes",1,0,0,0,0,0,0,0
"28087",5,52312,77,0,2007,1,"N","Lowndes County, Mississippi","Private","Securities brokerage","County, NAICS 5-digit -- by ownership sector","All establishment sizes",2,0,0,0,0,0,0,0
"28087",5,"52312",77,0,2007,2,"N","Lowndes County, Mississippi","Private","Securities brokerage","County, NAICS 5-digit -- by ownership sector","All establishment sizes",2,0,0,0,0,0,0,0
"28087",5,"52312",77,0,2007,3,"N","Lowndes County, Mississippi","Private","Securities brokerage","County, NAICS 5-digit -- by ownership sector","All establishment sizes",2,0,0,0,0,0,0,0
"28087",5,"52312",77,0,2007,4,"N","Lowndes County, Mississippi","Private","Securities brokerage","County, NAICS 5-digit -- by ownership sector","All establishment sizes",2,0,0,0,0,0,0,0
"28087",5,523120,78,0,2007,1,"N","Lowndes County, Mississippi","Private","Securities brokerage","County, NAICS 6-digit -- by ownership sector","All establishment sizes",2,0,0,0,0,0,0,0
"28087",5,"523120",78,0,2007,2,"N","Lowndes County, Mississippi","Private","Securities brokerage","County, NAICS 6-digit -- by ownership sector","All establishment sizes",2,0,0,0,0,0,0,0
"28087",5,"523120",78,0,2007,3,"N","Lowndes County, Mississippi","Private","Securities brokerage","County, NAICS 6-digit -- by ownership sector","All establishment sizes",2,0,0,0,0,0,0,0
"28087",5,"523120",78,0,2007,4,"N","Lowndes County, Mississippi","Private","Securities brokerage","County, NAICS 6-digit -- by ownership sector","All establishment sizes",2,0,0,0,0,0,0,0
"28087",5,5239,76,0,2007,1,"","Lowndes County, Mississippi","Private","Other financial investment activities","County, NAICS 4-digit -- by ownership sector","All establishment sizes",4,10,9,9,60045,49527,338,495
"28087",5,"5239",76,0,2007,2,"","Lowndes County, Mississippi","Private","Other financial investment activities","County, NAICS 4-digit -- by ownership sector","All establishment sizes",5,9,10,11,63307,12346,99,487
"28087",5,"5239",76,0,2007,3,"","Lowndes County, Mississippi","Private","Other financial investment activities","County, NAICS 4-digit -- by ownership sector","All establishment sizes",6,14,14,14,79743,15152,257,438
"28087",5,"5239",76,0,2007,4,"","Lowndes County, Mississippi","Private","Other financial investment activities","County, NAICS 4-digit -- by ownership sector","All establishment sizes",6,15,15,15,82816,7127,94,425
"28087",5,52391,77,0,2007,1,"-","Lowndes County, Mississippi","Private","Miscellaneous intermediation","County, NAICS 5-digit -- by ownership sector","All establishment sizes",0,0,0,0,0,0,0,0
"28087",5,"52391",77,0,2007,2,"-","Lowndes County, Mississippi","Private","Miscellaneous intermediation","County, NAICS 5-digit -- by ownership sector","All establishment sizes",0,0,0,0,0,0,0,0
"28087",5,"52391",77,0,2007,3,"N","Lowndes County, Mississippi","Private","Miscellaneous intermediation","County, NAICS 5-digit -- by ownership sector","All establishment sizes",1,0,0,0,0,0,0,0
"28087",5,"52391",77,0,2007,4,"N","Lowndes County, Mississippi","Private","Miscellaneous intermediation","County, NAICS 5-digit -- by ownership sector","All establishment sizes",1,0,0,0,0,0,0,0
"28087",5,523910,78,0,2007,1,"-","Lowndes County, Mississippi","Private","Miscellaneous intermediation","County, NAICS 6-digit -- by ownership sector","All establishment sizes",0,0,0,0,0,0,0,0
"28087",5,"523910",78,0,2007,2,"-","Lowndes County, Mississippi","Private","Miscellaneous intermediation","County, NAICS 6-digit -- by ownership sector","All establishment sizes",0,0,0,0,0,0,0,0
"28087",5,"523910",78,0,2007,3,"N","Lowndes County, Mississippi","Private","Miscellaneous intermediation","County, NAICS 6-digit -- by ownership sector","All establishment sizes",1,0,0,0,0,0,0,0
"28087",5,"523910",78,0,2007,4,"N","Lowndes County, Mississippi","Private","Miscellaneous intermediation","County, NAICS 6-digit -- by ownership sector","All establishment sizes",1,0,0,0,0,0,0,0
"28087",5,52392,77,0,2007,1,"N","Lowndes County, Mississippi","Private","Portfolio management","County, NAICS 5-digit -- by ownership sector","All establishment sizes",2,0,0,0,0,0,0,0
"28087",5,"52392",77,0,2007,2,"N","Lowndes County, Mississippi","Private","Portfolio management","County, NAICS 5-digit -- by ownership sector","All establishment sizes",2,0,0,0,0,0,0,0
"28087",5,"52392",77,0,2007,3,"N","Lowndes County, Mississippi","Private","Portfolio management","County, NAICS 5-digit -- by ownership sector","All establishment sizes",2,0,0,0,0,0,0,0
"28087",5,"52392",77,0,2007,4,"N","Lowndes County, Mississippi","Private","Portfolio management","County, NAICS 5-digit -- by ownership sector","All establishment sizes",2,0,0,0,0,0,0,0
"28087",5,523920,78,0,2007,1,"N","Lowndes County, Mississippi","Private","Portfolio management","County, NAICS 6-digit -- by ownership sector","All establishment sizes",2,0,0,0,0,0,0,0
"28087",5,"523920",78,0,2007,2,"N","Lowndes County, Mississippi","Private","Portfolio management","County, NAICS 6-digit -- by ownership sector","All establishment sizes",2,0,0,0,0,0,0,0
"28087",5,"523920",78,0,2007,3,"N","Lowndes County, Mississippi","Private","Portfolio management","County, NAICS 6-digit -- by ownership sector","All establishment sizes",2,0,0,0,0,0,0,0
"28087",5,"523920",78,0,2007,4,"N","Lowndes County, Mississippi","Private","Portfolio management","County, NAICS 6-digit -- by ownership sector","All establishment sizes",2,0,0,0,0,0,0,0
"28087",5,52393,77,0,2007,1,"N","Lowndes County, Mississippi","Private","Investment advice","County, NAICS 5-digit -- by ownership sector","All establishment sizes",1,0,0,0,0,0,0,0
"28087",5,"52393",77,0,2007,2,"N","Lowndes County, Mississippi","Private","Investment advice","County, NAICS 5-digit -- by ownership sector","All establishment sizes",2,0,0,0,0,0,0,0
"28087",5,"52393",77,0,2007,3,"N","Lowndes County, Mississippi","Private","Investment advice","County, NAICS 5-digit -- by ownership sector","All establishment sizes",2,0,0,0,0,0,0,0
"28087",5,"52393",77,0,2007,4,"N","Lowndes County, Mississippi","Private","Investment advice","County, NAICS 5-digit -- by ownership sector","All establishment sizes",2,0,0,0,0,0,0,0
"28087",5,523930,78,0,2007,1,"N","Lowndes County, Mississippi","Private","Investment advice","County, NAICS 6-digit -- by ownership sector","All establishment sizes",1,0,0,0,0,0,0,0
"28087",5,"523930",78,0,2007,2,"N","Lowndes County, Mississippi","Private","Investment advice","County, NAICS 6-digit -- by ownership sector","All establishment sizes",2,0,0,0,0,0,0,0
"28087",5,"523930",78,0,2007,3,"N","Lowndes County, Mississippi","Private","Investment advice","County, NAICS 6-digit -- by ownership sector","All establishment sizes",2,0,0,0,0,0,0,0
"28087",5,"523930",78,0,2007,4,"N","Lowndes County, Mississippi","Private","Investment advice","County, NAICS 6-digit -- by ownership sector","All establishment sizes",2,0,0,0,0,0,0,0
"28087",5,52399,77,0,2007,1,"N","Lowndes County, Mississippi","Private","All other financial investment activities","County, NAICS 5-digit -- by ownership sector","All establishment sizes",1,0,0,0,0,0,0,0
"28087",5,"52399",77,0,2007,2,"N","Lowndes County, Mississippi","Private","All other financial investment activities","County, NAICS 5-digit -- by ownership sector","All establishment sizes",1,0,0,0,0,0,0,0
"28087",5,"52399",77,0,2007,3,"N","Lowndes County, Mississippi","Private","All other financial investment activities","County, NAICS 5-digit -- by ownership sector","All establishment sizes",1,0,0,0,0,0,0,0
"28087",5,"52399",77,0,2007,4,"N","Lowndes County, Mississippi","Private","All other financial investment activities","County, NAICS 5-digit -- by ownership sector","All establishment sizes",1,0,0,0,0,0,0,0
"28087",5,523999,78,0,2007,1,"N","Lowndes County, Mississippi","Private","Miscellaneous financial investment activities","County, NAICS 6-digit -- by ownership sector","All establishment sizes",1,0,0,0,0,0,0,0
"28087",5,"523999",78,0,2007,2,"N","Lowndes County, Mississippi","Private","Miscellaneous financial investment activities","County, NAICS 6-digit -- by ownership sector","All establishment sizes",1,0,0,0,0,0,0,0
"28087",5,"523999",78,0,2007,3,"N","Lowndes County, Mississippi","Private","Miscellaneous financial investment activities","County, NAICS 6-digit -- by ownership sector","All establishment sizes",1,0,0,0,0,0,0,0
"28087",5,"523999",78,0,2007,4,"N","Lowndes County, Mississippi","Private","Miscellaneous financial investment activities","County, NAICS 6-digit -- by ownership sector","All establishment sizes",1,0,0,0,0,0,0,0
"28087",5,524,75,0,2007,1,"","Lowndes County, Mississippi","Private","Insurance carriers and related activities","County, NAICS 3-digit -- by ownership sector","All establishment sizes",40,141,141,141,1318246,841007,9101,719
"28087",5,"524",75,0,2007,2,"","Lowndes County, Mississippi","Private","Insurance carriers and related activities","County, NAICS 3-digit -- by ownership sector","All establishment sizes",41,144,149,148,1293061,189968,2352,677
"28087",5,"524",75,0,2007,3,"","Lowndes County, Mississippi","Private","Insurance carriers and related activities","County, NAICS 3-digit -- by ownership sector","All establishment sizes",41,146,138,134,1247857,121583,1728,689
"28087",5,"524",75,0,2007,4,"","Lowndes County, Mississippi","Private","Insurance carriers and related activities","County, NAICS 3-digit -- by ownership sector","All establishment sizes",42,136,133,132,1582342,107148,1324,911
"28087",5,5241,76,0,2007,1,"","Lowndes County, Mississippi","Private","Insurance carriers","County, NAICS 4-digit -- by ownership sector","All establishment sizes",5,21,22,24,218075,120267,2272,751
"28087",5,"5241",76,0,2007,2,"","Lowndes County, Mississippi","Private","Insurance carriers","County, NAICS 4-digit -- by ownership sector","All establishment sizes",5,24,26,27,263739,37954,789,790
"28087",5,"5241",76,0,2007,3,"","Lowndes County, Mississippi","Private","Insurance carriers","County, NAICS 4-digit -- by ownership sector","All establishment sizes",5,25,20,19,195237,17103,342,704
"28087",5,"5241",76,0,2007,4,"","Lowndes County, Mississippi","Private","Insurance carriers","County, NAICS 4-digit -- by ownership sector","All establishment sizes",5,22,22,21,295299,22342,485,1048
"28087",5,52411,77,0,2007,1,"N","Lowndes County, Mississippi","Private","Direct life and health insurance carriers","County, NAICS 5-digit -- by ownership sector","All establishment sizes",2,0,0,0,0,0,0,0
"28087",5,"52411",77,0,2007,2,"N","Lowndes County, Mississippi","Private","Direct life and health insurance carriers","County, NAICS 5-digit -- by ownership sector","All establishment sizes",2,0,0,0,0,0,0,0
"28087",5,"52411",77,0,2007,3,"N","Lowndes County, Mississippi","Private","Direct life and health insurance carriers","County, NAICS 5-digit -- by ownership sector","All establishment sizes",2,0,0,0,0,0,0,0
"28087",5,"52411",77,0,2007,4,"N","Lowndes County, Mississippi","Private","Direct life and health insurance carriers","County, NAICS 5-digit -- by ownership sector","All establishment sizes",2,0,0,0,0,0,0,0
"28087",5,524113,78,0,2007,1,"N","Lowndes County, Mississippi","Private","Direct life insurance carriers","County, NAICS 6-digit -- by ownership sector","All establishment sizes",2,0,0,0,0,0,0,0
"28087",5,"524113",78,0,2007,2,"N","Lowndes County, Mississippi","Private","Direct life insurance carriers","County, NAICS 6-digit -- by ownership sector","All establishment sizes",2,0,0,0,0,0,0,0
"28087",5,"524113",78,0,2007,3,"N","Lowndes County, Mississippi","Private","Direct life insurance carriers","County, NAICS 6-digit -- by ownership sector","All establishment sizes",2,0,0,0,0,0,0,0
"28087",5,"524113",78,0,2007,4,"N","Lowndes County, Mississippi","Private","Direct life insurance carriers","County, NAICS 6-digit -- by ownership sector","All establishment sizes",2,0,0,0,0,0,0,0
"28087",5,52412,77,0,2007,1,"N","Lowndes County, Mississippi","Private","Direct insurers, except life and health","County, NAICS 5-digit -- by ownership sector","All establishment sizes",3,0,0,0,0,0,0,0
"28087",5,"52412",77,0,2007,2,"N","Lowndes County, Mississippi","Private","Direct insurers, except life and health","County, NAICS 5-digit -- by ownership sector","All establishment sizes",3,0,0,0,0,0,0,0
"28087",5,"52412",77,0,2007,3,"N","Lowndes County, Mississippi","Private","Direct insurers, except life and health","County, NAICS 5-digit -- by ownership sector","All establishment sizes",3,0,0,0,0,0,0,0
"28087",5,"52412",77,0,2007,4,"N","Lowndes County, Mississippi","Private","Direct insurers, except life and health","County, NAICS 5-digit -- by ownership sector","All establishment sizes",3,0,0,0,0,0,0,0
"28087",5,524126,78,0,2007,1,"N","Lowndes County, Mississippi","Private","Direct property and casualty insurers","County, NAICS 6-digit -- by ownership sector","All establishment sizes",3,0,0,0,0,0,0,0
"28087",5,"524126",78,0,2007,2,"N","Lowndes County, Mississippi","Private","Direct property and casualty insurers","County, NAICS 6-digit -- by ownership sector","All establishment sizes",3,0,0,0,0,0,0,0
"28087",5,"524126",78,0,2007,3,"N","Lowndes County, Mississippi","Private","Direct property and casualty insurers","County, NAICS 6-digit -- by ownership sector","All establishment sizes",3,0,0,0,0,0,0,0
"28087",5,"524126",78,0,2007,4,"N","Lowndes County, Mississippi","Private","Direct property and casualty insurers","County, NAICS 6-digit -- by ownership sector","All establishment sizes",3,0,0,0,0,0,0,0
"28087",5,5242,76,0,2007,1,"","Lowndes County, Mississippi","Private","Insurance agencies and brokerages","County, NAICS 4-digit -- by ownership sector","All establishment sizes",35,120,119,117,1100171,720740,6829,713
"28087",5,"5242",76,0,2007,2,"","Lowndes County, Mississippi","Private","Insurance agencies and brokerages","County, NAICS 4-digit -- by ownership sector","All establishment sizes",36,120,123,121,1029322,152014,1563,653
"28087",5,"5242",76,0,2007,3,"","Lowndes County, Mississippi","Private","Insurance agencies and brokerages","County, NAICS 4-digit -- by ownership sector","All establishment sizes",36,121,118,115,1052620,104480,1386,686
"28087",5,"5242",76,0,2007,4,"","Lowndes County, Mississippi","Private","Insurance agencies and brokerages","County, NAICS 4-digit -- by ownership sector","All establishment sizes",37,114,111,111,1287043,84806,839,884
"28087",5,52421,77,0,2007,1,"N","Lowndes County, Mississippi","Private","Insurance agencies and brokerages","County, NAICS 5-digit -- by ownership sector","All establishment sizes",34,0,0,0,0,0,0,0
"28087",5,"52421",77,0,2007,2,"N","Lowndes County, Mississippi","Private","Insurance agencies and brokerages","County, NAICS 5-digit -- by ownership sector","All establishment sizes",35,0,0,0,0,0,0,0
"28087",5,"52421",77,0,2007,3,"N","Lowndes County, Mississippi","Private","Insurance agencies and brokerages","County, NAICS 5-digit -- by ownership sector","All establishment sizes",35,0,0,0,0,0,0,0
"28087",5,"52421",77,0,2007,4,"N","Lowndes County, Mississippi","Private","Insurance agencies and brokerages","County, NAICS 5-digit -- by ownership sector","All establishment sizes",36,0,0,0,0,0,0,0
"28087",5,524210,78,0,2007,1,"N","Lowndes County, Mississippi","Private","Insurance agencies and brokerages","County, NAICS 6-digit -- by ownership sector","All establishment sizes",34,0,0,0,0,0,0,0
"28087",5,"524210",78,0,2007,2,"N","Lowndes County, Mississippi","Private","Insurance agencies and brokerages","County, NAICS 6-digit -- by ownership sector","All establishment sizes",35,0,0,0,0,0,0,0
"28087",5,"524210",78,0,2007,3,"N","Lowndes County, Mississippi","Private","Insurance agencies and brokerages","County, NAICS 6-digit -- by ownership sector","All establishment sizes",35,0,0,0,0,0,0,0
"28087",5,"524210",78,0,2007,4,"N","Lowndes County, Mississippi","Private","Insurance agencies and brokerages","County, NAICS 6-digit -- by ownership sector","All establishment sizes",36,0,0,0,0,0,0,0
"28087",5,52429,77,0,2007,1,"N","Lowndes County, Mississippi","Private","Other insurance related activities","County, NAICS 5-digit -- by ownership sector","All establishment sizes",1,0,0,0,0,0,0,0
"28087",5,"52429",77,0,2007,2,"N","Lowndes County, Mississippi","Private","Other insurance related activities","County, NAICS 5-digit -- by ownership sector","All establishment sizes",1,0,0,0,0,0,0,0
"28087",5,"52429",77,0,2007,3,"N","Lowndes County, Mississippi","Private","Other insurance related activities","County, NAICS 5-digit -- by ownership sector","All establishment sizes",1,0,0,0,0,0,0,0
"28087",5,"52429",77,0,2007,4,"N","Lowndes County, Mississippi","Private","Other insurance related activities","County, NAICS 5-digit -- by ownership sector","All establishment sizes",1,0,0,0,0,0,0,0
"28087",5,524292,78,0,2007,1,"N","Lowndes County, Mississippi","Private","Third party administration of insurance funds","County, NAICS 6-digit -- by ownership sector","All establishment sizes",1,0,0,0,0,0,0,0
"28087",5,"524292",78,0,2007,2,"N","Lowndes County, Mississippi","Private","Third party administration of insurance funds","County, NAICS 6-digit -- by ownership sector","All establishment sizes",1,0,0,0,0,0,0,0
"28087",5,"524292",78,0,2007,3,"N","Lowndes County, Mississippi","Private","Third party administration of insurance funds","County, NAICS 6-digit -- by ownership sector","All establishment sizes",1,0,0,0,0,0,0,0
"28087",5,"524292",78,0,2007,4,"N","Lowndes County, Mississippi","Private","Third party administration of insurance funds","County, NAICS 6-digit -- by ownership sector","All establishment sizes",1,0,0,0,0,0,0,0
"28087",5,53,74,0,2007,1,"","Lowndes County, Mississippi","Private","Real estate and rental and leasing","County, NAICS Sector -- by ownership sector","All establishment sizes",71,236,236,239,1509157,1090512,12767,490
"28087",5,"53",74,0,2007,2,"","Lowndes County, Mississippi","Private","Real estate and rental and leasing","County, NAICS Sector -- by ownership sector","All establishment sizes",70,243,247,251,1614851,439096,5132,503
"28087",5,"53",74,0,2007,3,"","Lowndes County, Mississippi","Private","Real estate and rental and leasing","County, NAICS Sector -- by ownership sector","All establishment sizes",73,246,248,260,1804921,323776,4709,552
"28087",5,"53",74,0,2007,4,"","Lowndes County, Mississippi","Private","Real estate and rental and leasing","County, NAICS Sector -- by ownership sector","All establishment sizes",72,279,306,312,2756885,539871,9960,709
"28087",5,531,75,0,2007,1,"N","Lowndes County, Mississippi","Private","Real estate","County, NAICS 3-digit -- by ownership sector","All establishment sizes",45,0,0,0,0,0,0,0
"28087",5,"531",75,0,2007,2,"N","Lowndes County, Mississippi","Private","Real estate","County, NAICS 3-digit -- by ownership sector","All establishment sizes",45,0,0,0,0,0,0,0
"28087",5,"531",75,0,2007,3,"N","Lowndes County, Mississippi","Private","Real estate","County, NAICS 3-digit -- by ownership sector","All establishment sizes",48,0,0,0,0,0,0,0
"28087",5,"531",75,0,2007,4,"N","Lowndes County, Mississippi","Private","Real estate","County, NAICS 3-digit -- by ownership sector","All establishment sizes",48,0,0,0,0,0,0,0
"28087",5,5311,76,0,2007,1,"","Lowndes County, Mississippi","Private","Lessors of real estate","County, NAICS 4-digit -- by ownership sector","All establishment sizes",14,47,48,47,234661,215802,2326,381
"28087",5,"5311",76,0,2007,2,"","Lowndes County, Mississippi","Private","Lessors of real estate","County, NAICS 4-digit -- by ownership sector","All establishment sizes",14,47,47,46,249958,64805,419,412
"28087",5,"5311",76,0,2007,3,"","Lowndes County, Mississippi","Private","Lessors of real estate","County, NAICS 4-digit -- by ownership sector","All establishment sizes",16,50,48,50,282755,44648,291,441
"28087",5,"5311",76,0,2007,4,"","Lowndes County, Mississippi","Private","Lessors of real estate","County, NAICS 4-digit -- by ownership sector","All establishment sizes",15,51,50,51,291720,33338,366,443
"28087",5,53111,77,0,2007,1,"","Lowndes County, Mississippi","Private","Lessors of residential buildings","County, NAICS 5-digit -- by ownership sector","All establishment sizes",8,23,22,22,95796,92428,470,330
"28087",5,"53111",77,0,2007,2,"","Lowndes County, Mississippi","Private","Lessors of residential buildings","County, NAICS 5-digit -- by ownership sector","All establishment sizes",8,21,22,21,102349,29154,135,369
"28087",5,"53111",77,0,2007,3,"","Lowndes County, Mississippi","Private","Lessors of residential buildings","County, NAICS 5-digit -- by ownership sector","All establishment sizes",9,22,22,22,123253,18742,93,431
"28087",5,"53111",77,0,2007,4,"","Lowndes County, Mississippi","Private","Lessors of residential buildings","County, NAICS 5-digit -- by ownership sector","All establishment sizes",8,22,22,23,121931,13602,212,420
"28087",5,531110,78,0,2007,1,"","Lowndes County, Mississippi","Private","Lessors of residential buildings","County, NAICS 6-digit -- by ownership sector","All establishment sizes",8,23,22,22,95796,92428,470,330
"28087",5,"531110",78,0,2007,2,"","Lowndes County, Mississippi","Private","Lessors of residential buildings","County, NAICS 6-digit -- by ownership sector","All establishment sizes",8,21,22,21,102349,29154,135,369
"28087",5,"531110",78,0,2007,3,"","Lowndes County, Mississippi","Private","Lessors of residential buildings","County, NAICS 6-digit -- by ownership sector","All establishment sizes",9,22,22,22,123253,18742,93,431
"28087",5,"531110",78,0,2007,4,"","Lowndes County, Mississippi","Private","Lessors of residential buildings","County, NAICS 6-digit -- by ownership sector","All establishment sizes",8,22,22,23,121931,13602,212,420
"28087",5,53112,77,0,2007,1,"","Lowndes County, Mississippi","Private","Lessors of nonresidential buildings","County, NAICS 5-digit -- by ownership sector","All establishment sizes",3,11,12,11,56297,52797,1143,382
"28087",5,"53112",77,0,2007,2,"","Lowndes County, Mississippi","Private","Lessors of nonresidential buildings","County, NAICS 5-digit -- by ownership sector","All establishment sizes",3,12,12,11,53748,18818,131,354
"28087",5,"53112",77,0,2007,3,"N","Lowndes County, Mississippi","Private","Lessors of nonresidential buildings","County, NAICS 5-digit -- by ownership sector","All establishment sizes",3,0,0,0,0,0,0,0
"28087",5,"53112",77,0,2007,4,"N","Lowndes County, Mississippi","Private","Lessors of nonresidential buildings","County, NAICS 5-digit -- by ownership sector","All establishment sizes",3,0,0,0,0,0,0,0
"28087",5,531120,78,0,2007,1,"","Lowndes County, Mississippi","Private","Lessors of nonresidential buildings","County, NAICS 6-digit -- by ownership sector","All establishment sizes",3,11,12,11,56297,52797,1143,382
"28087",5,"531120",78,0,2007,2,"","Lowndes County, Mississippi","Private","Lessors of nonresidential buildings","County, NAICS 6-digit -- by ownership sector","All establishment sizes",3,12,12,11,53748,18818,131,354
"28087",5,"531120",78,0,2007,3,"N","Lowndes County, Mississippi","Private","Lessors of nonresidential buildings","County, NAICS 6-digit -- by ownership sector","All establishment sizes",3,0,0,0,0,0,0,0
"28087",5,"531120",78,0,2007,4,"N","Lowndes County, Mississippi","Private","Lessors of nonresidential buildings","County, NAICS 6-digit -- by ownership sector","All establishment sizes",3,0,0,0,0,0,0,0
"28087",5,53113,77,0,2007,1,"N","Lowndes County, Mississippi","Private","Miniwarehouse and self-storage unit operators","County, NAICS 5-digit -- by ownership sector","All establishment sizes",2,0,0,0,0,0,0,0
"28087",5,"53113",77,0,2007,2,"N","Lowndes County, Mississippi","Private","Miniwarehouse and self-storage unit operators","County, NAICS 5-digit -- by ownership sector","All establishment sizes",2,0,0,0,0,0,0,0
"28087",5,"53113",77,0,2007,3,"","Lowndes County, Mississippi","Private","Miniwarehouse and self-storage unit operators","County, NAICS 5-digit -- by ownership sector","All establishment sizes",3,14,13,14,89860,11210,84,506
"28087",5,"53113",77,0,2007,4,"","Lowndes County, Mississippi","Private","Miniwarehouse and self-storage unit operators","County, NAICS 5-digit -- by ownership sector","All establishment sizes",3,14,14,14,95220,9214,76,523
"28087",5,531130,78,0,2007,1,"N","Lowndes County, Mississippi","Private","Miniwarehouse and self-storage unit operators","County, NAICS 6-digit -- by ownership sector","All establishment sizes",2,0,0,0,0,0,0,0
"28087",5,"531130",78,0,2007,2,"N","Lowndes County, Mississippi","Private","Miniwarehouse and self-storage unit operators","County, NAICS 6-digit -- by ownership sector","All establishment sizes",2,0,0,0,0,0,0,0
"28087",5,"531130",78,0,2007,3,"","Lowndes County, Mississippi","Private","Miniwarehouse and self-storage unit operators","County, NAICS 6-digit -- by ownership sector","All establishment sizes",3,14,13,14,89860,11210,84,506
"28087",5,"531130",78,0,2007,4,"","Lowndes County, Mississippi","Private","Miniwarehouse and self-storage unit operators","County, NAICS 6-digit -- by ownership sector","All establishment sizes",3,14,14,14,95220,9214,76,523
"28087",5,53119,77,0,2007,1,"N","Lowndes County, Mississippi","Private","Lessors of other real estate property","County, NAICS 5-digit -- by ownership sector","All establishment sizes",1,0,0,0,0,0,0,0
"28087",5,"53119",77,0,2007,2,"N","Lowndes County, Mississippi","Private","Lessors of other real estate property","County, NAICS 5-digit -- by ownership sector","All establishment sizes",1,0,0,0,0,0,0,0
"28087",5,"53119",77,0,2007,3,"N","Lowndes County, Mississippi","Private","Lessors of other real estate property","County, NAICS 5-digit -- by ownership sector","All establishment sizes",1,0,0,0,0,0,0,0
"28087",5,"53119",77,0,2007,4,"N","Lowndes County, Mississippi","Private","Lessors of other real estate property","County, NAICS 5-digit -- by ownership sector","All establishment sizes",1,0,0,0,0,0,0,0
"28087",5,531190,78,0,2007,1,"N","Lowndes County, Mississippi","Private","Lessors of other real estate property","County, NAICS 6-digit -- by ownership sector","All establishment sizes",1,0,0,0,0,0,0,0
"28087",5,"531190",78,0,2007,2,"N","Lowndes County, Mississippi","Private","Lessors of other real estate property","County, NAICS 6-digit -- by ownership sector","All establishment sizes",1,0,0,0,0,0,0,0
"28087",5,"531190",78,0,2007,3,"N","Lowndes County, Mississippi","Private","Lessors of other real estate property","County, NAICS 6-digit -- by ownership sector","All establishment sizes",1,0,0,0,0,0,0,0
"28087",5,"531190",78,0,2007,4,"N","Lowndes County, Mississippi","Private","Lessors of other real estate property","County, NAICS 6-digit -- by ownership sector","All establishment sizes",1,0,0,0,0,0,0,0
"28087",5,5312,76,0,2007,1,"N","Lowndes County, Mississippi","Private","Offices of real estate agents and brokers","County, NAICS 4-digit -- by ownership sector","All establishment sizes",14,0,0,0,0,0,0,0
"28087",5,"5312",76,0,2007,2,"N","Lowndes County, Mississippi","Private","Offices of real estate agents and brokers","County, NAICS 4-digit -- by ownership sector","All establishment sizes",14,0,0,0,0,0,0,0
"28087",5,"5312",76,0,2007,3,"N","Lowndes County, Mississippi","Private","Offices of real estate agents and brokers","County, NAICS 4-digit -- by ownership sector","All establishment sizes",14,0,0,0,0,0,0,0
"28087",5,"5312",76,0,2007,4,"N","Lowndes County, Mississippi","Private","Offices of real estate agents and brokers","County, NAICS 4-digit -- by ownership sector","All establishment sizes",16,0,0,0,0,0,0,0
"28087",5,53121,77,0,2007,1,"N","Lowndes County, Mississippi","Private","Offices of real estate agents and brokers","County, NAICS 5-digit -- by ownership sector","All establishment sizes",14,0,0,0,0,0,0,0
"28087",5,"53121",77,0,2007,2,"N","Lowndes County, Mississippi","Private","Offices of real estate agents and brokers","County, NAICS 5-digit -- by ownership sector","All establishment sizes",14,0,0,0,0,0,0,0
"28087",5,"53121",77,0,2007,3,"N","Lowndes County, Mississippi","Private","Offices of real estate agents and brokers","County, NAICS 5-digit -- by ownership sector","All establishment sizes",14,0,0,0,0,0,0,0
"28087",5,"53121",77,0,2007,4,"N","Lowndes County, Mississippi","Private","Offices of real estate agents and brokers","County, NAICS 5-digit -- by ownership sector","All establishment sizes",16,0,0,0,0,0,0,0
"28087",5,531210,78,0,2007,1,"N","Lowndes County, Mississippi","Private","Offices of real estate agents and brokers","County, NAICS 6-digit -- by ownership sector","All establishment sizes",14,0,0,0,0,0,0,0
"28087",5,"531210",78,0,2007,2,"N","Lowndes County, Mississippi","Private","Offices of real estate agents and brokers","County, NAICS 6-digit -- by ownership sector","All establishment sizes",14,0,0,0,0,0,0,0
"28087",5,"531210",78,0,2007,3,"N","Lowndes County, Mississippi","Private","Offices of real estate agents and brokers","County, NAICS 6-digit -- by ownership sector","All establishment sizes",14,0,0,0,0,0,0,0
"28087",5,"531210",78,0,2007,4,"N","Lowndes County, Mississippi","Private","Offices of real estate agents and brokers","County, NAICS 6-digit -- by ownership sector","All establishment sizes",16,0,0,0,0,0,0,0
"28087",5,5313,76,0,2007,1,"","Lowndes County, Mississippi","Private","Activities related to real estate","County, NAICS 4-digit -- by ownership sector","All establishment sizes",17,36,36,36,225229,171110,1696,481
"28087",5,"5313",76,0,2007,2,"","Lowndes County, Mississippi","Private","Activities related to real estate","County, NAICS 4-digit -- by ownership sector","All establishment sizes",17,36,36,36,246289,80019,686,526
"28087",5,"5313",76,0,2007,3,"","Lowndes County, Mississippi","Private","Activities related to real estate","County, NAICS 4-digit -- by ownership sector","All establishment sizes",18,31,39,45,285222,29482,183,572
"28087",5,"5313",76,0,2007,4,"","Lowndes County, Mississippi","Private","Activities related to real estate","County, NAICS 4-digit -- by ownership sector","All establishment sizes",17,48,49,48,377750,67403,843,601
"28087",5,53131,77,0,2007,1,"N","Lowndes County, Mississippi","Private","Real estate property managers","County, NAICS 5-digit -- by ownership sector","All establishment sizes",16,0,0,0,0,0,0,0
"28087",5,"53131",77,0,2007,2,"N","Lowndes County, Mississippi","Private","Real estate property managers","County, NAICS 5-digit -- by ownership sector","All establishment sizes",16,0,0,0,0,0,0,0
"28087",5,"53131",77,0,2007,3,"N","Lowndes County, Mississippi","Private","Real estate property managers","County, NAICS 5-digit -- by ownership sector","All establishment sizes",17,0,0,0,0,0,0,0
"28087",5,"53131",77,0,2007,4,"N","Lowndes County, Mississippi","Private","Real estate property managers","County, NAICS 5-digit -- by ownership sector","All establishment sizes",16,0,0,0,0,0,0,0
"28087",5,531311,78,0,2007,1,"","Lowndes County, Mississippi","Private","Residential property managers","County, NAICS 6-digit -- by ownership sector","All establishment sizes",9,24,24,24,146256,112003,836,469
"28087",5,"531311",78,0,2007,2,"","Lowndes County, Mississippi","Private","Residential property managers","County, NAICS 6-digit -- by ownership sector","All establishment sizes",9,24,24,24,171514,56041,346,550
"28087",5,"531311",78,0,2007,3,"","Lowndes County, Mississippi","Private","Residential property managers","County, NAICS 6-digit -- by ownership sector","All establishment sizes",10,19,27,33,206232,23133,157,602
"28087",5,"531311",78,0,2007,4,"","Lowndes County, Mississippi","Private","Residential property managers","County, NAICS 6-digit -- by ownership sector","All establishment sizes",10,37,38,37,282154,64798,832,581
"28087",5,531312,78,0,2007,1,"N","Lowndes County, Mississippi","Private","Nonresidential property managers","County, NAICS 6-digit -- by ownership sector","All establishment sizes",7,0,0,0,0,0,0,0
"28087",5,"531312",78,0,2007,2,"N","Lowndes County, Mississippi","Private","Nonresidential property managers","County, NAICS 6-digit -- by ownership sector","All establishment sizes",7,0,0,0,0,0,0,0
"28087",5,"531312",78,0,2007,3,"N","Lowndes County, Mississippi","Private","Nonresidential property managers","County, NAICS 6-digit -- by ownership sector","All establishment sizes",7,0,0,0,0,0,0,0
"28087",5,"531312",78,0,2007,4,"N","Lowndes County, Mississippi","Private","Nonresidential property managers","County, NAICS 6-digit -- by ownership sector","All establishment sizes",6,0,0,0,0,0,0,0
"28087",5,53132,77,0,2007,1,"N","Lowndes County, Mississippi","Private","Offices of real estate appraisers","County, NAICS 5-digit -- by ownership sector","All establishment sizes",1,0,0,0,0,0,0,0
"28087",5,"53132",77,0,2007,2,"N","Lowndes County, Mississippi","Private","Offices of real estate appraisers","County, NAICS 5-digit -- by ownership sector","All establishment sizes",1,0,0,0,0,0,0,0
"28087",5,"53132",77,0,2007,3,"N","Lowndes County, Mississippi","Private","Offices of real estate appraisers","County, NAICS 5-digit -- by ownership sector","All establishment sizes",1,0,0,0,0,0,0,0
"28087",5,"53132",77,0,2007,4,"N","Lowndes County, Mississippi","Private","Offices of real estate appraisers","County, NAICS 5-digit -- by ownership sector","All establishment sizes",1,0,0,0,0,0,0,0
"28087",5,531320,78,0,2007,1,"N","Lowndes County, Mississippi","Private","Offices of real estate appraisers","County, NAICS 6-digit -- by ownership sector","All establishment sizes",1,0,0,0,0,0,0,0
"28087",5,"531320",78,0,2007,2,"N","Lowndes County, Mississippi","Private","Offices of real estate appraisers","County, NAICS 6-digit -- by ownership sector","All establishment sizes",1,0,0,0,0,0,0,0
"28087",5,"531320",78,0,2007,3,"N","Lowndes County, Mississippi","Private","Offices of real estate appraisers","County, NAICS 6-digit -- by ownership sector","All establishment sizes",1,0,0,0,0,0,0,0
"28087",5,"531320",78,0,2007,4,"N","Lowndes County, Mississippi","Private","Offices of real estate appraisers","County, NAICS 6-digit -- by ownership sector","All establishment sizes",1,0,0,0,0,0,0,0
"28087",5,532,75,0,2007,1,"","Lowndes County, Mississippi","Private","Rental and leasing services","County, NAICS 3-digit -- by ownership sector","All establishment sizes",25,122,123,124,903602,579731,7571,565
"28087",5,"532",75,0,2007,2,"","Lowndes County, Mississippi","Private","Rental and leasing services","County, NAICS 3-digit -- by ownership sector","All establishment sizes",24,129,134,136,957069,235887,3371,554
"28087",5,"532",75,0,2007,3,"","Lowndes County, Mississippi","Private","Rental and leasing services","County, NAICS 3-digit -- by ownership sector","All establishment sizes",24,131,129,132,1080816,220398,3886,636
"28087",5,"532",75,0,2007,4,"","Lowndes County, Mississippi","Private","Rental and leasing services","County, NAICS 3-digit -- by ownership sector","All establishment sizes",23,145,170,176,1833359,406113,8421,862
"28087",5,5321,76,0,2007,1,"","Lowndes County, Mississippi","Private","Automotive equipment rental and leasing","County, NAICS 4-digit -- by ownership sector","All establishment sizes",6,33,35,33,177744,136973,843,406
"28087",5,"5321",76,0,2007,2,"","Lowndes County, Mississippi","Private","Automotive equipment rental and leasing","County, NAICS 4-digit -- by ownership sector","All establishment sizes",5,37,36,35,199699,43988,339,427
"28087",5,"5321",76,0,2007,3,"N","Lowndes County, Mississippi","Private","Automotive equipment rental and leasing","County, NAICS 4-digit -- by ownership sector","All establishment sizes",5,0,0,0,0,0,0,0
"28087",5,"5321",76,0,2007,4,"N","Lowndes County, Mississippi","Private","Automotive equipment rental and leasing","County, NAICS 4-digit -- by ownership sector","All establishment sizes",5,0,0,0,0,0,0,0
"28087",5,53211,77,0,2007,1,"N","Lowndes County, Mississippi","Private","Passenger car rental and leasing","County, NAICS 5-digit -- by ownership sector","All establishment sizes",4,0,0,0,0,0,0,0
"28087",5,"53211",77,0,2007,2,"N","Lowndes County, Mississippi","Private","Passenger car rental and leasing","County, NAICS 5-digit -- by ownership sector","All establishment sizes",3,0,0,0,0,0,0,0
"28087",5,"53211",77,0,2007,3,"N","Lowndes County, Mississippi","Private","Passenger car rental and leasing","County, NAICS 5-digit -- by ownership sector","All establishment sizes",3,0,0,0,0,0,0,0
"28087",5,"53211",77,0,2007,4,"N","Lowndes County, Mississippi","Private","Passenger car rental and leasing","County, NAICS 5-digit -- by ownership sector","All establishment sizes",3,0,0,0,0,0,0,0
"28087",5,532111,78,0,2007,1,"N","Lowndes County, Mississippi","Private","Passenger car rental","County, NAICS 6-digit -- by ownership sector","All establishment sizes",4,0,0,0,0,0,0,0
"28087",5,"532111",78,0,2007,2,"N","Lowndes County, Mississippi","Private","Passenger car rental","County, NAICS 6-digit -- by ownership sector","All establishment sizes",3,0,0,0,0,0,0,0
"28087",5,"532111",78,0,2007,3,"N","Lowndes County, Mississippi","Private","Passenger car rental","County, NAICS 6-digit -- by ownership sector","All establishment sizes",3,0,0,0,0,0,0,0
"28087",5,"532111",78,0,2007,4,"N","Lowndes County, Mississippi","Private","Passenger car rental","County, NAICS 6-digit -- by ownership sector","All establishment sizes",3,0,0,0,0,0,0,0
"28087",5,53212,77,0,2007,1,"N","Lowndes County, Mississippi","Private","Truck, trailer, and RV rental and leasing","County, NAICS 5-digit -- by ownership sector","All establishment sizes",2,0,0,0,0,0,0,0
"28087",5,"53212",77,0,2007,2,"N","Lowndes County, Mississippi","Private","Truck, trailer, and RV rental and leasing","County, NAICS 5-digit -- by ownership sector","All establishment sizes",2,0,0,0,0,0,0,0
"28087",5,"53212",77,0,2007,3,"N","Lowndes County, Mississippi","Private","Truck, trailer, and RV rental and leasing","County, NAICS 5-digit -- by ownership sector","All establishment sizes",2,0,0,0,0,0,0,0
"28087",5,"53212",77,0,2007,4,"N","Lowndes County, Mississippi","Private","Truck, trailer, and RV rental and leasing","County, NAICS 5-digit -- by ownership sector","All establishment sizes",2,0,0,0,0,0,0,0
"28087",5,532120,78,0,2007,1,"N","Lowndes County, Mississippi","Private","Truck, trailer, and RV rental and leasing","County, NAICS 6-digit -- by ownership sector","All establishment sizes",2,0,0,0,0,0,0,0
"28087",5,"532120",78,0,2007,2,"N","Lowndes County, Mississippi","Private","Truck, trailer, and RV rental and leasing","County, NAICS 6-digit -- by ownership sector","All establishment sizes",2,0,0,0,0,0,0,0
"28087",5,"532120",78,0,2007,3,"N","Lowndes County, Mississippi","Private","Truck, trailer, and RV rental and leasing","County, NAICS 6-digit -- by ownership sector","All establishment sizes",2,0,0,0,0,0,0,0
"28087",5,"532120",78,0,2007,4,"N","Lowndes County, Mississippi","Private","Truck, trailer, and RV rental and leasing","County, NAICS 6-digit -- by ownership sector","All establishment sizes",2,0,0,0,0,0,0,0
"28087",5,5322,76,0,2007,1,"","Lowndes County, Mississippi","Private","Consumer goods rental","County, NAICS 4-digit -- by ownership sector","All establishment sizes",12,66,66,66,476944,329855,4761,556
"28087",5,"5322",76,0,2007,2,"","Lowndes County, Mississippi","Private","Consumer goods rental","County, NAICS 4-digit -- by ownership sector","All establishment sizes",12,62,69,69,474796,111701,1457,548
"28087",5,"5322",76,0,2007,3,"","Lowndes County, Mississippi","Private","Consumer goods rental","County, NAICS 4-digit -- by ownership sector","All establishment sizes",12,63,61,61,564330,65830,573,704
"28087",5,"5322",76,0,2007,4,"","Lowndes County, Mississippi","Private","Consumer goods rental","County, NAICS 4-digit -- by ownership sector","All establishment sizes",11,61,62,62,701169,56078,459,875
"28087",5,53222,77,0,2007,1,"N","Lowndes County, Mississippi","Private","Formal wear and costume rental","County, NAICS 5-digit -- by ownership sector","All establishment sizes",1,0,0,0,0,0,0,0
"28087",5,"53222",77,0,2007,2,"N","Lowndes County, Mississippi","Private","Formal wear and costume rental","County, NAICS 5-digit -- by ownership sector","All establishment sizes",1,0,0,0,0,0,0,0
"28087",5,"53222",77,0,2007,3,"N","Lowndes County, Mississippi","Private","Formal wear and costume rental","County, NAICS 5-digit -- by ownership sector","All establishment sizes",1,0,0,0,0,0,0,0
"28087",5,"53222",77,0,2007,4,"N","Lowndes County, Mississippi","Private","Formal wear and costume rental","County, NAICS 5-digit -- by ownership sector","All establishment sizes",1,0,0,0,0,0,0,0
"28087",5,532220,78,0,2007,1,"N","Lowndes County, Mississippi","Private","Formal wear and costume rental","County, NAICS 6-digit -- by ownership sector","All establishment sizes",1,0,0,0,0,0,0,0
"28087",5,"532220",78,0,2007,2,"N","Lowndes County, Mississippi","Private","Formal wear and costume rental","County, NAICS 6-digit -- by ownership sector","All establishment sizes",1,0,0,0,0,0,0,0
"28087",5,"532220",78,0,2007,3,"N","Lowndes County, Mississippi","Private","Formal wear and costume rental","County, NAICS 6-digit -- by ownership sector","All establishment sizes",1,0,0,0,0,0,0,0
"28087",5,"532220",78,0,2007,4,"N","Lowndes County, Mississippi","Private","Formal wear and costume rental","County, NAICS 6-digit -- by ownership sector","All establishment sizes",1,0,0,0,0,0,0,0
"28087",5,53223,77,0,2007,1,"N","Lowndes County, Mississippi","Private","Video tape and disc rental","County, NAICS 5-digit -- by ownership sector","All establishment sizes",4,0,0,0,0,0,0,0
"28087",5,"53223",77,0,2007,2,"N","Lowndes County, Mississippi","Private","Video tape and disc rental","County, NAICS 5-digit -- by ownership sector","All establishment sizes",4,0,0,0,0,0,0,0
"28087",5,"53223",77,0,2007,3,"N","Lowndes County, Mississippi","Private","Video tape and disc rental","County, NAICS 5-digit -- by ownership sector","All establishment sizes",4,0,0,0,0,0,0,0
"28087",5,"53223",77,0,2007,4,"N","Lowndes County, Mississippi","Private","Video tape and disc rental","County, NAICS 5-digit -- by ownership sector","All establishment sizes",4,0,0,0,0,0,0,0
"28087",5,532230,78,0,2007,1,"N","Lowndes County, Mississippi","Private","Video tape and disc rental","County, NAICS 6-digit -- by ownership sector","All establishment sizes",4,0,0,0,0,0,0,0
"28087",5,"532230",78,0,2007,2,"N","Lowndes County, Mississippi","Private","Video tape and disc rental","County, NAICS 6-digit -- by ownership sector","All establishment sizes",4,0,0,0,0,0,0,0
"28087",5,"532230",78,0,2007,3,"N","Lowndes County, Mississippi","Private","Video tape and disc rental","County, NAICS 6-digit -- by ownership sector","All establishment sizes",4,0,0,0,0,0,0,0
"28087",5,"532230",78,0,2007,4,"N","Lowndes County, Mississippi","Private","Video tape and disc rental","County, NAICS 6-digit -- by ownership sector","All establishment sizes",4,0,0,0,0,0,0,0
"28087",5,53229,77,0,2007,1,"","Lowndes County, Mississippi","Private","Other consumer goods rental","County, NAICS 5-digit -- by ownership sector","All establishment sizes",7,41,42,43,389544,248470,3649,713
"28087",5,"53229",77,0,2007,2,"","Lowndes County, Mississippi","Private","Other consumer goods rental","County, NAICS 5-digit -- by ownership sector","All establishment sizes",7,39,44,45,391357,64893,900,706
"28087",5,"53229",77,0,2007,3,"","Lowndes County, Mississippi","Private","Other consumer goods rental","County, NAICS 5-digit -- by ownership sector","All establishment sizes",7,38,37,38,478871,30427,314,978
"28087",5,"53229",77,0,2007,4,"","Lowndes County, Mississippi","Private","Other consumer goods rental","County, NAICS 5-digit -- by ownership sector","All establishment sizes",6,39,41,40,616462,26222,237,1186
"28087",5,532291,78,0,2007,1,"","Lowndes County, Mississippi","Private","Home health equipment rental","County, NAICS 6-digit -- by ownership sector","All establishment sizes",3,26,27,27,279703,166673,1471,807
"28087",5,"532291",78,0,2007,2,"","Lowndes County, Mississippi","Private","Home health equipment rental","County, NAICS 6-digit -- by ownership sector","All establishment sizes",3,23,27,28,268872,34831,251,795
"28087",5,"532291",78,0,2007,3,"N","Lowndes County, Mississippi","Private","Home health equipment rental","County, NAICS 6-digit -- by ownership sector","All establishment sizes",3,0,0,0,0,0,0,0
"28087",5,"532291",78,0,2007,4,"N","Lowndes County, Mississippi","Private","Home health equipment rental","County, NAICS 6-digit -- by ownership sector","All establishment sizes",3,0,0,0,0,0,0,0
"28087",5,532299,78,0,2007,1,"","Lowndes County, Mississippi","Private","All other consumer goods rental","County, NAICS 6-digit -- by ownership sector","All establishment sizes",4,15,15,16,109841,81797,2178,551
"28087",5,"532299",78,0,2007,2,"","Lowndes County, Mississippi","Private","All other consumer goods rental","County, NAICS 6-digit -- by ownership sector","All establishment sizes",4,16,17,17,122485,30062,649,565
"28087",5,"532299",78,0,2007,3,"N","Lowndes County, Mississippi","Private","All other consumer goods rental","County, NAICS 6-digit -- by ownership sector","All establishment sizes",4,0,0,0,0,0,0,0
"28087",5,"532299",78,0,2007,4,"N","Lowndes County, Mississippi","Private","All other consumer goods rental","County, NAICS 6-digit -- by ownership sector","All establishment sizes",3,0,0,0,0,0,0,0
"28087",5,5323,76,0,2007,1,"N","Lowndes County, Mississippi","Private","General rental centers","County, NAICS 4-digit -- by ownership sector","All establishment sizes",2,0,0,0,0,0,0,0
"28087",5,"5323",76,0,2007,2,"N","Lowndes County, Mississippi","Private","General rental centers","County, NAICS 4-digit -- by ownership sector","All establishment sizes",2,0,0,0,0,0,0,0
"28087",5,"5323",76,0,2007,3,"N","Lowndes County, Mississippi","Private","General rental centers","County, NAICS 4-digit -- by ownership sector","All establishment sizes",2,0,0,0,0,0,0,0
"28087",5,"5323",76,0,2007,4,"N","Lowndes County, Mississippi","Private","General rental centers","County, NAICS 4-digit -- by ownership sector","All establishment sizes",2,0,0,0,0,0,0,0
"28087",5,53231,77,0,2007,1,"N","Lowndes County, Mississippi","Private","General rental centers","County, NAICS 5-digit -- by ownership sector","All establishment sizes",2,0,0,0,0,0,0,0
"28087",5,"53231",77,0,2007,2,"N","Lowndes County, Mississippi","Private","General rental centers","County, NAICS 5-digit -- by ownership sector","All establishment sizes",2,0,0,0,0,0,0,0
"28087",5,"53231",77,0,2007,3,"N","Lowndes County, Mississippi","Private","General rental centers","County, NAICS 5-digit -- by ownership sector","All establishment sizes",2,0,0,0,0,0,0,0
"28087",5,"53231",77,0,2007,4,"N","Lowndes County, Mississippi","Private","General rental centers","County, NAICS 5-digit -- by ownership sector","All establishment sizes",2,0,0,0,0,0,0,0
"28087",5,532310,78,0,2007,1,"N","Lowndes County, Mississippi","Private","General rental centers","County, NAICS 6-digit -- by ownership sector","All establishment sizes",2,0,0,0,0,0,0,0
"28087",5,"532310",78,0,2007,2,"N","Lowndes County, Mississippi","Private","General rental centers","County, NAICS 6-digit -- by ownership sector","All establishment sizes",2,0,0,0,0,0,0,0
"28087",5,"532310",78,0,2007,3,"N","Lowndes County, Mississippi","Private","General rental centers","County, NAICS 6-digit -- by ownership sector","All establishment sizes",2,0,0,0,0,0,0,0
"28087",5,"532310",78,0,2007,4,"N","Lowndes County, Mississippi","Private","General rental centers","County, NAICS 6-digit -- by ownership sector","All establishment sizes",2,0,0,0,0,0,0,0
"28087",5,5324,76,0,2007,1,"N","Lowndes County, Mississippi","Private","Machinery and equipment rental and leasing","County, NAICS 4-digit -- by ownership sector","All establishment sizes",5,0,0,0,0,0,0,0
"28087",5,"5324",76,0,2007,2,"N","Lowndes County, Mississippi","Private","Machinery and equipment rental and leasing","County, NAICS 4-digit -- by ownership sector","All establishment sizes",5,0,0,0,0,0,0,0
"28087",5,"5324",76,0,2007,3,"","Lowndes County, Mississippi","Private","Machinery and equipment rental and leasing","County, NAICS 4-digit -- by ownership sector","All establishment sizes",5,26,25,34,318699,131871,3107,865
"28087",5,"5324",76,0,2007,4,"","Lowndes County, Mississippi","Private","Machinery and equipment rental and leasing","County, NAICS 4-digit -- by ownership sector","All establishment sizes",5,46,67,76,918535,322013,7707,1122
"28087",5,53241,77,0,2007,1,"N","Lowndes County, Mississippi","Private","Heavy machinery rental and leasing","County, NAICS 5-digit -- by ownership sector","All establishment sizes",2,0,0,0,0,0,0,0
"28087",5,"53241",77,0,2007,2,"N","Lowndes County, Mississippi","Private","Heavy machinery rental and leasing","County, NAICS 5-digit -- by ownership sector","All establishment sizes",2,0,0,0,0,0,0,0
"28087",5,"53241",77,0,2007,3,"N","Lowndes County, Mississippi","Private","Heavy machinery rental and leasing","County, NAICS 5-digit -- by ownership sector","All establishment sizes",2,0,0,0,0,0,0,0
"28087",5,"53241",77,0,2007,4,"N","Lowndes County, Mississippi","Private","Heavy machinery rental and leasing","County, NAICS 5-digit -- by ownership sector","All establishment sizes",2,0,0,0,0,0,0,0
"28087",5,532411,78,0,2007,1,"N","Lowndes County, Mississippi","Private","Transportation equipment rental and leasing","County, NAICS 6-digit -- by ownership sector","All establishment sizes",1,0,0,0,0,0,0,0
"28087",5,"532411",78,0,2007,2,"N","Lowndes County, Mississippi","Private","Transportation equipment rental and leasing","County, NAICS 6-digit -- by ownership sector","All establishment sizes",1,0,0,0,0,0,0,0
"28087",5,"532411",78,0,2007,3,"N","Lowndes County, Mississippi","Private","Transportation equipment rental and leasing","County, NAICS 6-digit -- by ownership sector","All establishment sizes",1,0,0,0,0,0,0,0
"28087",5,"532411",78,0,2007,4,"N","Lowndes County, Mississippi","Private","Transportation equipment rental and leasing","County, NAICS 6-digit -- by ownership sector","All establishment sizes",1,0,0,0,0,0,0,0
"28087",5,532412,78,0,2007,1,"N","Lowndes County, Mississippi","Private","Other heavy machinery rental and leasing","County, NAICS 6-digit -- by ownership sector","All establishment sizes",1,0,0,0,0,0,0,0
"28087",5,"532412",78,0,2007,2,"N","Lowndes County, Mississippi","Private","Other heavy machinery rental and leasing","County, NAICS 6-digit -- by ownership sector","All establishment sizes",1,0,0,0,0,0,0,0
"28087",5,"532412",78,0,2007,3,"N","Lowndes County, Mississippi","Private","Other heavy machinery rental and leasing","County, NAICS 6-digit -- by ownership sector","All establishment sizes",1,0,0,0,0,0,0,0
"28087",5,"532412",78,0,2007,4,"N","Lowndes County, Mississippi","Private","Other heavy machinery rental and leasing","County, NAICS 6-digit -- by ownership sector","All establishment sizes",1,0,0,0,0,0,0,0
"28087",5,53242,77,0,2007,1,"N","Lowndes County, Mississippi","Private","Office equipment rental and leasing","County, NAICS 5-digit -- by ownership sector","All establishment sizes",1,0,0,0,0,0,0,0
"28087",5,"53242",77,0,2007,2,"N","Lowndes County, Mississippi","Private","Office equipment rental and leasing","County, NAICS 5-digit -- by ownership sector","All establishment sizes",1,0,0,0,0,0,0,0
"28087",5,"53242",77,0,2007,3,"N","Lowndes County, Mississippi","Private","Office equipment rental and leasing","County, NAICS 5-digit -- by ownership sector","All establishment sizes",1,0,0,0,0,0,0,0
"28087",5,"53242",77,0,2007,4,"N","Lowndes County, Mississippi","Private","Office equipment rental and leasing","County, NAICS 5-digit -- by ownership sector","All establishment sizes",1,0,0,0,0,0,0,0
"28087",5,532420,78,0,2007,1,"N","Lowndes County, Mississippi","Private","Office equipment rental and leasing","County, NAICS 6-digit -- by ownership sector","All establishment sizes",1,0,0,0,0,0,0,0
"28087",5,"532420",78,0,2007,2,"N","Lowndes County, Mississippi","Private","Office equipment rental and leasing","County, NAICS 6-digit -- by ownership sector","All establishment sizes",1,0,0,0,0,0,0,0
"28087",5,"532420",78,0,2007,3,"N","Lowndes County, Mississippi","Private","Office equipment rental and leasing","County, NAICS 6-digit -- by ownership sector","All establishment sizes",1,0,0,0,0,0,0,0
"28087",5,"532420",78,0,2007,4,"N","Lowndes County, Mississippi","Private","Office equipment rental and leasing","County, NAICS 6-digit -- by ownership sector","All establishment sizes",1,0,0,0,0,0,0,0
"28087",5,53249,77,0,2007,1,"N","Lowndes County, Mississippi","Private","Other machinery rental and leasing","County, NAICS 5-digit -- by ownership sector","All establishment sizes",2,0,0,0,0,0,0,0
"28087",5,"53249",77,0,2007,2,"N","Lowndes County, Mississippi","Private","Other machinery rental and leasing","County, NAICS 5-digit -- by ownership sector","All establishment sizes",2,0,0,0,0,0,0,0
"28087",5,"53249",77,0,2007,3,"N","Lowndes County, Mississippi","Private","Other machinery rental and leasing","County, NAICS 5-digit -- by ownership sector","All establishment sizes",2,0,0,0,0,0,0,0
"28087",5,"53249",77,0,2007,4,"N","Lowndes County, Mississippi","Private","Other machinery rental and leasing","County, NAICS 5-digit -- by ownership sector","All establishment sizes",2,0,0,0,0,0,0,0
"28087",5,532490,78,0,2007,1,"N","Lowndes County, Mississippi","Private","Other machinery rental and leasing","County, NAICS 6-digit -- by ownership sector","All establishment sizes",2,0,0,0,0,0,0,0
"28087",5,"532490",78,0,2007,2,"N","Lowndes County, Mississippi","Private","Other machinery rental and leasing","County, NAICS 6-digit -- by ownership sector","All establishment sizes",2,0,0,0,0,0,0,0
"28087",5,"532490",78,0,2007,3,"N","Lowndes County, Mississippi","Private","Other machinery rental and leasing","County, NAICS 6-digit -- by ownership sector","All establishment sizes",2,0,0,0,0,0,0,0
"28087",5,"532490",78,0,2007,4,"N","Lowndes County, Mississippi","Private","Other machinery rental and leasing","County, NAICS 6-digit -- by ownership sector","All establishment sizes",2,0,0,0,0,0,0,0
"28087",5,533,75,0,2007,1,"N","Lowndes County, Mississippi","Private","Lessors of nonfinancial intangible assets","County, NAICS 3-digit -- by ownership sector","All establishment sizes",1,0,0,0,0,0,0,0
"28087",5,"533",75,0,2007,2,"N","Lowndes County, Mississippi","Private","Lessors of nonfinancial intangible assets","County, NAICS 3-digit -- by ownership sector","All establishment sizes",1,0,0,0,0,0,0,0
"28087",5,"533",75,0,2007,3,"N","Lowndes County, Mississippi","Private","Lessors of nonfinancial intangible assets","County, NAICS 3-digit -- by ownership sector","All establishment sizes",1,0,0,0,0,0,0,0
"28087",5,"533",75,0,2007,4,"N","Lowndes County, Mississippi","Private","Lessors of nonfinancial intangible assets","County, NAICS 3-digit -- by ownership sector","All establishment sizes",1,0,0,0,0,0,0,0
"28087",5,5331,76,0,2007,1,"N","Lowndes County, Mississippi","Private","Lessors of nonfinancial intangible assets","County, NAICS 4-digit -- by ownership sector","All establishment sizes",1,0,0,0,0,0,0,0
"28087",5,"5331",76,0,2007,2,"N","Lowndes County, Mississippi","Private","Lessors of nonfinancial intangible assets","County, NAICS 4-digit -- by ownership sector","All establishment sizes",1,0,0,0,0,0,0,0
"28087",5,"5331",76,0,2007,3,"N","Lowndes County, Mississippi","Private","Lessors of nonfinancial intangible assets","County, NAICS 4-digit -- by ownership sector","All establishment sizes",1,0,0,0,0,0,0,0
"28087",5,"5331",76,0,2007,4,"N","Lowndes County, Mississippi","Private","Lessors of nonfinancial intangible assets","County, NAICS 4-digit -- by ownership sector","All establishment sizes",1,0,0,0,0,0,0,0
"28087",5,53311,77,0,2007,1,"N","Lowndes County, Mississippi","Private","Lessors of nonfinancial intangible assets","County, NAICS 5-digit -- by ownership sector","All establishment sizes",1,0,0,0,0,0,0,0
"28087",5,"53311",77,0,2007,2,"N","Lowndes County, Mississippi","Private","Lessors of nonfinancial intangible assets","County, NAICS 5-digit -- by ownership sector","All establishment sizes",1,0,0,0,0,0,0,0
"28087",5,"53311",77,0,2007,3,"N","Lowndes County, Mississippi","Private","Lessors of nonfinancial intangible assets","County, NAICS 5-digit -- by ownership sector","All establishment sizes",1,0,0,0,0,0,0,0
"28087",5,"53311",77,0,2007,4,"N","Lowndes County, Mississippi","Private","Lessors of nonfinancial intangible assets","County, NAICS 5-digit -- by ownership sector","All establishment sizes",1,0,0,0,0,0,0,0
"28087",5,533110,78,0,2007,1,"N","Lowndes County, Mississippi","Private","Lessors of nonfinancial intangible assets","County, NAICS 6-digit -- by ownership sector","All establishment sizes",1,0,0,0,0,0,0,0
"28087",5,"533110",78,0,2007,2,"N","Lowndes County, Mississippi","Private","Lessors of nonfinancial intangible assets","County, NAICS 6-digit -- by ownership sector","All establishment sizes",1,0,0,0,0,0,0,0
"28087",5,"533110",78,0,2007,3,"N","Lowndes County, Mississippi","Private","Lessors of nonfinancial intangible assets","County, NAICS 6-digit -- by ownership sector","All establishment sizes",1,0,0,0,0,0,0,0
"28087",5,"533110",78,0,2007,4,"N","Lowndes County, Mississippi","Private","Lessors of nonfinancial intangible assets","County, NAICS 6-digit -- by ownership sector","All establishment sizes",1,0,0,0,0,0,0,0
"28087",5,54,74,0,2007,1,"","Lowndes County, Mississippi","Private","Professional and technical services","County, NAICS Sector -- by ownership sector","All establishment sizes",105,530,529,516,4613932,2764626,29482,676
"28087",5,"54",74,0,2007,2,"","Lowndes County, Mississippi","Private","Professional and technical services","County, NAICS Sector -- by ownership sector","All establishment sizes",106,526,487,479,5953261,654453,7772,921
"28087",5,"54",74,0,2007,3,"","Lowndes County, Mississippi","Private","Professional and technical services","County, NAICS Sector -- by ownership sector","All establishment sizes",108,481,473,453,4856513,432589,5541,797
"28087",5,"54",74,0,2007,4,"","Lowndes County, Mississippi","Private","Professional and technical services","County, NAICS Sector -- by ownership sector","All establishment sizes",107,458,476,494,5297873,353506,4235,856
"28087",5,541,75,0,2007,1,"","Lowndes County, Mississippi","Private","Professional and Technical Services","County, NAICS 3-digit -- by ownership sector","All establishment sizes",105,530,529,516,4613932,2764626,29482,676
"28087",5,"541",75,0,2007,2,"","Lowndes County, Mississippi","Private","Professional and Technical Services","County, NAICS 3-digit -- by ownership sector","All establishment sizes",106,526,487,479,5953261,654453,7772,921
"28087",5,"541",75,0,2007,3,"","Lowndes County, Mississippi","Private","Professional and Technical Services","County, NAICS 3-digit -- by ownership sector","All establishment sizes",108,481,473,453,4856513,432589,5541,797
"28087",5,"541",75,0,2007,4,"","Lowndes County, Mississippi","Private","Professional and Technical Services","County, NAICS 3-digit -- by ownership sector","All establishment sizes",107,458,476,494,5297873,353506,4235,856
"28087",5,5411,76,0,2007,1,"","Lowndes County, Mississippi","Private","Legal services","County, NAICS 4-digit -- by ownership sector","All establishment sizes",29,127,129,133,1275919,674290,6777,757
"28087",5,"5411",76,0,2007,2,"","Lowndes County, Mississippi","Private","Legal services","County, NAICS 4-digit -- by ownership sector","All establishment sizes",29,130,126,120,1218871,168991,2310,748
"28087",5,"5411",76,0,2007,3,"","Lowndes County, Mississippi","Private","Legal services","County, NAICS 4-digit -- by ownership sector","All establishment sizes",33,113,105,93,825130,164481,3109,612
"28087",5,"5411",76,0,2007,4,"","Lowndes County, Mississippi","Private","Legal services","County, NAICS 4-digit -- by ownership sector","All establishment sizes",34,94,94,97,1006408,91089,1113,815
"28087",5,54111,77,0,2007,1,"","Lowndes County, Mississippi","Private","Offices of lawyers","County, NAICS 5-digit -- by ownership sector","All establishment sizes",25,118,124,128,1240448,639319,5965,774
"28087",5,"54111",77,0,2007,2,"","Lowndes County, Mississippi","Private","Offices of lawyers","County, NAICS 5-digit -- by ownership sector","All establishment sizes",25,123,119,113,1162497,150482,1476,756
"28087",5,"54111",77,0,2007,3,"","Lowndes County, Mississippi","Private","Offices of lawyers","County, NAICS 5-digit -- by ownership sector","All establishment sizes",28,107,96,84,775463,137910,2354,624
"28087",5,"54111",77,0,2007,4,"","Lowndes County, Mississippi","Private","Offices of lawyers","County, NAICS 5-digit -- by ownership sector","All establishment sizes",29,86,86,88,923305,79503,767,820
"28087",5,541110,78,0,2007,1,"","Lowndes County, Mississippi","Private","Offices of lawyers","County, NAICS 6-digit -- by ownership sector","All establishment sizes",25,118,124,128,1240448,639319,5965,774
"28087",5,"541110",78,0,2007,2,"","Lowndes County, Mississippi","Private","Offices of lawyers","County, NAICS 6-digit -- by ownership sector","All establishment sizes",25,123,119,113,1162497,150482,1476,756
"28087",5,"541110",78,0,2007,3,"","Lowndes County, Mississippi","Private","Offices of lawyers","County, NAICS 6-digit -- by ownership sector","All establishment sizes",28,107,96,84,775463,137910,2354,624
"28087",5,"541110",78,0,2007,4,"","Lowndes County, Mississippi","Private","Offices of lawyers","County, NAICS 6-digit -- by ownership sector","All establishment sizes",29,86,86,88,923305,79503,767,820
"28087",5,54119,77,0,2007,1,"","Lowndes County, Mississippi","Private","Other legal services","County, NAICS 5-digit -- by ownership sector","All establishment sizes",4,9,5,5,35471,34971,812,431
"28087",5,"54119",77,0,2007,2,"","Lowndes County, Mississippi","Private","Other legal services","County, NAICS 5-digit -- by ownership sector","All establishment sizes",4,7,7,7,56374,18509,834,619
"28087",5,"54119",77,0,2007,3,"","Lowndes County, Mississippi","Private","Other legal services","County, NAICS 5-digit -- by ownership sector","All establishment sizes",5,6,9,9,49667,26571,755,478
"28087",5,"54119",77,0,2007,4,"","Lowndes County, Mississippi","Private","Other legal services","County, NAICS 5-digit -- by ownership sector","All establishment sizes",5,8,8,9,83103,11586,346,767
"28087",5,541191,78,0,2007,1,"","Lowndes County, Mississippi","Private","Title abstract and settlement offices","County, NAICS 6-digit -- by ownership sector","All establishment sizes",4,9,5,5,35471,34971,812,431
"28087",5,"541191",78,0,2007,2,"","Lowndes County, Mississippi","Private","Title abstract and settlement offices","County, NAICS 6-digit -- by ownership sector","All establishment sizes",4,7,7,7,56374,18509,834,619
"28087",5,"541191",78,0,2007,3,"","Lowndes County, Mississippi","Private","Title abstract and settlement offices","County, NAICS 6-digit -- by ownership sector","All establishment sizes",5,6,9,9,49667,26571,755,478
"28087",5,"541191",78,0,2007,4,"","Lowndes County, Mississippi","Private","Title abstract and settlement offices","County, NAICS 6-digit -- by ownership sector","All establishment sizes",5,8,8,9,83103,11586,346,767
"28087",5,5412,76,0,2007,1,"","Lowndes County, Mississippi","Private","Accounting and bookkeeping services","County, NAICS 4-digit -- by ownership sector","All establishment sizes",25,159,163,147,1248018,797051,9549,614
"28087",5,"5412",76,0,2007,2,"","Lowndes County, Mississippi","Private","Accounting and bookkeeping services","County, NAICS 4-digit -- by ownership sector","All establishment sizes",24,153,118,117,1822036,203116,3152,1084
"28087",5,"5412",76,0,2007,3,"","Lowndes County, Mississippi","Private","Accounting and bookkeeping services","County, NAICS 4-digit -- by ownership sector","All establishment sizes",23,116,118,116,1174756,100412,1003,775
"28087",5,"5412",76,0,2007,4,"","Lowndes County, Mississippi","Private","Accounting and bookkeeping services","County, NAICS 4-digit -- by ownership sector","All establishment sizes",23,122,142,147,1528639,92135,1316,858
"28087",5,54121,77,0,2007,1,"","Lowndes County, Mississippi","Private","Accounting and bookkeeping services","County, NAICS 5-digit -- by ownership sector","All establishment sizes",25,159,163,147,1248018,797051,9549,614
"28087",5,"54121",77,0,2007,2,"","Lowndes County, Mississippi","Private","Accounting and bookkeeping services","County, NAICS 5-digit -- by ownership sector","All establishment sizes",24,153,118,117,1822036,203116,3152,1084
"28087",5,"54121",77,0,2007,3,"","Lowndes County, Mississippi","Private","Accounting and bookkeeping services","County, NAICS 5-digit -- by ownership sector","All establishment sizes",23,116,118,116,1174756,100412,1003,775
"28087",5,"54121",77,0,2007,4,"","Lowndes County, Mississippi","Private","Accounting and bookkeeping services","County, NAICS 5-digit -- by ownership sector","All establishment sizes",23,122,142,147,1528639,92135,1316,858
"28087",5,541211,78,0,2007,1,"","Lowndes County, Mississippi","Private","Offices of certified public accountants","County, NAICS 6-digit -- by ownership sector","All establishment sizes",9,70,73,73,832408,459139,2057,889
"28087",5,"541211",78,0,2007,2,"","Lowndes County, Mississippi","Private","Offices of certified public accountants","County, NAICS 6-digit -- by ownership sector","All establishment sizes",9,77,73,73,1412035,79643,372,1461
"28087",5,"541211",78,0,2007,3,"","Lowndes County, Mississippi","Private","Offices of certified public accountants","County, NAICS 6-digit -- by ownership sector","All establishment sizes",9,71,71,72,807220,45923,233,870
"28087",5,"541211",78,0,2007,4,"","Lowndes County, Mississippi","Private","Offices of certified public accountants","County, NAICS 6-digit -- by ownership sector","All establishment sizes",9,76,77,78,1193668,47855,200,1192
"28087",5,541213,78,0,2007,1,"","Lowndes County, Mississippi","Private","Tax preparation services","County, NAICS 6-digit -- by ownership sector","All establishment sizes",7,55,55,40,137546,125036,5225,212
"28087",5,"541213",78,0,2007,2,"","Lowndes County, Mississippi","Private","Tax preparation services","County, NAICS 6-digit -- by ownership sector","All establishment sizes",7,43,11,10,114853,43463,1881,414
"28087",5,"541213",78,0,2007,3,"","Lowndes County, Mississippi","Private","Tax preparation services","County, NAICS 6-digit -- by ownership sector","All establishment sizes",6,12,12,10,84627,6556,325,574
"28087",5,"541213",78,0,2007,4,"N","Lowndes County, Mississippi","Private","Tax preparation services","County, NAICS 6-digit -- by ownership sector","All establishment sizes",6,0,0,0,0,0,0,0
"28087",5,541219,78,0,2007,1,"","Lowndes County, Mississippi","Private","Other accounting services","County, NAICS 6-digit -- by ownership sector","All establishment sizes",9,34,35,34,278064,212876,2267,623
"28087",5,"541219",78,0,2007,2,"","Lowndes County, Mississippi","Private","Other accounting services","County, NAICS 6-digit -- by ownership sector","All establishment sizes",8,33,34,34,295148,80010,899,674
"28087",5,"541219",78,0,2007,3,"","Lowndes County, Mississippi","Private","Other accounting services","County, NAICS 6-digit -- by ownership sector","All establishment sizes",8,33,35,34,282909,47933,445,640
"28087",5,"541219",78,0,2007,4,"N","Lowndes County, Mississippi","Private","Other accounting services","County, NAICS 6-digit -- by ownership sector","All establishment sizes",8,0,0,0,0,0,0,0
"28087",5,5413,76,0,2007,1,"","Lowndes County, Mississippi","Private","Architectural and engineering services","County, NAICS 4-digit -- by ownership sector","All establishment sizes",16,92,87,87,951975,550873,4851,826
"28087",5,"5413",76,0,2007,2,"","Lowndes County, Mississippi","Private","Architectural and engineering services","County, NAICS 4-digit -- by ownership sector","All establishment sizes",17,85,89,89,1733606,89512,707,1521
"28087",5,"5413",76,0,2007,3,"","Lowndes County, Mississippi","Private","Architectural and engineering services","County, NAICS 4-digit -- by ownership sector","All establishment sizes",17,96,90,86,1148378,48278,402,974
"28087",5,"5413",76,0,2007,4,"","Lowndes County, Mississippi","Private","Architectural and engineering services","County, NAICS 4-digit -- by ownership sector","All establishment sizes",16,79,80,82,1439696,66621,492,1379
"28087",5,54131,77,0,2007,1,"N","Lowndes County, Mississippi","Private","Architectural services","County, NAICS 5-digit -- by ownership sector","All establishment sizes",3,0,0,0,0,0,0,0
"28087",5,"54131",77,0,2007,2,"N","Lowndes County, Mississippi","Private","Architectural services","County, NAICS 5-digit -- by ownership sector","All establishment sizes",3,0,0,0,0,0,0,0
"28087",5,"54131",77,0,2007,3,"N","Lowndes County, Mississippi","Private","Architectural services","County, NAICS 5-digit -- by ownership sector","All establishment sizes",3,0,0,0,0,0,0,0
"28087",5,"54131",77,0,2007,4,"N","Lowndes County, Mississippi","Private","Architectural services","County, NAICS 5-digit -- by ownership sector","All establishment sizes",3,0,0,0,0,0,0,0
"28087",5,541310,78,0,2007,1,"N","Lowndes County, Mississippi","Private","Architectural services","County, NAICS 6-digit -- by ownership sector","All establishment sizes",3,0,0,0,0,0,0,0
"28087",5,"541310",78,0,2007,2,"N","Lowndes County, Mississippi","Private","Architectural services","County, NAICS 6-digit -- by ownership sector","All establishment sizes",3,0,0,0,0,0,0,0
"28087",5,"541310",78,0,2007,3,"N","Lowndes County, Mississippi","Private","Architectural services","County, NAICS 6-digit -- by ownership sector","All establishment sizes",3,0,0,0,0,0,0,0
"28087",5,"541310",78,0,2007,4,"N","Lowndes County, Mississippi","Private","Architectural services","County, NAICS 6-digit -- by ownership sector","All establishment sizes",3,0,0,0,0,0,0,0
"28087",5,54132,77,0,2007,1,"N","Lowndes County, Mississippi","Private","Landscape architectural services","County, NAICS 5-digit -- by ownership sector","All establishment sizes",1,0,0,0,0,0,0,0
"28087",5,"54132",77,0,2007,2,"N","Lowndes County, Mississippi","Private","Landscape architectural services","County, NAICS 5-digit -- by ownership sector","All establishment sizes",1,0,0,0,0,0,0,0
"28087",5,"54132",77,0,2007,3,"N","Lowndes County, Mississippi","Private","Landscape architectural services","County, NAICS 5-digit -- by ownership sector","All establishment sizes",1,0,0,0,0,0,0,0
"28087",5,"54132",77,0,2007,4,"N","Lowndes County, Mississippi","Private","Landscape architectural services","County, NAICS 5-digit -- by ownership sector","All establishment sizes",1,0,0,0,0,0,0,0
"28087",5,541320,78,0,2007,1,"N","Lowndes County, Mississippi","Private","Landscape architectural services","County, NAICS 6-digit -- by ownership sector","All establishment sizes",1,0,0,0,0,0,0,0
"28087",5,"541320",78,0,2007,2,"N","Lowndes County, Mississippi","Private","Landscape architectural services","County, NAICS 6-digit -- by ownership sector","All establishment sizes",1,0,0,0,0,0,0,0
"28087",5,"541320",78,0,2007,3,"N","Lowndes County, Mississippi","Private","Landscape architectural services","County, NAICS 6-digit -- by ownership sector","All establishment sizes",1,0,0,0,0,0,0,0
"28087",5,"541320",78,0,2007,4,"N","Lowndes County, Mississippi","Private","Landscape architectural services","County, NAICS 6-digit -- by ownership sector","All establishment sizes",1,0,0,0,0,0,0,0
"28087",5,54133,77,0,2007,1,"","Lowndes County, Mississippi","Private","Engineering services","County, NAICS 5-digit -- by ownership sector","All establishment sizes",5,23,21,19,170438,121388,573,624
"28087",5,"54133",77,0,2007,2,"","Lowndes County, Mississippi","Private","Engineering services","County, NAICS 5-digit -- by ownership sector","All establishment sizes",6,18,18,19,157126,13882,63,659
"28087",5,"54133",77,0,2007,3,"","Lowndes County, Mississippi","Private","Engineering services","County, NAICS 5-digit -- by ownership sector","All establishment sizes",6,24,21,20,162463,5870,63,577
"28087",5,"54133",77,0,2007,4,"","Lowndes County, Mississippi","Private","Engineering services","County, NAICS 5-digit -- by ownership sector","All establishment sizes",5,13,14,14,127715,12041,256,719
"28087",5,541330,78,0,2007,1,"","Lowndes County, Mississippi","Private","Engineering services","County, NAICS 6-digit -- by ownership sector","All establishment sizes",5,23,21,19,170438,121388,573,624
"28087",5,"541330",78,0,2007,2,"","Lowndes County, Mississippi","Private","Engineering services","County, NAICS 6-digit -- by ownership sector","All establishment sizes",6,18,18,19,157126,13882,63,659
"28087",5,"541330",78,0,2007,3,"","Lowndes County, Mississippi","Private","Engineering services","County, NAICS 6-digit -- by ownership sector","All establishment sizes",6,24,21,20,162463,5870,63,577
"28087",5,"541330",78,0,2007,4,"","Lowndes County, Mississippi","Private","Engineering services","County, NAICS 6-digit -- by ownership sector","All establishment sizes",5,13,14,14,127715,12041,256,719
"28087",5,54134,77,0,2007,1,"","Lowndes County, Mississippi","Private","Drafting services","County, NAICS 5-digit -- by ownership sector","All establishment sizes",3,10,9,9,85239,60769,360,703
"28087",5,"54134",77,0,2007,2,"","Lowndes County, Mississippi","Private","Drafting services","County, NAICS 5-digit -- by ownership sector","All establishment sizes",3,9,10,9,92818,8828,43,765
"28087",5,"54134",77,0,2007,3,"","Lowndes County, Mississippi","Private","Drafting services","County, NAICS 5-digit -- by ownership sector","All establishment sizes",3,9,9,8,90682,4501,22,805
"28087",5,"54134",77,0,2007,4,"","Lowndes County, Mississippi","Private","Drafting services","County, NAICS 5-digit -- by ownership sector","All establishment sizes",3,9,9,10,97085,2972,14,800
"28087",5,541340,78,0,2007,1,"","Lowndes County, Mississippi","Private","Drafting services","County, NAICS 6-digit -- by ownership sector","All establishment sizes",3,10,9,9,85239,60769,360,703
"28087",5,"541340",78,0,2007,2,"","Lowndes County, Mississippi","Private","Drafting services","County, NAICS 6-digit -- by ownership sector","All establishment sizes",3,9,10,9,92818,8828,43,765
"28087",5,"541340",78,0,2007,3,"","Lowndes County, Mississippi","Private","Drafting services","County, NAICS 6-digit -- by ownership sector","All establishment sizes",3,9,9,8,90682,4501,22,805
"28087",5,"541340",78,0,2007,4,"","Lowndes County, Mississippi","Private","Drafting services","County, NAICS 6-digit -- by ownership sector","All establishment sizes",3,9,9,10,97085,2972,14,800
"28087",5,54135,77,0,2007,1,"N","Lowndes County, Mississippi","Private","Building inspection services","County, NAICS 5-digit -- by ownership sector","All establishment sizes",1,0,0,0,0,0,0,0
"28087",5,"54135",77,0,2007,2,"N","Lowndes County, Mississippi","Private","Building inspection services","County, NAICS 5-digit -- by ownership sector","All establishment sizes",1,0,0,0,0,0,0,0
"28087",5,"54135",77,0,2007,3,"N","Lowndes County, Mississippi","Private","Building inspection services","County, NAICS 5-digit -- by ownership sector","All establishment sizes",1,0,0,0,0,0,0,0
"28087",5,"54135",77,0,2007,4,"N","Lowndes County, Mississippi","Private","Building inspection services","County, NAICS 5-digit -- by ownership sector","All establishment sizes",1,0,0,0,0,0,0,0
"28087",5,541350,78,0,2007,1,"N","Lowndes County, Mississippi","Private","Building inspection services","County, NAICS 6-digit -- by ownership sector","All establishment sizes",1,0,0,0,0,0,0,0
"28087",5,"541350",78,0,2007,2,"N","Lowndes County, Mississippi","Private","Building inspection services","County, NAICS 6-digit -- by ownership sector","All establishment sizes",1,0,0,0,0,0,0,0
"28087",5,"541350",78,0,2007,3,"N","Lowndes County, Mississippi","Private","Building inspection services","County, NAICS 6-digit -- by ownership sector","All establishment sizes",1,0,0,0,0,0,0,0
"28087",5,"541350",78,0,2007,4,"N","Lowndes County, Mississippi","Private","Building inspection services","County, NAICS 6-digit -- by ownership sector","All establishment sizes",1,0,0,0,0,0,0,0
"28087",5,54138,77,0,2007,1,"","Lowndes County, Mississippi","Private","Testing laboratories","County, NAICS 5-digit -- by ownership sector","All establishment sizes",3,11,10,10,117409,40413,221,874
"28087",5,"54138",77,0,2007,2,"","Lowndes County, Mississippi","Private","Testing laboratories","County, NAICS 5-digit -- by ownership sector","All establishment sizes",3,10,11,10,112428,20761,85,837
"28087",5,"54138",77,0,2007,3,"","Lowndes County, Mississippi","Private","Testing laboratories","County, NAICS 5-digit -- by ownership sector","All establishment sizes",3,10,10,10,126715,15078,63,975
"28087",5,"54138",77,0,2007,4,"","Lowndes County, Mississippi","Private","Testing laboratories","County, NAICS 5-digit -- by ownership sector","All establishment sizes",3,10,10,10,153376,41652,167,1180
"28087",5,541380,78,0,2007,1,"","Lowndes County, Mississippi","Private","Testing laboratories","County, NAICS 6-digit -- by ownership sector","All establishment sizes",3,11,10,10,117409,40413,221,874
"28087",5,"541380",78,0,2007,2,"","Lowndes County, Mississippi","Private","Testing laboratories","County, NAICS 6-digit -- by ownership sector","All establishment sizes",3,10,11,10,112428,20761,85,837
"28087",5,"541380",78,0,2007,3,"","Lowndes County, Mississippi","Private","Testing laboratories","County, NAICS 6-digit -- by ownership sector","All establishment sizes",3,10,10,10,126715,15078,63,975
"28087",5,"541380",78,0,2007,4,"","Lowndes County, Mississippi","Private","Testing laboratories","County, NAICS 6-digit -- by ownership sector","All establishment sizes",3,10,10,10,153376,41652,167,1180
"28087",5,5415,76,0,2007,1,"","Lowndes County, Mississippi","Private","Computer systems design and related services","County, NAICS 4-digit -- by ownership sector","All establishment sizes",9,53,52,52,505749,281008,2682,743
"28087",5,"5415",76,0,2007,2,"","Lowndes County, Mississippi","Private","Computer systems design and related services","County, NAICS 4-digit -- by ownership sector","All establishment sizes",10,53,52,52,505932,57450,564,744
"28087",5,"5415",76,0,2007,3,"","Lowndes County, Mississippi","Private","Computer systems design and related services","County, NAICS 4-digit -- by ownership sector","All establishment sizes",10,56,55,54,493883,29614,160,691
"28087",5,"5415",76,0,2007,4,"","Lowndes County, Mississippi","Private","Computer systems design and related services","County, NAICS 4-digit -- by ownership sector","All establishment sizes",10,56,56,56,602394,20900,375,827
"28087",5,54151,77,0,2007,1,"","Lowndes County, Mississippi","Private","Computer systems design and related services","County, NAICS 5-digit -- by ownership sector","All establishment sizes",9,53,52,52,505749,281008,2682,743
"28087",5,"54151",77,0,2007,2,"","Lowndes County, Mississippi","Private","Computer systems design and related services","County, NAICS 5-digit -- by ownership sector","All establishment sizes",10,53,52,52,505932,57450,564,744
"28087",5,"54151",77,0,2007,3,"","Lowndes County, Mississippi","Private","Computer systems design and related services","County, NAICS 5-digit -- by ownership sector","All establishment sizes",10,56,55,54,493883,29614,160,691
"28087",5,"54151",77,0,2007,4,"","Lowndes County, Mississippi","Private","Computer systems design and related services","County, NAICS 5-digit -- by ownership sector","All establishment sizes",10,56,56,56,602394,20900,375,827
"28087",5,541511,78,0,2007,1,"","Lowndes County, Mississippi","Private","Custom computer programming services","County, NAICS 6-digit -- by ownership sector","All establishment sizes",4,41,40,40,340314,206008,1508,649
"28087",5,"541511",78,0,2007,2,"","Lowndes County, Mississippi","Private","Custom computer programming services","County, NAICS 6-digit -- by ownership sector","All establishment sizes",5,43,43,42,393669,47722,347,710
"28087",5,"541511",78,0,2007,3,"","Lowndes County, Mississippi","Private","Custom computer programming services","County, NAICS 6-digit -- by ownership sector","All establishment sizes",5,42,41,41,348954,25001,100,649
"28087",5,"541511",78,0,2007,4,"","Lowndes County, Mississippi","Private","Custom computer programming services","County, NAICS 6-digit -- by ownership sector","All establishment sizes",5,44,44,44,459794,16380,296,804
"28087",5,541512,78,0,2007,1,"N","Lowndes County, Mississippi","Private","Computer systems design services","County, NAICS 6-digit -- by ownership sector","All establishment sizes",2,0,0,0,0,0,0,0
"28087",5,"541512",78,0,2007,2,"N","Lowndes County, Mississippi","Private","Computer systems design services","County, NAICS 6-digit -- by ownership sector","All establishment sizes",2,0,0,0,0,0,0,0
"28087",5,"541512",78,0,2007,3,"N","Lowndes County, Mississippi","Private","Computer systems design services","County, NAICS 6-digit -- by ownership sector","All establishment sizes",2,0,0,0,0,0,0,0
"28087",5,"541512",78,0,2007,4,"N","Lowndes County, Mississippi","Private","Computer systems design services","County, NAICS 6-digit -- by ownership sector","All establishment sizes",2,0,0,0,0,0,0,0
"28087",5,541513,78,0,2007,1,"N","Lowndes County, Mississippi","Private","Computer facilities management services","County, NAICS 6-digit -- by ownership sector","All establishment sizes",2,0,0,0,0,0,0,0
"28087",5,"541513",78,0,2007,2,"N","Lowndes County, Mississippi","Private","Computer facilities management services","County, NAICS 6-digit -- by ownership sector","All establishment sizes",2,0,0,0,0,0,0,0
"28087",5,"541513",78,0,2007,3,"N","Lowndes County, Mississippi","Private","Computer facilities management services","County, NAICS 6-digit -- by ownership sector","All establishment sizes",2,0,0,0,0,0,0,0
"28087",5,"541513",78,0,2007,4,"N","Lowndes County, Mississippi","Private","Computer facilities management services","County, NAICS 6-digit -- by ownership sector","All establishment sizes",2,0,0,0,0,0,0,0
"28087",5,541519,78,0,2007,1,"N","Lowndes County, Mississippi","Private","Other computer related services","County, NAICS 6-digit -- by ownership sector","All establishment sizes",1,0,0,0,0,0,0,0
"28087",5,"541519",78,0,2007,2,"N","Lowndes County, Mississippi","Private","Other computer related services","County, NAICS 6-digit -- by ownership sector","All establishment sizes",1,0,0,0,0,0,0,0
"28087",5,"541519",78,0,2007,3,"N","Lowndes County, Mississippi","Private","Other computer related services","County, NAICS 6-digit -- by ownership sector","All establishment sizes",1,0,0,0,0,0,0,0
"28087",5,"541519",78,0,2007,4,"N","Lowndes County, Mississippi","Private","Other computer related services","County, NAICS 6-digit -- by ownership sector","All establishment sizes",1,0,0,0,0,0,0,0
"28087",5,5416,76,0,2007,1,"N","Lowndes County, Mississippi","Private","Management and technical consulting services","County, NAICS 4-digit -- by ownership sector","All establishment sizes",8,0,0,0,0,0,0,0
"28087",5,"5416",76,0,2007,2,"N","Lowndes County, Mississippi","Private","Management and technical consulting services","County, NAICS 4-digit -- by ownership sector","All establishment sizes",8,0,0,0,0,0,0,0
"28087",5,"5416",76,0,2007,3,"N","Lowndes County, Mississippi","Private","Management and technical consulting services","County, NAICS 4-digit -- by ownership sector","All establishment sizes",8,0,0,0,0,0,0,0
"28087",5,"5416",76,0,2007,4,"N","Lowndes County, Mississippi","Private","Management and technical consulting services","County, NAICS 4-digit -- by ownership sector","All establishment sizes",8,0,0,0,0,0,0,0
"28087",5,54161,77,0,2007,1,"","Lowndes County, Mississippi","Private","Management consulting services","County, NAICS 5-digit -- by ownership sector","All establishment sizes",6,9,8,7,72878,43353,844,701
"28087",5,"54161",77,0,2007,2,"","Lowndes County, Mississippi","Private","Management consulting services","County, NAICS 5-digit -- by ownership sector","All establishment sizes",6,10,10,10,64665,11472,113,497
"28087",5,"54161",77,0,2007,3,"","Lowndes County, Mississippi","Private","Management consulting services","County, NAICS 5-digit -- by ownership sector","All establishment sizes",6,10,10,10,69660,7722,97,536
"28087",5,"54161",77,0,2007,4,"","Lowndes County, Mississippi","Private","Management consulting services","County, NAICS 5-digit -- by ownership sector","All establishment sizes",5,9,8,8,69677,1674,31,643
"28087",5,541611,78,0,2007,1,"N","Lowndes County, Mississippi","Private","Administrative management consulting services","County, NAICS 6-digit -- by ownership sector","All establishment sizes",1,0,0,0,0,0,0,0
"28087",5,"541611",78,0,2007,2,"N","Lowndes County, Mississippi","Private","Administrative management consulting services","County, NAICS 6-digit -- by ownership sector","All establishment sizes",1,0,0,0,0,0,0,0
"28087",5,"541611",78,0,2007,3,"N","Lowndes County, Mississippi","Private","Administrative management consulting services","County, NAICS 6-digit -- by ownership sector","All establishment sizes",1,0,0,0,0,0,0,0
"28087",5,"541611",78,0,2007,4,"N","Lowndes County, Mississippi","Private","Administrative management consulting services","County, NAICS 6-digit -- by ownership sector","All establishment sizes",1,0,0,0,0,0,0,0
"28087",5,541612,78,0,2007,1,"N","Lowndes County, Mississippi","Private","Human resources consulting services","County, NAICS 6-digit -- by ownership sector","All establishment sizes",1,0,0,0,0,0,0,0
"28087",5,"541612",78,0,2007,2,"N","Lowndes County, Mississippi","Private","Human resources consulting services","County, NAICS 6-digit -- by ownership sector","All establishment sizes",1,0,0,0,0,0,0,0
"28087",5,"541612",78,0,2007,3,"N","Lowndes County, Mississippi","Private","Human resources consulting services","County, NAICS 6-digit -- by ownership sector","All establishment sizes",1,0,0,0,0,0,0,0
"28087",5,"541612",78,0,2007,4,"-","Lowndes County, Mississippi","Private","Human resources consulting services","County, NAICS 6-digit -- by ownership sector","All establishment sizes",0,0,0,0,0,0,0,0
"28087",5,541613,78,0,2007,1,"N","Lowndes County, Mississippi","Private","Marketing consulting services","County, NAICS 6-digit -- by ownership sector","All establishment sizes",2,0,0,0,0,0,0,0
"28087",5,"541613",78,0,2007,2,"N","Lowndes County, Mississippi","Private","Marketing consulting services","County, NAICS 6-digit -- by ownership sector","All establishment sizes",2,0,0,0,0,0,0,0
"28087",5,"541613",78,0,2007,3,"N","Lowndes County, Mississippi","Private","Marketing consulting services","County, NAICS 6-digit -- by ownership sector","All establishment sizes",2,0,0,0,0,0,0,0
"28087",5,"541613",78,0,2007,4,"N","Lowndes County, Mississippi","Private","Marketing consulting services","County, NAICS 6-digit -- by ownership sector","All establishment sizes",2,0,0,0,0,0,0,0
"28087",5,541614,78,0,2007,1,"N","Lowndes County, Mississippi","Private","Process and logistics consulting services","County, NAICS 6-digit -- by ownership sector","All establishment sizes",1,0,0,0,0,0,0,0
"28087",5,"541614",78,0,2007,2,"N","Lowndes County, Mississippi","Private","Process and logistics consulting services","County, NAICS 6-digit -- by ownership sector","All establishment sizes",1,0,0,0,0,0,0,0
"28087",5,"541614",78,0,2007,3,"N","Lowndes County, Mississippi","Private","Process and logistics consulting services","County, NAICS 6-digit -- by ownership sector","All establishment sizes",1,0,0,0,0,0,0,0
"28087",5,"541614",78,0,2007,4,"N","Lowndes County, Mississippi","Private","Process and logistics consulting services","County, NAICS 6-digit -- by ownership sector","All establishment sizes",1,0,0,0,0,0,0,0
"28087",5,541618,78,0,2007,1,"N","Lowndes County, Mississippi","Private","Other management consulting services","County, NAICS 6-digit -- by ownership sector","All establishment sizes",1,0,0,0,0,0,0,0
"28087",5,"541618",78,0,2007,2,"N","Lowndes County, Mississippi","Private","Other management consulting services","County, NAICS 6-digit -- by ownership sector","All establishment sizes",1,0,0,0,0,0,0,0
"28087",5,"541618",78,0,2007,3,"N","Lowndes County, Mississippi","Private","Other management consulting services","County, NAICS 6-digit -- by ownership sector","All establishment sizes",1,0,0,0,0,0,0,0
"28087",5,"541618",78,0,2007,4,"N","Lowndes County, Mississippi","Private","Other management consulting services","County, NAICS 6-digit -- by ownership sector","All establishment sizes",1,0,0,0,0,0,0,0
"28087",5,54162,77,0,2007,1,"N","Lowndes County, Mississippi","Private","Environmental consulting services","County, NAICS 5-digit -- by ownership sector","All establishment sizes",1,0,0,0,0,0,0,0
"28087",5,"54162",77,0,2007,2,"N","Lowndes County, Mississippi","Private","Environmental consulting services","County, NAICS 5-digit -- by ownership sector","All establishment sizes",1,0,0,0,0,0,0,0
"28087",5,"54162",77,0,2007,3,"N","Lowndes County, Mississippi","Private","Environmental consulting services","County, NAICS 5-digit -- by ownership sector","All establishment sizes",1,0,0,0,0,0,0,0
"28087",5,"54162",77,0,2007,4,"N","Lowndes County, Mississippi","Private","Environmental consulting services","County, NAICS 5-digit -- by ownership sector","All establishment sizes",1,0,0,0,0,0,0,0
"28087",5,541620,78,0,2007,1,"N","Lowndes County, Mississippi","Private","Environmental consulting services","County, NAICS 6-digit -- by ownership sector","All establishment sizes",1,0,0,0,0,0,0,0
"28087",5,"541620",78,0,2007,2,"N","Lowndes County, Mississippi","Private","Environmental consulting services","County, NAICS 6-digit -- by ownership sector","All establishment sizes",1,0,0,0,0,0,0,0
"28087",5,"541620",78,0,2007,3,"N","Lowndes County, Mississippi","Private","Environmental consulting services","County, NAICS 6-digit -- by ownership sector","All establishment sizes",1,0,0,0,0,0,0,0
"28087",5,"541620",78,0,2007,4,"N","Lowndes County, Mississippi","Private","Environmental consulting services","County, NAICS 6-digit -- by ownership sector","All establishment sizes",1,0,0,0,0,0,0,0
"28087",5,54169,77,0,2007,1,"N","Lowndes County, Mississippi","Private","Other technical consulting services","County, NAICS 5-digit -- by ownership sector","All establishment sizes",1,0,0,0,0,0,0,0
"28087",5,"54169",77,0,2007,2,"N","Lowndes County, Mississippi","Private","Other technical consulting services","County, NAICS 5-digit -- by ownership sector","All establishment sizes",1,0,0,0,0,0,0,0
"28087",5,"54169",77,0,2007,3,"N","Lowndes County, Mississippi","Private","Other technical consulting services","County, NAICS 5-digit -- by ownership sector","All establishment sizes",1,0,0,0,0,0,0,0
"28087",5,"54169",77,0,2007,4,"N","Lowndes County, Mississippi","Private","Other technical consulting services","County, NAICS 5-digit -- by ownership sector","All establishment sizes",2,0,0,0,0,0,0,0
"28087",5,541690,78,0,2007,1,"N","Lowndes County, Mississippi","Private","Other technical consulting services","County, NAICS 6-digit -- by ownership sector","All establishment sizes",1,0,0,0,0,0,0,0
"28087",5,"541690",78,0,2007,2,"N","Lowndes County, Mississippi","Private","Other technical consulting services","County, NAICS 6-digit -- by ownership sector","All establishment sizes",1,0,0,0,0,0,0,0
"28087",5,"541690",78,0,2007,3,"N","Lowndes County, Mississippi","Private","Other technical consulting services","County, NAICS 6-digit -- by ownership sector","All establishment sizes",1,0,0,0,0,0,0,0
"28087",5,"541690",78,0,2007,4,"N","Lowndes County, Mississippi","Private","Other technical consulting services","County, NAICS 6-digit -- by ownership sector","All establishment sizes",2,0,0,0,0,0,0,0
"28087",5,5417,76,0,2007,1,"N","Lowndes County, Mississippi","Private","Scientific research and development services","County, NAICS 4-digit -- by ownership sector","All establishment sizes",1,0,0,0,0,0,0,0
"28087",5,"5417",76,0,2007,2,"N","Lowndes County, Mississippi","Private","Scientific research and development services","County, NAICS 4-digit -- by ownership sector","All establishment sizes",1,0,0,0,0,0,0,0
"28087",5,"5417",76,0,2007,3,"N","Lowndes County, Mississippi","Private","Scientific research and development services","County, NAICS 4-digit -- by ownership sector","All establishment sizes",1,0,0,0,0,0,0,0
"28087",5,"5417",76,0,2007,4,"N","Lowndes County, Mississippi","Private","Scientific research and development services","County, NAICS 4-digit -- by ownership sector","All establishment sizes",1,0,0,0,0,0,0,0
"28087",5,54171,77,0,2007,1,"N","Lowndes County, Mississippi","Private","Physical, engineering and biological research","County, NAICS 5-digit -- by ownership sector","All establishment sizes",1,0,0,0,0,0,0,0
"28087",5,"54171",77,0,2007,2,"N","Lowndes County, Mississippi","Private","Physical, engineering and biological research","County, NAICS 5-digit -- by ownership sector","All establishment sizes",1,0,0,0,0,0,0,0
"28087",5,"54171",77,0,2007,3,"N","Lowndes County, Mississippi","Private","Physical, engineering and biological research","County, NAICS 5-digit -- by ownership sector","All establishment sizes",1,0,0,0,0,0,0,0
"28087",5,"54171",77,0,2007,4,"N","Lowndes County, Mississippi","Private","Physical, engineering and biological research","County, NAICS 5-digit -- by ownership sector","All establishment sizes",1,0,0,0,0,0,0,0
"28087",5,541711,78,0,2007,1,"N","Lowndes County, Mississippi","Private","Research and development in biotechnology","County, NAICS 6-digit -- by ownership sector","All establishment sizes",1,0,0,0,0,0,0,0
"28087",5,"541711",78,0,2007,2,"N","Lowndes County, Mississippi","Private","Research and development in biotechnology","County, NAICS 6-digit -- by ownership sector","All establishment sizes",1,0,0,0,0,0,0,0
"28087",5,"541711",78,0,2007,3,"N","Lowndes County, Mississippi","Private","Research and development in biotechnology","County, NAICS 6-digit -- by ownership sector","All establishment sizes",1,0,0,0,0,0,0,0
"28087",5,"541711",78,0,2007,4,"N","Lowndes County, Mississippi","Private","Research and development in biotechnology","County, NAICS 6-digit -- by ownership sector","All establishment sizes",1,0,0,0,0,0,0,0
"28087",5,5418,76,0,2007,1,"","Lowndes County, Mississippi","Private","Advertising, PR, and related services","County, NAICS 4-digit -- by ownership sector","All establishment sizes",5,34,33,33,286109,202232,3617,660
"28087",5,"5418",76,0,2007,2,"","Lowndes County, Mississippi","Private","Advertising, PR, and related services","County, NAICS 4-digit -- by ownership sector","All establishment sizes",5,35,34,33,309648,30132,360,701
"28087",5,"5418",76,0,2007,3,"","Lowndes County, Mississippi","Private","Advertising, PR, and related services","County, NAICS 4-digit -- by ownership sector","All establishment sizes",5,33,33,33,292135,14830,287,681
"28087",5,"5418",76,0,2007,4,"","Lowndes County, Mississippi","Private","Advertising, PR, and related services","County, NAICS 4-digit -- by ownership sector","All establishment sizes",5,33,34,35,336765,24303,380,762
"28087",5,54181,77,0,2007,1,"N","Lowndes County, Mississippi","Private","Advertising agencies","County, NAICS 5-digit -- by ownership sector","All establishment sizes",1,0,0,0,0,0,0,0
"28087",5,"54181",77,0,2007,2,"N","Lowndes County, Mississippi","Private","Advertising agencies","County, NAICS 5-digit -- by ownership sector","All establishment sizes",1,0,0,0,0,0,0,0
"28087",5,"54181",77,0,2007,3,"N","Lowndes County, Mississippi","Private","Advertising agencies","County, NAICS 5-digit -- by ownership sector","All establishment sizes",1,0,0,0,0,0,0,0
"28087",5,"54181",77,0,2007,4,"N","Lowndes County, Mississippi","Private","Advertising agencies","County, NAICS 5-digit -- by ownership sector","All establishment sizes",1,0,0,0,0,0,0,0
"28087",5,541810,78,0,2007,1,"N","Lowndes County, Mississippi","Private","Advertising agencies","County, NAICS 6-digit -- by ownership sector","All establishment sizes",1,0,0,0,0,0,0,0
"28087",5,"541810",78,0,2007,2,"N","Lowndes County, Mississippi","Private","Advertising agencies","County, NAICS 6-digit -- by ownership sector","All establishment sizes",1,0,0,0,0,0,0,0
"28087",5,"541810",78,0,2007,3,"N","Lowndes County, Mississippi","Private","Advertising agencies","County, NAICS 6-digit -- by ownership sector","All establishment sizes",1,0,0,0,0,0,0,0
"28087",5,"541810",78,0,2007,4,"N","Lowndes County, Mississippi","Private","Advertising agencies","County, NAICS 6-digit -- by ownership sector","All establishment sizes",1,0,0,0,0,0,0,0
"28087",5,54182,77,0,2007,1,"N","Lowndes County, Mississippi","Private","Public relations agencies","County, NAICS 5-digit -- by ownership sector","All establishment sizes",1,0,0,0,0,0,0,0
"28087",5,"54182",77,0,2007,2,"N","Lowndes County, Mississippi","Private","Public relations agencies","County, NAICS 5-digit -- by ownership sector","All establishment sizes",1,0,0,0,0,0,0,0
"28087",5,"54182",77,0,2007,3,"N","Lowndes County, Mississippi","Private","Public relations agencies","County, NAICS 5-digit -- by ownership sector","All establishment sizes",1,0,0,0,0,0,0,0
"28087",5,"54182",77,0,2007,4,"N","Lowndes County, Mississippi","Private","Public relations agencies","County, NAICS 5-digit -- by ownership sector","All establishment sizes",1,0,0,0,0,0,0,0
"28087",5,541820,78,0,2007,1,"N","Lowndes County, Mississippi","Private","Public relations agencies","County, NAICS 6-digit -- by ownership sector","All establishment sizes",1,0,0,0,0,0,0,0
"28087",5,"541820",78,0,2007,2,"N","Lowndes County, Mississippi","Private","Public relations agencies","County, NAICS 6-digit -- by ownership sector","All establishment sizes",1,0,0,0,0,0,0,0
"28087",5,"541820",78,0,2007,3,"N","Lowndes County, Mississippi","Private","Public relations agencies","County, NAICS 6-digit -- by ownership sector","All establishment sizes",1,0,0,0,0,0,0,0
"28087",5,"541820",78,0,2007,4,"N","Lowndes County, Mississippi","Private","Public relations agencies","County, NAICS 6-digit -- by ownership sector","All establishment sizes",1,0,0,0,0,0,0,0
"28087",5,54185,77,0,2007,1,"N","Lowndes County, Mississippi","Private","Display advertising","County, NAICS 5-digit -- by ownership sector","All establishment sizes",2,0,0,0,0,0,0,0
"28087",5,"54185",77,0,2007,2,"N","Lowndes County, Mississippi","Private","Display advertising","County, NAICS 5-digit -- by ownership sector","All establishment sizes",2,0,0,0,0,0,0,0
"28087",5,"54185",77,0,2007,3,"N","Lowndes County, Mississippi","Private","Display advertising","County, NAICS 5-digit -- by ownership sector","All establishment sizes",2,0,0,0,0,0,0,0
"28087",5,"54185",77,0,2007,4,"N","Lowndes County, Mississippi","Private","Display advertising","County, NAICS 5-digit -- by ownership sector","All establishment sizes",2,0,0,0,0,0,0,0
"28087",5,541850,78,0,2007,1,"N","Lowndes County, Mississippi","Private","Display advertising","County, NAICS 6-digit -- by ownership sector","All establishment sizes",2,0,0,0,0,0,0,0
"28087",5,"541850",78,0,2007,2,"N","Lowndes County, Mississippi","Private","Display advertising","County, NAICS 6-digit -- by ownership sector","All establishment sizes",2,0,0,0,0,0,0,0
"28087",5,"541850",78,0,2007,3,"N","Lowndes County, Mississippi","Private","Display advertising","County, NAICS 6-digit -- by ownership sector","All establishment sizes",2,0,0,0,0,0,0,0
"28087",5,"541850",78,0,2007,4,"N","Lowndes County, Mississippi","Private","Display advertising","County, NAICS 6-digit -- by ownership sector","All establishment sizes",2,0,0,0,0,0,0,0
"28087",5,54189,77,0,2007,1,"N","Lowndes County, Mississippi","Private","Other services related to advertising","County, NAICS 5-digit -- by ownership sector","All establishment sizes",1,0,0,0,0,0,0,0
"28087",5,"54189",77,0,2007,2,"N","Lowndes County, Mississippi","Private","Other services related to advertising","County, NAICS 5-digit -- by ownership sector","All establishment sizes",1,0,0,0,0,0,0,0
"28087",5,"54189",77,0,2007,3,"N","Lowndes County, Mississippi","Private","Other services related to advertising","County, NAICS 5-digit -- by ownership sector","All establishment sizes",1,0,0,0,0,0,0,0
"28087",5,"54189",77,0,2007,4,"N","Lowndes County, Mississippi","Private","Other services related to advertising","County, NAICS 5-digit -- by ownership sector","All establishment sizes",1,0,0,0,0,0,0,0
"28087",5,541890,78,0,2007,1,"N","Lowndes County, Mississippi","Private","Other services related to advertising","County, NAICS 6-digit -- by ownership sector","All establishment sizes",1,0,0,0,0,0,0,0
"28087",5,"541890",78,0,2007,2,"N","Lowndes County, Mississippi","Private","Other services related to advertising","County, NAICS 6-digit -- by ownership sector","All establishment sizes",1,0,0,0,0,0,0,0
"28087",5,"541890",78,0,2007,3,"N","Lowndes County, Mississippi","Private","Other services related to advertising","County, NAICS 6-digit -- by ownership sector","All establishment sizes",1,0,0,0,0,0,0,0
"28087",5,"541890",78,0,2007,4,"N","Lowndes County, Mississippi","Private","Other services related to advertising","County, NAICS 6-digit -- by ownership sector","All establishment sizes",1,0,0,0,0,0,0,0
"28087",5,5419,76,0,2007,1,"","Lowndes County, Mississippi","Private","Other professional and technical services","County, NAICS 4-digit -- by ownership sector","All establishment sizes",12,54,55,55,260259,209938,1095,366
"28087",5,"5419",76,0,2007,2,"","Lowndes County, Mississippi","Private","Other professional and technical services","County, NAICS 4-digit -- by ownership sector","All establishment sizes",12,58,56,56,286813,92943,561,389
"28087",5,"5419",76,0,2007,3,"","Lowndes County, Mississippi","Private","Other professional and technical services","County, NAICS 4-digit -- by ownership sector","All establishment sizes",11,55,58,59,810518,52455,422,1087
"28087",5,"5419",76,0,2007,4,"","Lowndes County, Mississippi","Private","Other professional and technical services","County, NAICS 4-digit -- by ownership sector","All establishment sizes",10,62,59,66,299604,53011,452,370
"28087",5,54192,77,0,2007,1,"","Lowndes County, Mississippi","Private","Photographic services","County, NAICS 5-digit -- by ownership sector","All establishment sizes",8,22,23,22,105843,84510,594,365
"28087",5,"54192",77,0,2007,2,"","Lowndes County, Mississippi","Private","Photographic services","County, NAICS 5-digit -- by ownership sector","All establishment sizes",8,24,23,22,120795,25541,292,404
"28087",5,"54192",77,0,2007,3,"","Lowndes County, Mississippi","Private","Photographic services","County, NAICS 5-digit -- by ownership sector","All establishment sizes",7,23,24,25,115624,23207,304,371
"28087",5,"54192",77,0,2007,4,"","Lowndes County, Mississippi","Private","Photographic services","County, NAICS 5-digit -- by ownership sector","All establishment sizes",6,30,26,35,131600,29352,357,334
"28087",5,541921,78,0,2007,1,"N","Lowndes County, Mississippi","Private","Photography studios, portrait","County, NAICS 6-digit -- by ownership sector","All establishment sizes",7,0,0,0,0,0,0,0
"28087",5,"541921",78,0,2007,2,"N","Lowndes County, Mississippi","Private","Photography studios, portrait","County, NAICS 6-digit -- by ownership sector","All establishment sizes",7,0,0,0,0,0,0,0
"28087",5,"541921",78,0,2007,3,"N","Lowndes County, Mississippi","Private","Photography studios, portrait","County, NAICS 6-digit -- by ownership sector","All establishment sizes",6,0,0,0,0,0,0,0
"28087",5,"541921",78,0,2007,4,"N","Lowndes County, Mississippi","Private","Photography studios, portrait","County, NAICS 6-digit -- by ownership sector","All establishment sizes",5,0,0,0,0,0,0,0
"28087",5,541922,78,0,2007,1,"N","Lowndes County, Mississippi","Private","Commercial photography","County, NAICS 6-digit -- by ownership sector","All establishment sizes",1,0,0,0,0,0,0,0
"28087",5,"541922",78,0,2007,2,"N","Lowndes County, Mississippi","Private","Commercial photography","County, NAICS 6-digit -- by ownership sector","All establishment sizes",1,0,0,0,0,0,0,0
"28087",5,"541922",78,0,2007,3,"N","Lowndes County, Mississippi","Private","Commercial photography","County, NAICS 6-digit -- by ownership sector","All establishment sizes",1,0,0,0,0,0,0,0
"28087",5,"541922",78,0,2007,4,"N","Lowndes County, Mississippi","Private","Commercial photography","County, NAICS 6-digit -- by ownership sector","All establishment sizes",1,0,0,0,0,0,0,0
"28087",5,54194,77,0,2007,1,"","Lowndes County, Mississippi","Private","Veterinary services","County, NAICS 5-digit -- by ownership sector","All establishment sizes",4,32,32,33,154416,125428,501,367
"28087",5,"54194",77,0,2007,2,"","Lowndes County, Mississippi","Private","Veterinary services","County, NAICS 5-digit -- by ownership sector","All establishment sizes",4,34,33,34,166018,67402,269,379
"28087",5,"54194",77,0,2007,3,"","Lowndes County, Mississippi","Private","Veterinary services","County, NAICS 5-digit -- by ownership sector","All establishment sizes",4,32,34,34,694894,29248,118,1604
"28087",5,"54194",77,0,2007,4,"","Lowndes County, Mississippi","Private","Veterinary services","County, NAICS 5-digit -- by ownership sector","All establishment sizes",4,32,33,31,168004,23659,95,404
"28087",5,541940,78,0,2007,1,"","Lowndes County, Mississippi","Private","Veterinary services","County, NAICS 6-digit -- by ownership sector","All establishment sizes",4,32,32,33,154416,125428,501,367
"28087",5,"541940",78,0,2007,2,"","Lowndes County, Mississippi","Private","Veterinary services","County, NAICS 6-digit -- by ownership sector","All establishment sizes",4,34,33,34,166018,67402,269,379
"28087",5,"541940",78,0,2007,3,"","Lowndes County, Mississippi","Private","Veterinary services","County, NAICS 6-digit -- by ownership sector","All establishment sizes",4,32,34,34,694894,29248,118,1604
"28087",5,"541940",78,0,2007,4,"","Lowndes County, Mississippi","Private","Veterinary services","County, NAICS 6-digit -- by ownership sector","All establishment sizes",4,32,33,31,168004,23659,95,404
"28087",5,55,74,0,2007,1,"","Lowndes County, Mississippi","Private","Management of companies and enterprises","County, NAICS Sector -- by ownership sector","All establishment sizes",7,37,37,36,507975,341351,4448,1066
"28087",5,"55",74,0,2007,2,"","Lowndes County, Mississippi","Private","Management of companies and enterprises","County, NAICS Sector -- by ownership sector","All establishment sizes",7,39,38,39,514789,176013,2265,1024
"28087",5,"55",74,0,2007,3,"","Lowndes County, Mississippi","Private","Management of companies and enterprises","County, NAICS Sector -- by ownership sector","All establishment sizes",8,40,41,40,557009,133309,1595,1062
"28087",5,"55",74,0,2007,4,"","Lowndes County, Mississippi","Private","Management of companies and enterprises","County, NAICS Sector -- by ownership sector","All establishment sizes",8,49,46,48,578921,100291,1000,934
"28087",5,551,75,0,2007,1,"","Lowndes County, Mississippi","Private","Management of companies and enterprises","County, NAICS 3-digit -- by ownership sector","All establishment sizes",7,37,37,36,507975,341351,4448,1066
"28087",5,"551",75,0,2007,2,"","Lowndes County, Mississippi","Private","Management of companies and enterprises","County, NAICS 3-digit -- by ownership sector","All establishment sizes",7,39,38,39,514789,176013,2265,1024
"28087",5,"551",75,0,2007,3,"","Lowndes County, Mississippi","Private","Management of companies and enterprises","County, NAICS 3-digit -- by ownership sector","All establishment sizes",8,40,41,40,557009,133309,1595,1062
"28087",5,"551",75,0,2007,4,"","Lowndes County, Mississippi","Private","Management of companies and enterprises","County, NAICS 3-digit -- by ownership sector","All establishment sizes",8,49,46,48,578921,100291,1000,934
"28087",5,5511,76,0,2007,1,"","Lowndes County, Mississippi","Private","Management of companies and enterprises","County, NAICS 4-digit -- by ownership sector","All establishment sizes",7,37,37,36,507975,341351,4448,1066
"28087",5,"5511",76,0,2007,2,"","Lowndes County, Mississippi","Private","Management of companies and enterprises","County, NAICS 4-digit -- by ownership sector","All establishment sizes",7,39,38,39,514789,176013,2265,1024
"28087",5,"5511",76,0,2007,3,"","Lowndes County, Mississippi","Private","Management of companies and enterprises","County, NAICS 4-digit -- by ownership sector","All establishment sizes",8,40,41,40,557009,133309,1595,1062
"28087",5,"5511",76,0,2007,4,"","Lowndes County, Mississippi","Private","Management of companies and enterprises","County, NAICS 4-digit -- by ownership sector","All establishment sizes",8,49,46,48,578921,100291,1000,934
"28087",5,55111,77,0,2007,1,"","Lowndes County, Mississippi","Private","Management of companies and enterprises","County, NAICS 5-digit -- by ownership sector","All establishment sizes",7,37,37,36,507975,341351,4448,1066
"28087",5,"55111",77,0,2007,2,"","Lowndes County, Mississippi","Private","Management of companies and enterprises","County, NAICS 5-digit -- by ownership sector","All establishment sizes",7,39,38,39,514789,176013,2265,1024
"28087",5,"55111",77,0,2007,3,"","Lowndes County, Mississippi","Private","Management of companies and enterprises","County, NAICS 5-digit -- by ownership sector","All establishment sizes",8,40,41,40,557009,133309,1595,1062
"28087",5,"55111",77,0,2007,4,"","Lowndes County, Mississippi","Private","Management of companies and enterprises","County, NAICS 5-digit -- by ownership sector","All establishment sizes",8,49,46,48,578921,100291,1000,934
"28087",5,551112,78,0,2007,1,"N","Lowndes County, Mississippi","Private","Offices of other holding companies","County, NAICS 6-digit -- by ownership sector","All establishment sizes",1,0,0,0,0,0,0,0
"28087",5,"551112",78,0,2007,2,"N","Lowndes County, Mississippi","Private","Offices of other holding companies","County, NAICS 6-digit -- by ownership sector","All establishment sizes",1,0,0,0,0,0,0,0
"28087",5,"551112",78,0,2007,3,"N","Lowndes County, Mississippi","Private","Offices of other holding companies","County, NAICS 6-digit -- by ownership sector","All establishment sizes",1,0,0,0,0,0,0,0
"28087",5,"551112",78,0,2007,4,"N","Lowndes County, Mississippi","Private","Offices of other holding companies","County, NAICS 6-digit -- by ownership sector","All establishment sizes",1,0,0,0,0,0,0,0
"28087",5,551114,78,0,2007,1,"N","Lowndes County, Mississippi","Private","Managing offices","County, NAICS 6-digit -- by ownership sector","All establishment sizes",6,0,0,0,0,0,0,0
"28087",5,"551114",78,0,2007,2,"N","Lowndes County, Mississippi","Private","Managing offices","County, NAICS 6-digit -- by ownership sector","All establishment sizes",6,0,0,0,0,0,0,0
"28087",5,"551114",78,0,2007,3,"N","Lowndes County, Mississippi","Private","Managing offices","County, NAICS 6-digit -- by ownership sector","All establishment sizes",7,0,0,0,0,0,0,0
"28087",5,"551114",78,0,2007,4,"N","Lowndes County, Mississippi","Private","Managing offices","County, NAICS 6-digit -- by ownership sector","All establishment sizes",7,0,0,0,0,0,0,0
"28087",5,56,74,0,2007,1,"","Lowndes County, Mississippi","Private","Administrative and waste services","County, NAICS Sector -- by ownership sector","All establishment sizes",65,1465,1487,1551,7550410,5962081,83224,387
"28087",5,"56",74,0,2007,2,"","Lowndes County, Mississippi","Private","Administrative and waste services","County, NAICS Sector -- by ownership sector","All establishment sizes",66,1420,1454,1387,7156196,3034923,49057,388
"28087",5,"56",74,0,2007,3,"","Lowndes County, Mississippi","Private","Administrative and waste services","County, NAICS Sector -- by ownership sector","All establishment sizes",68,1375,1483,1361,7327089,2162163,38375,401
"28087",5,"56",74,0,2007,4,"","Lowndes County, Mississippi","Private","Administrative and waste services","County, NAICS Sector -- by ownership sector","All establishment sizes",68,1311,1297,1218,7458867,1878407,31020,450
"28087",5,561,75,0,2007,1,"","Lowndes County, Mississippi","Private","Administrative and support services","County, NAICS 3-digit -- by ownership sector","All establishment sizes",58,1371,1391,1456,6572539,5348390,77371,360
"28087",5,"561",75,0,2007,2,"","Lowndes County, Mississippi","Private","Administrative and support services","County, NAICS 3-digit -- by ownership sector","All establishment sizes",59,1329,1363,1300,6186691,2991573,48577,358
"28087",5,"561",75,0,2007,3,"","Lowndes County, Mississippi","Private","Administrative and support services","County, NAICS 3-digit -- by ownership sector","All establishment sizes",61,1290,1396,1275,6398656,2128245,37958,373
"28087",5,"561",75,0,2007,4,"","Lowndes County, Mississippi","Private","Administrative and support services","County, NAICS 3-digit -- by ownership sector","All establishment sizes",61,1221,1209,1125,6431732,1799114,30304,418
"28087",5,5611,76,0,2007,1,"","Lowndes County, Mississippi","Private","Office administrative services","County, NAICS 4-digit -- by ownership sector","All establishment sizes",7,54,55,60,640879,364901,7019,875
"28087",5,"5611",76,0,2007,2,"","Lowndes County, Mississippi","Private","Office administrative services","County, NAICS 4-digit -- by ownership sector","All establishment sizes",7,60,58,54,556848,48837,875,747
"28087",5,"5611",76,0,2007,3,"","Lowndes County, Mississippi","Private","Office administrative services","County, NAICS 4-digit -- by ownership sector","All establishment sizes",7,55,55,55,632763,24556,550,885
"28087",5,"5611",76,0,2007,4,"","Lowndes County, Mississippi","Private","Office administrative services","County, NAICS 4-digit -- by ownership sector","All establishment sizes",7,59,54,55,583630,32889,758,802
"28087",5,56111,77,0,2007,1,"","Lowndes County, Mississippi","Private","Office administrative services","County, NAICS 5-digit -- by ownership sector","All establishment sizes",7,54,55,60,640879,364901,7019,875
"28087",5,"56111",77,0,2007,2,"","Lowndes County, Mississippi","Private","Office administrative services","County, NAICS 5-digit -- by ownership sector","All establishment sizes",7,60,58,54,556848,48837,875,747
"28087",5,"56111",77,0,2007,3,"","Lowndes County, Mississippi","Private","Office administrative services","County, NAICS 5-digit -- by ownership sector","All establishment sizes",7,55,55,55,632763,24556,550,885
"28087",5,"56111",77,0,2007,4,"","Lowndes County, Mississippi","Private","Office administrative services","County, NAICS 5-digit -- by ownership sector","All establishment sizes",7,59,54,55,583630,32889,758,802
"28087",5,561110,78,0,2007,1,"","Lowndes County, Mississippi","Private","Office administrative services","County, NAICS 6-digit -- by ownership sector","All establishment sizes",7,54,55,60,640879,364901,7019,875
"28087",5,"561110",78,0,2007,2,"","Lowndes County, Mississippi","Private","Office administrative services","County, NAICS 6-digit -- by ownership sector","All establishment sizes",7,60,58,54,556848,48837,875,747
"28087",5,"561110",78,0,2007,3,"","Lowndes County, Mississippi","Private","Office administrative services","County, NAICS 6-digit -- by ownership sector","All establishment sizes",7,55,55,55,632763,24556,550,885
"28087",5,"561110",78,0,2007,4,"","Lowndes County, Mississippi","Private","Office administrative services","County, NAICS 6-digit -- by ownership sector","All establishment sizes",7,59,54,55,583630,32889,758,802
"28087",5,5613,76,0,2007,1,"","Lowndes County, Mississippi","Private","Employment services","County, NAICS 4-digit -- by ownership sector","All establishment sizes",5,840,824,856,3748948,3202579,51661,343
"28087",5,"5613",76,0,2007,2,"","Lowndes County, Mississippi","Private","Employment services","County, NAICS 4-digit -- by ownership sector","All establishment sizes",5,726,749,689,3151311,1917531,33083,336
"28087",5,"5613",76,0,2007,3,"","Lowndes County, Mississippi","Private","Employment services","County, NAICS 4-digit -- by ownership sector","All establishment sizes",6,607,684,574,3066703,1349281,24485,379
"28087",5,"5613",76,0,2007,4,"","Lowndes County, Mississippi","Private","Employment services","County, NAICS 4-digit -- by ownership sector","All establishment sizes",6,546,546,475,2412704,1020907,18555,355
"28087",5,56132,77,0,2007,1,"","Lowndes County, Mississippi","Private","Temporary help services","County, NAICS 5-digit -- by ownership sector","All establishment sizes",5,840,824,856,3748948,3202579,51661,343
"28087",5,"56132",77,0,2007,2,"","Lowndes County, Mississippi","Private","Temporary help services","County, NAICS 5-digit -- by ownership sector","All establishment sizes",5,726,749,689,3151311,1917531,33083,336
"28087",5,"56132",77,0,2007,3,"N","Lowndes County, Mississippi","Private","Temporary help services","County, NAICS 5-digit -- by ownership sector","All establishment sizes",5,0,0,0,0,0,0,0
"28087",5,"56132",77,0,2007,4,"N","Lowndes County, Mississippi","Private","Temporary help services","County, NAICS 5-digit -- by ownership sector","All establishment sizes",5,0,0,0,0,0,0,0
"28087",5,561320,78,0,2007,1,"","Lowndes County, Mississippi","Private","Temporary help services","County, NAICS 6-digit -- by ownership sector","All establishment sizes",5,840,824,856,3748948,3202579,51661,343
"28087",5,"561320",78,0,2007,2,"","Lowndes County, Mississippi","Private","Temporary help services","County, NAICS 6-digit -- by ownership sector","All establishment sizes",5,726,749,689,3151311,1917531,33083,336
"28087",5,"561320",78,0,2007,3,"N","Lowndes County, Mississippi","Private","Temporary help services","County, NAICS 6-digit -- by ownership sector","All establishment sizes",5,0,0,0,0,0,0,0
"28087",5,"561320",78,0,2007,4,"N","Lowndes County, Mississippi","Private","Temporary help services","County, NAICS 6-digit -- by ownership sector","All establishment sizes",5,0,0,0,0,0,0,0
"28087",5,56133,77,0,2007,1,"-","Lowndes County, Mississippi","Private","Professional employer organizations","County, NAICS 5-digit -- by ownership sector","All establishment sizes",0,0,0,0,0,0,0,0
"28087",5,"56133",77,0,2007,2,"-","Lowndes County, Mississippi","Private","Professional employer organizations","County, NAICS 5-digit -- by ownership sector","All establishment sizes",0,0,0,0,0,0,0,0
"28087",5,"56133",77,0,2007,3,"N","Lowndes County, Mississippi","Private","Professional employer organizations","County, NAICS 5-digit -- by ownership sector","All establishment sizes",1,0,0,0,0,0,0,0
"28087",5,"56133",77,0,2007,4,"N","Lowndes County, Mississippi","Private","Professional employer organizations","County, NAICS 5-digit -- by ownership sector","All establishment sizes",1,0,0,0,0,0,0,0
"28087",5,561330,78,0,2007,1,"-","Lowndes County, Mississippi","Private","Professional employer organizations","County, NAICS 6-digit -- by ownership sector","All establishment sizes",0,0,0,0,0,0,0,0
"28087",5,"561330",78,0,2007,2,"-","Lowndes County, Mississippi","Private","Professional employer organizations","County, NAICS 6-digit -- by ownership sector","All establishment sizes",0,0,0,0,0,0,0,0
"28087",5,"561330",78,0,2007,3,"N","Lowndes County, Mississippi","Private","Professional employer organizations","County, NAICS 6-digit -- by ownership sector","All establishment sizes",1,0,0,0,0,0,0,0
"28087",5,"561330",78,0,2007,4,"N","Lowndes County, Mississippi","Private","Professional employer organizations","County, NAICS 6-digit -- by ownership sector","All establishment sizes",1,0,0,0,0,0,0,0
"28087",5,5614,76,0,2007,1,"N","Lowndes County, Mississippi","Private","Business support services","County, NAICS 4-digit -- by ownership sector","All establishment sizes",1,0,0,0,0,0,0,0
"28087",5,"5614",76,0,2007,2,"N","Lowndes County, Mississippi","Private","Business support services","County, NAICS 4-digit -- by ownership sector","All establishment sizes",1,0,0,0,0,0,0,0
"28087",5,"5614",76,0,2007,3,"N","Lowndes County, Mississippi","Private","Business support services","County, NAICS 4-digit -- by ownership sector","All establishment sizes",1,0,0,0,0,0,0,0
"28087",5,"5614",76,0,2007,4,"N","Lowndes County, Mississippi","Private","Business support services","County, NAICS 4-digit -- by ownership sector","All establishment sizes",1,0,0,0,0,0,0,0
"28087",5,56143,77,0,2007,1,"N","Lowndes County, Mississippi","Private","Business service centers","County, NAICS 5-digit -- by ownership sector","All establishment sizes",1,0,0,0,0,0,0,0
"28087",5,"56143",77,0,2007,2,"N","Lowndes County, Mississippi","Private","Business service centers","County, NAICS 5-digit -- by ownership sector","All establishment sizes",1,0,0,0,0,0,0,0
"28087",5,"56143",77,0,2007,3,"N","Lowndes County, Mississippi","Private","Business service centers","County, NAICS 5-digit -- by ownership sector","All establishment sizes",1,0,0,0,0,0,0,0
"28087",5,"56143",77,0,2007,4,"N","Lowndes County, Mississippi","Private","Business service centers","County, NAICS 5-digit -- by ownership sector","All establishment sizes",1,0,0,0,0,0,0,0
"28087",5,561431,78,0,2007,1,"N","Lowndes County, Mississippi","Private","Private mail centers","County, NAICS 6-digit -- by ownership sector","All establishment sizes",1,0,0,0,0,0,0,0
"28087",5,"561431",78,0,2007,2,"N","Lowndes County, Mississippi","Private","Private mail centers","County, NAICS 6-digit -- by ownership sector","All establishment sizes",1,0,0,0,0,0,0,0
"28087",5,"561431",78,0,2007,3,"N","Lowndes County, Mississippi","Private","Private mail centers","County, NAICS 6-digit -- by ownership sector","All establishment sizes",1,0,0,0,0,0,0,0
"28087",5,"561431",78,0,2007,4,"N","Lowndes County, Mississippi","Private","Private mail centers","County, NAICS 6-digit -- by ownership sector","All establishment sizes",1,0,0,0,0,0,0,0
"28087",5,5615,76,0,2007,1,"N","Lowndes County, Mississippi","Private","Travel arrangement and reservation services","County, NAICS 4-digit -- by ownership sector","All establishment sizes",1,0,0,0,0,0,0,0
"28087",5,"5615",76,0,2007,2,"N","Lowndes County, Mississippi","Private","Travel arrangement and reservation services","County, NAICS 4-digit -- by ownership sector","All establishment sizes",1,0,0,0,0,0,0,0
"28087",5,"5615",76,0,2007,3,"N","Lowndes County, Mississippi","Private","Travel arrangement and reservation services","County, NAICS 4-digit -- by ownership sector","All establishment sizes",1,0,0,0,0,0,0,0
"28087",5,"5615",76,0,2007,4,"N","Lowndes County, Mississippi","Private","Travel arrangement and reservation services","County, NAICS 4-digit -- by ownership sector","All establishment sizes",1,0,0,0,0,0,0,0
"28087",5,56151,77,0,2007,1,"N","Lowndes County, Mississippi","Private","Travel agencies","County, NAICS 5-digit -- by ownership sector","All establishment sizes",1,0,0,0,0,0,0,0
"28087",5,"56151",77,0,2007,2,"N","Lowndes County, Mississippi","Private","Travel agencies","County, NAICS 5-digit -- by ownership sector","All establishment sizes",1,0,0,0,0,0,0,0
"28087",5,"56151",77,0,2007,3,"N","Lowndes County, Mississippi","Private","Travel agencies","County, NAICS 5-digit -- by ownership sector","All establishment sizes",1,0,0,0,0,0,0,0
"28087",5,"56151",77,0,2007,4,"N","Lowndes County, Mississippi","Private","Travel agencies","County, NAICS 5-digit -- by ownership sector","All establishment sizes",1,0,0,0,0,0,0,0
"28087",5,561510,78,0,2007,1,"N","Lowndes County, Mississippi","Private","Travel agencies","County, NAICS 6-digit -- by ownership sector","All establishment sizes",1,0,0,0,0,0,0,0
"28087",5,"561510",78,0,2007,2,"N","Lowndes County, Mississippi","Private","Travel agencies","County, NAICS 6-digit -- by ownership sector","All establishment sizes",1,0,0,0,0,0,0,0
"28087",5,"561510",78,0,2007,3,"N","Lowndes County, Mississippi","Private","Travel agencies","County, NAICS 6-digit -- by ownership sector","All establishment sizes",1,0,0,0,0,0,0,0
"28087",5,"561510",78,0,2007,4,"N","Lowndes County, Mississippi","Private","Travel agencies","County, NAICS 6-digit -- by ownership sector","All establishment sizes",1,0,0,0,0,0,0,0
"28087",5,5616,76,0,2007,1,"","Lowndes County, Mississippi","Private","Investigation and security services","County, NAICS 4-digit -- by ownership sector","All establishment sizes",7,29,34,40,187985,159580,1750,421
"28087",5,"5616",76,0,2007,2,"","Lowndes County, Mississippi","Private","Investigation and security services","County, NAICS 4-digit -- by ownership sector","All establishment sizes",7,41,41,42,225377,64770,898,419
"28087",5,"5616",76,0,2007,3,"","Lowndes County, Mississippi","Private","Investigation and security services","County, NAICS 4-digit -- by ownership sector","All establishment sizes",7,60,67,67,270481,77395,1463,322
"28087",5,"5616",76,0,2007,4,"","Lowndes County, Mississippi","Private","Investigation and security services","County, NAICS 4-digit -- by ownership sector","All establishment sizes",8,63,67,62,346358,148409,3311,416
"28087",5,56161,77,0,2007,1,"","Lowndes County, Mississippi","Private","Security and armored car services","County, NAICS 5-digit -- by ownership sector","All establishment sizes",4,7,13,20,40775,37184,715,235
"28087",5,"56161",77,0,2007,2,"","Lowndes County, Mississippi","Private","Security and armored car services","County, NAICS 5-digit -- by ownership sector","All establishment sizes",4,21,20,20,73409,36333,669,278
"28087",5,"56161",77,0,2007,3,"","Lowndes County, Mississippi","Private","Security and armored car services","County, NAICS 5-digit -- by ownership sector","All establishment sizes",4,38,45,44,107264,59755,1304,195
"28087",5,"56161",77,0,2007,4,"","Lowndes County, Mississippi","Private","Security and armored car services","County, NAICS 5-digit -- by ownership sector","All establishment sizes",5,41,46,40,186985,137650,3247,340
"28087",5,561612,78,0,2007,1,"","Lowndes County, Mississippi","Private","Security guards and patrol services","County, NAICS 6-digit -- by ownership sector","All establishment sizes",4,7,13,20,40775,37184,715,235
"28087",5,"561612",78,0,2007,2,"","Lowndes County, Mississippi","Private","Security guards and patrol services","County, NAICS 6-digit -- by ownership sector","All establishment sizes",4,21,20,20,73409,36333,669,278
"28087",5,"561612",78,0,2007,3,"","Lowndes County, Mississippi","Private","Security guards and patrol services","County, NAICS 6-digit -- by ownership sector","All establishment sizes",4,38,45,44,107264,59755,1304,195
"28087",5,"561612",78,0,2007,4,"","Lowndes County, Mississippi","Private","Security guards and patrol services","County, NAICS 6-digit -- by ownership sector","All establishment sizes",5,41,46,40,186985,137650,3247,340
"28087",5,56162,77,0,2007,1,"","Lowndes County, Mississippi","Private","Security systems services","County, NAICS 5-digit -- by ownership sector","All establishment sizes",3,22,21,20,147210,122396,1035,539
"28087",5,"56162",77,0,2007,2,"","Lowndes County, Mississippi","Private","Security systems services","County, NAICS 5-digit -- by ownership sector","All establishment sizes",3,20,21,22,151968,28437,229,557
"28087",5,"56162",77,0,2007,3,"","Lowndes County, Mississippi","Private","Security systems services","County, NAICS 5-digit -- by ownership sector","All establishment sizes",3,22,22,23,163217,17640,159,562
"28087",5,"56162",77,0,2007,4,"","Lowndes County, Mississippi","Private","Security systems services","County, NAICS 5-digit -- by ownership sector","All establishment sizes",3,22,21,22,159373,10759,64,566
"28087",5,561621,78,0,2007,1,"N","Lowndes County, Mississippi","Private","Security systems services, except locksmiths","County, NAICS 6-digit -- by ownership sector","All establishment sizes",2,0,0,0,0,0,0,0
"28087",5,"561621",78,0,2007,2,"N","Lowndes County, Mississippi","Private","Security systems services, except locksmiths","County, NAICS 6-digit -- by ownership sector","All establishment sizes",2,0,0,0,0,0,0,0
"28087",5,"561621",78,0,2007,3,"N","Lowndes County, Mississippi","Private","Security systems services, except locksmiths","County, NAICS 6-digit -- by ownership sector","All establishment sizes",2,0,0,0,0,0,0,0
"28087",5,"561621",78,0,2007,4,"N","Lowndes County, Mississippi","Private","Security systems services, except locksmiths","County, NAICS 6-digit -- by ownership sector","All establishment sizes",2,0,0,0,0,0,0,0
"28087",5,561622,78,0,2007,1,"N","Lowndes County, Mississippi","Private","Locksmiths","County, NAICS 6-digit -- by ownership sector","All establishment sizes",1,0,0,0,0,0,0,0
"28087",5,"561622",78,0,2007,2,"N","Lowndes County, Mississippi","Private","Locksmiths","County, NAICS 6-digit -- by ownership sector","All establishment sizes",1,0,0,0,0,0,0,0
"28087",5,"561622",78,0,2007,3,"N","Lowndes County, Mississippi","Private","Locksmiths","County, NAICS 6-digit -- by ownership sector","All establishment sizes",1,0,0,0,0,0,0,0
"28087",5,"561622",78,0,2007,4,"N","Lowndes County, Mississippi","Private","Locksmiths","County, NAICS 6-digit -- by ownership sector","All establishment sizes",1,0,0,0,0,0,0,0
"28087",5,5617,76,0,2007,1,"","Lowndes County, Mississippi","Private","Services to buildings and dwellings","County, NAICS 4-digit -- by ownership sector","All establishment sizes",35,413,443,465,1895950,1531588,16334,331
"28087",5,"5617",76,0,2007,2,"","Lowndes County, Mississippi","Private","Services to buildings and dwellings","County, NAICS 4-digit -- by ownership sector","All establishment sizes",36,471,483,483,2143328,879750,13140,344
"28087",5,"5617",76,0,2007,3,"","Lowndes County, Mississippi","Private","Services to buildings and dwellings","County, NAICS 4-digit -- by ownership sector","All establishment sizes",37,535,558,548,2314400,640312,11196,325
"28087",5,"5617",76,0,2007,4,"","Lowndes County, Mississippi","Private","Services to buildings and dwellings","County, NAICS 4-digit -- by ownership sector","All establishment sizes",36,525,516,507,2981536,574245,7520,444
"28087",5,56171,77,0,2007,1,"","Lowndes County, Mississippi","Private","Exterminating and pest control services","County, NAICS 5-digit -- by ownership sector","All establishment sizes",4,37,37,36,277977,226614,1311,583
"28087",5,"56171",77,0,2007,2,"","Lowndes County, Mississippi","Private","Exterminating and pest control services","County, NAICS 5-digit -- by ownership sector","All establishment sizes",4,38,39,39,302169,47960,282,601
"28087",5,"56171",77,0,2007,3,"","Lowndes County, Mississippi","Private","Exterminating and pest control services","County, NAICS 5-digit -- by ownership sector","All establishment sizes",4,38,37,37,325866,24045,131,671
"28087",5,"56171",77,0,2007,4,"","Lowndes County, Mississippi","Private","Exterminating and pest control services","County, NAICS 5-digit -- by ownership sector","All establishment sizes",4,37,38,39,492073,10370,68,996
"28087",5,561710,78,0,2007,1,"","Lowndes County, Mississippi","Private","Exterminating and pest control services","County, NAICS 6-digit -- by ownership sector","All establishment sizes",4,37,37,36,277977,226614,1311,583
"28087",5,"561710",78,0,2007,2,"","Lowndes County, Mississippi","Private","Exterminating and pest control services","County, NAICS 6-digit -- by ownership sector","All establishment sizes",4,38,39,39,302169,47960,282,601
"28087",5,"561710",78,0,2007,3,"","Lowndes County, Mississippi","Private","Exterminating and pest control services","County, NAICS 6-digit -- by ownership sector","All establishment sizes",4,38,37,37,325866,24045,131,671
"28087",5,"561710",78,0,2007,4,"","Lowndes County, Mississippi","Private","Exterminating and pest control services","County, NAICS 6-digit -- by ownership sector","All establishment sizes",4,37,38,39,492073,10370,68,996
"28087",5,56172,77,0,2007,1,"","Lowndes County, Mississippi","Private","Janitorial services","County, NAICS 5-digit -- by ownership sector","All establishment sizes",14,288,288,280,834030,742860,10611,225
"28087",5,"56172",77,0,2007,2,"","Lowndes County, Mississippi","Private","Janitorial services","County, NAICS 5-digit -- by ownership sector","All establishment sizes",14,295,300,292,866718,559672,10025,225
"28087",5,"56172",77,0,2007,3,"","Lowndes County, Mississippi","Private","Janitorial services","County, NAICS 5-digit -- by ownership sector","All establishment sizes",14,295,321,310,927276,394106,7775,231
"28087",5,"56172",77,0,2007,4,"","Lowndes County, Mississippi","Private","Janitorial services","County, NAICS 5-digit -- by ownership sector","All establishment sizes",14,308,308,302,1104628,405742,5646,278
"28087",5,561720,78,0,2007,1,"","Lowndes County, Mississippi","Private","Janitorial services","County, NAICS 6-digit -- by ownership sector","All establishment sizes",14,288,288,280,834030,742860,10611,225
"28087",5,"561720",78,0,2007,2,"","Lowndes County, Mississippi","Private","Janitorial services","County, NAICS 6-digit -- by ownership sector","All establishment sizes",14,295,300,292,866718,559672,10025,225
"28087",5,"561720",78,0,2007,3,"","Lowndes County, Mississippi","Private","Janitorial services","County, NAICS 6-digit -- by ownership sector","All establishment sizes",14,295,321,310,927276,394106,7775,231
"28087",5,"561720",78,0,2007,4,"","Lowndes County, Mississippi","Private","Janitorial services","County, NAICS 6-digit -- by ownership sector","All establishment sizes",14,308,308,302,1104628,405742,5646,278
"28087",5,56173,77,0,2007,1,"","Lowndes County, Mississippi","Private","Landscaping services","County, NAICS 5-digit -- by ownership sector","All establishment sizes",13,50,47,55,197027,181943,2189,299
"28087",5,"56173",77,0,2007,2,"","Lowndes County, Mississippi","Private","Landscaping services","County, NAICS 5-digit -- by ownership sector","All establishment sizes",14,62,71,71,285441,151241,2145,323
"28087",5,"56173",77,0,2007,3,"","Lowndes County, Mississippi","Private","Landscaping services","County, NAICS 5-digit -- by ownership sector","All establishment sizes",15,123,131,129,374537,173606,3020,226
"28087",5,"56173",77,0,2007,4,"","Lowndes County, Mississippi","Private","Landscaping services","County, NAICS 5-digit -- by ownership sector","All establishment sizes",14,110,97,97,401680,100804,1480,305
"28087",5,561730,78,0,2007,1,"","Lowndes County, Mississippi","Private","Landscaping services","County, NAICS 6-digit -- by ownership sector","All establishment sizes",13,50,47,55,197027,181943,2189,299
"28087",5,"561730",78,0,2007,2,"","Lowndes County, Mississippi","Private","Landscaping services","County, NAICS 6-digit -- by ownership sector","All establishment sizes",14,62,71,71,285441,151241,2145,323
"28087",5,"561730",78,0,2007,3,"","Lowndes County, Mississippi","Private","Landscaping services","County, NAICS 6-digit -- by ownership sector","All establishment sizes",15,123,131,129,374537,173606,3020,226
"28087",5,"561730",78,0,2007,4,"","Lowndes County, Mississippi","Private","Landscaping services","County, NAICS 6-digit -- by ownership sector","All establishment sizes",14,110,97,97,401680,100804,1480,305
"28087",5,56174,77,0,2007,1,"N","Lowndes County, Mississippi","Private","Carpet and upholstery cleaning services","County, NAICS 5-digit -- by ownership sector","All establishment sizes",2,0,0,0,0,0,0,0
"28087",5,"56174",77,0,2007,2,"N","Lowndes County, Mississippi","Private","Carpet and upholstery cleaning services","County, NAICS 5-digit -- by ownership sector","All establishment sizes",2,0,0,0,0,0,0,0
"28087",5,"56174",77,0,2007,3,"N","Lowndes County, Mississippi","Private","Carpet and upholstery cleaning services","County, NAICS 5-digit -- by ownership sector","All establishment sizes",2,0,0,0,0,0,0,0
"28087",5,"56174",77,0,2007,4,"N","Lowndes County, Mississippi","Private","Carpet and upholstery cleaning services","County, NAICS 5-digit -- by ownership sector","All establishment sizes",2,0,0,0,0,0,0,0
"28087",5,561740,78,0,2007,1,"N","Lowndes County, Mississippi","Private","Carpet and upholstery cleaning services","County, NAICS 6-digit -- by ownership sector","All establishment sizes",2,0,0,0,0,0,0,0
"28087",5,"561740",78,0,2007,2,"N","Lowndes County, Mississippi","Private","Carpet and upholstery cleaning services","County, NAICS 6-digit -- by ownership sector","All establishment sizes",2,0,0,0,0,0,0,0
"28087",5,"561740",78,0,2007,3,"N","Lowndes County, Mississippi","Private","Carpet and upholstery cleaning services","County, NAICS 6-digit -- by ownership sector","All establishment sizes",2,0,0,0,0,0,0,0
"28087",5,"561740",78,0,2007,4,"N","Lowndes County, Mississippi","Private","Carpet and upholstery cleaning services","County, NAICS 6-digit -- by ownership sector","All establishment sizes",2,0,0,0,0,0,0,0
"28087",5,56179,77,0,2007,1,"N","Lowndes County, Mississippi","Private","Other services to buildings and dwellings","County, NAICS 5-digit -- by ownership sector","All establishment sizes",2,0,0,0,0,0,0,0
"28087",5,"56179",77,0,2007,2,"N","Lowndes County, Mississippi","Private","Other services to buildings and dwellings","County, NAICS 5-digit -- by ownership sector","All establishment sizes",2,0,0,0,0,0,0,0
"28087",5,"56179",77,0,2007,3,"N","Lowndes County, Mississippi","Private","Other services to buildings and dwellings","County, NAICS 5-digit -- by ownership sector","All establishment sizes",2,0,0,0,0,0,0,0
"28087",5,"56179",77,0,2007,4,"N","Lowndes County, Mississippi","Private","Other services to buildings and dwellings","County, NAICS 5-digit -- by ownership sector","All establishment sizes",2,0,0,0,0,0,0,0
"28087",5,561790,78,0,2007,1,"N","Lowndes County, Mississippi","Private","Other services to buildings and dwellings","County, NAICS 6-digit -- by ownership sector","All establishment sizes",2,0,0,0,0,0,0,0
"28087",5,"561790",78,0,2007,2,"N","Lowndes County, Mississippi","Private","Other services to buildings and dwellings","County, NAICS 6-digit -- by ownership sector","All establishment sizes",2,0,0,0,0,0,0,0
"28087",5,"561790",78,0,2007,3,"N","Lowndes County, Mississippi","Private","Other services to buildings and dwellings","County, NAICS 6-digit -- by ownership sector","All establishment sizes",2,0,0,0,0,0,0,0
"28087",5,"561790",78,0,2007,4,"N","Lowndes County, Mississippi","Private","Other services to buildings and dwellings","County, NAICS 6-digit -- by ownership sector","All establishment sizes",2,0,0,0,0,0,0,0
"28087",5,5619,76,0,2007,1,"N","Lowndes County, Mississippi","Private","Other support services","County, NAICS 4-digit -- by ownership sector","All establishment sizes",2,0,0,0,0,0,0,0
"28087",5,"5619",76,0,2007,2,"N","Lowndes County, Mississippi","Private","Other support services","County, NAICS 4-digit -- by ownership sector","All establishment sizes",2,0,0,0,0,0,0,0
"28087",5,"5619",76,0,2007,3,"N","Lowndes County, Mississippi","Private","Other support services","County, NAICS 4-digit -- by ownership sector","All establishment sizes",2,0,0,0,0,0,0,0
"28087",5,"5619",76,0,2007,4,"N","Lowndes County, Mississippi","Private","Other support services","County, NAICS 4-digit -- by ownership sector","All establishment sizes",2,0,0,0,0,0,0,0
"28087",5,56199,77,0,2007,1,"N","Lowndes County, Mississippi","Private","All other support services","County, NAICS 5-digit -- by ownership sector","All establishment sizes",2,0,0,0,0,0,0,0
"28087",5,"56199",77,0,2007,2,"N","Lowndes County, Mississippi","Private","All other support services","County, NAICS 5-digit -- by ownership sector","All establishment sizes",2,0,0,0,0,0,0,0
"28087",5,"56199",77,0,2007,3,"N","Lowndes County, Mississippi","Private","All other support services","County, NAICS 5-digit -- by ownership sector","All establishment sizes",2,0,0,0,0,0,0,0
"28087",5,"56199",77,0,2007,4,"N","Lowndes County, Mississippi","Private","All other support services","County, NAICS 5-digit -- by ownership sector","All establishment sizes",2,0,0,0,0,0,0,0
"28087",5,561990,78,0,2007,1,"N","Lowndes County, Mississippi","Private","All other support services","County, NAICS 6-digit -- by ownership sector","All establishment sizes",2,0,0,0,0,0,0,0
"28087",5,"561990",78,0,2007,2,"N","Lowndes County, Mississippi","Private","All other support services","County, NAICS 6-digit -- by ownership sector","All establishment sizes",2,0,0,0,0,0,0,0
"28087",5,"561990",78,0,2007,3,"N","Lowndes County, Mississippi","Private","All other support services","County, NAICS 6-digit -- by ownership sector","All establishment sizes",2,0,0,0,0,0,0,0
"28087",5,"561990",78,0,2007,4,"N","Lowndes County, Mississippi","Private","All other support services","County, NAICS 6-digit -- by ownership sector","All establishment sizes",2,0,0,0,0,0,0,0
"28087",5,562,75,0,2007,1,"","Lowndes County, Mississippi","Private","Waste management and remediation services","County, NAICS 3-digit -- by ownership sector","All establishment sizes",7,94,96,95,977871,613691,5853,792
"28087",5,"562",75,0,2007,2,"","Lowndes County, Mississippi","Private","Waste management and remediation services","County, NAICS 3-digit -- by ownership sector","All establishment sizes",7,91,91,87,969505,43350,480,832
"28087",5,"562",75,0,2007,3,"","Lowndes County, Mississippi","Private","Waste management and remediation services","County, NAICS 3-digit -- by ownership sector","All establishment sizes",7,85,87,86,928433,33918,417,830
"28087",5,"562",75,0,2007,4,"","Lowndes County, Mississippi","Private","Waste management and remediation services","County, NAICS 3-digit -- by ownership sector","All establishment sizes",7,90,88,93,1027135,79293,716,875
"28087",5,5621,76,0,2007,1,"N","Lowndes County, Mississippi","Private","Waste collection","County, NAICS 4-digit -- by ownership sector","All establishment sizes",2,0,0,0,0,0,0,0
"28087",5,"5621",76,0,2007,2,"N","Lowndes County, Mississippi","Private","Waste collection","County, NAICS 4-digit -- by ownership sector","All establishment sizes",2,0,0,0,0,0,0,0
"28087",5,"5621",76,0,2007,3,"N","Lowndes County, Mississippi","Private","Waste collection","County, NAICS 4-digit -- by ownership sector","All establishment sizes",2,0,0,0,0,0,0,0
"28087",5,"5621",76,0,2007,4,"N","Lowndes County, Mississippi","Private","Waste collection","County, NAICS 4-digit -- by ownership sector","All establishment sizes",2,0,0,0,0,0,0,0
"28087",5,56211,77,0,2007,1,"N","Lowndes County, Mississippi","Private","Waste collection","County, NAICS 5-digit -- by ownership sector","All establishment sizes",2,0,0,0,0,0,0,0
"28087",5,"56211",77,0,2007,2,"N","Lowndes County, Mississippi","Private","Waste collection","County, NAICS 5-digit -- by ownership sector","All establishment sizes",2,0,0,0,0,0,0,0
"28087",5,"56211",77,0,2007,3,"N","Lowndes County, Mississippi","Private","Waste collection","County, NAICS 5-digit -- by ownership sector","All establishment sizes",2,0,0,0,0,0,0,0
"28087",5,"56211",77,0,2007,4,"N","Lowndes County, Mississippi","Private","Waste collection","County, NAICS 5-digit -- by ownership sector","All establishment sizes",2,0,0,0,0,0,0,0
"28087",5,562111,78,0,2007,1,"N","Lowndes County, Mississippi","Private","Solid waste collection","County, NAICS 6-digit -- by ownership sector","All establishment sizes",2,0,0,0,0,0,0,0
"28087",5,"562111",78,0,2007,2,"N","Lowndes County, Mississippi","Private","Solid waste collection","County, NAICS 6-digit -- by ownership sector","All establishment sizes",2,0,0,0,0,0,0,0
"28087",5,"562111",78,0,2007,3,"N","Lowndes County, Mississippi","Private","Solid waste collection","County, NAICS 6-digit -- by ownership sector","All establishment sizes",2,0,0,0,0,0,0,0
"28087",5,"562111",78,0,2007,4,"N","Lowndes County, Mississippi","Private","Solid waste collection","County, NAICS 6-digit -- by ownership sector","All establishment sizes",2,0,0,0,0,0,0,0
"28087",5,5622,76,0,2007,1,"N","Lowndes County, Mississippi","Private","Waste treatment and disposal","County, NAICS 4-digit -- by ownership sector","All establishment sizes",2,0,0,0,0,0,0,0
"28087",5,"5622",76,0,2007,2,"N","Lowndes County, Mississippi","Private","Waste treatment and disposal","County, NAICS 4-digit -- by ownership sector","All establishment sizes",2,0,0,0,0,0,0,0
"28087",5,"5622",76,0,2007,3,"N","Lowndes County, Mississippi","Private","Waste treatment and disposal","County, NAICS 4-digit -- by ownership sector","All establishment sizes",2,0,0,0,0,0,0,0
"28087",5,"5622",76,0,2007,4,"N","Lowndes County, Mississippi","Private","Waste treatment and disposal","County, NAICS 4-digit -- by ownership sector","All establishment sizes",2,0,0,0,0,0,0,0
"28087",5,56221,77,0,2007,1,"N","Lowndes County, Mississippi","Private","Waste treatment and disposal","County, NAICS 5-digit -- by ownership sector","All establishment sizes",2,0,0,0,0,0,0,0
"28087",5,"56221",77,0,2007,2,"N","Lowndes County, Mississippi","Private","Waste treatment and disposal","County, NAICS 5-digit -- by ownership sector","All establishment sizes",2,0,0,0,0,0,0,0
"28087",5,"56221",77,0,2007,3,"N","Lowndes County, Mississippi","Private","Waste treatment and disposal","County, NAICS 5-digit -- by ownership sector","All establishment sizes",2,0,0,0,0,0,0,0
"28087",5,"56221",77,0,2007,4,"N","Lowndes County, Mississippi","Private","Waste treatment and disposal","County, NAICS 5-digit -- by ownership sector","All establishment sizes",2,0,0,0,0,0,0,0
"28087",5,562211,78,0,2007,1,"N","Lowndes County, Mississippi","Private","Hazardous waste treatment and disposal","County, NAICS 6-digit -- by ownership sector","All establishment sizes",1,0,0,0,0,0,0,0
"28087",5,"562211",78,0,2007,2,"N","Lowndes County, Mississippi","Private","Hazardous waste treatment and disposal","County, NAICS 6-digit -- by ownership sector","All establishment sizes",1,0,0,0,0,0,0,0
"28087",5,"562211",78,0,2007,3,"N","Lowndes County, Mississippi","Private","Hazardous waste treatment and disposal","County, NAICS 6-digit -- by ownership sector","All establishment sizes",1,0,0,0,0,0,0,0
"28087",5,"562211",78,0,2007,4,"N","Lowndes County, Mississippi","Private","Hazardous waste treatment and disposal","County, NAICS 6-digit -- by ownership sector","All establishment sizes",1,0,0,0,0,0,0,0
"28087",5,562212,78,0,2007,1,"N","Lowndes County, Mississippi","Private","Solid waste landfill","County, NAICS 6-digit -- by ownership sector","All establishment sizes",1,0,0,0,0,0,0,0
"28087",5,"562212",78,0,2007,2,"N","Lowndes County, Mississippi","Private","Solid waste landfill","County, NAICS 6-digit -- by ownership sector","All establishment sizes",1,0,0,0,0,0,0,0
"28087",5,"562212",78,0,2007,3,"N","Lowndes County, Mississippi","Private","Solid waste landfill","County, NAICS 6-digit -- by ownership sector","All establishment sizes",1,0,0,0,0,0,0,0
"28087",5,"562212",78,0,2007,4,"N","Lowndes County, Mississippi","Private","Solid waste landfill","County, NAICS 6-digit -- by ownership sector","All establishment sizes",1,0,0,0,0,0,0,0
"28087",5,5629,76,0,2007,1,"","Lowndes County, Mississippi","Private","Remediation and other waste services","County, NAICS 4-digit -- by ownership sector","All establishment sizes",3,33,35,34,369703,221680,2051,836
"28087",5,"5629",76,0,2007,2,"","Lowndes County, Mississippi","Private","Remediation and other waste services","County, NAICS 4-digit -- by ownership sector","All establishment sizes",3,34,34,31,391415,15841,233,912
"28087",5,"5629",76,0,2007,3,"","Lowndes County, Mississippi","Private","Remediation and other waste services","County, NAICS 4-digit -- by ownership sector","All establishment sizes",3,31,31,32,349204,9977,191,857
"28087",5,"5629",76,0,2007,4,"","Lowndes County, Mississippi","Private","Remediation and other waste services","County, NAICS 4-digit -- by ownership sector","All establishment sizes",3,36,33,33,399947,35038,417,905
"28087",5,56291,77,0,2007,1,"N","Lowndes County, Mississippi","Private","Remediation services","County, NAICS 5-digit -- by ownership sector","All establishment sizes",2,0,0,0,0,0,0,0
"28087",5,"56291",77,0,2007,2,"N","Lowndes County, Mississippi","Private","Remediation services","County, NAICS 5-digit -- by ownership sector","All establishment sizes",2,0,0,0,0,0,0,0
"28087",5,"56291",77,0,2007,3,"N","Lowndes County, Mississippi","Private","Remediation services","County, NAICS 5-digit -- by ownership sector","All establishment sizes",2,0,0,0,0,0,0,0
"28087",5,"56291",77,0,2007,4,"N","Lowndes County, Mississippi","Private","Remediation services","County, NAICS 5-digit -- by ownership sector","All establishment sizes",2,0,0,0,0,0,0,0
"28087",5,562910,78,0,2007,1,"N","Lowndes County, Mississippi","Private","Remediation services","County, NAICS 6-digit -- by ownership sector","All establishment sizes",2,0,0,0,0,0,0,0
"28087",5,"562910",78,0,2007,2,"N","Lowndes County, Mississippi","Private","Remediation services","County, NAICS 6-digit -- by ownership sector","All establishment sizes",2,0,0,0,0,0,0,0
"28087",5,"562910",78,0,2007,3,"N","Lowndes County, Mississippi","Private","Remediation services","County, NAICS 6-digit -- by ownership sector","All establishment sizes",2,0,0,0,0,0,0,0
"28087",5,"562910",78,0,2007,4,"N","Lowndes County, Mississippi","Private","Remediation services","County, NAICS 6-digit -- by ownership sector","All establishment sizes",2,0,0,0,0,0,0,0
"28087",5,56299,77,0,2007,1,"N","Lowndes County, Mississippi","Private","All other waste management services","County, NAICS 5-digit -- by ownership sector","All establishment sizes",1,0,0,0,0,0,0,0
"28087",5,"56299",77,0,2007,2,"N","Lowndes County, Mississippi","Private","All other waste management services","County, NAICS 5-digit -- by ownership sector","All establishment sizes",1,0,0,0,0,0,0,0
"28087",5,"56299",77,0,2007,3,"N","Lowndes County, Mississippi","Private","All other waste management services","County, NAICS 5-digit -- by ownership sector","All establishment sizes",1,0,0,0,0,0,0,0
"28087",5,"56299",77,0,2007,4,"N","Lowndes County, Mississippi","Private","All other waste management services","County, NAICS 5-digit -- by ownership sector","All establishment sizes",1,0,0,0,0,0,0,0
"28087",5,562991,78,0,2007,1,"N","Lowndes County, Mississippi","Private","Septic tank and related services","County, NAICS 6-digit -- by ownership sector","All establishment sizes",1,0,0,0,0,0,0,0
"28087",5,"562991",78,0,2007,2,"N","Lowndes County, Mississippi","Private","Septic tank and related services","County, NAICS 6-digit -- by ownership sector","All establishment sizes",1,0,0,0,0,0,0,0
"28087",5,"562991",78,0,2007,3,"N","Lowndes County, Mississippi","Private","Septic tank and related services","County, NAICS 6-digit -- by ownership sector","All establishment sizes",1,0,0,0,0,0,0,0
"28087",5,"562991",78,0,2007,4,"N","Lowndes County, Mississippi","Private","Septic tank and related services","County, NAICS 6-digit -- by ownership sector","All establishment sizes",1,0,0,0,0,0,0,0
"28087",5,61,74,0,2007,1,"","Lowndes County, Mississippi","Private","Educational services","County, NAICS Sector -- by ownership sector","All establishment sizes",8,140,151,154,711773,612868,7932,369
"28087",5,"61",74,0,2007,2,"","Lowndes County, Mississippi","Private","Educational services","County, NAICS Sector -- by ownership sector","All establishment sizes",7,151,147,131,701593,219623,2137,377
"28087",5,"61",74,0,2007,3,"","Lowndes County, Mississippi","Private","Educational services","County, NAICS Sector -- by ownership sector","All establishment sizes",7,125,148,153,733326,125749,1232,397
"28087",5,"61",74,0,2007,4,"","Lowndes County, Mississippi","Private","Educational services","County, NAICS Sector -- by ownership sector","All establishment sizes",7,157,156,157,740041,110818,1191,363
"28087",5,611,75,0,2007,1,"","Lowndes County, Mississippi","Private","Educational services","County, NAICS 3-digit -- by ownership sector","All establishment sizes",8,140,151,154,711773,612868,7932,369
"28087",5,"611",75,0,2007,2,"","Lowndes County, Mississippi","Private","Educational services","County, NAICS 3-digit -- by ownership sector","All establishment sizes",7,151,147,131,701593,219623,2137,377
"28087",5,"611",75,0,2007,3,"","Lowndes County, Mississippi","Private","Educational services","County, NAICS 3-digit -- by ownership sector","All establishment sizes",7,125,148,153,733326,125749,1232,397
"28087",5,"611",75,0,2007,4,"","Lowndes County, Mississippi","Private","Educational services","County, NAICS 3-digit -- by ownership sector","All establishment sizes",7,157,156,157,740041,110818,1191,363
"28087",5,6111,76,0,2007,1,"N","Lowndes County, Mississippi","Private","Elementary and secondary schools","County, NAICS 4-digit -- by ownership sector","All establishment sizes",3,0,0,0,0,0,0,0
"28087",5,"6111",76,0,2007,2,"N","Lowndes County, Mississippi","Private","Elementary and secondary schools","County, NAICS 4-digit -- by ownership sector","All establishment sizes",3,0,0,0,0,0,0,0
"28087",5,"6111",76,0,2007,3,"N","Lowndes County, Mississippi","Private","Elementary and secondary schools","County, NAICS 4-digit -- by ownership sector","All establishment sizes",3,0,0,0,0,0,0,0
"28087",5,"6111",76,0,2007,4,"N","Lowndes County, Mississippi","Private","Elementary and secondary schools","County, NAICS 4-digit -- by ownership sector","All establishment sizes",3,0,0,0,0,0,0,0
"28087",5,61111,77,0,2007,1,"N","Lowndes County, Mississippi","Private","Elementary and secondary schools","County, NAICS 5-digit -- by ownership sector","All establishment sizes",3,0,0,0,0,0,0,0
"28087",5,"61111",77,0,2007,2,"N","Lowndes County, Mississippi","Private","Elementary and secondary schools","County, NAICS 5-digit -- by ownership sector","All establishment sizes",3,0,0,0,0,0,0,0
"28087",5,"61111",77,0,2007,3,"N","Lowndes County, Mississippi","Private","Elementary and secondary schools","County, NAICS 5-digit -- by ownership sector","All establishment sizes",3,0,0,0,0,0,0,0
"28087",5,"61111",77,0,2007,4,"N","Lowndes County, Mississippi","Private","Elementary and secondary schools","County, NAICS 5-digit -- by ownership sector","All establishment sizes",3,0,0,0,0,0,0,0
"28087",5,611110,78,0,2007,1,"N","Lowndes County, Mississippi","Private","Elementary and secondary schools","County, NAICS 6-digit -- by ownership sector","All establishment sizes",3,0,0,0,0,0,0,0
"28087",5,"611110",78,0,2007,2,"N","Lowndes County, Mississippi","Private","Elementary and secondary schools","County, NAICS 6-digit -- by ownership sector","All establishment sizes",3,0,0,0,0,0,0,0
"28087",5,"611110",78,0,2007,3,"N","Lowndes County, Mississippi","Private","Elementary and secondary schools","County, NAICS 6-digit -- by ownership sector","All establishment sizes",3,0,0,0,0,0,0,0
"28087",5,"611110",78,0,2007,4,"N","Lowndes County, Mississippi","Private","Elementary and secondary schools","County, NAICS 6-digit -- by ownership sector","All establishment sizes",3,0,0,0,0,0,0,0
"28087",5,6115,76,0,2007,1,"N","Lowndes County, Mississippi","Private","Technical and trade schools","County, NAICS 4-digit -- by ownership sector","All establishment sizes",1,0,0,0,0,0,0,0
"28087",5,"6115",76,0,2007,2,"N","Lowndes County, Mississippi","Private","Technical and trade schools","County, NAICS 4-digit -- by ownership sector","All establishment sizes",1,0,0,0,0,0,0,0
"28087",5,"6115",76,0,2007,3,"N","Lowndes County, Mississippi","Private","Technical and trade schools","County, NAICS 4-digit -- by ownership sector","All establishment sizes",1,0,0,0,0,0,0,0
"28087",5,"6115",76,0,2007,4,"N","Lowndes County, Mississippi","Private","Technical and trade schools","County, NAICS 4-digit -- by ownership sector","All establishment sizes",1,0,0,0,0,0,0,0
"28087",5,61151,77,0,2007,1,"N","Lowndes County, Mississippi","Private","Technical and trade schools","County, NAICS 5-digit -- by ownership sector","All establishment sizes",1,0,0,0,0,0,0,0
"28087",5,"61151",77,0,2007,2,"N","Lowndes County, Mississippi","Private","Technical and trade schools","County, NAICS 5-digit -- by ownership sector","All establishment sizes",1,0,0,0,0,0,0,0
"28087",5,"61151",77,0,2007,3,"N","Lowndes County, Mississippi","Private","Technical and trade schools","County, NAICS 5-digit -- by ownership sector","All establishment sizes",1,0,0,0,0,0,0,0
"28087",5,"61151",77,0,2007,4,"N","Lowndes County, Mississippi","Private","Technical and trade schools","County, NAICS 5-digit -- by ownership sector","All establishment sizes",1,0,0,0,0,0,0,0
"28087",5,611512,78,0,2007,1,"N","Lowndes County, Mississippi","Private","Flight training","County, NAICS 6-digit -- by ownership sector","All establishment sizes",1,0,0,0,0,0,0,0
"28087",5,"611512",78,0,2007,2,"N","Lowndes County, Mississippi","Private","Flight training","County, NAICS 6-digit -- by ownership sector","All establishment sizes",1,0,0,0,0,0,0,0
"28087",5,"611512",78,0,2007,3,"N","Lowndes County, Mississippi","Private","Flight training","County, NAICS 6-digit -- by ownership sector","All establishment sizes",1,0,0,0,0,0,0,0
"28087",5,"611512",78,0,2007,4,"N","Lowndes County, Mississippi","Private","Flight training","County, NAICS 6-digit -- by ownership sector","All establishment sizes",1,0,0,0,0,0,0,0
"28087",5,6116,76,0,2007,1,"","Lowndes County, Mississippi","Private","Other schools and instruction","County, NAICS 4-digit -- by ownership sector","All establishment sizes",4,17,18,19,69351,61444,806,296
"28087",5,"6116",76,0,2007,2,"N","Lowndes County, Mississippi","Private","Other schools and instruction","County, NAICS 4-digit -- by ownership sector","All establishment sizes",3,0,0,0,0,0,0,0
"28087",5,"6116",76,0,2007,3,"","Lowndes County, Mississippi","Private","Other schools and instruction","County, NAICS 4-digit -- by ownership sector","All establishment sizes",3,17,18,18,56129,20836,213,244
"28087",5,"6116",76,0,2007,4,"N","Lowndes County, Mississippi","Private","Other schools and instruction","County, NAICS 4-digit -- by ownership sector","All establishment sizes",3,0,0,0,0,0,0,0
"28087",5,61169,77,0,2007,1,"","Lowndes County, Mississippi","Private","All other schools and instruction","County, NAICS 5-digit -- by ownership sector","All establishment sizes",4,17,18,19,69351,61444,806,296
"28087",5,"61169",77,0,2007,2,"N","Lowndes County, Mississippi","Private","All other schools and instruction","County, NAICS 5-digit -- by ownership sector","All establishment sizes",3,0,0,0,0,0,0,0
"28087",5,"61169",77,0,2007,3,"","Lowndes County, Mississippi","Private","All other schools and instruction","County, NAICS 5-digit -- by ownership sector","All establishment sizes",3,17,18,18,56129,20836,213,244
"28087",5,"61169",77,0,2007,4,"N","Lowndes County, Mississippi","Private","All other schools and instruction","County, NAICS 5-digit -- by ownership sector","All establishment sizes",3,0,0,0,0,0,0,0
"28087",5,611691,78,0,2007,1,"N","Lowndes County, Mississippi","Private","Exam preparation and tutoring","County, NAICS 6-digit -- by ownership sector","All establishment sizes",3,0,0,0,0,0,0,0
"28087",5,"611691",78,0,2007,2,"N","Lowndes County, Mississippi","Private","Exam preparation and tutoring","County, NAICS 6-digit -- by ownership sector","All establishment sizes",3,0,0,0,0,0,0,0
"28087",5,"611691",78,0,2007,3,"","Lowndes County, Mississippi","Private","Exam preparation and tutoring","County, NAICS 6-digit -- by ownership sector","All establishment sizes",3,17,18,18,56129,20836,213,244
"28087",5,"611691",78,0,2007,4,"N","Lowndes County, Mississippi","Private","Exam preparation and tutoring","County, NAICS 6-digit -- by ownership sector","All establishment sizes",3,0,0,0,0,0,0,0
"28087",5,611699,78,0,2007,1,"N","Lowndes County, Mississippi","Private","Miscellaneous schools and instruction","County, NAICS 6-digit -- by ownership sector","All establishment sizes",1,0,0,0,0,0,0,0
"28087",5,"611699",78,0,2007,2,"-","Lowndes County, Mississippi","Private","Miscellaneous schools and instruction","County, NAICS 6-digit -- by ownership sector","All establishment sizes",0,0,0,0,0,0,0,0
"28087",5,"611699",78,0,2007,3,"-","Lowndes County, Mississippi","Private","Miscellaneous schools and instruction","County, NAICS 6-digit -- by ownership sector","All establishment sizes",0,0,0,0,0,0,0,0
"28087",5,"611699",78,0,2007,4,"-","Lowndes County, Mississippi","Private","Miscellaneous schools and instruction","County, NAICS 6-digit -- by ownership sector","All establishment sizes",0,0,0,0,0,0,0,0
"28087",5,62,74,0,2007,1,"","Lowndes County, Mississippi","Private","Health care and social assistance","County, NAICS Sector -- by ownership sector","All establishment sizes",152,2877,2891,2946,23620218,8579980,110634,626
"28087",5,"62",74,0,2007,2,"","Lowndes County, Mississippi","Private","Health care and social assistance","County, NAICS Sector -- by ownership sector","All establishment sizes",150,2919,2957,2886,23170445,3830812,55025,610
"28087",5,"62",74,0,2007,3,"","Lowndes County, Mississippi","Private","Health care and social assistance","County, NAICS Sector -- by ownership sector","All establishment sizes",151,2897,2961,3000,25641806,1562717,25576,668
"28087",5,"62",74,0,2007,4,"","Lowndes County, Mississippi","Private","Health care and social assistance","County, NAICS Sector -- by ownership sector","All establishment sizes",151,3018,2997,3010,25673219,1433544,25410,656
"28087",5,621,75,0,2007,1,"","Lowndes County, Mississippi","Private","Ambulatory health care services","County, NAICS 3-digit -- by ownership sector","All establishment sizes",103,819,808,827,9239780,4409143,40586,869
"28087",5,"621",75,0,2007,2,"","Lowndes County, Mississippi","Private","Ambulatory health care services","County, NAICS 3-digit -- by ownership sector","All establishment sizes",102,820,825,818,9882393,1066662,10184,926
"28087",5,"621",75,0,2007,3,"","Lowndes County, Mississippi","Private","Ambulatory health care services","County, NAICS 3-digit -- by ownership sector","All establishment sizes",102,845,848,858,9983361,526420,4927,903
"28087",5,"621",75,0,2007,4,"","Lowndes County, Mississippi","Private","Ambulatory health care services","County, NAICS 3-digit -- by ownership sector","All establishment sizes",101,854,847,849,11103571,479504,5440,1005
"28087",5,6211,76,0,2007,1,"","Lowndes County, Mississippi","Private","Offices of physicians","County, NAICS 4-digit -- by ownership sector","All establishment sizes",52,402,394,412,5575976,2292181,23532,1065
"28087",5,"6211",76,0,2007,2,"","Lowndes County, Mississippi","Private","Offices of physicians","County, NAICS 4-digit -- by ownership sector","All establishment sizes",52,404,410,400,6055987,469927,5547,1151
"28087",5,"6211",76,0,2007,3,"","Lowndes County, Mississippi","Private","Offices of physicians","County, NAICS 4-digit -- by ownership sector","All establishment sizes",53,421,421,442,6342519,280806,3111,1140
"28087",5,"6211",76,0,2007,4,"","Lowndes County, Mississippi","Private","Offices of physicians","County, NAICS 4-digit -- by ownership sector","All establishment sizes",52,441,434,432,7296188,280433,3793,1288
"28087",5,62111,77,0,2007,1,"","Lowndes County, Mississippi","Private","Offices of physicians","County, NAICS 5-digit -- by ownership sector","All establishment sizes",52,402,394,412,5575976,2292181,23532,1065
"28087",5,"62111",77,0,2007,2,"","Lowndes County, Mississippi","Private","Offices of physicians","County, NAICS 5-digit -- by ownership sector","All establishment sizes",52,404,410,400,6055987,469927,5547,1151
"28087",5,"62111",77,0,2007,3,"","Lowndes County, Mississippi","Private","Offices of physicians","County, NAICS 5-digit -- by ownership sector","All establishment sizes",53,421,421,442,6342519,280806,3111,1140
"28087",5,"62111",77,0,2007,4,"","Lowndes County, Mississippi","Private","Offices of physicians","County, NAICS 5-digit -- by ownership sector","All establishment sizes",52,441,434,432,7296188,280433,3793,1288
"28087",5,621111,78,0,2007,1,"N","Lowndes County, Mississippi","Private","Offices of physicians, except mental health","County, NAICS 6-digit -- by ownership sector","All establishment sizes",51,0,0,0,0,0,0,0
"28087",5,"621111",78,0,2007,2,"N","Lowndes County, Mississippi","Private","Offices of physicians, except mental health","County, NAICS 6-digit -- by ownership sector","All establishment sizes",51,0,0,0,0,0,0,0
"28087",5,"621111",78,0,2007,3,"N","Lowndes County, Mississippi","Private","Offices of physicians, except mental health","County, NAICS 6-digit -- by ownership sector","All establishment sizes",52,0,0,0,0,0,0,0
"28087",5,"621111",78,0,2007,4,"N","Lowndes County, Mississippi","Private","Offices of physicians, except mental health","County, NAICS 6-digit -- by ownership sector","All establishment sizes",51,0,0,0,0,0,0,0
"28087",5,621112,78,0,2007,1,"N","Lowndes County, Mississippi","Private","Offices of mental health physicians","County, NAICS 6-digit -- by ownership sector","All establishment sizes",1,0,0,0,0,0,0,0
"28087",5,"621112",78,0,2007,2,"N","Lowndes County, Mississippi","Private","Offices of mental health physicians","County, NAICS 6-digit -- by ownership sector","All establishment sizes",1,0,0,0,0,0,0,0
"28087",5,"621112",78,0,2007,3,"N","Lowndes County, Mississippi","Private","Offices of mental health physicians","County, NAICS 6-digit -- by ownership sector","All establishment sizes",1,0,0,0,0,0,0,0
"28087",5,"621112",78,0,2007,4,"N","Lowndes County, Mississippi","Private","Offices of mental health physicians","County, NAICS 6-digit -- by ownership sector","All establishment sizes",1,0,0,0,0,0,0,0
"28087",5,6212,76,0,2007,1,"","Lowndes County, Mississippi","Private","Offices of dentists","County, NAICS 4-digit -- by ownership sector","All establishment sizes",24,137,137,137,980162,639954,3923,550
"28087",5,"6212",76,0,2007,2,"","Lowndes County, Mississippi","Private","Offices of dentists","County, NAICS 4-digit -- by ownership sector","All establishment sizes",24,139,140,141,1226996,227595,1586,674
"28087",5,"6212",76,0,2007,3,"","Lowndes County, Mississippi","Private","Offices of dentists","County, NAICS 4-digit -- by ownership sector","All establishment sizes",23,144,147,146,1048697,93720,554,554
"28087",5,"6212",76,0,2007,4,"","Lowndes County, Mississippi","Private","Offices of dentists","County, NAICS 4-digit -- by ownership sector","All establishment sizes",23,143,142,143,1264978,64160,293,682
"28087",5,62121,77,0,2007,1,"","Lowndes County, Mississippi","Private","Offices of dentists","County, NAICS 5-digit -- by ownership sector","All establishment sizes",24,137,137,137,980162,639954,3923,550
"28087",5,"62121",77,0,2007,2,"","Lowndes County, Mississippi","Private","Offices of dentists","County, NAICS 5-digit -- by ownership sector","All establishment sizes",24,139,140,141,1226996,227595,1586,674
"28087",5,"62121",77,0,2007,3,"","Lowndes County, Mississippi","Private","Offices of dentists","County, NAICS 5-digit -- by ownership sector","All establishment sizes",23,144,147,146,1048697,93720,554,554
"28087",5,"62121",77,0,2007,4,"","Lowndes County, Mississippi","Private","Offices of dentists","County, NAICS 5-digit -- by ownership sector","All establishment sizes",23,143,142,143,1264978,64160,293,682
"28087",5,621210,78,0,2007,1,"","Lowndes County, Mississippi","Private","Offices of dentists","County, NAICS 6-digit -- by ownership sector","All establishment sizes",24,137,137,137,980162,639954,3923,550
"28087",5,"621210",78,0,2007,2,"","Lowndes County, Mississippi","Private","Offices of dentists","County, NAICS 6-digit -- by ownership sector","All establishment sizes",24,139,140,141,1226996,227595,1586,674
"28087",5,"621210",78,0,2007,3,"","Lowndes County, Mississippi","Private","Offices of dentists","County, NAICS 6-digit -- by ownership sector","All establishment sizes",23,144,147,146,1048697,93720,554,554
"28087",5,"621210",78,0,2007,4,"","Lowndes County, Mississippi","Private","Offices of dentists","County, NAICS 6-digit -- by ownership sector","All establishment sizes",23,143,142,143,1264978,64160,293,682
"28087",5,6213,76,0,2007,1,"","Lowndes County, Mississippi","Private","Offices of other health practitioners","County, NAICS 4-digit -- by ownership sector","All establishment sizes",18,125,121,121,1292459,625372,3515,813
"28087",5,"6213",76,0,2007,2,"","Lowndes County, Mississippi","Private","Offices of other health practitioners","County, NAICS 4-digit -- by ownership sector","All establishment sizes",18,124,120,123,1101123,185235,1151,692
"28087",5,"6213",76,0,2007,3,"","Lowndes County, Mississippi","Private","Offices of other health practitioners","County, NAICS 4-digit -- by ownership sector","All establishment sizes",18,126,125,126,1200475,81621,512,735
"28087",5,"6213",76,0,2007,4,"","Lowndes County, Mississippi","Private","Offices of other health practitioners","County, NAICS 4-digit -- by ownership sector","All establishment sizes",18,125,126,130,1165622,74118,685,706
"28087",5,62131,77,0,2007,1,"N","Lowndes County, Mississippi","Private","Offices of chiropractors","County, NAICS 5-digit -- by ownership sector","All establishment sizes",3,0,0,0,0,0,0,0
"28087",5,"62131",77,0,2007,2,"N","Lowndes County, Mississippi","Private","Offices of chiropractors","County, NAICS 5-digit -- by ownership sector","All establishment sizes",3,0,0,0,0,0,0,0
"28087",5,"62131",77,0,2007,3,"N","Lowndes County, Mississippi","Private","Offices of chiropractors","County, NAICS 5-digit -- by ownership sector","All establishment sizes",3,0,0,0,0,0,0,0
"28087",5,"62131",77,0,2007,4,"N","Lowndes County, Mississippi","Private","Offices of chiropractors","County, NAICS 5-digit -- by ownership sector","All establishment sizes",3,0,0,0,0,0,0,0
"28087",5,621310,78,0,2007,1,"N","Lowndes County, Mississippi","Private","Offices of chiropractors","County, NAICS 6-digit -- by ownership sector","All establishment sizes",3,0,0,0,0,0,0,0
"28087",5,"621310",78,0,2007,2,"N","Lowndes County, Mississippi","Private","Offices of chiropractors","County, NAICS 6-digit -- by ownership sector","All establishment sizes",3,0,0,0,0,0,0,0
"28087",5,"621310",78,0,2007,3,"N","Lowndes County, Mississippi","Private","Offices of chiropractors","County, NAICS 6-digit -- by ownership sector","All establishment sizes",3,0,0,0,0,0,0,0
"28087",5,"621310",78,0,2007,4,"N","Lowndes County, Mississippi","Private","Offices of chiropractors","County, NAICS 6-digit -- by ownership sector","All establishment sizes",3,0,0,0,0,0,0,0
"28087",5,62132,77,0,2007,1,"","Lowndes County, Mississippi","Private","Offices of optometrists","County, NAICS 5-digit -- by ownership sector","All establishment sizes",4,29,29,30,199924,143817,654,524
"28087",5,"62132",77,0,2007,2,"","Lowndes County, Mississippi","Private","Offices of optometrists","County, NAICS 5-digit -- by ownership sector","All establishment sizes",4,30,30,32,230970,59486,302,579
"28087",5,"62132",77,0,2007,3,"","Lowndes County, Mississippi","Private","Offices of optometrists","County, NAICS 5-digit -- by ownership sector","All establishment sizes",4,32,32,32,219285,18179,119,527
"28087",5,"62132",77,0,2007,4,"","Lowndes County, Mississippi","Private","Offices of optometrists","County, NAICS 5-digit -- by ownership sector","All establishment sizes",4,32,32,33,206921,19945,165,492
"28087",5,621320,78,0,2007,1,"","Lowndes County, Mississippi","Private","Offices of optometrists","County, NAICS 6-digit -- by ownership sector","All establishment sizes",4,29,29,30,199924,143817,654,524
"28087",5,"621320",78,0,2007,2,"","Lowndes County, Mississippi","Private","Offices of optometrists","County, NAICS 6-digit -- by ownership sector","All establishment sizes",4,30,30,32,230970,59486,302,579
"28087",5,"621320",78,0,2007,3,"","Lowndes County, Mississippi","Private","Offices of optometrists","County, NAICS 6-digit -- by ownership sector","All establishment sizes",4,32,32,32,219285,18179,119,527
"28087",5,"621320",78,0,2007,4,"","Lowndes County, Mississippi","Private","Offices of optometrists","County, NAICS 6-digit -- by ownership sector","All establishment sizes",4,32,32,33,206921,19945,165,492
"28087",5,62133,77,0,2007,1,"N","Lowndes County, Mississippi","Private","Offices of mental health practitioners","County, NAICS 5-digit -- by ownership sector","All establishment sizes",2,0,0,0,0,0,0,0
"28087",5,"62133",77,0,2007,2,"N","Lowndes County, Mississippi","Private","Offices of mental health practitioners","County, NAICS 5-digit -- by ownership sector","All establishment sizes",2,0,0,0,0,0,0,0
"28087",5,"62133",77,0,2007,3,"N","Lowndes County, Mississippi","Private","Offices of mental health practitioners","County, NAICS 5-digit -- by ownership sector","All establishment sizes",2,0,0,0,0,0,0,0
"28087",5,"62133",77,0,2007,4,"N","Lowndes County, Mississippi","Private","Offices of mental health practitioners","County, NAICS 5-digit -- by ownership sector","All establishment sizes",2,0,0,0,0,0,0,0
"28087",5,621330,78,0,2007,1,"N","Lowndes County, Mississippi","Private","Offices of mental health practitioners","County, NAICS 6-digit -- by ownership sector","All establishment sizes",2,0,0,0,0,0,0,0
"28087",5,"621330",78,0,2007,2,"N","Lowndes County, Mississippi","Private","Offices of mental health practitioners","County, NAICS 6-digit -- by ownership sector","All establishment sizes",2,0,0,0,0,0,0,0
"28087",5,"621330",78,0,2007,3,"N","Lowndes County, Mississippi","Private","Offices of mental health practitioners","County, NAICS 6-digit -- by ownership sector","All establishment sizes",2,0,0,0,0,0,0,0
"28087",5,"621330",78,0,2007,4,"N","Lowndes County, Mississippi","Private","Offices of mental health practitioners","County, NAICS 6-digit -- by ownership sector","All establishment sizes",2,0,0,0,0,0,0,0
"28087",5,62134,77,0,2007,1,"","Lowndes County, Mississippi","Private","Offices of specialty therapists","County, NAICS 5-digit -- by ownership sector","All establishment sizes",3,50,47,46,556827,281686,1579,899
"28087",5,"62134",77,0,2007,2,"","Lowndes County, Mississippi","Private","Offices of specialty therapists","County, NAICS 5-digit -- by ownership sector","All establishment sizes",3,50,49,51,497867,68543,374,766
"28087",5,"62134",77,0,2007,3,"","Lowndes County, Mississippi","Private","Offices of specialty therapists","County, NAICS 5-digit -- by ownership sector","All establishment sizes",3,55,53,56,603964,52636,306,850
"28087",5,"62134",77,0,2007,4,"","Lowndes County, Mississippi","Private","Offices of specialty therapists","County, NAICS 5-digit -- by ownership sector","All establishment sizes",3,56,57,59,628514,33655,202,843
"28087",5,621340,78,0,2007,1,"","Lowndes County, Mississippi","Private","Offices of specialty therapists","County, NAICS 6-digit -- by ownership sector","All establishment sizes",3,50,47,46,556827,281686,1579,899
"28087",5,"621340",78,0,2007,2,"","Lowndes County, Mississippi","Private","Offices of specialty therapists","County, NAICS 6-digit -- by ownership sector","All establishment sizes",3,50,49,51,497867,68543,374,766
"28087",5,"621340",78,0,2007,3,"","Lowndes County, Mississippi","Private","Offices of specialty therapists","County, NAICS 6-digit -- by ownership sector","All establishment sizes",3,55,53,56,603964,52636,306,850
"28087",5,"621340",78,0,2007,4,"","Lowndes County, Mississippi","Private","Offices of specialty therapists","County, NAICS 6-digit -- by ownership sector","All establishment sizes",3,56,57,59,628514,33655,202,843
"28087",5,62139,77,0,2007,1,"","Lowndes County, Mississippi","Private","Offices of all other health practitioners","County, NAICS 5-digit -- by ownership sector","All establishment sizes",6,26,25,25,399585,111943,931,1213
"28087",5,"62139",77,0,2007,2,"","Lowndes County, Mississippi","Private","Offices of all other health practitioners","County, NAICS 5-digit -- by ownership sector","All establishment sizes",6,26,23,22,244786,28501,360,796
"28087",5,"62139",77,0,2007,3,"","Lowndes County, Mississippi","Private","Offices of all other health practitioners","County, NAICS 5-digit -- by ownership sector","All establishment sizes",6,20,21,19,233543,4345,62,898
"28087",5,"62139",77,0,2007,4,"","Lowndes County, Mississippi","Private","Offices of all other health practitioners","County, NAICS 5-digit -- by ownership sector","All establishment sizes",6,20,20,20,229637,16350,300,883
"28087",5,621391,78,0,2007,1,"N","Lowndes County, Mississippi","Private","Offices of podiatrists","County, NAICS 6-digit -- by ownership sector","All establishment sizes",1,0,0,0,0,0,0,0
"28087",5,"621391",78,0,2007,2,"N","Lowndes County, Mississippi","Private","Offices of podiatrists","County, NAICS 6-digit -- by ownership sector","All establishment sizes",1,0,0,0,0,0,0,0
"28087",5,"621391",78,0,2007,3,"N","Lowndes County, Mississippi","Private","Offices of podiatrists","County, NAICS 6-digit -- by ownership sector","All establishment sizes",1,0,0,0,0,0,0,0
"28087",5,"621391",78,0,2007,4,"N","Lowndes County, Mississippi","Private","Offices of podiatrists","County, NAICS 6-digit -- by ownership sector","All establishment sizes",1,0,0,0,0,0,0,0
"28087",5,621399,78,0,2007,1,"N","Lowndes County, Mississippi","Private","Offices of miscellaneous health practitioners","County, NAICS 6-digit -- by ownership sector","All establishment sizes",5,0,0,0,0,0,0,0
"28087",5,"621399",78,0,2007,2,"N","Lowndes County, Mississippi","Private","Offices of miscellaneous health practitioners","County, NAICS 6-digit -- by ownership sector","All establishment sizes",5,0,0,0,0,0,0,0
"28087",5,"621399",78,0,2007,3,"N","Lowndes County, Mississippi","Private","Offices of miscellaneous health practitioners","County, NAICS 6-digit -- by ownership sector","All establishment sizes",5,0,0,0,0,0,0,0
"28087",5,"621399",78,0,2007,4,"N","Lowndes County, Mississippi","Private","Offices of miscellaneous health practitioners","County, NAICS 6-digit -- by ownership sector","All establishment sizes",5,0,0,0,0,0,0,0
"28087",5,6214,76,0,2007,1,"","Lowndes County, Mississippi","Private","Outpatient care centers","County, NAICS 4-digit -- by ownership sector","All establishment sizes",3,48,46,47,527223,290052,3475,863
"28087",5,"6214",76,0,2007,2,"","Lowndes County, Mississippi","Private","Outpatient care centers","County, NAICS 4-digit -- by ownership sector","All establishment sizes",3,48,48,49,524815,39128,499,835
"28087",5,"6214",76,0,2007,3,"","Lowndes County, Mississippi","Private","Outpatient care centers","County, NAICS 4-digit -- by ownership sector","All establishment sizes",3,51,50,42,540607,20809,296,872
"28087",5,"6214",76,0,2007,4,"","Lowndes County, Mississippi","Private","Outpatient care centers","County, NAICS 4-digit -- by ownership sector","All establishment sizes",3,42,41,41,390476,11727,149,727
"28087",5,62149,77,0,2007,1,"","Lowndes County, Mississippi","Private","Other outpatient care centers","County, NAICS 5-digit -- by ownership sector","All establishment sizes",3,48,46,47,527223,290052,3475,863
"28087",5,"62149",77,0,2007,2,"","Lowndes County, Mississippi","Private","Other outpatient care centers","County, NAICS 5-digit -- by ownership sector","All establishment sizes",3,48,48,49,524815,39128,499,835
"28087",5,"62149",77,0,2007,3,"","Lowndes County, Mississippi","Private","Other outpatient care centers","County, NAICS 5-digit -- by ownership sector","All establishment sizes",3,51,50,42,540607,20809,296,872
"28087",5,"62149",77,0,2007,4,"","Lowndes County, Mississippi","Private","Other outpatient care centers","County, NAICS 5-digit -- by ownership sector","All establishment sizes",3,42,41,41,390476,11727,149,727
"28087",5,621492,78,0,2007,1,"N","Lowndes County, Mississippi","Private","Kidney dialysis centers","County, NAICS 6-digit -- by ownership sector","All establishment sizes",1,0,0,0,0,0,0,0
"28087",5,"621492",78,0,2007,2,"N","Lowndes County, Mississippi","Private","Kidney dialysis centers","County, NAICS 6-digit -- by ownership sector","All establishment sizes",1,0,0,0,0,0,0,0
"28087",5,"621492",78,0,2007,3,"N","Lowndes County, Mississippi","Private","Kidney dialysis centers","County, NAICS 6-digit -- by ownership sector","All establishment sizes",1,0,0,0,0,0,0,0
"28087",5,"621492",78,0,2007,4,"N","Lowndes County, Mississippi","Private","Kidney dialysis centers","County, NAICS 6-digit -- by ownership sector","All establishment sizes",1,0,0,0,0,0,0,0
"28087",5,621493,78,0,2007,1,"N","Lowndes County, Mississippi","Private","Freestanding emergency medical centers","County, NAICS 6-digit -- by ownership sector","All establishment sizes",2,0,0,0,0,0,0,0
"28087",5,"621493",78,0,2007,2,"N","Lowndes County, Mississippi","Private","Freestanding emergency medical centers","County, NAICS 6-digit -- by ownership sector","All establishment sizes",2,0,0,0,0,0,0,0
"28087",5,"621493",78,0,2007,3,"N","Lowndes County, Mississippi","Private","Freestanding emergency medical centers","County, NAICS 6-digit -- by ownership sector","All establishment sizes",2,0,0,0,0,0,0,0
"28087",5,"621493",78,0,2007,4,"N","Lowndes County, Mississippi","Private","Freestanding emergency medical centers","County, NAICS 6-digit -- by ownership sector","All establishment sizes",2,0,0,0,0,0,0,0
"28087",5,6215,76,0,2007,1,"N","Lowndes County, Mississippi","Private","Medical and diagnostic laboratories","County, NAICS 4-digit -- by ownership sector","All establishment sizes",3,0,0,0,0,0,0,0
"28087",5,"6215",76,0,2007,2,"N","Lowndes County, Mississippi","Private","Medical and diagnostic laboratories","County, NAICS 4-digit -- by ownership sector","All establishment sizes",2,0,0,0,0,0,0,0
"28087",5,"6215",76,0,2007,3,"N","Lowndes County, Mississippi","Private","Medical and diagnostic laboratories","County, NAICS 4-digit -- by ownership sector","All establishment sizes",2,0,0,0,0,0,0,0
"28087",5,"6215",76,0,2007,4,"N","Lowndes County, Mississippi","Private","Medical and diagnostic laboratories","County, NAICS 4-digit -- by ownership sector","All establishment sizes",2,0,0,0,0,0,0,0
"28087",5,62151,77,0,2007,1,"N","Lowndes County, Mississippi","Private","Medical and diagnostic laboratories","County, NAICS 5-digit -- by ownership sector","All establishment sizes",3,0,0,0,0,0,0,0
"28087",5,"62151",77,0,2007,2,"N","Lowndes County, Mississippi","Private","Medical and diagnostic laboratories","County, NAICS 5-digit -- by ownership sector","All establishment sizes",2,0,0,0,0,0,0,0
"28087",5,"62151",77,0,2007,3,"N","Lowndes County, Mississippi","Private","Medical and diagnostic laboratories","County, NAICS 5-digit -- by ownership sector","All establishment sizes",2,0,0,0,0,0,0,0
"28087",5,"62151",77,0,2007,4,"N","Lowndes County, Mississippi","Private","Medical and diagnostic laboratories","County, NAICS 5-digit -- by ownership sector","All establishment sizes",2,0,0,0,0,0,0,0
"28087",5,621511,78,0,2007,1,"N","Lowndes County, Mississippi","Private","Medical laboratories","County, NAICS 6-digit -- by ownership sector","All establishment sizes",1,0,0,0,0,0,0,0
"28087",5,"621511",78,0,2007,2,"-","Lowndes County, Mississippi","Private","Medical laboratories","County, NAICS 6-digit -- by ownership sector","All establishment sizes",0,0,0,0,0,0,0,0
"28087",5,"621511",78,0,2007,3,"-","Lowndes County, Mississippi","Private","Medical laboratories","County, NAICS 6-digit -- by ownership sector","All establishment sizes",0,0,0,0,0,0,0,0
"28087",5,"621511",78,0,2007,4,"-","Lowndes County, Mississippi","Private","Medical laboratories","County, NAICS 6-digit -- by ownership sector","All establishment sizes",0,0,0,0,0,0,0,0
"28087",5,621512,78,0,2007,1,"N","Lowndes County, Mississippi","Private","Diagnostic imaging centers","County, NAICS 6-digit -- by ownership sector","All establishment sizes",2,0,0,0,0,0,0,0
"28087",5,"621512",78,0,2007,2,"N","Lowndes County, Mississippi","Private","Diagnostic imaging centers","County, NAICS 6-digit -- by ownership sector","All establishment sizes",2,0,0,0,0,0,0,0
"28087",5,"621512",78,0,2007,3,"N","Lowndes County, Mississippi","Private","Diagnostic imaging centers","County, NAICS 6-digit -- by ownership sector","All establishment sizes",2,0,0,0,0,0,0,0
"28087",5,"621512",78,0,2007,4,"N","Lowndes County, Mississippi","Private","Diagnostic imaging centers","County, NAICS 6-digit -- by ownership sector","All establishment sizes",2,0,0,0,0,0,0,0
"28087",5,6216,76,0,2007,1,"N","Lowndes County, Mississippi","Private","Home health care services","County, NAICS 4-digit -- by ownership sector","All establishment sizes",3,0,0,0,0,0,0,0
"28087",5,"6216",76,0,2007,2,"N","Lowndes County, Mississippi","Private","Home health care services","County, NAICS 4-digit -- by ownership sector","All establishment sizes",3,0,0,0,0,0,0,0
"28087",5,"6216",76,0,2007,3,"N","Lowndes County, Mississippi","Private","Home health care services","County, NAICS 4-digit -- by ownership sector","All establishment sizes",3,0,0,0,0,0,0,0
"28087",5,"6216",76,0,2007,4,"N","Lowndes County, Mississippi","Private","Home health care services","County, NAICS 4-digit -- by ownership sector","All establishment sizes",3,0,0,0,0,0,0,0
"28087",5,62161,77,0,2007,1,"N","Lowndes County, Mississippi","Private","Home health care services","County, NAICS 5-digit -- by ownership sector","All establishment sizes",3,0,0,0,0,0,0,0
"28087",5,"62161",77,0,2007,2,"N","Lowndes County, Mississippi","Private","Home health care services","County, NAICS 5-digit -- by ownership sector","All establishment sizes",3,0,0,0,0,0,0,0
"28087",5,"62161",77,0,2007,3,"N","Lowndes County, Mississippi","Private","Home health care services","County, NAICS 5-digit -- by ownership sector","All establishment sizes",3,0,0,0,0,0,0,0
"28087",5,"62161",77,0,2007,4,"N","Lowndes County, Mississippi","Private","Home health care services","County, NAICS 5-digit -- by ownership sector","All establishment sizes",3,0,0,0,0,0,0,0
"28087",5,621610,78,0,2007,1,"N","Lowndes County, Mississippi","Private","Home health care services","County, NAICS 6-digit -- by ownership sector","All establishment sizes",3,0,0,0,0,0,0,0
"28087",5,"621610",78,0,2007,2,"N","Lowndes County, Mississippi","Private","Home health care services","County, NAICS 6-digit -- by ownership sector","All establishment sizes",3,0,0,0,0,0,0,0
"28087",5,"621610",78,0,2007,3,"N","Lowndes County, Mississippi","Private","Home health care services","County, NAICS 6-digit -- by ownership sector","All establishment sizes",3,0,0,0,0,0,0,0
"28087",5,"621610",78,0,2007,4,"N","Lowndes County, Mississippi","Private","Home health care services","County, NAICS 6-digit -- by ownership sector","All establishment sizes",3,0,0,0,0,0,0,0
"28087",5,622,75,0,2007,1,"N","Lowndes County, Mississippi","Private","Hospitals","County, NAICS 3-digit -- by ownership sector","All establishment sizes",1,0,0,0,0,0,0,0
"28087",5,"622",75,0,2007,2,"N","Lowndes County, Mississippi","Private","Hospitals","County, NAICS 3-digit -- by ownership sector","All establishment sizes",1,0,0,0,0,0,0,0
"28087",5,"622",75,0,2007,3,"N","Lowndes County, Mississippi","Private","Hospitals","County, NAICS 3-digit -- by ownership sector","All establishment sizes",1,0,0,0,0,0,0,0
"28087",5,"622",75,0,2007,4,"N","Lowndes County, Mississippi","Private","Hospitals","County, NAICS 3-digit -- by ownership sector","All establishment sizes",1,0,0,0,0,0,0,0
"28087",5,6221,76,0,2007,1,"N","Lowndes County, Mississippi","Private","General medical and surgical hospitals","County, NAICS 4-digit -- by ownership sector","All establishment sizes",1,0,0,0,0,0,0,0
"28087",5,"6221",76,0,2007,2,"N","Lowndes County, Mississippi","Private","General medical and surgical hospitals","County, NAICS 4-digit -- by ownership sector","All establishment sizes",1,0,0,0,0,0,0,0
"28087",5,"6221",76,0,2007,3,"N","Lowndes County, Mississippi","Private","General medical and surgical hospitals","County, NAICS 4-digit -- by ownership sector","All establishment sizes",1,0,0,0,0,0,0,0
"28087",5,"6221",76,0,2007,4,"N","Lowndes County, Mississippi","Private","General medical and surgical hospitals","County, NAICS 4-digit -- by ownership sector","All establishment sizes",1,0,0,0,0,0,0,0
"28087",5,62211,77,0,2007,1,"N","Lowndes County, Mississippi","Private","General medical and surgical hospitals","County, NAICS 5-digit -- by ownership sector","All establishment sizes",1,0,0,0,0,0,0,0
"28087",5,"62211",77,0,2007,2,"N","Lowndes County, Mississippi","Private","General medical and surgical hospitals","County, NAICS 5-digit -- by ownership sector","All establishment sizes",1,0,0,0,0,0,0,0
"28087",5,"62211",77,0,2007,3,"N","Lowndes County, Mississippi","Private","General medical and surgical hospitals","County, NAICS 5-digit -- by ownership sector","All establishment sizes",1,0,0,0,0,0,0,0
"28087",5,"62211",77,0,2007,4,"N","Lowndes County, Mississippi","Private","General medical and surgical hospitals","County, NAICS 5-digit -- by ownership sector","All establishment sizes",1,0,0,0,0,0,0,0
"28087",5,622110,78,0,2007,1,"N","Lowndes County, Mississippi","Private","General medical and surgical hospitals","County, NAICS 6-digit -- by ownership sector","All establishment sizes",1,0,0,0,0,0,0,0
"28087",5,"622110",78,0,2007,2,"N","Lowndes County, Mississippi","Private","General medical and surgical hospitals","County, NAICS 6-digit -- by ownership sector","All establishment sizes",1,0,0,0,0,0,0,0
"28087",5,"622110",78,0,2007,3,"N","Lowndes County, Mississippi","Private","General medical and surgical hospitals","County, NAICS 6-digit -- by ownership sector","All establishment sizes",1,0,0,0,0,0,0,0
"28087",5,"622110",78,0,2007,4,"N","Lowndes County, Mississippi","Private","General medical and surgical hospitals","County, NAICS 6-digit -- by ownership sector","All establishment sizes",1,0,0,0,0,0,0,0
"28087",5,623,75,0,2007,1,"","Lowndes County, Mississippi","Private","Nursing and residential care facilities","County, NAICS 3-digit -- by ownership sector","All establishment sizes",12,768,769,773,3657211,3303783,41490,365
"28087",5,"623",75,0,2007,2,"","Lowndes County, Mississippi","Private","Nursing and residential care facilities","County, NAICS 3-digit -- by ownership sector","All establishment sizes",12,755,775,765,3881214,2161197,27910,390
"28087",5,"623",75,0,2007,3,"","Lowndes County, Mississippi","Private","Nursing and residential care facilities","County, NAICS 3-digit -- by ownership sector","All establishment sizes",12,757,747,754,3882481,659758,10767,397
"28087",5,"623",75,0,2007,4,"","Lowndes County, Mississippi","Private","Nursing and residential care facilities","County, NAICS 3-digit -- by ownership sector","All establishment sizes",12,774,771,786,4302220,597486,9298,426
"28087",5,6231,76,0,2007,1,"","Lowndes County, Mississippi","Private","Nursing care facilities","County, NAICS 4-digit -- by ownership sector","All establishment sizes",6,362,363,360,1725853,1501503,17047,367
"28087",5,"6231",76,0,2007,2,"","Lowndes County, Mississippi","Private","Nursing care facilities","County, NAICS 4-digit -- by ownership sector","All establishment sizes",5,369,372,366,1790480,654736,7689,373
"28087",5,"6231",76,0,2007,3,"","Lowndes County, Mississippi","Private","Nursing care facilities","County, NAICS 4-digit -- by ownership sector","All establishment sizes",5,361,360,374,1807805,277426,3720,381
"28087",5,"6231",76,0,2007,4,"","Lowndes County, Mississippi","Private","Nursing care facilities","County, NAICS 4-digit -- by ownership sector","All establishment sizes",5,367,375,380,1925224,275010,3463,396
"28087",5,62311,77,0,2007,1,"","Lowndes County, Mississippi","Private","Nursing care facilities","County, NAICS 5-digit -- by ownership sector","All establishment sizes",6,362,363,360,1725853,1501503,17047,367
"28087",5,"62311",77,0,2007,2,"","Lowndes County, Mississippi","Private","Nursing care facilities","County, NAICS 5-digit -- by ownership sector","All establishment sizes",5,369,372,366,1790480,654736,7689,373
"28087",5,"62311",77,0,2007,3,"","Lowndes County, Mississippi","Private","Nursing care facilities","County, NAICS 5-digit -- by ownership sector","All establishment sizes",5,361,360,374,1807805,277426,3720,381
"28087",5,"62311",77,0,2007,4,"","Lowndes County, Mississippi","Private","Nursing care facilities","County, NAICS 5-digit -- by ownership sector","All establishment sizes",5,367,375,380,1925224,275010,3463,396
"28087",5,623110,78,0,2007,1,"","Lowndes County, Mississippi","Private","Nursing care facilities","County, NAICS 6-digit -- by ownership sector","All establishment sizes",6,362,363,360,1725853,1501503,17047,367
"28087",5,"623110",78,0,2007,2,"","Lowndes County, Mississippi","Private","Nursing care facilities","County, NAICS 6-digit -- by ownership sector","All establishment sizes",5,369,372,366,1790480,654736,7689,373
"28087",5,"623110",78,0,2007,3,"","Lowndes County, Mississippi","Private","Nursing care facilities","County, NAICS 6-digit -- by ownership sector","All establishment sizes",5,361,360,374,1807805,277426,3720,381
"28087",5,"623110",78,0,2007,4,"","Lowndes County, Mississippi","Private","Nursing care facilities","County, NAICS 6-digit -- by ownership sector","All establishment sizes",5,367,375,380,1925224,275010,3463,396
"28087",5,6232,76,0,2007,1,"N","Lowndes County, Mississippi","Private","Residential mental health facilities","County, NAICS 4-digit -- by ownership sector","All establishment sizes",1,0,0,0,0,0,0,0
"28087",5,"6232",76,0,2007,2,"N","Lowndes County, Mississippi","Private","Residential mental health facilities","County, NAICS 4-digit -- by ownership sector","All establishment sizes",1,0,0,0,0,0,0,0
"28087",5,"6232",76,0,2007,3,"N","Lowndes County, Mississippi","Private","Residential mental health facilities","County, NAICS 4-digit -- by ownership sector","All establishment sizes",1,0,0,0,0,0,0,0
"28087",5,"6232",76,0,2007,4,"N","Lowndes County, Mississippi","Private","Residential mental health facilities","County, NAICS 4-digit -- by ownership sector","All establishment sizes",1,0,0,0,0,0,0,0
"28087",5,62322,77,0,2007,1,"N","Lowndes County, Mississippi","Private","Residential mental and substance abuse care","County, NAICS 5-digit -- by ownership sector","All establishment sizes",1,0,0,0,0,0,0,0
"28087",5,"62322",77,0,2007,2,"N","Lowndes County, Mississippi","Private","Residential mental and substance abuse care","County, NAICS 5-digit -- by ownership sector","All establishment sizes",1,0,0,0,0,0,0,0
"28087",5,"62322",77,0,2007,3,"N","Lowndes County, Mississippi","Private","Residential mental and substance abuse care","County, NAICS 5-digit -- by ownership sector","All establishment sizes",1,0,0,0,0,0,0,0
"28087",5,"62322",77,0,2007,4,"N","Lowndes County, Mississippi","Private","Residential mental and substance abuse care","County, NAICS 5-digit -- by ownership sector","All establishment sizes",1,0,0,0,0,0,0,0
"28087",5,623220,78,0,2007,1,"N","Lowndes County, Mississippi","Private","Residential mental and substance abuse care","County, NAICS 6-digit -- by ownership sector","All establishment sizes",1,0,0,0,0,0,0,0
"28087",5,"623220",78,0,2007,2,"N","Lowndes County, Mississippi","Private","Residential mental and substance abuse care","County, NAICS 6-digit -- by ownership sector","All establishment sizes",1,0,0,0,0,0,0,0
"28087",5,"623220",78,0,2007,3,"N","Lowndes County, Mississippi","Private","Residential mental and substance abuse care","County, NAICS 6-digit -- by ownership sector","All establishment sizes",1,0,0,0,0,0,0,0
"28087",5,"623220",78,0,2007,4,"N","Lowndes County, Mississippi","Private","Residential mental and substance abuse care","County, NAICS 6-digit -- by ownership sector","All establishment sizes",1,0,0,0,0,0,0,0
"28087",5,6233,76,0,2007,1,"","Lowndes County, Mississippi","Private","Community care facilities for the elderly","County, NAICS 4-digit -- by ownership sector","All establishment sizes",4,334,333,339,1438496,1424989,20025,330
"28087",5,"6233",76,0,2007,2,"","Lowndes County, Mississippi","Private","Community care facilities for the elderly","County, NAICS 4-digit -- by ownership sector","All establishment sizes",5,311,328,323,1509457,1396268,18941,362
"28087",5,"6233",76,0,2007,3,"","Lowndes County, Mississippi","Private","Community care facilities for the elderly","County, NAICS 4-digit -- by ownership sector","All establishment sizes",5,320,313,307,1565175,349833,6660,384
"28087",5,"6233",76,0,2007,4,"","Lowndes County, Mississippi","Private","Community care facilities for the elderly","County, NAICS 4-digit -- by ownership sector","All establishment sizes",5,315,305,317,1673827,211571,4332,412
"28087",5,62331,77,0,2007,1,"","Lowndes County, Mississippi","Private","Community care facilities for the elderly","County, NAICS 5-digit -- by ownership sector","All establishment sizes",4,334,333,339,1438496,1424989,20025,330
"28087",5,"62331",77,0,2007,2,"","Lowndes County, Mississippi","Private","Community care facilities for the elderly","County, NAICS 5-digit -- by ownership sector","All establishment sizes",5,311,328,323,1509457,1396268,18941,362
"28087",5,"62331",77,0,2007,3,"","Lowndes County, Mississippi","Private","Community care facilities for the elderly","County, NAICS 5-digit -- by ownership sector","All establishment sizes",5,320,313,307,1565175,349833,6660,384
"28087",5,"62331",77,0,2007,4,"","Lowndes County, Mississippi","Private","Community care facilities for the elderly","County, NAICS 5-digit -- by ownership sector","All establishment sizes",5,315,305,317,1673827,211571,4332,412
"28087",5,623311,78,0,2007,1,"N","Lowndes County, Mississippi","Private","Continuing care retirement communities","County, NAICS 6-digit -- by ownership sector","All establishment sizes",1,0,0,0,0,0,0,0
"28087",5,"623311",78,0,2007,2,"N","Lowndes County, Mississippi","Private","Continuing care retirement communities","County, NAICS 6-digit -- by ownership sector","All establishment sizes",1,0,0,0,0,0,0,0
"28087",5,"623311",78,0,2007,3,"N","Lowndes County, Mississippi","Private","Continuing care retirement communities","County, NAICS 6-digit -- by ownership sector","All establishment sizes",1,0,0,0,0,0,0,0
"28087",5,"623311",78,0,2007,4,"N","Lowndes County, Mississippi","Private","Continuing care retirement communities","County, NAICS 6-digit -- by ownership sector","All establishment sizes",1,0,0,0,0,0,0,0
"28087",5,623312,78,0,2007,1,"N","Lowndes County, Mississippi","Private","Homes for the elderly","County, NAICS 6-digit -- by ownership sector","All establishment sizes",3,0,0,0,0,0,0,0
"28087",5,"623312",78,0,2007,2,"N","Lowndes County, Mississippi","Private","Homes for the elderly","County, NAICS 6-digit -- by ownership sector","All establishment sizes",4,0,0,0,0,0,0,0
"28087",5,"623312",78,0,2007,3,"N","Lowndes County, Mississippi","Private","Homes for the elderly","County, NAICS 6-digit -- by ownership sector","All establishment sizes",4,0,0,0,0,0,0,0
"28087",5,"623312",78,0,2007,4,"N","Lowndes County, Mississippi","Private","Homes for the elderly","County, NAICS 6-digit -- by ownership sector","All establishment sizes",4,0,0,0,0,0,0,0
"28087",5,6239,76,0,2007,1,"N","Lowndes County, Mississippi","Private","Other residential care facilities","County, NAICS 4-digit -- by ownership sector","All establishment sizes",1,0,0,0,0,0,0,0
"28087",5,"6239",76,0,2007,2,"N","Lowndes County, Mississippi","Private","Other residential care facilities","County, NAICS 4-digit -- by ownership sector","All establishment sizes",1,0,0,0,0,0,0,0
"28087",5,"6239",76,0,2007,3,"N","Lowndes County, Mississippi","Private","Other residential care facilities","County, NAICS 4-digit -- by ownership sector","All establishment sizes",1,0,0,0,0,0,0,0
"28087",5,"6239",76,0,2007,4,"N","Lowndes County, Mississippi","Private","Other residential care facilities","County, NAICS 4-digit -- by ownership sector","All establishment sizes",1,0,0,0,0,0,0,0
"28087",5,62399,77,0,2007,1,"N","Lowndes County, Mississippi","Private","Other residential care facilities","County, NAICS 5-digit -- by ownership sector","All establishment sizes",1,0,0,0,0,0,0,0
"28087",5,"62399",77,0,2007,2,"N","Lowndes County, Mississippi","Private","Other residential care facilities","County, NAICS 5-digit -- by ownership sector","All establishment sizes",1,0,0,0,0,0,0,0
"28087",5,"62399",77,0,2007,3,"N","Lowndes County, Mississippi","Private","Other residential care facilities","County, NAICS 5-digit -- by ownership sector","All establishment sizes",1,0,0,0,0,0,0,0
"28087",5,"62399",77,0,2007,4,"N","Lowndes County, Mississippi","Private","Other residential care facilities","County, NAICS 5-digit -- by ownership sector","All establishment sizes",1,0,0,0,0,0,0,0
"28087",5,623990,78,0,2007,1,"N","Lowndes County, Mississippi","Private","Other residential care facilities","County, NAICS 6-digit -- by ownership sector","All establishment sizes",1,0,0,0,0,0,0,0
"28087",5,"623990",78,0,2007,2,"N","Lowndes County, Mississippi","Private","Other residential care facilities","County, NAICS 6-digit -- by ownership sector","All establishment sizes",1,0,0,0,0,0,0,0
"28087",5,"623990",78,0,2007,3,"N","Lowndes County, Mississippi","Private","Other residential care facilities","County, NAICS 6-digit -- by ownership sector","All establishment sizes",1,0,0,0,0,0,0,0
"28087",5,"623990",78,0,2007,4,"N","Lowndes County, Mississippi","Private","Other residential care facilities","County, NAICS 6-digit -- by ownership sector","All establishment sizes",1,0,0,0,0,0,0,0
"28087",5,624,75,0,2007,1,"N","Lowndes County, Mississippi","Private","Social assistance","County, NAICS 3-digit -- by ownership sector","All establishment sizes",36,0,0,0,0,0,0,0
"28087",5,"624",75,0,2007,2,"N","Lowndes County, Mississippi","Private","Social assistance","County, NAICS 3-digit -- by ownership sector","All establishment sizes",35,0,0,0,0,0,0,0
"28087",5,"624",75,0,2007,3,"N","Lowndes County, Mississippi","Private","Social assistance","County, NAICS 3-digit -- by ownership sector","All establishment sizes",36,0,0,0,0,0,0,0
"28087",5,"624",75,0,2007,4,"N","Lowndes County, Mississippi","Private","Social assistance","County, NAICS 3-digit -- by ownership sector","All establishment sizes",37,0,0,0,0,0,0,0
"28087",5,6241,76,0,2007,1,"","Lowndes County, Mississippi","Private","Individual and family services","County, NAICS 4-digit -- by ownership sector","All establishment sizes",7,25,46,48,104974,96562,1448,204
"28087",5,"6241",76,0,2007,2,"","Lowndes County, Mississippi","Private","Individual and family services","County, NAICS 4-digit -- by ownership sector","All establishment sizes",7,48,49,48,119504,71737,1301,190
"28087",5,"6241",76,0,2007,3,"","Lowndes County, Mississippi","Private","Individual and family services","County, NAICS 4-digit -- by ownership sector","All establishment sizes",7,46,47,47,153359,60804,1195,253
"28087",5,"6241",76,0,2007,4,"","Lowndes County, Mississippi","Private","Individual and family services","County, NAICS 4-digit -- by ownership sector","All establishment sizes",7,54,53,54,194702,82394,1765,279
"28087",5,62411,77,0,2007,1,"N","Lowndes County, Mississippi","Private","Child and youth services","County, NAICS 5-digit -- by ownership sector","All establishment sizes",1,0,0,0,0,0,0,0
"28087",5,"62411",77,0,2007,2,"N","Lowndes County, Mississippi","Private","Child and youth services","County, NAICS 5-digit -- by ownership sector","All establishment sizes",1,0,0,0,0,0,0,0
"28087",5,"62411",77,0,2007,3,"N","Lowndes County, Mississippi","Private","Child and youth services","County, NAICS 5-digit -- by ownership sector","All establishment sizes",1,0,0,0,0,0,0,0
"28087",5,"62411",77,0,2007,4,"N","Lowndes County, Mississippi","Private","Child and youth services","County, NAICS 5-digit -- by ownership sector","All establishment sizes",1,0,0,0,0,0,0,0
"28087",5,624110,78,0,2007,1,"N","Lowndes County, Mississippi","Private","Child and youth services","County, NAICS 6-digit -- by ownership sector","All establishment sizes",1,0,0,0,0,0,0,0
"28087",5,"624110",78,0,2007,2,"N","Lowndes County, Mississippi","Private","Child and youth services","County, NAICS 6-digit -- by ownership sector","All establishment sizes",1,0,0,0,0,0,0,0
"28087",5,"624110",78,0,2007,3,"N","Lowndes County, Mississippi","Private","Child and youth services","County, NAICS 6-digit -- by ownership sector","All establishment sizes",1,0,0,0,0,0,0,0
"28087",5,"624110",78,0,2007,4,"N","Lowndes County, Mississippi","Private","Child and youth services","County, NAICS 6-digit -- by ownership sector","All establishment sizes",1,0,0,0,0,0,0,0
"28087",5,62412,77,0,2007,1,"N","Lowndes County, Mississippi","Private","Services for the elderly and disabled","County, NAICS 5-digit -- by ownership sector","All establishment sizes",6,0,0,0,0,0,0,0
"28087",5,"62412",77,0,2007,2,"N","Lowndes County, Mississippi","Private","Services for the elderly and disabled","County, NAICS 5-digit -- by ownership sector","All establishment sizes",6,0,0,0,0,0,0,0
"28087",5,"62412",77,0,2007,3,"N","Lowndes County, Mississippi","Private","Services for the elderly and disabled","County, NAICS 5-digit -- by ownership sector","All establishment sizes",6,0,0,0,0,0,0,0
"28087",5,"62412",77,0,2007,4,"N","Lowndes County, Mississippi","Private","Services for the elderly and disabled","County, NAICS 5-digit -- by ownership sector","All establishment sizes",6,0,0,0,0,0,0,0
"28087",5,624120,78,0,2007,1,"N","Lowndes County, Mississippi","Private","Services for the elderly and disabled","County, NAICS 6-digit -- by ownership sector","All establishment sizes",6,0,0,0,0,0,0,0
"28087",5,"624120",78,0,2007,2,"N","Lowndes County, Mississippi","Private","Services for the elderly and disabled","County, NAICS 6-digit -- by ownership sector","All establishment sizes",6,0,0,0,0,0,0,0
"28087",5,"624120",78,0,2007,3,"N","Lowndes County, Mississippi","Private","Services for the elderly and disabled","County, NAICS 6-digit -- by ownership sector","All establishment sizes",6,0,0,0,0,0,0,0
"28087",5,"624120",78,0,2007,4,"N","Lowndes County, Mississippi","Private","Services for the elderly and disabled","County, NAICS 6-digit -- by ownership sector","All establishment sizes",6,0,0,0,0,0,0,0
"28087",5,6242,76,0,2007,1,"N","Lowndes County, Mississippi","Private","Emergency and other relief services","County, NAICS 4-digit -- by ownership sector","All establishment sizes",3,0,0,0,0,0,0,0
"28087",5,"6242",76,0,2007,2,"N","Lowndes County, Mississippi","Private","Emergency and other relief services","County, NAICS 4-digit -- by ownership sector","All establishment sizes",3,0,0,0,0,0,0,0
"28087",5,"6242",76,0,2007,3,"","Lowndes County, Mississippi","Private","Emergency and other relief services","County, NAICS 4-digit -- by ownership sector","All establishment sizes",3,24,24,24,93841,14273,90,301
"28087",5,"6242",76,0,2007,4,"","Lowndes County, Mississippi","Private","Emergency and other relief services","County, NAICS 4-digit -- by ownership sector","All establishment sizes",3,23,23,23,106114,10929,52,355
"28087",5,62422,77,0,2007,1,"N","Lowndes County, Mississippi","Private","Community housing services","County, NAICS 5-digit -- by ownership sector","All establishment sizes",2,0,0,0,0,0,0,0
"28087",5,"62422",77,0,2007,2,"N","Lowndes County, Mississippi","Private","Community housing services","County, NAICS 5-digit -- by ownership sector","All establishment sizes",2,0,0,0,0,0,0,0
"28087",5,"62422",77,0,2007,3,"N","Lowndes County, Mississippi","Private","Community housing services","County, NAICS 5-digit -- by ownership sector","All establishment sizes",2,0,0,0,0,0,0,0
"28087",5,"62422",77,0,2007,4,"N","Lowndes County, Mississippi","Private","Community housing services","County, NAICS 5-digit -- by ownership sector","All establishment sizes",2,0,0,0,0,0,0,0
"28087",5,624221,78,0,2007,1,"N","Lowndes County, Mississippi","Private","Temporary shelters","County, NAICS 6-digit -- by ownership sector","All establishment sizes",1,0,0,0,0,0,0,0
"28087",5,"624221",78,0,2007,2,"N","Lowndes County, Mississippi","Private","Temporary shelters","County, NAICS 6-digit -- by ownership sector","All establishment sizes",1,0,0,0,0,0,0,0
"28087",5,"624221",78,0,2007,3,"N","Lowndes County, Mississippi","Private","Temporary shelters","County, NAICS 6-digit -- by ownership sector","All establishment sizes",1,0,0,0,0,0,0,0
"28087",5,"624221",78,0,2007,4,"N","Lowndes County, Mississippi","Private","Temporary shelters","County, NAICS 6-digit -- by ownership sector","All establishment sizes",1,0,0,0,0,0,0,0
"28087",5,624229,78,0,2007,1,"N","Lowndes County, Mississippi","Private","Other community housing services","County, NAICS 6-digit -- by ownership sector","All establishment sizes",1,0,0,0,0,0,0,0
"28087",5,"624229",78,0,2007,2,"N","Lowndes County, Mississippi","Private","Other community housing services","County, NAICS 6-digit -- by ownership sector","All establishment sizes",1,0,0,0,0,0,0,0
"28087",5,"624229",78,0,2007,3,"N","Lowndes County, Mississippi","Private","Other community housing services","County, NAICS 6-digit -- by ownership sector","All establishment sizes",1,0,0,0,0,0,0,0
"28087",5,"624229",78,0,2007,4,"N","Lowndes County, Mississippi","Private","Other community housing services","County, NAICS 6-digit -- by ownership sector","All establishment sizes",1,0,0,0,0,0,0,0
"28087",5,62423,77,0,2007,1,"N","Lowndes County, Mississippi","Private","Emergency and other relief services","County, NAICS 5-digit -- by ownership sector","All establishment sizes",1,0,0,0,0,0,0,0
"28087",5,"62423",77,0,2007,2,"N","Lowndes County, Mississippi","Private","Emergency and other relief services","County, NAICS 5-digit -- by ownership sector","All establishment sizes",1,0,0,0,0,0,0,0
"28087",5,"62423",77,0,2007,3,"N","Lowndes County, Mississippi","Private","Emergency and other relief services","County, NAICS 5-digit -- by ownership sector","All establishment sizes",1,0,0,0,0,0,0,0
"28087",5,"62423",77,0,2007,4,"N","Lowndes County, Mississippi","Private","Emergency and other relief services","County, NAICS 5-digit -- by ownership sector","All establishment sizes",1,0,0,0,0,0,0,0
"28087",5,624230,78,0,2007,1,"N","Lowndes County, Mississippi","Private","Emergency and other relief services","County, NAICS 6-digit -- by ownership sector","All establishment sizes",1,0,0,0,0,0,0,0
"28087",5,"624230",78,0,2007,2,"N","Lowndes County, Mississippi","Private","Emergency and other relief services","County, NAICS 6-digit -- by ownership sector","All establishment sizes",1,0,0,0,0,0,0,0
"28087",5,"624230",78,0,2007,3,"N","Lowndes County, Mississippi","Private","Emergency and other relief services","County, NAICS 6-digit -- by ownership sector","All establishment sizes",1,0,0,0,0,0,0,0
"28087",5,"624230",78,0,2007,4,"N","Lowndes County, Mississippi","Private","Emergency and other relief services","County, NAICS 6-digit -- by ownership sector","All establishment sizes",1,0,0,0,0,0,0,0
"28087",5,6243,76,0,2007,1,"N","Lowndes County, Mississippi","Private","Vocational rehabilitation services","County, NAICS 4-digit -- by ownership sector","All establishment sizes",2,0,0,0,0,0,0,0
"28087",5,"6243",76,0,2007,2,"N","Lowndes County, Mississippi","Private","Vocational rehabilitation services","County, NAICS 4-digit -- by ownership sector","All establishment sizes",2,0,0,0,0,0,0,0
"28087",5,"6243",76,0,2007,3,"N","Lowndes County, Mississippi","Private","Vocational rehabilitation services","County, NAICS 4-digit -- by ownership sector","All establishment sizes",2,0,0,0,0,0,0,0
"28087",5,"6243",76,0,2007,4,"N","Lowndes County, Mississippi","Private","Vocational rehabilitation services","County, NAICS 4-digit -- by ownership sector","All establishment sizes",2,0,0,0,0,0,0,0
"28087",5,62431,77,0,2007,1,"N","Lowndes County, Mississippi","Private","Vocational rehabilitation services","County, NAICS 5-digit -- by ownership sector","All establishment sizes",2,0,0,0,0,0,0,0
"28087",5,"62431",77,0,2007,2,"N","Lowndes County, Mississippi","Private","Vocational rehabilitation services","County, NAICS 5-digit -- by ownership sector","All establishment sizes",2,0,0,0,0,0,0,0
"28087",5,"62431",77,0,2007,3,"N","Lowndes County, Mississippi","Private","Vocational rehabilitation services","County, NAICS 5-digit -- by ownership sector","All establishment sizes",2,0,0,0,0,0,0,0
"28087",5,"62431",77,0,2007,4,"N","Lowndes County, Mississippi","Private","Vocational rehabilitation services","County, NAICS 5-digit -- by ownership sector","All establishment sizes",2,0,0,0,0,0,0,0
"28087",5,624310,78,0,2007,1,"N","Lowndes County, Mississippi","Private","Vocational rehabilitation services","County, NAICS 6-digit -- by ownership sector","All establishment sizes",2,0,0,0,0,0,0,0
"28087",5,"624310",78,0,2007,2,"N","Lowndes County, Mississippi","Private","Vocational rehabilitation services","County, NAICS 6-digit -- by ownership sector","All establishment sizes",2,0,0,0,0,0,0,0
"28087",5,"624310",78,0,2007,3,"N","Lowndes County, Mississippi","Private","Vocational rehabilitation services","County, NAICS 6-digit -- by ownership sector","All establishment sizes",2,0,0,0,0,0,0,0
"28087",5,"624310",78,0,2007,4,"N","Lowndes County, Mississippi","Private","Vocational rehabilitation services","County, NAICS 6-digit -- by ownership sector","All establishment sizes",2,0,0,0,0,0,0,0
"28087",5,6244,76,0,2007,1,"","Lowndes County, Mississippi","Private","Child day care services","County, NAICS 4-digit -- by ownership sector","All establishment sizes",24,207,207,224,650593,616539,22066,235
"28087",5,"6244",76,0,2007,2,"","Lowndes County, Mississippi","Private","Child day care services","County, NAICS 4-digit -- by ownership sector","All establishment sizes",23,230,225,155,653213,465816,13946,247
"28087",5,"6244",76,0,2007,3,"","Lowndes County, Mississippi","Private","Child day care services","County, NAICS 4-digit -- by ownership sector","All establishment sizes",24,155,223,231,598304,271316,6969,227
"28087",5,"6244",76,0,2007,4,"","Lowndes County, Mississippi","Private","Child day care services","County, NAICS 4-digit -- by ownership sector","All establishment sizes",25,236,219,217,817648,192835,5054,281
"28087",5,62441,77,0,2007,1,"","Lowndes County, Mississippi","Private","Child day care services","County, NAICS 5-digit -- by ownership sector","All establishment sizes",24,207,207,224,650593,616539,22066,235
"28087",5,"62441",77,0,2007,2,"","Lowndes County, Mississippi","Private","Child day care services","County, NAICS 5-digit -- by ownership sector","All establishment sizes",23,230,225,155,653213,465816,13946,247
"28087",5,"62441",77,0,2007,3,"","Lowndes County, Mississippi","Private","Child day care services","County, NAICS 5-digit -- by ownership sector","All establishment sizes",24,155,223,231,598304,271316,6969,227
"28087",5,"62441",77,0,2007,4,"","Lowndes County, Mississippi","Private","Child day care services","County, NAICS 5-digit -- by ownership sector","All establishment sizes",25,236,219,217,817648,192835,5054,281
"28087",5,624410,78,0,2007,1,"","Lowndes County, Mississippi","Private","Child day care services","County, NAICS 6-digit -- by ownership sector","All establishment sizes",24,207,207,224,650593,616539,22066,235
"28087",5,"624410",78,0,2007,2,"","Lowndes County, Mississippi","Private","Child day care services","County, NAICS 6-digit -- by ownership sector","All establishment sizes",23,230,225,155,653213,465816,13946,247
"28087",5,"624410",78,0,2007,3,"","Lowndes County, Mississippi","Private","Child day care services","County, NAICS 6-digit -- by ownership sector","All establishment sizes",24,155,223,231,598304,271316,6969,227
"28087",5,"624410",78,0,2007,4,"","Lowndes County, Mississippi","Private","Child day care services","County, NAICS 6-digit -- by ownership sector","All establishment sizes",25,236,219,217,817648,192835,5054,281
"28087",5,71,74,0,2007,1,"","Lowndes County, Mississippi","Private","Arts, entertainment, and recreation","County, NAICS Sector -- by ownership sector","All establishment sizes",23,216,220,223,583441,348282,2615,204
"28087",5,"71",74,0,2007,2,"","Lowndes County, Mississippi","Private","Arts, entertainment, and recreation","County, NAICS Sector -- by ownership sector","All establishment sizes",23,248,265,265,642705,233601,2053,191
"28087",5,"71",74,0,2007,3,"","Lowndes County, Mississippi","Private","Arts, entertainment, and recreation","County, NAICS Sector -- by ownership sector","All establishment sizes",23,269,262,249,697130,209321,1534,206
"28087",5,"71",74,0,2007,4,"","Lowndes County, Mississippi","Private","Arts, entertainment, and recreation","County, NAICS Sector -- by ownership sector","All establishment sizes",23,241,237,216,598112,124587,992,199
"28087",5,711,75,0,2007,1,"N","Lowndes County, Mississippi","Private","Performing arts and spectator sports","County, NAICS 3-digit -- by ownership sector","All establishment sizes",3,0,0,0,0,0,0,0
"28087",5,"711",75,0,2007,2,"N","Lowndes County, Mississippi","Private","Performing arts and spectator sports","County, NAICS 3-digit -- by ownership sector","All establishment sizes",3,0,0,0,0,0,0,0
"28087",5,"711",75,0,2007,3,"N","Lowndes County, Mississippi","Private","Performing arts and spectator sports","County, NAICS 3-digit -- by ownership sector","All establishment sizes",3,0,0,0,0,0,0,0
"28087",5,"711",75,0,2007,4,"N","Lowndes County, Mississippi","Private","Performing arts and spectator sports","County, NAICS 3-digit -- by ownership sector","All establishment sizes",3,0,0,0,0,0,0,0
"28087",5,7112,76,0,2007,1,"N","Lowndes County, Mississippi","Private","Spectator sports","County, NAICS 4-digit -- by ownership sector","All establishment sizes",1,0,0,0,0,0,0,0
"28087",5,"7112",76,0,2007,2,"N","Lowndes County, Mississippi","Private","Spectator sports","County, NAICS 4-digit -- by ownership sector","All establishment sizes",1,0,0,0,0,0,0,0
"28087",5,"7112",76,0,2007,3,"N","Lowndes County, Mississippi","Private","Spectator sports","County, NAICS 4-digit -- by ownership sector","All establishment sizes",1,0,0,0,0,0,0,0
"28087",5,"7112",76,0,2007,4,"N","Lowndes County, Mississippi","Private","Spectator sports","County, NAICS 4-digit -- by ownership sector","All establishment sizes",1,0,0,0,0,0,0,0
"28087",5,71121,77,0,2007,1,"N","Lowndes County, Mississippi","Private","Spectator sports","County, NAICS 5-digit -- by ownership sector","All establishment sizes",1,0,0,0,0,0,0,0
"28087",5,"71121",77,0,2007,2,"N","Lowndes County, Mississippi","Private","Spectator sports","County, NAICS 5-digit -- by ownership sector","All establishment sizes",1,0,0,0,0,0,0,0
"28087",5,"71121",77,0,2007,3,"N","Lowndes County, Mississippi","Private","Spectator sports","County, NAICS 5-digit -- by ownership sector","All establishment sizes",1,0,0,0,0,0,0,0
"28087",5,"71121",77,0,2007,4,"N","Lowndes County, Mississippi","Private","Spectator sports","County, NAICS 5-digit -- by ownership sector","All establishment sizes",1,0,0,0,0,0,0,0
"28087",5,711212,78,0,2007,1,"N","Lowndes County, Mississippi","Private","Racetracks","County, NAICS 6-digit -- by ownership sector","All establishment sizes",1,0,0,0,0,0,0,0
"28087",5,"711212",78,0,2007,2,"N","Lowndes County, Mississippi","Private","Racetracks","County, NAICS 6-digit -- by ownership sector","All establishment sizes",1,0,0,0,0,0,0,0
"28087",5,"711212",78,0,2007,3,"N","Lowndes County, Mississippi","Private","Racetracks","County, NAICS 6-digit -- by ownership sector","All establishment sizes",1,0,0,0,0,0,0,0
"28087",5,"711212",78,0,2007,4,"N","Lowndes County, Mississippi","Private","Racetracks","County, NAICS 6-digit -- by ownership sector","All establishment sizes",1,0,0,0,0,0,0,0
"28087",5,7113,76,0,2007,1,"N","Lowndes County, Mississippi","Private","Promoters of performing arts and sports","County, NAICS 4-digit -- by ownership sector","All establishment sizes",1,0,0,0,0,0,0,0
"28087",5,"7113",76,0,2007,2,"N","Lowndes County, Mississippi","Private","Promoters of performing arts and sports","County, NAICS 4-digit -- by ownership sector","All establishment sizes",1,0,0,0,0,0,0,0
"28087",5,"7113",76,0,2007,3,"N","Lowndes County, Mississippi","Private","Promoters of performing arts and sports","County, NAICS 4-digit -- by ownership sector","All establishment sizes",1,0,0,0,0,0,0,0
"28087",5,"7113",76,0,2007,4,"N","Lowndes County, Mississippi","Private","Promoters of performing arts and sports","County, NAICS 4-digit -- by ownership sector","All establishment sizes",1,0,0,0,0,0,0,0
"28087",5,71131,77,0,2007,1,"N","Lowndes County, Mississippi","Private","Promoters with facilities","County, NAICS 5-digit -- by ownership sector","All establishment sizes",1,0,0,0,0,0,0,0
"28087",5,"71131",77,0,2007,2,"N","Lowndes County, Mississippi","Private","Promoters with facilities","County, NAICS 5-digit -- by ownership sector","All establishment sizes",1,0,0,0,0,0,0,0
"28087",5,"71131",77,0,2007,3,"N","Lowndes County, Mississippi","Private","Promoters with facilities","County, NAICS 5-digit -- by ownership sector","All establishment sizes",1,0,0,0,0,0,0,0
"28087",5,"71131",77,0,2007,4,"N","Lowndes County, Mississippi","Private","Promoters with facilities","County, NAICS 5-digit -- by ownership sector","All establishment sizes",1,0,0,0,0,0,0,0
"28087",5,711310,78,0,2007,1,"N","Lowndes County, Mississippi","Private","Promoters with facilities","County, NAICS 6-digit -- by ownership sector","All establishment sizes",1,0,0,0,0,0,0,0
"28087",5,"711310",78,0,2007,2,"N","Lowndes County, Mississippi","Private","Promoters with facilities","County, NAICS 6-digit -- by ownership sector","All establishment sizes",1,0,0,0,0,0,0,0
"28087",5,"711310",78,0,2007,3,"N","Lowndes County, Mississippi","Private","Promoters with facilities","County, NAICS 6-digit -- by ownership sector","All establishment sizes",1,0,0,0,0,0,0,0
"28087",5,"711310",78,0,2007,4,"N","Lowndes County, Mississippi","Private","Promoters with facilities","County, NAICS 6-digit -- by ownership sector","All establishment sizes",1,0,0,0,0,0,0,0
"28087",5,7115,76,0,2007,1,"N","Lowndes County, Mississippi","Private","Independent artists, writers, and performers","County, NAICS 4-digit -- by ownership sector","All establishment sizes",1,0,0,0,0,0,0,0
"28087",5,"7115",76,0,2007,2,"N","Lowndes County, Mississippi","Private","Independent artists, writers, and performers","County, NAICS 4-digit -- by ownership sector","All establishment sizes",1,0,0,0,0,0,0,0
"28087",5,"7115",76,0,2007,3,"N","Lowndes County, Mississippi","Private","Independent artists, writers, and performers","County, NAICS 4-digit -- by ownership sector","All establishment sizes",1,0,0,0,0,0,0,0
"28087",5,"7115",76,0,2007,4,"N","Lowndes County, Mississippi","Private","Independent artists, writers, and performers","County, NAICS 4-digit -- by ownership sector","All establishment sizes",1,0,0,0,0,0,0,0
"28087",5,71151,77,0,2007,1,"N","Lowndes County, Mississippi","Private","Independent artists, writers, and performers","County, NAICS 5-digit -- by ownership sector","All establishment sizes",1,0,0,0,0,0,0,0
"28087",5,"71151",77,0,2007,2,"N","Lowndes County, Mississippi","Private","Independent artists, writers, and performers","County, NAICS 5-digit -- by ownership sector","All establishment sizes",1,0,0,0,0,0,0,0
"28087",5,"71151",77,0,2007,3,"N","Lowndes County, Mississippi","Private","Independent artists, writers, and performers","County, NAICS 5-digit -- by ownership sector","All establishment sizes",1,0,0,0,0,0,0,0
"28087",5,"71151",77,0,2007,4,"N","Lowndes County, Mississippi","Private","Independent artists, writers, and performers","County, NAICS 5-digit -- by ownership sector","All establishment sizes",1,0,0,0,0,0,0,0
"28087",5,711510,78,0,2007,1,"N","Lowndes County, Mississippi","Private","Independent artists, writers, and performers","County, NAICS 6-digit -- by ownership sector","All establishment sizes",1,0,0,0,0,0,0,0
"28087",5,"711510",78,0,2007,2,"N","Lowndes County, Mississippi","Private","Independent artists, writers, and performers","County, NAICS 6-digit -- by ownership sector","All establishment sizes",1,0,0,0,0,0,0,0
"28087",5,"711510",78,0,2007,3,"N","Lowndes County, Mississippi","Private","Independent artists, writers, and performers","County, NAICS 6-digit -- by ownership sector","All establishment sizes",1,0,0,0,0,0,0,0
"28087",5,"711510",78,0,2007,4,"N","Lowndes County, Mississippi","Private","Independent artists, writers, and performers","County, NAICS 6-digit -- by ownership sector","All establishment sizes",1,0,0,0,0,0,0,0
"28087",5,713,75,0,2007,1,"N","Lowndes County, Mississippi","Private","Amusements, gambling, and recreation","County, NAICS 3-digit -- by ownership sector","All establishment sizes",20,0,0,0,0,0,0,0
"28087",5,"713",75,0,2007,2,"N","Lowndes County, Mississippi","Private","Amusements, gambling, and recreation","County, NAICS 3-digit -- by ownership sector","All establishment sizes",20,0,0,0,0,0,0,0
"28087",5,"713",75,0,2007,3,"N","Lowndes County, Mississippi","Private","Amusements, gambling, and recreation","County, NAICS 3-digit -- by ownership sector","All establishment sizes",20,0,0,0,0,0,0,0
"28087",5,"713",75,0,2007,4,"N","Lowndes County, Mississippi","Private","Amusements, gambling, and recreation","County, NAICS 3-digit -- by ownership sector","All establishment sizes",20,0,0,0,0,0,0,0
"28087",5,7139,76,0,2007,1,"N","Lowndes County, Mississippi","Private","Other amusement and recreation industries","County, NAICS 4-digit -- by ownership sector","All establishment sizes",20,0,0,0,0,0,0,0
"28087",5,"7139",76,0,2007,2,"N","Lowndes County, Mississippi","Private","Other amusement and recreation industries","County, NAICS 4-digit -- by ownership sector","All establishment sizes",20,0,0,0,0,0,0,0
"28087",5,"7139",76,0,2007,3,"N","Lowndes County, Mississippi","Private","Other amusement and recreation industries","County, NAICS 4-digit -- by ownership sector","All establishment sizes",20,0,0,0,0,0,0,0
"28087",5,"7139",76,0,2007,4,"N","Lowndes County, Mississippi","Private","Other amusement and recreation industries","County, NAICS 4-digit -- by ownership sector","All establishment sizes",20,0,0,0,0,0,0,0
"28087",5,71391,77,0,2007,1,"","Lowndes County, Mississippi","Private","Golf courses and country clubs","County, NAICS 5-digit -- by ownership sector","All establishment sizes",4,54,58,64,236535,217472,1757,310
"28087",5,"71391",77,0,2007,2,"","Lowndes County, Mississippi","Private","Golf courses and country clubs","County, NAICS 5-digit -- by ownership sector","All establishment sizes",4,64,72,79,273100,150124,1482,293
"28087",5,"71391",77,0,2007,3,"","Lowndes County, Mississippi","Private","Golf courses and country clubs","County, NAICS 5-digit -- by ownership sector","All establishment sizes",4,82,87,73,309670,119315,887,295
"28087",5,"71391",77,0,2007,4,"","Lowndes County, Mississippi","Private","Golf courses and country clubs","County, NAICS 5-digit -- by ownership sector","All establishment sizes",4,70,66,59,242993,57074,419,288
"28087",5,713910,78,0,2007,1,"","Lowndes County, Mississippi","Private","Golf courses and country clubs","County, NAICS 6-digit -- by ownership sector","All establishment sizes",4,54,58,64,236535,217472,1757,310
"28087",5,"713910",78,0,2007,2,"","Lowndes County, Mississippi","Private","Golf courses and country clubs","County, NAICS 6-digit -- by ownership sector","All establishment sizes",4,64,72,79,273100,150124,1482,293
"28087",5,"713910",78,0,2007,3,"","Lowndes County, Mississippi","Private","Golf courses and country clubs","County, NAICS 6-digit -- by ownership sector","All establishment sizes",4,82,87,73,309670,119315,887,295
"28087",5,"713910",78,0,2007,4,"","Lowndes County, Mississippi","Private","Golf courses and country clubs","County, NAICS 6-digit -- by ownership sector","All establishment sizes",4,70,66,59,242993,57074,419,288
"28087",5,71393,77,0,2007,1,"N","Lowndes County, Mississippi","Private","Marinas","County, NAICS 5-digit -- by ownership sector","All establishment sizes",1,0,0,0,0,0,0,0
"28087",5,"71393",77,0,2007,2,"N","Lowndes County, Mississippi","Private","Marinas","County, NAICS 5-digit -- by ownership sector","All establishment sizes",1,0,0,0,0,0,0,0
"28087",5,"71393",77,0,2007,3,"N","Lowndes County, Mississippi","Private","Marinas","County, NAICS 5-digit -- by ownership sector","All establishment sizes",1,0,0,0,0,0,0,0
"28087",5,"71393",77,0,2007,4,"N","Lowndes County, Mississippi","Private","Marinas","County, NAICS 5-digit -- by ownership sector","All establishment sizes",1,0,0,0,0,0,0,0
"28087",5,713930,78,0,2007,1,"N","Lowndes County, Mississippi","Private","Marinas","County, NAICS 6-digit -- by ownership sector","All establishment sizes",1,0,0,0,0,0,0,0
"28087",5,"713930",78,0,2007,2,"N","Lowndes County, Mississippi","Private","Marinas","County, NAICS 6-digit -- by ownership sector","All establishment sizes",1,0,0,0,0,0,0,0
"28087",5,"713930",78,0,2007,3,"N","Lowndes County, Mississippi","Private","Marinas","County, NAICS 6-digit -- by ownership sector","All establishment sizes",1,0,0,0,0,0,0,0
"28087",5,"713930",78,0,2007,4,"N","Lowndes County, Mississippi","Private","Marinas","County, NAICS 6-digit -- by ownership sector","All establishment sizes",1,0,0,0,0,0,0,0
"28087",5,71394,77,0,2007,1,"","Lowndes County, Mississippi","Private","Fitness and recreational sports centers","County, NAICS 5-digit -- by ownership sector","All establishment sizes",10,150,150,145,289231,86516,376,150
"28087",5,"71394",77,0,2007,2,"","Lowndes County, Mississippi","Private","Fitness and recreational sports centers","County, NAICS 5-digit -- by ownership sector","All establishment sizes",10,152,160,159,320169,53269,240,157
"28087",5,"71394",77,0,2007,3,"","Lowndes County, Mississippi","Private","Fitness and recreational sports centers","County, NAICS 5-digit -- by ownership sector","All establishment sizes",10,160,148,153,324502,55356,248,162
"28087",5,"71394",77,0,2007,4,"","Lowndes County, Mississippi","Private","Fitness and recreational sports centers","County, NAICS 5-digit -- by ownership sector","All establishment sizes",10,157,154,140,297934,47950,220,152
"28087",5,713940,78,0,2007,1,"","Lowndes County, Mississippi","Private","Fitness and recreational sports centers","County, NAICS 6-digit -- by ownership sector","All establishment sizes",10,150,150,145,289231,86516,376,150
"28087",5,"713940",78,0,2007,2,"","Lowndes County, Mississippi","Private","Fitness and recreational sports centers","County, NAICS 6-digit -- by ownership sector","All establishment sizes",10,152,160,159,320169,53269,240,157
"28087",5,"713940",78,0,2007,3,"","Lowndes County, Mississippi","Private","Fitness and recreational sports centers","County, NAICS 6-digit -- by ownership sector","All establishment sizes",10,160,148,153,324502,55356,248,162
"28087",5,"713940",78,0,2007,4,"","Lowndes County, Mississippi","Private","Fitness and recreational sports centers","County, NAICS 6-digit -- by ownership sector","All establishment sizes",10,157,154,140,297934,47950,220,152
"28087",5,71399,77,0,2007,1,"","Lowndes County, Mississippi","Private","All other amusement and recreation industries","County, NAICS 5-digit -- by ownership sector","All establishment sizes",5,5,5,7,12986,12986,357,176
"28087",5,"71399",77,0,2007,2,"","Lowndes County, Mississippi","Private","All other amusement and recreation industries","County, NAICS 5-digit -- by ownership sector","All establishment sizes",5,20,20,20,18663,15788,273,72
"28087",5,"71399",77,0,2007,3,"","Lowndes County, Mississippi","Private","All other amusement and recreation industries","County, NAICS 5-digit -- by ownership sector","All establishment sizes",5,20,19,17,30050,24525,358,124
"28087",5,"71399",77,0,2007,4,"","Lowndes County, Mississippi","Private","All other amusement and recreation industries","County, NAICS 5-digit -- by ownership sector","All establishment sizes",5,8,11,10,18307,9097,171,146
"28087",5,713990,78,0,2007,1,"","Lowndes County, Mississippi","Private","All other amusement and recreation industries","County, NAICS 6-digit -- by ownership sector","All establishment sizes",5,5,5,7,12986,12986,357,176
"28087",5,"713990",78,0,2007,2,"","Lowndes County, Mississippi","Private","All other amusement and recreation industries","County, NAICS 6-digit -- by ownership sector","All establishment sizes",5,20,20,20,18663,15788,273,72
"28087",5,"713990",78,0,2007,3,"","Lowndes County, Mississippi","Private","All other amusement and recreation industries","County, NAICS 6-digit -- by ownership sector","All establishment sizes",5,20,19,17,30050,24525,358,124
"28087",5,"713990",78,0,2007,4,"","Lowndes County, Mississippi","Private","All other amusement and recreation industries","County, NAICS 6-digit -- by ownership sector","All establishment sizes",5,8,11,10,18307,9097,171,146
"28087",5,72,74,0,2007,1,"","Lowndes County, Mississippi","Private","Accommodation and food services","County, NAICS Sector -- by ownership sector","All establishment sizes",110,1924,1934,1958,5230540,4841410,62604,208
"28087",5,"72",74,0,2007,2,"","Lowndes County, Mississippi","Private","Accommodation and food services","County, NAICS Sector -- by ownership sector","All establishment sizes",108,2014,2018,2146,5520272,3821426,47084,206
"28087",5,"72",74,0,2007,3,"","Lowndes County, Mississippi","Private","Accommodation and food services","County, NAICS Sector -- by ownership sector","All establishment sizes",107,2087,2088,2041,5427544,2715483,31950,201
"28087",5,"72",74,0,2007,4,"","Lowndes County, Mississippi","Private","Accommodation and food services","County, NAICS Sector -- by ownership sector","All establishment sizes",108,2083,2314,2292,6004405,2420992,30888,207
"28087",5,721,75,0,2007,1,"","Lowndes County, Mississippi","Private","Accommodation","County, NAICS 3-digit -- by ownership sector","All establishment sizes",16,200,205,205,561011,533396,6588,212
"28087",5,"721",75,0,2007,2,"","Lowndes County, Mississippi","Private","Accommodation","County, NAICS 3-digit -- by ownership sector","All establishment sizes",15,211,213,216,640711,490594,5743,231
"28087",5,"721",75,0,2007,3,"","Lowndes County, Mississippi","Private","Accommodation","County, NAICS 3-digit -- by ownership sector","All establishment sizes",15,217,226,217,667977,354381,4245,234
"28087",5,"721",75,0,2007,4,"","Lowndes County, Mississippi","Private","Accommodation","County, NAICS 3-digit -- by ownership sector","All establishment sizes",15,217,214,210,734466,250908,3131,264
"28087",5,7211,76,0,2007,1,"","Lowndes County, Mississippi","Private","Traveler accommodation","County, NAICS 4-digit -- by ownership sector","All establishment sizes",16,200,205,205,561011,533396,6588,212
"28087",5,"7211",76,0,2007,2,"","Lowndes County, Mississippi","Private","Traveler accommodation","County, NAICS 4-digit -- by ownership sector","All establishment sizes",15,211,213,216,640711,490594,5743,231
"28087",5,"7211",76,0,2007,3,"","Lowndes County, Mississippi","Private","Traveler accommodation","County, NAICS 4-digit -- by ownership sector","All establishment sizes",15,217,226,217,667977,354381,4245,234
"28087",5,"7211",76,0,2007,4,"","Lowndes County, Mississippi","Private","Traveler accommodation","County, NAICS 4-digit -- by ownership sector","All establishment sizes",15,217,214,210,734466,250908,3131,264
"28087",5,72111,77,0,2007,1,"","Lowndes County, Mississippi","Private","Hotels and motels, except casino hotels","County, NAICS 5-digit -- by ownership sector","All establishment sizes",16,200,205,205,561011,533396,6588,212
"28087",5,"72111",77,0,2007,2,"","Lowndes County, Mississippi","Private","Hotels and motels, except casino hotels","County, NAICS 5-digit -- by ownership sector","All establishment sizes",15,211,213,216,640711,490594,5743,231
"28087",5,"72111",77,0,2007,3,"","Lowndes County, Mississippi","Private","Hotels and motels, except casino hotels","County, NAICS 5-digit -- by ownership sector","All establishment sizes",15,217,226,217,667977,354381,4245,234
"28087",5,"72111",77,0,2007,4,"","Lowndes County, Mississippi","Private","Hotels and motels, except casino hotels","County, NAICS 5-digit -- by ownership sector","All establishment sizes",15,217,214,210,734466,250908,3131,264
"28087",5,721110,78,0,2007,1,"","Lowndes County, Mississippi","Private","Hotels and motels, except casino hotels","County, NAICS 6-digit -- by ownership sector","All establishment sizes",16,200,205,205,561011,533396,6588,212
"28087",5,"721110",78,0,2007,2,"","Lowndes County, Mississippi","Private","Hotels and motels, except casino hotels","County, NAICS 6-digit -- by ownership sector","All establishment sizes",15,211,213,216,640711,490594,5743,231
"28087",5,"721110",78,0,2007,3,"","Lowndes County, Mississippi","Private","Hotels and motels, except casino hotels","County, NAICS 6-digit -- by ownership sector","All establishment sizes",15,217,226,217,667977,354381,4245,234
"28087",5,"721110",78,0,2007,4,"","Lowndes County, Mississippi","Private","Hotels and motels, except casino hotels","County, NAICS 6-digit -- by ownership sector","All establishment sizes",15,217,214,210,734466,250908,3131,264
"28087",5,722,75,0,2007,1,"","Lowndes County, Mississippi","Private","Food services and drinking places","County, NAICS 3-digit -- by ownership sector","All establishment sizes",94,1724,1729,1753,4669529,4308014,56016,207
"28087",5,"722",75,0,2007,2,"","Lowndes County, Mississippi","Private","Food services and drinking places","County, NAICS 3-digit -- by ownership sector","All establishment sizes",93,1803,1805,1930,4879561,3330832,41341,203
"28087",5,"722",75,0,2007,3,"","Lowndes County, Mississippi","Private","Food services and drinking places","County, NAICS 3-digit -- by ownership sector","All establishment sizes",92,1870,1862,1824,4759567,2361102,27705,198
"28087",5,"722",75,0,2007,4,"","Lowndes County, Mississippi","Private","Food services and drinking places","County, NAICS 3-digit -- by ownership sector","All establishment sizes",93,1866,2100,2082,5269939,2170084,27757,201
"28087",5,7221,76,0,2007,1,"","Lowndes County, Mississippi","Private","Full-service restaurants","County, NAICS 4-digit -- by ownership sector","All establishment sizes",37,685,684,686,1875083,1736839,15426,211
"28087",5,"7221",76,0,2007,2,"","Lowndes County, Mississippi","Private","Full-service restaurants","County, NAICS 4-digit -- by ownership sector","All establishment sizes",35,689,678,669,1947700,1328485,12533,221
"28087",5,"7221",76,0,2007,3,"","Lowndes County, Mississippi","Private","Full-service restaurants","County, NAICS 4-digit -- by ownership sector","All establishment sizes",34,652,633,659,1819878,815438,7011,216
"28087",5,"7221",76,0,2007,4,"","Lowndes County, Mississippi","Private","Full-service restaurants","County, NAICS 4-digit -- by ownership sector","All establishment sizes",37,671,931,902,2216337,896220,10715,204
"28087",5,72211,77,0,2007,1,"","Lowndes County, Mississippi","Private","Full-service restaurants","County, NAICS 5-digit -- by ownership sector","All establishment sizes",37,685,684,686,1875083,1736839,15426,211
"28087",5,"72211",77,0,2007,2,"","Lowndes County, Mississippi","Private","Full-service restaurants","County, NAICS 5-digit -- by ownership sector","All establishment sizes",35,689,678,669,1947700,1328485,12533,221
"28087",5,"72211",77,0,2007,3,"","Lowndes County, Mississippi","Private","Full-service restaurants","County, NAICS 5-digit -- by ownership sector","All establishment sizes",34,652,633,659,1819878,815438,7011,216
"28087",5,"72211",77,0,2007,4,"","Lowndes County, Mississippi","Private","Full-service restaurants","County, NAICS 5-digit -- by ownership sector","All establishment sizes",37,671,931,902,2216337,896220,10715,204
"28087",5,722110,78,0,2007,1,"","Lowndes County, Mississippi","Private","Full-service restaurants","County, NAICS 6-digit -- by ownership sector","All establishment sizes",37,685,684,686,1875083,1736839,15426,211
"28087",5,"722110",78,0,2007,2,"","Lowndes County, Mississippi","Private","Full-service restaurants","County, NAICS 6-digit -- by ownership sector","All establishment sizes",35,689,678,669,1947700,1328485,12533,221
"28087",5,"722110",78,0,2007,3,"","Lowndes County, Mississippi","Private","Full-service restaurants","County, NAICS 6-digit -- by ownership sector","All establishment sizes",34,652,633,659,1819878,815438,7011,216
"28087",5,"722110",78,0,2007,4,"","Lowndes County, Mississippi","Private","Full-service restaurants","County, NAICS 6-digit -- by ownership sector","All establishment sizes",37,671,931,902,2216337,896220,10715,204
"28087",5,7222,76,0,2007,1,"","Lowndes County, Mississippi","Private","Limited-service eating places","County, NAICS 4-digit -- by ownership sector","All establishment sizes",50,898,904,920,2264877,2085433,21911,192
"28087",5,"7222",76,0,2007,2,"","Lowndes County, Mississippi","Private","Limited-service eating places","County, NAICS 4-digit -- by ownership sector","All establishment sizes",51,969,985,1125,2460492,1706859,17668,184
"28087",5,"7222",76,0,2007,3,"","Lowndes County, Mississippi","Private","Limited-service eating places","County, NAICS 4-digit -- by ownership sector","All establishment sizes",50,1075,1091,1028,2443588,1366488,13880,177
"28087",5,"7222",76,0,2007,4,"","Lowndes County, Mississippi","Private","Limited-service eating places","County, NAICS 4-digit -- by ownership sector","All establishment sizes",48,1060,1035,1042,2518662,1129993,11385,185
"28087",5,72221,77,0,2007,1,"","Lowndes County, Mississippi","Private","Limited-service eating places","County, NAICS 5-digit -- by ownership sector","All establishment sizes",50,898,904,920,2264877,2085433,21911,192
"28087",5,"72221",77,0,2007,2,"","Lowndes County, Mississippi","Private","Limited-service eating places","County, NAICS 5-digit -- by ownership sector","All establishment sizes",51,969,985,1125,2460492,1706859,17668,184
"28087",5,"72221",77,0,2007,3,"","Lowndes County, Mississippi","Private","Limited-service eating places","County, NAICS 5-digit -- by ownership sector","All establishment sizes",50,1075,1091,1028,2443588,1366488,13880,177
"28087",5,"72221",77,0,2007,4,"","Lowndes County, Mississippi","Private","Limited-service eating places","County, NAICS 5-digit -- by ownership sector","All establishment sizes",48,1060,1035,1042,2518662,1129993,11385,185
"28087",5,722211,78,0,2007,1,"","Lowndes County, Mississippi","Private","Limited-service restaurants","County, NAICS 6-digit -- by ownership sector","All establishment sizes",41,731,736,750,1833924,1702918,18928,191
"28087",5,"722211",78,0,2007,2,"","Lowndes County, Mississippi","Private","Limited-service restaurants","County, NAICS 6-digit -- by ownership sector","All establishment sizes",40,781,797,940,2032140,1396964,15364,186
"28087",5,"722211",78,0,2007,3,"","Lowndes County, Mississippi","Private","Limited-service restaurants","County, NAICS 6-digit -- by ownership sector","All establishment sizes",39,907,921,867,2002022,1134320,12175,171
"28087",5,"722211",78,0,2007,4,"","Lowndes County, Mississippi","Private","Limited-service restaurants","County, NAICS 6-digit -- by ownership sector","All establishment sizes",38,895,871,876,2129813,966247,10038,186
"28087",5,722212,78,0,2007,1,"N","Lowndes County, Mississippi","Private","Cafeterias, grill buffets, and buffets","County, NAICS 6-digit -- by ownership sector","All establishment sizes",6,0,0,0,0,0,0,0
"28087",5,"722212",78,0,2007,2,"","Lowndes County, Mississippi","Private","Cafeterias, grill buffets, and buffets","County, NAICS 6-digit -- by ownership sector","All establishment sizes",6,150,148,143,365239,261906,1741,191
"28087",5,"722212",78,0,2007,3,"","Lowndes County, Mississippi","Private","Cafeterias, grill buffets, and buffets","County, NAICS 6-digit -- by ownership sector","All establishment sizes",6,140,142,135,383018,203548,1335,212
"28087",5,"722212",78,0,2007,4,"N","Lowndes County, Mississippi","Private","Cafeterias, grill buffets, and buffets","County, NAICS 6-digit -- by ownership sector","All establishment sizes",6,0,0,0,0,0,0,0
"28087",5,722213,78,0,2007,1,"N","Lowndes County, Mississippi","Private","Snack and nonalcoholic beverage bars","County, NAICS 6-digit -- by ownership sector","All establishment sizes",3,0,0,0,0,0,0,0
"28087",5,"722213",78,0,2007,2,"","Lowndes County, Mississippi","Private","Snack and nonalcoholic beverage bars","County, NAICS 6-digit -- by ownership sector","All establishment sizes",5,38,40,42,63113,47989,563,121
"28087",5,"722213",78,0,2007,3,"","Lowndes County, Mississippi","Private","Snack and nonalcoholic beverage bars","County, NAICS 6-digit -- by ownership sector","All establishment sizes",5,28,28,26,58548,28620,370,165
"28087",5,"722213",78,0,2007,4,"N","Lowndes County, Mississippi","Private","Snack and nonalcoholic beverage bars","County, NAICS 6-digit -- by ownership sector","All establishment sizes",4,0,0,0,0,0,0,0
"28087",5,7223,76,0,2007,1,"","Lowndes County, Mississippi","Private","Special food services","County, NAICS 4-digit -- by ownership sector","All establishment sizes",3,101,100,103,476989,433162,18002,362
"28087",5,"7223",76,0,2007,2,"","Lowndes County, Mississippi","Private","Special food services","County, NAICS 4-digit -- by ownership sector","All establishment sizes",3,104,106,103,426795,252221,10606,315
"28087",5,"7223",76,0,2007,3,"","Lowndes County, Mississippi","Private","Special food services","County, NAICS 4-digit -- by ownership sector","All establishment sizes",3,106,103,103,450114,141762,6288,333
"28087",5,"7223",76,0,2007,4,"","Lowndes County, Mississippi","Private","Special food services","County, NAICS 4-digit -- by ownership sector","All establishment sizes",3,103,105,103,493595,116807,5261,366
"28087",5,72231,77,0,2007,1,"N","Lowndes County, Mississippi","Private","Food service contractors","County, NAICS 5-digit -- by ownership sector","All establishment sizes",2,0,0,0,0,0,0,0
"28087",5,"72231",77,0,2007,2,"N","Lowndes County, Mississippi","Private","Food service contractors","County, NAICS 5-digit -- by ownership sector","All establishment sizes",2,0,0,0,0,0,0,0
"28087",5,"72231",77,0,2007,3,"N","Lowndes County, Mississippi","Private","Food service contractors","County, NAICS 5-digit -- by ownership sector","All establishment sizes",2,0,0,0,0,0,0,0
"28087",5,"72231",77,0,2007,4,"N","Lowndes County, Mississippi","Private","Food service contractors","County, NAICS 5-digit -- by ownership sector","All establishment sizes",2,0,0,0,0,0,0,0
"28087",5,722310,78,0,2007,1,"N","Lowndes County, Mississippi","Private","Food service contractors","County, NAICS 6-digit -- by ownership sector","All establishment sizes",2,0,0,0,0,0,0,0
"28087",5,"722310",78,0,2007,2,"N","Lowndes County, Mississippi","Private","Food service contractors","County, NAICS 6-digit -- by ownership sector","All establishment sizes",2,0,0,0,0,0,0,0
"28087",5,"722310",78,0,2007,3,"N","Lowndes County, Mississippi","Private","Food service contractors","County, NAICS 6-digit -- by ownership sector","All establishment sizes",2,0,0,0,0,0,0,0
"28087",5,"722310",78,0,2007,4,"N","Lowndes County, Mississippi","Private","Food service contractors","County, NAICS 6-digit -- by ownership sector","All establishment sizes",2,0,0,0,0,0,0,0
"28087",5,72232,77,0,2007,1,"N","Lowndes County, Mississippi","Private","Caterers","County, NAICS 5-digit -- by ownership sector","All establishment sizes",1,0,0,0,0,0,0,0
"28087",5,"72232",77,0,2007,2,"N","Lowndes County, Mississippi","Private","Caterers","County, NAICS 5-digit -- by ownership sector","All establishment sizes",1,0,0,0,0,0,0,0
"28087",5,"72232",77,0,2007,3,"N","Lowndes County, Mississippi","Private","Caterers","County, NAICS 5-digit -- by ownership sector","All establishment sizes",1,0,0,0,0,0,0,0
"28087",5,"72232",77,0,2007,4,"N","Lowndes County, Mississippi","Private","Caterers","County, NAICS 5-digit -- by ownership sector","All establishment sizes",1,0,0,0,0,0,0,0
"28087",5,722320,78,0,2007,1,"N","Lowndes County, Mississippi","Private","Caterers","County, NAICS 6-digit -- by ownership sector","All establishment sizes",1,0,0,0,0,0,0,0
"28087",5,"722320",78,0,2007,2,"N","Lowndes County, Mississippi","Private","Caterers","County, NAICS 6-digit -- by ownership sector","All establishment sizes",1,0,0,0,0,0,0,0
"28087",5,"722320",78,0,2007,3,"N","Lowndes County, Mississippi","Private","Caterers","County, NAICS 6-digit -- by ownership sector","All establishment sizes",1,0,0,0,0,0,0,0
"28087",5,"722320",78,0,2007,4,"N","Lowndes County, Mississippi","Private","Caterers","County, NAICS 6-digit -- by ownership sector","All establishment sizes",1,0,0,0,0,0,0,0
"28087",5,7224,76,0,2007,1,"","Lowndes County, Mississippi","Private","Drinking places, alcoholic beverages","County, NAICS 4-digit -- by ownership sector","All establishment sizes",4,40,41,44,52580,52580,677,97
"28087",5,"7224",76,0,2007,2,"","Lowndes County, Mississippi","Private","Drinking places, alcoholic beverages","County, NAICS 4-digit -- by ownership sector","All establishment sizes",4,41,36,33,44574,43267,534,94
"28087",5,"7224",76,0,2007,3,"","Lowndes County, Mississippi","Private","Drinking places, alcoholic beverages","County, NAICS 4-digit -- by ownership sector","All establishment sizes",5,37,35,34,45987,37414,526,100
"28087",5,"7224",76,0,2007,4,"","Lowndes County, Mississippi","Private","Drinking places, alcoholic beverages","County, NAICS 4-digit -- by ownership sector","All establishment sizes",5,32,29,35,41345,27064,396,99
"28087",5,72241,77,0,2007,1,"","Lowndes County, Mississippi","Private","Drinking places, alcoholic beverages","County, NAICS 5-digit -- by ownership sector","All establishment sizes",4,40,41,44,52580,52580,677,97
"28087",5,"72241",77,0,2007,2,"","Lowndes County, Mississippi","Private","Drinking places, alcoholic beverages","County, NAICS 5-digit -- by ownership sector","All establishment sizes",4,41,36,33,44574,43267,534,94
"28087",5,"72241",77,0,2007,3,"","Lowndes County, Mississippi","Private","Drinking places, alcoholic beverages","County, NAICS 5-digit -- by ownership sector","All establishment sizes",5,37,35,34,45987,37414,526,100
"28087",5,"72241",77,0,2007,4,"","Lowndes County, Mississippi","Private","Drinking places, alcoholic beverages","County, NAICS 5-digit -- by ownership sector","All establishment sizes",5,32,29,35,41345,27064,396,99
"28087",5,722410,78,0,2007,1,"","Lowndes County, Mississippi","Private","Drinking places, alcoholic beverages","County, NAICS 6-digit -- by ownership sector","All establishment sizes",4,40,41,44,52580,52580,677,97
"28087",5,"722410",78,0,2007,2,"","Lowndes County, Mississippi","Private","Drinking places, alcoholic beverages","County, NAICS 6-digit -- by ownership sector","All establishment sizes",4,41,36,33,44574,43267,534,94
"28087",5,"722410",78,0,2007,3,"","Lowndes County, Mississippi","Private","Drinking places, alcoholic beverages","County, NAICS 6-digit -- by ownership sector","All establishment sizes",5,37,35,34,45987,37414,526,100
"28087",5,"722410",78,0,2007,4,"","Lowndes County, Mississippi","Private","Drinking places, alcoholic beverages","County, NAICS 6-digit -- by ownership sector","All establishment sizes",5,32,29,35,41345,27064,396,99
"28087",5,81,74,0,2007,1,"","Lowndes County, Mississippi","Private","Other services, except public administration","County, NAICS Sector -- by ownership sector","All establishment sizes",140,737,727,745,4937356,3439378,38922,516
"28087",5,"81",74,0,2007,2,"","Lowndes County, Mississippi","Private","Other services, except public administration","County, NAICS Sector -- by ownership sector","All establishment sizes",142,756,758,802,5108205,1184086,12602,509
"28087",5,"81",74,0,2007,3,"","Lowndes County, Mississippi","Private","Other services, except public administration","County, NAICS Sector -- by ownership sector","All establishment sizes",146,786,783,782,5336034,870966,10734,524
"28087",5,"81",74,0,2007,4,"","Lowndes County, Mississippi","Private","Other services, except public administration","County, NAICS Sector -- by ownership sector","All establishment sizes",148,789,792,789,5919366,680463,9020,576
"28087",5,811,75,0,2007,1,"","Lowndes County, Mississippi","Private","Repair and maintenance","County, NAICS 3-digit -- by ownership sector","All establishment sizes",57,437,430,437,3757269,2437229,27735,665
"28087",5,"811",75,0,2007,2,"","Lowndes County, Mississippi","Private","Repair and maintenance","County, NAICS 3-digit -- by ownership sector","All establishment sizes",59,445,445,440,3842944,547128,5929,667
"28087",5,"811",75,0,2007,3,"","Lowndes County, Mississippi","Private","Repair and maintenance","County, NAICS 3-digit -- by ownership sector","All establishment sizes",61,453,459,459,4070894,478157,6599,685
"28087",5,"811",75,0,2007,4,"","Lowndes County, Mississippi","Private","Repair and maintenance","County, NAICS 3-digit -- by ownership sector","All establishment sizes",61,474,478,482,4589035,405290,5600,738
"28087",5,8111,76,0,2007,1,"","Lowndes County, Mississippi","Private","Automotive repair and maintenance","County, NAICS 4-digit -- by ownership sector","All establishment sizes",42,219,216,217,1312154,1057171,11637,464
"28087",5,"8111",76,0,2007,2,"","Lowndes County, Mississippi","Private","Automotive repair and maintenance","County, NAICS 4-digit -- by ownership sector","All establishment sizes",44,225,228,214,1408073,297247,3199,487
"28087",5,"8111",76,0,2007,3,"","Lowndes County, Mississippi","Private","Automotive repair and maintenance","County, NAICS 4-digit -- by ownership sector","All establishment sizes",44,207,216,216,1297321,181578,1973,469
"28087",5,"8111",76,0,2007,4,"","Lowndes County, Mississippi","Private","Automotive repair and maintenance","County, NAICS 4-digit -- by ownership sector","All establishment sizes",44,216,210,212,1395617,170220,1682,505
"28087",5,81111,77,0,2007,1,"","Lowndes County, Mississippi","Private","Automotive mechanical and electrical repair","County, NAICS 5-digit -- by ownership sector","All establishment sizes",21,92,85,88,601228,503752,7279,524
"28087",5,"81111",77,0,2007,2,"","Lowndes County, Mississippi","Private","Automotive mechanical and electrical repair","County, NAICS 5-digit -- by ownership sector","All establishment sizes",23,97,98,93,711115,127238,1455,570
"28087",5,"81111",77,0,2007,3,"","Lowndes County, Mississippi","Private","Automotive mechanical and electrical repair","County, NAICS 5-digit -- by ownership sector","All establishment sizes",23,84,89,92,578739,55397,699,504
"28087",5,"81111",77,0,2007,4,"","Lowndes County, Mississippi","Private","Automotive mechanical and electrical repair","County, NAICS 5-digit -- by ownership sector","All establishment sizes",23,93,92,95,663784,36758,641,547
"28087",5,811111,78,0,2007,1,"","Lowndes County, Mississippi","Private","General automotive repair","County, NAICS 6-digit -- by ownership sector","All establishment sizes",15,65,59,62,433481,358657,6013,538
"28087",5,"811111",78,0,2007,2,"","Lowndes County, Mississippi","Private","General automotive repair","County, NAICS 6-digit -- by ownership sector","All establishment sizes",16,71,71,67,495548,92337,1121,547
"28087",5,"811111",78,0,2007,3,"","Lowndes County, Mississippi","Private","General automotive repair","County, NAICS 6-digit -- by ownership sector","All establishment sizes",16,58,63,66,423437,45438,585,523
"28087",5,"811111",78,0,2007,4,"","Lowndes County, Mississippi","Private","General automotive repair","County, NAICS 6-digit -- by ownership sector","All establishment sizes",16,67,66,69,500453,32363,567,572
"28087",5,811112,78,0,2007,1,"N","Lowndes County, Mississippi","Private","Automotive exhaust system repair","County, NAICS 6-digit -- by ownership sector","All establishment sizes",2,0,0,0,0,0,0,0
"28087",5,"811112",78,0,2007,2,"N","Lowndes County, Mississippi","Private","Automotive exhaust system repair","County, NAICS 6-digit -- by ownership sector","All establishment sizes",2,0,0,0,0,0,0,0
"28087",5,"811112",78,0,2007,3,"N","Lowndes County, Mississippi","Private","Automotive exhaust system repair","County, NAICS 6-digit -- by ownership sector","All establishment sizes",2,0,0,0,0,0,0,0
"28087",5,"811112",78,0,2007,4,"N","Lowndes County, Mississippi","Private","Automotive exhaust system repair","County, NAICS 6-digit -- by ownership sector","All establishment sizes",2,0,0,0,0,0,0,0
"28087",5,811113,78,0,2007,1,"N","Lowndes County, Mississippi","Private","Automotive transmission repair","County, NAICS 6-digit -- by ownership sector","All establishment sizes",2,0,0,0,0,0,0,0
"28087",5,"811113",78,0,2007,2,"N","Lowndes County, Mississippi","Private","Automotive transmission repair","County, NAICS 6-digit -- by ownership sector","All establishment sizes",3,0,0,0,0,0,0,0
"28087",5,"811113",78,0,2007,3,"N","Lowndes County, Mississippi","Private","Automotive transmission repair","County, NAICS 6-digit -- by ownership sector","All establishment sizes",3,0,0,0,0,0,0,0
"28087",5,"811113",78,0,2007,4,"N","Lowndes County, Mississippi","Private","Automotive transmission repair","County, NAICS 6-digit -- by ownership sector","All establishment sizes",3,0,0,0,0,0,0,0
"28087",5,811118,78,0,2007,1,"N","Lowndes County, Mississippi","Private","Other automotive mechanical and elec. repair","County, NAICS 6-digit -- by ownership sector","All establishment sizes",2,0,0,0,0,0,0,0
"28087",5,"811118",78,0,2007,2,"N","Lowndes County, Mississippi","Private","Other automotive mechanical and elec. repair","County, NAICS 6-digit -- by ownership sector","All establishment sizes",2,0,0,0,0,0,0,0
"28087",5,"811118",78,0,2007,3,"N","Lowndes County, Mississippi","Private","Other automotive mechanical and elec. repair","County, NAICS 6-digit -- by ownership sector","All establishment sizes",2,0,0,0,0,0,0,0
"28087",5,"811118",78,0,2007,4,"N","Lowndes County, Mississippi","Private","Other automotive mechanical and elec. repair","County, NAICS 6-digit -- by ownership sector","All establishment sizes",2,0,0,0,0,0,0,0
"28087",5,81112,77,0,2007,1,"","Lowndes County, Mississippi","Private","Automotive body, interior, and glass repair","County, NAICS 5-digit -- by ownership sector","All establishment sizes",13,60,60,60,442417,325426,1701,567
"28087",5,"81112",77,0,2007,2,"","Lowndes County, Mississippi","Private","Automotive body, interior, and glass repair","County, NAICS 5-digit -- by ownership sector","All establishment sizes",13,62,62,57,437394,71836,369,558
"28087",5,"81112",77,0,2007,3,"","Lowndes County, Mississippi","Private","Automotive body, interior, and glass repair","County, NAICS 5-digit -- by ownership sector","All establishment sizes",13,56,58,56,441421,39642,238,599
"28087",5,"81112",77,0,2007,4,"","Lowndes County, Mississippi","Private","Automotive body, interior, and glass repair","County, NAICS 5-digit -- by ownership sector","All establishment sizes",13,59,54,58,453302,49111,304,612
"28087",5,811121,78,0,2007,1,"N","Lowndes County, Mississippi","Private","Automotive body and interior repair","County, NAICS 6-digit -- by ownership sector","All establishment sizes",11,0,0,0,0,0,0,0
"28087",5,"811121",78,0,2007,2,"N","Lowndes County, Mississippi","Private","Automotive body and interior repair","County, NAICS 6-digit -- by ownership sector","All establishment sizes",11,0,0,0,0,0,0,0
"28087",5,"811121",78,0,2007,3,"N","Lowndes County, Mississippi","Private","Automotive body and interior repair","County, NAICS 6-digit -- by ownership sector","All establishment sizes",11,0,0,0,0,0,0,0
"28087",5,"811121",78,0,2007,4,"N","Lowndes County, Mississippi","Private","Automotive body and interior repair","County, NAICS 6-digit -- by ownership sector","All establishment sizes",11,0,0,0,0,0,0,0
"28087",5,811122,78,0,2007,1,"N","Lowndes County, Mississippi","Private","Automotive glass replacement shops","County, NAICS 6-digit -- by ownership sector","All establishment sizes",2,0,0,0,0,0,0,0
"28087",5,"811122",78,0,2007,2,"N","Lowndes County, Mississippi","Private","Automotive glass replacement shops","County, NAICS 6-digit -- by ownership sector","All establishment sizes",2,0,0,0,0,0,0,0
"28087",5,"811122",78,0,2007,3,"N","Lowndes County, Mississippi","Private","Automotive glass replacement shops","County, NAICS 6-digit -- by ownership sector","All establishment sizes",2,0,0,0,0,0,0,0
"28087",5,"811122",78,0,2007,4,"N","Lowndes County, Mississippi","Private","Automotive glass replacement shops","County, NAICS 6-digit -- by ownership sector","All establishment sizes",2,0,0,0,0,0,0,0
"28087",5,81119,77,0,2007,1,"","Lowndes County, Mississippi","Private","Other automotive repair and maintenance","County, NAICS 5-digit -- by ownership sector","All establishment sizes",8,67,71,69,268509,227993,2657,299
"28087",5,"81119",77,0,2007,2,"","Lowndes County, Mississippi","Private","Other automotive repair and maintenance","County, NAICS 5-digit -- by ownership sector","All establishment sizes",8,66,68,64,259564,98173,1375,303
"28087",5,"81119",77,0,2007,3,"","Lowndes County, Mississippi","Private","Other automotive repair and maintenance","County, NAICS 5-digit -- by ownership sector","All establishment sizes",8,67,69,68,277161,86539,1036,314
"28087",5,"81119",77,0,2007,4,"","Lowndes County, Mississippi","Private","Other automotive repair and maintenance","County, NAICS 5-digit -- by ownership sector","All establishment sizes",8,64,64,59,278531,84351,737,344
"28087",5,811191,78,0,2007,1,"N","Lowndes County, Mississippi","Private","Automotive oil change and lubrication shops","County, NAICS 6-digit -- by ownership sector","All establishment sizes",4,0,0,0,0,0,0,0
"28087",5,"811191",78,0,2007,2,"N","Lowndes County, Mississippi","Private","Automotive oil change and lubrication shops","County, NAICS 6-digit -- by ownership sector","All establishment sizes",4,0,0,0,0,0,0,0
"28087",5,"811191",78,0,2007,3,"N","Lowndes County, Mississippi","Private","Automotive oil change and lubrication shops","County, NAICS 6-digit -- by ownership sector","All establishment sizes",4,0,0,0,0,0,0,0
"28087",5,"811191",78,0,2007,4,"N","Lowndes County, Mississippi","Private","Automotive oil change and lubrication shops","County, NAICS 6-digit -- by ownership sector","All establishment sizes",4,0,0,0,0,0,0,0
"28087",5,811192,78,0,2007,1,"","Lowndes County, Mississippi","Private","Car washes","County, NAICS 6-digit -- by ownership sector","All establishment sizes",3,38,39,37,73254,73254,1509,148
"28087",5,"811192",78,0,2007,2,"","Lowndes County, Mississippi","Private","Car washes","County, NAICS 6-digit -- by ownership sector","All establishment sizes",3,35,37,36,73719,54656,660,158
"28087",5,"811192",78,0,2007,3,"","Lowndes County, Mississippi","Private","Car washes","County, NAICS 6-digit -- by ownership sector","All establishment sizes",3,37,37,39,76215,42269,401,156
"28087",5,"811192",78,0,2007,4,"","Lowndes County, Mississippi","Private","Car washes","County, NAICS 6-digit -- by ownership sector","All establishment sizes",3,29,31,28,74912,35324,331,196
"28087",5,811198,78,0,2007,1,"N","Lowndes County, Mississippi","Private","All other automotive repair and maintenance","County, NAICS 6-digit -- by ownership sector","All establishment sizes",1,0,0,0,0,0,0,0
"28087",5,"811198",78,0,2007,2,"N","Lowndes County, Mississippi","Private","All other automotive repair and maintenance","County, NAICS 6-digit -- by ownership sector","All establishment sizes",1,0,0,0,0,0,0,0
"28087",5,"811198",78,0,2007,3,"N","Lowndes County, Mississippi","Private","All other automotive repair and maintenance","County, NAICS 6-digit -- by ownership sector","All establishment sizes",1,0,0,0,0,0,0,0
"28087",5,"811198",78,0,2007,4,"N","Lowndes County, Mississippi","Private","All other automotive repair and maintenance","County, NAICS 6-digit -- by ownership sector","All establishment sizes",1,0,0,0,0,0,0,0
"28087",5,8112,76,0,2007,1,"N","Lowndes County, Mississippi","Private","Electronic equipment repair and maintenance","County, NAICS 4-digit -- by ownership sector","All establishment sizes",2,0,0,0,0,0,0,0
"28087",5,"8112",76,0,2007,2,"N","Lowndes County, Mississippi","Private","Electronic equipment repair and maintenance","County, NAICS 4-digit -- by ownership sector","All establishment sizes",2,0,0,0,0,0,0,0
"28087",5,"8112",76,0,2007,3,"N","Lowndes County, Mississippi","Private","Electronic equipment repair and maintenance","County, NAICS 4-digit -- by ownership sector","All establishment sizes",3,0,0,0,0,0,0,0
"28087",5,"8112",76,0,2007,4,"","Lowndes County, Mississippi","Private","Electronic equipment repair and maintenance","County, NAICS 4-digit -- by ownership sector","All establishment sizes",3,9,11,11,65464,18094,375,487
"28087",5,81121,77,0,2007,1,"N","Lowndes County, Mississippi","Private","Electronic equipment repair and maintenance","County, NAICS 5-digit -- by ownership sector","All establishment sizes",2,0,0,0,0,0,0,0
"28087",5,"81121",77,0,2007,2,"N","Lowndes County, Mississippi","Private","Electronic equipment repair and maintenance","County, NAICS 5-digit -- by ownership sector","All establishment sizes",2,0,0,0,0,0,0,0
"28087",5,"81121",77,0,2007,3,"N","Lowndes County, Mississippi","Private","Electronic equipment repair and maintenance","County, NAICS 5-digit -- by ownership sector","All establishment sizes",3,0,0,0,0,0,0,0
"28087",5,"81121",77,0,2007,4,"","Lowndes County, Mississippi","Private","Electronic equipment repair and maintenance","County, NAICS 5-digit -- by ownership sector","All establishment sizes",3,9,11,11,65464,18094,375,487
"28087",5,811211,78,0,2007,1,"N","Lowndes County, Mississippi","Private","Consumer electronics repair and maintenance","County, NAICS 6-digit -- by ownership sector","All establishment sizes",1,0,0,0,0,0,0,0
"28087",5,"811211",78,0,2007,2,"N","Lowndes County, Mississippi","Private","Consumer electronics repair and maintenance","County, NAICS 6-digit -- by ownership sector","All establishment sizes",1,0,0,0,0,0,0,0
"28087",5,"811211",78,0,2007,3,"N","Lowndes County, Mississippi","Private","Consumer electronics repair and maintenance","County, NAICS 6-digit -- by ownership sector","All establishment sizes",1,0,0,0,0,0,0,0
"28087",5,"811211",78,0,2007,4,"N","Lowndes County, Mississippi","Private","Consumer electronics repair and maintenance","County, NAICS 6-digit -- by ownership sector","All establishment sizes",1,0,0,0,0,0,0,0
"28087",5,811212,78,0,2007,1,"N","Lowndes County, Mississippi","Private","Computer and office machine repair","County, NAICS 6-digit -- by ownership sector","All establishment sizes",1,0,0,0,0,0,0,0
"28087",5,"811212",78,0,2007,2,"N","Lowndes County, Mississippi","Private","Computer and office machine repair","County, NAICS 6-digit -- by ownership sector","All establishment sizes",1,0,0,0,0,0,0,0
"28087",5,"811212",78,0,2007,3,"N","Lowndes County, Mississippi","Private","Computer and office machine repair","County, NAICS 6-digit -- by ownership sector","All establishment sizes",2,0,0,0,0,0,0,0
"28087",5,"811212",78,0,2007,4,"N","Lowndes County, Mississippi","Private","Computer and office machine repair","County, NAICS 6-digit -- by ownership sector","All establishment sizes",2,0,0,0,0,0,0,0
"28087",5,8113,76,0,2007,1,"","Lowndes County, Mississippi","Private","Commercial machinery repair and maintenance","County, NAICS 4-digit -- by ownership sector","All establishment sizes",10,203,203,210,2396436,1338231,15790,898
"28087",5,"8113",76,0,2007,2,"","Lowndes County, Mississippi","Private","Commercial machinery repair and maintenance","County, NAICS 4-digit -- by ownership sector","All establishment sizes",10,209,208,217,2383960,227450,2640,868
"28087",5,"8113",76,0,2007,3,"","Lowndes County, Mississippi","Private","Commercial machinery repair and maintenance","County, NAICS 4-digit -- by ownership sector","All establishment sizes",11,235,231,230,2706294,278786,4434,897
"28087",5,"8113",76,0,2007,4,"","Lowndes County, Mississippi","Private","Commercial machinery repair and maintenance","County, NAICS 4-digit -- by ownership sector","All establishment sizes",10,244,252,255,3113801,213843,3473,957
"28087",5,81131,77,0,2007,1,"","Lowndes County, Mississippi","Private","Commercial machinery repair and maintenance","County, NAICS 5-digit -- by ownership sector","All establishment sizes",10,203,203,210,2396436,1338231,15790,898
"28087",5,"81131",77,0,2007,2,"","Lowndes County, Mississippi","Private","Commercial machinery repair and maintenance","County, NAICS 5-digit -- by ownership sector","All establishment sizes",10,209,208,217,2383960,227450,2640,868
"28087",5,"81131",77,0,2007,3,"","Lowndes County, Mississippi","Private","Commercial machinery repair and maintenance","County, NAICS 5-digit -- by ownership sector","All establishment sizes",11,235,231,230,2706294,278786,4434,897
"28087",5,"81131",77,0,2007,4,"","Lowndes County, Mississippi","Private","Commercial machinery repair and maintenance","County, NAICS 5-digit -- by ownership sector","All establishment sizes",10,244,252,255,3113801,213843,3473,957
"28087",5,811310,78,0,2007,1,"","Lowndes County, Mississippi","Private","Commercial machinery repair and maintenance","County, NAICS 6-digit -- by ownership sector","All establishment sizes",10,203,203,210,2396436,1338231,15790,898
"28087",5,"811310",78,0,2007,2,"","Lowndes County, Mississippi","Private","Commercial machinery repair and maintenance","County, NAICS 6-digit -- by ownership sector","All establishment sizes",10,209,208,217,2383960,227450,2640,868
"28087",5,"811310",78,0,2007,3,"","Lowndes County, Mississippi","Private","Commercial machinery repair and maintenance","County, NAICS 6-digit -- by ownership sector","All establishment sizes",11,235,231,230,2706294,278786,4434,897
"28087",5,"811310",78,0,2007,4,"","Lowndes County, Mississippi","Private","Commercial machinery repair and maintenance","County, NAICS 6-digit -- by ownership sector","All establishment sizes",10,244,252,255,3113801,213843,3473,957
"28087",5,8114,76,0,2007,1,"N","Lowndes County, Mississippi","Private","Household goods repair and maintenance","County, NAICS 4-digit -- by ownership sector","All establishment sizes",3,0,0,0,0,0,0,0
"28087",5,"8114",76,0,2007,2,"N","Lowndes County, Mississippi","Private","Household goods repair and maintenance","County, NAICS 4-digit -- by ownership sector","All establishment sizes",3,0,0,0,0,0,0,0
"28087",5,"8114",76,0,2007,3,"N","Lowndes County, Mississippi","Private","Household goods repair and maintenance","County, NAICS 4-digit -- by ownership sector","All establishment sizes",3,0,0,0,0,0,0,0
"28087",5,"8114",76,0,2007,4,"","Lowndes County, Mississippi","Private","Household goods repair and maintenance","County, NAICS 4-digit -- by ownership sector","All establishment sizes",4,5,5,4,14153,3133,70,233
"28087",5,81141,77,0,2007,1,"N","Lowndes County, Mississippi","Private","Home and garden equip. and appliance repair","County, NAICS 5-digit -- by ownership sector","All establishment sizes",2,0,0,0,0,0,0,0
"28087",5,"81141",77,0,2007,2,"N","Lowndes County, Mississippi","Private","Home and garden equip. and appliance repair","County, NAICS 5-digit -- by ownership sector","All establishment sizes",2,0,0,0,0,0,0,0
"28087",5,"81141",77,0,2007,3,"N","Lowndes County, Mississippi","Private","Home and garden equip. and appliance repair","County, NAICS 5-digit -- by ownership sector","All establishment sizes",2,0,0,0,0,0,0,0
"28087",5,"81141",77,0,2007,4,"N","Lowndes County, Mississippi","Private","Home and garden equip. and appliance repair","County, NAICS 5-digit -- by ownership sector","All establishment sizes",2,0,0,0,0,0,0,0
"28087",5,811412,78,0,2007,1,"N","Lowndes County, Mississippi","Private","Appliance repair and maintenance","County, NAICS 6-digit -- by ownership sector","All establishment sizes",2,0,0,0,0,0,0,0
"28087",5,"811412",78,0,2007,2,"N","Lowndes County, Mississippi","Private","Appliance repair and maintenance","County, NAICS 6-digit -- by ownership sector","All establishment sizes",2,0,0,0,0,0,0,0
"28087",5,"811412",78,0,2007,3,"N","Lowndes County, Mississippi","Private","Appliance repair and maintenance","County, NAICS 6-digit -- by ownership sector","All establishment sizes",2,0,0,0,0,0,0,0
"28087",5,"811412",78,0,2007,4,"N","Lowndes County, Mississippi","Private","Appliance repair and maintenance","County, NAICS 6-digit -- by ownership sector","All establishment sizes",2,0,0,0,0,0,0,0
"28087",5,81142,77,0,2007,1,"-","Lowndes County, Mississippi","Private","Reupholstery and furniture repair","County, NAICS 5-digit -- by ownership sector","All establishment sizes",0,0,0,0,0,0,0,0
"28087",5,"81142",77,0,2007,2,"-","Lowndes County, Mississippi","Private","Reupholstery and furniture repair","County, NAICS 5-digit -- by ownership sector","All establishment sizes",0,0,0,0,0,0,0,0
"28087",5,"81142",77,0,2007,3,"-","Lowndes County, Mississippi","Private","Reupholstery and furniture repair","County, NAICS 5-digit -- by ownership sector","All establishment sizes",0,0,0,0,0,0,0,0
"28087",5,"81142",77,0,2007,4,"N","Lowndes County, Mississippi","Private","Reupholstery and furniture repair","County, NAICS 5-digit -- by ownership sector","All establishment sizes",1,0,0,0,0,0,0,0
"28087",5,811420,78,0,2007,1,"-","Lowndes County, Mississippi","Private","Reupholstery and furniture repair","County, NAICS 6-digit -- by ownership sector","All establishment sizes",0,0,0,0,0,0,0,0
"28087",5,"811420",78,0,2007,2,"-","Lowndes County, Mississippi","Private","Reupholstery and furniture repair","County, NAICS 6-digit -- by ownership sector","All establishment sizes",0,0,0,0,0,0,0,0
"28087",5,"811420",78,0,2007,3,"-","Lowndes County, Mississippi","Private","Reupholstery and furniture repair","County, NAICS 6-digit -- by ownership sector","All establishment sizes",0,0,0,0,0,0,0,0
"28087",5,"811420",78,0,2007,4,"N","Lowndes County, Mississippi","Private","Reupholstery and furniture repair","County, NAICS 6-digit -- by ownership sector","All establishment sizes",1,0,0,0,0,0,0,0
"28087",5,81149,77,0,2007,1,"N","Lowndes County, Mississippi","Private","Other household goods repair and maintenance","County, NAICS 5-digit -- by ownership sector","All establishment sizes",1,0,0,0,0,0,0,0
"28087",5,"81149",77,0,2007,2,"N","Lowndes County, Mississippi","Private","Other household goods repair and maintenance","County, NAICS 5-digit -- by ownership sector","All establishment sizes",1,0,0,0,0,0,0,0
"28087",5,"81149",77,0,2007,3,"N","Lowndes County, Mississippi","Private","Other household goods repair and maintenance","County, NAICS 5-digit -- by ownership sector","All establishment sizes",1,0,0,0,0,0,0,0
"28087",5,"81149",77,0,2007,4,"N","Lowndes County, Mississippi","Private","Other household goods repair and maintenance","County, NAICS 5-digit -- by ownership sector","All establishment sizes",1,0,0,0,0,0,0,0
"28087",5,811490,78,0,2007,1,"N","Lowndes County, Mississippi","Private","Other household goods repair and maintenance","County, NAICS 6-digit -- by ownership sector","All establishment sizes",1,0,0,0,0,0,0,0
"28087",5,"811490",78,0,2007,2,"N","Lowndes County, Mississippi","Private","Other household goods repair and maintenance","County, NAICS 6-digit -- by ownership sector","All establishment sizes",1,0,0,0,0,0,0,0
"28087",5,"811490",78,0,2007,3,"N","Lowndes County, Mississippi","Private","Other household goods repair and maintenance","County, NAICS 6-digit -- by ownership sector","All establishment sizes",1,0,0,0,0,0,0,0
"28087",5,"811490",78,0,2007,4,"N","Lowndes County, Mississippi","Private","Other household goods repair and maintenance","County, NAICS 6-digit -- by ownership sector","All establishment sizes",1,0,0,0,0,0,0,0
"28087",5,812,75,0,2007,1,"","Lowndes County, Mississippi","Private","Personal and laundry services","County, NAICS 3-digit -- by ownership sector","All establishment sizes",36,211,207,216,820867,722999,6088,299
"28087",5,"812",75,0,2007,2,"","Lowndes County, Mississippi","Private","Personal and laundry services","County, NAICS 3-digit -- by ownership sector","All establishment sizes",35,213,210,210,829912,420352,3593,303
"28087",5,"812",75,0,2007,3,"","Lowndes County, Mississippi","Private","Personal and laundry services","County, NAICS 3-digit -- by ownership sector","All establishment sizes",36,207,206,208,795797,223066,1764,296
"28087",5,"812",75,0,2007,4,"","Lowndes County, Mississippi","Private","Personal and laundry services","County, NAICS 3-digit -- by ownership sector","All establishment sizes",40,207,204,202,855977,175243,2013,322
"28087",5,8121,76,0,2007,1,"","Lowndes County, Mississippi","Private","Personal care services","County, NAICS 4-digit -- by ownership sector","All establishment sizes",21,67,67,68,279593,256389,2533,319
"28087",5,"8121",76,0,2007,2,"","Lowndes County, Mississippi","Private","Personal care services","County, NAICS 4-digit -- by ownership sector","All establishment sizes",21,61,60,60,266228,124816,1407,339
"28087",5,"8121",76,0,2007,3,"","Lowndes County, Mississippi","Private","Personal care services","County, NAICS 4-digit -- by ownership sector","All establishment sizes",22,61,59,61,266527,60247,553,340
"28087",5,"8121",76,0,2007,4,"","Lowndes County, Mississippi","Private","Personal care services","County, NAICS 4-digit -- by ownership sector","All establishment sizes",25,60,60,61,269371,62803,928,343
"28087",5,81211,77,0,2007,1,"N","Lowndes County, Mississippi","Private","Hair, nail, and skin care services","County, NAICS 5-digit -- by ownership sector","All establishment sizes",19,0,0,0,0,0,0,0
"28087",5,"81211",77,0,2007,2,"N","Lowndes County, Mississippi","Private","Hair, nail, and skin care services","County, NAICS 5-digit -- by ownership sector","All establishment sizes",19,0,0,0,0,0,0,0
"28087",5,"81211",77,0,2007,3,"","Lowndes County, Mississippi","Private","Hair, nail, and skin care services","County, NAICS 5-digit -- by ownership sector","All establishment sizes",19,57,54,56,252615,54735,507,349
"28087",5,"81211",77,0,2007,4,"","Lowndes County, Mississippi","Private","Hair, nail, and skin care services","County, NAICS 5-digit -- by ownership sector","All establishment sizes",19,56,55,53,240393,45165,557,338
"28087",5,812112,78,0,2007,1,"","Lowndes County, Mississippi","Private","Beauty salons","County, NAICS 6-digit -- by ownership sector","All establishment sizes",17,61,61,61,255285,233481,2442,322
"28087",5,"812112",78,0,2007,2,"","Lowndes County, Mississippi","Private","Beauty salons","County, NAICS 6-digit -- by ownership sector","All establishment sizes",17,54,53,53,242209,116197,1373,349
"28087",5,"812112",78,0,2007,3,"N","Lowndes County, Mississippi","Private","Beauty salons","County, NAICS 6-digit -- by ownership sector","All establishment sizes",17,0,0,0,0,0,0,0
"28087",5,"812112",78,0,2007,4,"N","Lowndes County, Mississippi","Private","Beauty salons","County, NAICS 6-digit -- by ownership sector","All establishment sizes",17,0,0,0,0,0,0,0
"28087",5,812113,78,0,2007,1,"N","Lowndes County, Mississippi","Private","Nail salons","County, NAICS 6-digit -- by ownership sector","All establishment sizes",2,0,0,0,0,0,0,0
"28087",5,"812113",78,0,2007,2,"N","Lowndes County, Mississippi","Private","Nail salons","County, NAICS 6-digit -- by ownership sector","All establishment sizes",2,0,0,0,0,0,0,0
"28087",5,"812113",78,0,2007,3,"N","Lowndes County, Mississippi","Private","Nail salons","County, NAICS 6-digit -- by ownership sector","All establishment sizes",2,0,0,0,0,0,0,0
"28087",5,"812113",78,0,2007,4,"N","Lowndes County, Mississippi","Private","Nail salons","County, NAICS 6-digit -- by ownership sector","All establishment sizes",2,0,0,0,0,0,0,0
"28087",5,81219,77,0,2007,1,"N","Lowndes County, Mississippi","Private","Other personal care services","County, NAICS 5-digit -- by ownership sector","All establishment sizes",2,0,0,0,0,0,0,0
"28087",5,"81219",77,0,2007,2,"N","Lowndes County, Mississippi","Private","Other personal care services","County, NAICS 5-digit -- by ownership sector","All establishment sizes",2,0,0,0,0,0,0,0
"28087",5,"81219",77,0,2007,3,"","Lowndes County, Mississippi","Private","Other personal care services","County, NAICS 5-digit -- by ownership sector","All establishment sizes",3,4,5,5,13912,5512,46,229
"28087",5,"81219",77,0,2007,4,"","Lowndes County, Mississippi","Private","Other personal care services","County, NAICS 5-digit -- by ownership sector","All establishment sizes",6,4,5,8,28978,17638,371,393
"28087",5,812191,78,0,2007,1,"-","Lowndes County, Mississippi","Private","Diet and weight reducing centers","County, NAICS 6-digit -- by ownership sector","All establishment sizes",0,0,0,0,0,0,0,0
"28087",5,"812191",78,0,2007,2,"-","Lowndes County, Mississippi","Private","Diet and weight reducing centers","County, NAICS 6-digit -- by ownership sector","All establishment sizes",0,0,0,0,0,0,0,0
"28087",5,"812191",78,0,2007,3,"-","Lowndes County, Mississippi","Private","Diet and weight reducing centers","County, NAICS 6-digit -- by ownership sector","All establishment sizes",0,0,0,0,0,0,0,0
"28087",5,"812191",78,0,2007,4,"N","Lowndes County, Mississippi","Private","Diet and weight reducing centers","County, NAICS 6-digit -- by ownership sector","All establishment sizes",2,0,0,0,0,0,0,0
"28087",5,812199,78,0,2007,1,"N","Lowndes County, Mississippi","Private","Other personal care services","County, NAICS 6-digit -- by ownership sector","All establishment sizes",2,0,0,0,0,0,0,0
"28087",5,"812199",78,0,2007,2,"N","Lowndes County, Mississippi","Private","Other personal care services","County, NAICS 6-digit -- by ownership sector","All establishment sizes",2,0,0,0,0,0,0,0
"28087",5,"812199",78,0,2007,3,"","Lowndes County, Mississippi","Private","Other personal care services","County, NAICS 6-digit -- by ownership sector","All establishment sizes",3,4,5,5,13912,5512,46,229
"28087",5,"812199",78,0,2007,4,"N","Lowndes County, Mississippi","Private","Other personal care services","County, NAICS 6-digit -- by ownership sector","All establishment sizes",4,0,0,0,0,0,0,0
"28087",5,8122,76,0,2007,1,"","Lowndes County, Mississippi","Private","Death care services","County, NAICS 4-digit -- by ownership sector","All establishment sizes",6,38,38,38,186690,140340,1223,378
"28087",5,"8122",76,0,2007,2,"","Lowndes County, Mississippi","Private","Death care services","County, NAICS 4-digit -- by ownership sector","All establishment sizes",6,37,37,35,185278,41590,259,392
"28087",5,"8122",76,0,2007,3,"","Lowndes County, Mississippi","Private","Death care services","County, NAICS 4-digit -- by ownership sector","All establishment sizes",6,35,37,38,163816,13194,97,344
"28087",5,"8122",76,0,2007,4,"","Lowndes County, Mississippi","Private","Death care services","County, NAICS 4-digit -- by ownership sector","All establishment sizes",6,32,34,34,205814,21343,127,475
"28087",5,81221,77,0,2007,1,"","Lowndes County, Mississippi","Private","Funeral homes and funeral services","County, NAICS 5-digit -- by ownership sector","All establishment sizes",6,38,38,38,186690,140340,1223,378
"28087",5,"81221",77,0,2007,2,"","Lowndes County, Mississippi","Private","Funeral homes and funeral services","County, NAICS 5-digit -- by ownership sector","All establishment sizes",6,37,37,35,185278,41590,259,392
"28087",5,"81221",77,0,2007,3,"","Lowndes County, Mississippi","Private","Funeral homes and funeral services","County, NAICS 5-digit -- by ownership sector","All establishment sizes",6,35,37,38,163816,13194,97,344
"28087",5,"81221",77,0,2007,4,"","Lowndes County, Mississippi","Private","Funeral homes and funeral services","County, NAICS 5-digit -- by ownership sector","All establishment sizes",6,32,34,34,205814,21343,127,475
"28087",5,812210,78,0,2007,1,"","Lowndes County, Mississippi","Private","Funeral homes and funeral services","County, NAICS 6-digit -- by ownership sector","All establishment sizes",6,38,38,38,186690,140340,1223,378
"28087",5,"812210",78,0,2007,2,"","Lowndes County, Mississippi","Private","Funeral homes and funeral services","County, NAICS 6-digit -- by ownership sector","All establishment sizes",6,37,37,35,185278,41590,259,392
"28087",5,"812210",78,0,2007,3,"","Lowndes County, Mississippi","Private","Funeral homes and funeral services","County, NAICS 6-digit -- by ownership sector","All establishment sizes",6,35,37,38,163816,13194,97,344
"28087",5,"812210",78,0,2007,4,"","Lowndes County, Mississippi","Private","Funeral homes and funeral services","County, NAICS 6-digit -- by ownership sector","All establishment sizes",6,32,34,34,205814,21343,127,475
"28087",5,8123,76,0,2007,1,"","Lowndes County, Mississippi","Private","Drycleaning and laundry services","County, NAICS 4-digit -- by ownership sector","All establishment sizes",5,89,85,88,276268,252321,1412,243
"28087",5,"8123",76,0,2007,2,"","Lowndes County, Mississippi","Private","Drycleaning and laundry services","County, NAICS 4-digit -- by ownership sector","All establishment sizes",5,92,92,92,291683,202777,1149,244
"28087",5,"8123",76,0,2007,3,"","Lowndes County, Mississippi","Private","Drycleaning and laundry services","County, NAICS 4-digit -- by ownership sector","All establishment sizes",5,87,87,86,275071,115549,722,244
"28087",5,"8123",76,0,2007,4,"","Lowndes County, Mississippi","Private","Drycleaning and laundry services","County, NAICS 4-digit -- by ownership sector","All establishment sizes",6,88,83,82,285943,68226,714,261
"28087",5,81231,77,0,2007,1,"N","Lowndes County, Mississippi","Private","Coin-operated laundries and drycleaners","County, NAICS 5-digit -- by ownership sector","All establishment sizes",1,0,0,0,0,0,0,0
"28087",5,"81231",77,0,2007,2,"N","Lowndes County, Mississippi","Private","Coin-operated laundries and drycleaners","County, NAICS 5-digit -- by ownership sector","All establishment sizes",1,0,0,0,0,0,0,0
"28087",5,"81231",77,0,2007,3,"N","Lowndes County, Mississippi","Private","Coin-operated laundries and drycleaners","County, NAICS 5-digit -- by ownership sector","All establishment sizes",1,0,0,0,0,0,0,0
"28087",5,"81231",77,0,2007,4,"N","Lowndes County, Mississippi","Private","Coin-operated laundries and drycleaners","County, NAICS 5-digit -- by ownership sector","All establishment sizes",1,0,0,0,0,0,0,0
"28087",5,812310,78,0,2007,1,"N","Lowndes County, Mississippi","Private","Coin-operated laundries and drycleaners","County, NAICS 6-digit -- by ownership sector","All establishment sizes",1,0,0,0,0,0,0,0
"28087",5,"812310",78,0,2007,2,"N","Lowndes County, Mississippi","Private","Coin-operated laundries and drycleaners","County, NAICS 6-digit -- by ownership sector","All establishment sizes",1,0,0,0,0,0,0,0
"28087",5,"812310",78,0,2007,3,"N","Lowndes County, Mississippi","Private","Coin-operated laundries and drycleaners","County, NAICS 6-digit -- by ownership sector","All establishment sizes",1,0,0,0,0,0,0,0
"28087",5,"812310",78,0,2007,4,"N","Lowndes County, Mississippi","Private","Coin-operated laundries and drycleaners","County, NAICS 6-digit -- by ownership sector","All establishment sizes",1,0,0,0,0,0,0,0
"28087",5,81232,77,0,2007,1,"N","Lowndes County, Mississippi","Private","Drycleaning and laundry services","County, NAICS 5-digit -- by ownership sector","All establishment sizes",4,0,0,0,0,0,0,0
"28087",5,"81232",77,0,2007,2,"N","Lowndes County, Mississippi","Private","Drycleaning and laundry services","County, NAICS 5-digit -- by ownership sector","All establishment sizes",4,0,0,0,0,0,0,0
"28087",5,"81232",77,0,2007,3,"N","Lowndes County, Mississippi","Private","Drycleaning and laundry services","County, NAICS 5-digit -- by ownership sector","All establishment sizes",4,0,0,0,0,0,0,0
"28087",5,"81232",77,0,2007,4,"N","Lowndes County, Mississippi","Private","Drycleaning and laundry services","County, NAICS 5-digit -- by ownership sector","All establishment sizes",5,0,0,0,0,0,0,0
"28087",5,812320,78,0,2007,1,"N","Lowndes County, Mississippi","Private","Drycleaning and laundry services","County, NAICS 6-digit -- by ownership sector","All establishment sizes",4,0,0,0,0,0,0,0
"28087",5,"812320",78,0,2007,2,"N","Lowndes County, Mississippi","Private","Drycleaning and laundry services","County, NAICS 6-digit -- by ownership sector","All establishment sizes",4,0,0,0,0,0,0,0
"28087",5,"812320",78,0,2007,3,"N","Lowndes County, Mississippi","Private","Drycleaning and laundry services","County, NAICS 6-digit -- by ownership sector","All establishment sizes",4,0,0,0,0,0,0,0
"28087",5,"812320",78,0,2007,4,"N","Lowndes County, Mississippi","Private","Drycleaning and laundry services","County, NAICS 6-digit -- by ownership sector","All establishment sizes",5,0,0,0,0,0,0,0
"28087",5,8129,76,0,2007,1,"","Lowndes County, Mississippi","Private","Other personal services","County, NAICS 4-digit -- by ownership sector","All establishment sizes",4,17,17,22,78316,73949,920,323
"28087",5,"8129",76,0,2007,2,"","Lowndes County, Mississippi","Private","Other personal services","County, NAICS 4-digit -- by ownership sector","All establishment sizes",3,23,21,23,86723,51169,778,299
"28087",5,"8129",76,0,2007,3,"","Lowndes County, Mississippi","Private","Other personal services","County, NAICS 4-digit -- by ownership sector","All establishment sizes",3,24,23,23,90383,34076,392,298
"28087",5,"8129",76,0,2007,4,"","Lowndes County, Mississippi","Private","Other personal services","County, NAICS 4-digit -- by ownership sector","All establishment sizes",3,27,27,25,94849,22871,244,277
"28087",5,81291,77,0,2007,1,"N","Lowndes County, Mississippi","Private","Pet care, except veterinary, services","County, NAICS 5-digit -- by ownership sector","All establishment sizes",3,0,0,0,0,0,0,0
"28087",5,"81291",77,0,2007,2,"","Lowndes County, Mississippi","Private","Pet care, except veterinary, services","County, NAICS 5-digit -- by ownership sector","All establishment sizes",3,23,21,23,86723,51169,778,299
"28087",5,"81291",77,0,2007,3,"","Lowndes County, Mississippi","Private","Pet care, except veterinary, services","County, NAICS 5-digit -- by ownership sector","All establishment sizes",3,24,23,23,90383,34076,392,298
"28087",5,"81291",77,0,2007,4,"","Lowndes County, Mississippi","Private","Pet care, except veterinary, services","County, NAICS 5-digit -- by ownership sector","All establishment sizes",3,27,27,25,94849,22871,244,277
"28087",5,812910,78,0,2007,1,"N","Lowndes County, Mississippi","Private","Pet care, except veterinary, services","County, NAICS 6-digit -- by ownership sector","All establishment sizes",3,0,0,0,0,0,0,0
"28087",5,"812910",78,0,2007,2,"","Lowndes County, Mississippi","Private","Pet care, except veterinary, services","County, NAICS 6-digit -- by ownership sector","All establishment sizes",3,23,21,23,86723,51169,778,299
"28087",5,"812910",78,0,2007,3,"","Lowndes County, Mississippi","Private","Pet care, except veterinary, services","County, NAICS 6-digit -- by ownership sector","All establishment sizes",3,24,23,23,90383,34076,392,298
"28087",5,"812910",78,0,2007,4,"","Lowndes County, Mississippi","Private","Pet care, except veterinary, services","County, NAICS 6-digit -- by ownership sector","All establishment sizes",3,27,27,25,94849,22871,244,277
"28087",5,81299,77,0,2007,1,"N","Lowndes County, Mississippi","Private","All other personal services","County, NAICS 5-digit -- by ownership sector","All establishment sizes",1,0,0,0,0,0,0,0
"28087",5,"81299",77,0,2007,2,"-","Lowndes County, Mississippi","Private","All other personal services","County, NAICS 5-digit -- by ownership sector","All establishment sizes",0,0,0,0,0,0,0,0
"28087",5,"81299",77,0,2007,3,"-","Lowndes County, Mississippi","Private","All other personal services","County, NAICS 5-digit -- by ownership sector","All establishment sizes",0,0,0,0,0,0,0,0
"28087",5,"81299",77,0,2007,4,"-","Lowndes County, Mississippi","Private","All other personal services","County, NAICS 5-digit -- by ownership sector","All establishment sizes",0,0,0,0,0,0,0,0
"28087",5,812990,78,0,2007,1,"N","Lowndes County, Mississippi","Private","All other personal services","County, NAICS 6-digit -- by ownership sector","All establishment sizes",1,0,0,0,0,0,0,0
"28087",5,"812990",78,0,2007,2,"-","Lowndes County, Mississippi","Private","All other personal services","County, NAICS 6-digit -- by ownership sector","All establishment sizes",0,0,0,0,0,0,0,0
"28087",5,"812990",78,0,2007,3,"-","Lowndes County, Mississippi","Private","All other personal services","County, NAICS 6-digit -- by ownership sector","All establishment sizes",0,0,0,0,0,0,0,0
"28087",5,"812990",78,0,2007,4,"-","Lowndes County, Mississippi","Private","All other personal services","County, NAICS 6-digit -- by ownership sector","All establishment sizes",0,0,0,0,0,0,0,0
"28087",5,813,75,0,2007,1,"","Lowndes County, Mississippi","Private","Membership associations and organizations","County, NAICS 3-digit -- by ownership sector","All establishment sizes",10,34,37,38,156891,108324,1702,332
"28087",5,"813",75,0,2007,2,"","Lowndes County, Mississippi","Private","Membership associations and organizations","County, NAICS 3-digit -- by ownership sector","All establishment sizes",11,40,39,87,192637,85661,1698,268
"28087",5,"813",75,0,2007,3,"","Lowndes County, Mississippi","Private","Membership associations and organizations","County, NAICS 3-digit -- by ownership sector","All establishment sizes",10,61,55,44,191381,70184,1345,276
"28087",5,"813",75,0,2007,4,"","Lowndes County, Mississippi","Private","Membership associations and organizations","County, NAICS 3-digit -- by ownership sector","All establishment sizes",10,39,40,35,174530,30504,555,353
"28087",5,8131,76,0,2007,1,"N","Lowndes County, Mississippi","Private","Religious organizations","County, NAICS 4-digit -- by ownership sector","All establishment sizes",1,0,0,0,0,0,0,0
"28087",5,"8131",76,0,2007,2,"N","Lowndes County, Mississippi","Private","Religious organizations","County, NAICS 4-digit -- by ownership sector","All establishment sizes",1,0,0,0,0,0,0,0
"28087",5,"8131",76,0,2007,3,"N","Lowndes County, Mississippi","Private","Religious organizations","County, NAICS 4-digit -- by ownership sector","All establishment sizes",1,0,0,0,0,0,0,0
"28087",5,"8131",76,0,2007,4,"N","Lowndes County, Mississippi","Private","Religious organizations","County, NAICS 4-digit -- by ownership sector","All establishment sizes",1,0,0,0,0,0,0,0
"28087",5,81311,77,0,2007,1,"N","Lowndes County, Mississippi","Private","Religious organizations","County, NAICS 5-digit -- by ownership sector","All establishment sizes",1,0,0,0,0,0,0,0
"28087",5,"81311",77,0,2007,2,"N","Lowndes County, Mississippi","Private","Religious organizations","County, NAICS 5-digit -- by ownership sector","All establishment sizes",1,0,0,0,0,0,0,0
"28087",5,"81311",77,0,2007,3,"N","Lowndes County, Mississippi","Private","Religious organizations","County, NAICS 5-digit -- by ownership sector","All establishment sizes",1,0,0,0,0,0,0,0
"28087",5,"81311",77,0,2007,4,"N","Lowndes County, Mississippi","Private","Religious organizations","County, NAICS 5-digit -- by ownership sector","All establishment sizes",1,0,0,0,0,0,0,0
"28087",5,813110,78,0,2007,1,"N","Lowndes County, Mississippi","Private","Religious organizations","County, NAICS 6-digit -- by ownership sector","All establishment sizes",1,0,0,0,0,0,0,0
"28087",5,"813110",78,0,2007,2,"N","Lowndes County, Mississippi","Private","Religious organizations","County, NAICS 6-digit -- by ownership sector","All establishment sizes",1,0,0,0,0,0,0,0
"28087",5,"813110",78,0,2007,3,"N","Lowndes County, Mississippi","Private","Religious organizations","County, NAICS 6-digit -- by ownership sector","All establishment sizes",1,0,0,0,0,0,0,0
"28087",5,"813110",78,0,2007,4,"N","Lowndes County, Mississippi","Private","Religious organizations","County, NAICS 6-digit -- by ownership sector","All establishment sizes",1,0,0,0,0,0,0,0
"28087",5,8134,76,0,2007,1,"","Lowndes County, Mississippi","Private","Civic and social organizations","County, NAICS 4-digit -- by ownership sector","All establishment sizes",4,21,25,24,109617,62294,1163,361
"28087",5,"8134",76,0,2007,2,"","Lowndes County, Mississippi","Private","Civic and social organizations","County, NAICS 4-digit -- by ownership sector","All establishment sizes",5,25,25,59,132427,57991,1267,280
"28087",5,"8134",76,0,2007,3,"","Lowndes County, Mississippi","Private","Civic and social organizations","County, NAICS 4-digit -- by ownership sector","All establishment sizes",4,38,37,28,131103,49191,903,294
"28087",5,"8134",76,0,2007,4,"","Lowndes County, Mississippi","Private","Civic and social organizations","County, NAICS 4-digit -- by ownership sector","All establishment sizes",4,26,23,23,117761,20930,422,377
"28087",5,81341,77,0,2007,1,"","Lowndes County, Mississippi","Private","Civic and social organizations","County, NAICS 5-digit -- by ownership sector","All establishment sizes",4,21,25,24,109617,62294,1163,361
"28087",5,"81341",77,0,2007,2,"","Lowndes County, Mississippi","Private","Civic and social organizations","County, NAICS 5-digit -- by ownership sector","All establishment sizes",5,25,25,59,132427,57991,1267,280
"28087",5,"81341",77,0,2007,3,"","Lowndes County, Mississippi","Private","Civic and social organizations","County, NAICS 5-digit -- by ownership sector","All establishment sizes",4,38,37,28,131103,49191,903,294
"28087",5,"81341",77,0,2007,4,"","Lowndes County, Mississippi","Private","Civic and social organizations","County, NAICS 5-digit -- by ownership sector","All establishment sizes",4,26,23,23,117761,20930,422,377
"28087",5,813410,78,0,2007,1,"","Lowndes County, Mississippi","Private","Civic and social organizations","County, NAICS 6-digit -- by ownership sector","All establishment sizes",4,21,25,24,109617,62294,1163,361
"28087",5,"813410",78,0,2007,2,"","Lowndes County, Mississippi","Private","Civic and social organizations","County, NAICS 6-digit -- by ownership sector","All establishment sizes",5,25,25,59,132427,57991,1267,280
"28087",5,"813410",78,0,2007,3,"","Lowndes County, Mississippi","Private","Civic and social organizations","County, NAICS 6-digit -- by ownership sector","All establishment sizes",4,38,37,28,131103,49191,903,294
"28087",5,"813410",78,0,2007,4,"","Lowndes County, Mississippi","Private","Civic and social organizations","County, NAICS 6-digit -- by ownership sector","All establishment sizes",4,26,23,23,117761,20930,422,377
"28087",5,8139,76,0,2007,1,"N","Lowndes County, Mississippi","Private","Professional and similar organizations","County, NAICS 4-digit -- by ownership sector","All establishment sizes",5,0,0,0,0,0,0,0
"28087",5,"8139",76,0,2007,2,"N","Lowndes County, Mississippi","Private","Professional and similar organizations","County, NAICS 4-digit -- by ownership sector","All establishment sizes",5,0,0,0,0,0,0,0
"28087",5,"8139",76,0,2007,3,"N","Lowndes County, Mississippi","Private","Professional and similar organizations","County, NAICS 4-digit -- by ownership sector","All establishment sizes",5,0,0,0,0,0,0,0
"28087",5,"8139",76,0,2007,4,"N","Lowndes County, Mississippi","Private","Professional and similar organizations","County, NAICS 4-digit -- by ownership sector","All establishment sizes",5,0,0,0,0,0,0,0
"28087",5,81391,77,0,2007,1,"","Lowndes County, Mississippi","Private","Business associations","County, NAICS 5-digit -- by ownership sector","All establishment sizes",3,5,4,4,22909,22629,138,407
"28087",5,"81391",77,0,2007,2,"","Lowndes County, Mississippi","Private","Business associations","County, NAICS 5-digit -- by ownership sector","All establishment sizes",3,5,5,5,24900,10449,74,383
"28087",5,"81391",77,0,2007,3,"","Lowndes County, Mississippi","Private","Business associations","County, NAICS 5-digit -- by ownership sector","All establishment sizes",3,4,5,4,20741,2002,12,368
"28087",5,"81391",77,0,2007,4,"","Lowndes County, Mississippi","Private","Business associations","County, NAICS 5-digit -- by ownership sector","All establishment sizes",3,4,5,5,26314,3225,32,434
"28087",5,813910,78,0,2007,1,"","Lowndes County, Mississippi","Private","Business associations","County, NAICS 6-digit -- by ownership sector","All establishment sizes",3,5,4,4,22909,22629,138,407
"28087",5,"813910",78,0,2007,2,"","Lowndes County, Mississippi","Private","Business associations","County, NAICS 6-digit -- by ownership sector","All establishment sizes",3,5,5,5,24900,10449,74,383
"28087",5,"813910",78,0,2007,3,"","Lowndes County, Mississippi","Private","Business associations","County, NAICS 6-digit -- by ownership sector","All establishment sizes",3,4,5,4,20741,2002,12,368
"28087",5,"813910",78,0,2007,4,"","Lowndes County, Mississippi","Private","Business associations","County, NAICS 6-digit -- by ownership sector","All establishment sizes",3,4,5,5,26314,3225,32,434
"28087",5,81393,77,0,2007,1,"N","Lowndes County, Mississippi","Private","Labor unions and similar labor organizations","County, NAICS 5-digit -- by ownership sector","All establishment sizes",2,0,0,0,0,0,0,0
"28087",5,"81393",77,0,2007,2,"N","Lowndes County, Mississippi","Private","Labor unions and similar labor organizations","County, NAICS 5-digit -- by ownership sector","All establishment sizes",2,0,0,0,0,0,0,0
"28087",5,"81393",77,0,2007,3,"N","Lowndes County, Mississippi","Private","Labor unions and similar labor organizations","County, NAICS 5-digit -- by ownership sector","All establishment sizes",2,0,0,0,0,0,0,0
"28087",5,"81393",77,0,2007,4,"N","Lowndes County, Mississippi","Private","Labor unions and similar labor organizations","County, NAICS 5-digit -- by ownership sector","All establishment sizes",2,0,0,0,0,0,0,0
"28087",5,813930,78,0,2007,1,"N","Lowndes County, Mississippi","Private","Labor unions and similar labor organizations","County, NAICS 6-digit -- by ownership sector","All establishment sizes",2,0,0,0,0,0,0,0
"28087",5,"813930",78,0,2007,2,"N","Lowndes County, Mississippi","Private","Labor unions and similar labor organizations","County, NAICS 6-digit -- by ownership sector","All establishment sizes",2,0,0,0,0,0,0,0
"28087",5,"813930",78,0,2007,3,"N","Lowndes County, Mississippi","Private","Labor unions and similar labor organizations","County, NAICS 6-digit -- by ownership sector","All establishment sizes",2,0,0,0,0,0,0,0
"28087",5,"813930",78,0,2007,4,"N","Lowndes County, Mississippi","Private","Labor unions and similar labor organizations","County, NAICS 6-digit -- by ownership sector","All establishment sizes",2,0,0,0,0,0,0,0
"28087",5,814,75,0,2007,1,"","Lowndes County, Mississippi","Private","Private households","County, NAICS 3-digit -- by ownership sector","All establishment sizes",37,55,53,54,202329,170826,3397,288
"28087",5,"814",75,0,2007,2,"","Lowndes County, Mississippi","Private","Private households","County, NAICS 3-digit -- by ownership sector","All establishment sizes",37,58,64,65,242712,130945,1382,300
"28087",5,"814",75,0,2007,3,"","Lowndes County, Mississippi","Private","Private households","County, NAICS 3-digit -- by ownership sector","All establishment sizes",39,65,63,71,277962,99559,1026,322
"28087",5,"814",75,0,2007,4,"","Lowndes County, Mississippi","Private","Private households","County, NAICS 3-digit -- by ownership sector","All establishment sizes",37,69,70,70,299824,69426,852,331
"28087",5,8141,76,0,2007,1,"","Lowndes County, Mississippi","Private","Private households","County, NAICS 4-digit -- by ownership sector","All establishment sizes",37,55,53,54,202329,170826,3397,288
"28087",5,"8141",76,0,2007,2,"","Lowndes County, Mississippi","Private","Private households","County, NAICS 4-digit -- by ownership sector","All establishment sizes",37,58,64,65,242712,130945,1382,300
"28087",5,"8141",76,0,2007,3,"","Lowndes County, Mississippi","Private","Private households","County, NAICS 4-digit -- by ownership sector","All establishment sizes",39,65,63,71,277962,99559,1026,322
"28087",5,"8141",76,0,2007,4,"","Lowndes County, Mississippi","Private","Private households","County, NAICS 4-digit -- by ownership sector","All establishment sizes",37,69,70,70,299824,69426,852,331
"28087",5,81411,77,0,2007,1,"","Lowndes County, Mississippi","Private","Private households","County, NAICS 5-digit -- by ownership sector","All establishment sizes",37,55,53,54,202329,170826,3397,288
"28087",5,"81411",77,0,2007,2,"","Lowndes County, Mississippi","Private","Private households","County, NAICS 5-digit -- by ownership sector","All establishment sizes",37,58,64,65,242712,130945,1382,300
"28087",5,"81411",77,0,2007,3,"","Lowndes County, Mississippi","Private","Private households","County, NAICS 5-digit -- by ownership sector","All establishment sizes",39,65,63,71,277962,99559,1026,322
"28087",5,"81411",77,0,2007,4,"","Lowndes County, Mississippi","Private","Private households","County, NAICS 5-digit -- by ownership sector","All establishment sizes",37,69,70,70,299824,69426,852,331
"28087",5,814110,78,0,2007,1,"","Lowndes County, Mississippi","Private","Private households","County, NAICS 6-digit -- by ownership sector","All establishment sizes",37,55,53,54,202329,170826,3397,288
"28087",5,"814110",78,0,2007,2,"","Lowndes County, Mississippi","Private","Private households","County, NAICS 6-digit -- by ownership sector","All establishment sizes",37,58,64,65,242712,130945,1382,300
"28087",5,"814110",78,0,2007,3,"","Lowndes County, Mississippi","Private","Private households","County, NAICS 6-digit -- by ownership sector","All establishment sizes",39,65,63,71,277962,99559,1026,322
"28087",5,"814110",78,0,2007,4,"","Lowndes County, Mississippi","Private","Private households","County, NAICS 6-digit -- by ownership sector","All establishment sizes",37,69,70,70,299824,69426,852,331

