"area_fips","own_code","industry_code","agglvl_code","size_code","year","qtr","disclosure_code","area_title","own_title","industry_title","agglvl_title","size_title","qtrly_estabs_count","month1_emplvl","month2_emplvl","month3_emplvl","total_qtrly_wages","taxable_qtrly_wages","qtrly_contributions","avg_wkly_wage"
"13219",0,10,70,0,2007,1,"","Oconee County, Georgia","Total Covered","Total, all industries","County, Total Covered","All establishment sizes",964,8676,8844,8832,65462377,37286945,450884,573
"13219",0,"10",70,0,2007,2,"","Oconee County, Georgia","Total Covered","Total, all industries","County, Total Covered","All establishment sizes",970,8925,8829,8782,66278767,14240394,171371,576
"13219",0,"10",70,0,2007,3,"","Oconee County, Georgia","Total Covered","Total, all industries","County, Total Covered","All establishment sizes",975,8616,8679,8881,65964343,8244698,98239,582
"13219",0,"10",70,0,2007,4,"","Oconee County, Georgia","Total Covered","Total, all industries","County, Total Covered","All establishment sizes",982,8919,8907,8817,70231766,7443509,94233,608
"13219",1,10,71,0,2007,1,"","Oconee County, Georgia","Federal Government","Total, all industries","County, Total -- by ownership sector","All establishment sizes",13,189,188,192,1621725,0,0,658
"13219",1,"10",71,0,2007,2,"","Oconee County, Georgia","Federal Government","Total, all industries","County, Total -- by ownership sector","All establishment sizes",13,192,199,193,1851820,0,0,732
"13219",1,"10",71,0,2007,3,"","Oconee County, Georgia","Federal Government","Total, all industries","County, Total -- by ownership sector","All establishment sizes",13,196,191,193,1620115,0,0,645
"13219",1,"10",71,0,2007,4,"","Oconee County, Georgia","Federal Government","Total, all industries","County, Total -- by ownership sector","All establishment sizes",13,198,188,187,1750190,0,0,705
"13219",1,102,72,0,2007,1,"","Oconee County, Georgia","Federal Government","Service-Providing","County, by Domain -- by ownership sector","All establishment sizes",13,189,188,192,1621725,0,0,658
"13219",1,"102",72,0,2007,2,"","Oconee County, Georgia","Federal Government","Service-Providing","County, by Domain -- by ownership sector","All establishment sizes",13,192,199,193,1851820,0,0,732
"13219",1,"102",72,0,2007,3,"","Oconee County, Georgia","Federal Government","Service-Providing","County, by Domain -- by ownership sector","All establishment sizes",13,196,191,193,1620115,0,0,645
"13219",1,"102",72,0,2007,4,"","Oconee County, Georgia","Federal Government","Service-Providing","County, by Domain -- by ownership sector","All establishment sizes",13,198,188,187,1750190,0,0,705
"13219",1,1021,73,0,2007,1,"","Oconee County, Georgia","Federal Government","Trade, Transportation, and Utilities","County, by Supersector -- by ownership sector","All establishment sizes",5,59,56,55,532240,0,0,722
"13219",1,"1021",73,0,2007,2,"","Oconee County, Georgia","Federal Government","Trade, Transportation, and Utilities","County, by Supersector -- by ownership sector","All establishment sizes",5,57,58,58,622413,0,0,830
"13219",1,"1021",73,0,2007,3,"","Oconee County, Georgia","Federal Government","Trade, Transportation, and Utilities","County, by Supersector -- by ownership sector","All establishment sizes",5,61,59,60,562487,0,0,721
"13219",1,"1021",73,0,2007,4,"","Oconee County, Georgia","Federal Government","Trade, Transportation, and Utilities","County, by Supersector -- by ownership sector","All establishment sizes",5,60,61,55,647349,0,0,849
"13219",1,1028,73,0,2007,1,"","Oconee County, Georgia","Federal Government","Public Administration","County, by Supersector -- by ownership sector","All establishment sizes",8,130,132,137,1089485,0,0,630
"13219",1,"1028",73,0,2007,2,"","Oconee County, Georgia","Federal Government","Public Administration","County, by Supersector -- by ownership sector","All establishment sizes",8,135,141,135,1229407,0,0,690
"13219",1,"1028",73,0,2007,3,"","Oconee County, Georgia","Federal Government","Public Administration","County, by Supersector -- by ownership sector","All establishment sizes",8,135,132,133,1057628,0,0,610
"13219",1,"1028",73,0,2007,4,"","Oconee County, Georgia","Federal Government","Public Administration","County, by Supersector -- by ownership sector","All establishment sizes",8,138,127,132,1102841,0,0,641
"13219",1,48-49,74,0,2007,1,"","Oconee County, Georgia","Federal Government","Transportation and warehousing","County, NAICS Sector -- by ownership sector","All establishment sizes",5,59,56,55,532240,0,0,722
"13219",1,"48-49",74,0,2007,2,"","Oconee County, Georgia","Federal Government","Transportation and warehousing","County, NAICS Sector -- by ownership sector","All establishment sizes",5,57,58,58,622413,0,0,830
"13219",1,"48-49",74,0,2007,3,"","Oconee County, Georgia","Federal Government","Transportation and warehousing","County, NAICS Sector -- by ownership sector","All establishment sizes",5,61,59,60,562487,0,0,721
"13219",1,"48-49",74,0,2007,4,"","Oconee County, Georgia","Federal Government","Transportation and warehousing","County, NAICS Sector -- by ownership sector","All establishment sizes",5,60,61,55,647349,0,0,849
"13219",1,491,75,0,2007,1,"","Oconee County, Georgia","Federal Government","Postal service","County, NAICS 3-digit -- by ownership sector","All establishment sizes",5,59,56,55,532240,0,0,722
"13219",1,"491",75,0,2007,2,"","Oconee County, Georgia","Federal Government","Postal service","County, NAICS 3-digit -- by ownership sector","All establishment sizes",5,57,58,58,622413,0,0,830
"13219",1,"491",75,0,2007,3,"","Oconee County, Georgia","Federal Government","Postal service","County, NAICS 3-digit -- by ownership sector","All establishment sizes",5,61,59,60,562487,0,0,721
"13219",1,"491",75,0,2007,4,"","Oconee County, Georgia","Federal Government","Postal service","County, NAICS 3-digit -- by ownership sector","All establishment sizes",5,60,61,55,647349,0,0,849
"13219",1,4911,76,0,2007,1,"","Oconee County, Georgia","Federal Government","Postal service","County, NAICS 4-digit -- by ownership sector","All establishment sizes",5,59,56,55,532240,0,0,722
"13219",1,"4911",76,0,2007,2,"","Oconee County, Georgia","Federal Government","Postal service","County, NAICS 4-digit -- by ownership sector","All establishment sizes",5,57,58,58,622413,0,0,830
"13219",1,"4911",76,0,2007,3,"","Oconee County, Georgia","Federal Government","Postal service","County, NAICS 4-digit -- by ownership sector","All establishment sizes",5,61,59,60,562487,0,0,721
"13219",1,"4911",76,0,2007,4,"","Oconee County, Georgia","Federal Government","Postal service","County, NAICS 4-digit -- by ownership sector","All establishment sizes",5,60,61,55,647349,0,0,849
"13219",1,49111,77,0,2007,1,"","Oconee County, Georgia","Federal Government","Postal service","County, NAICS 5-digit -- by ownership sector","All establishment sizes",5,59,56,55,532240,0,0,722
"13219",1,"49111",77,0,2007,2,"","Oconee County, Georgia","Federal Government","Postal service","County, NAICS 5-digit -- by ownership sector","All establishment sizes",5,57,58,58,622413,0,0,830
"13219",1,"49111",77,0,2007,3,"","Oconee County, Georgia","Federal Government","Postal service","County, NAICS 5-digit -- by ownership sector","All establishment sizes",5,61,59,60,562487,0,0,721
"13219",1,"49111",77,0,2007,4,"","Oconee County, Georgia","Federal Government","Postal service","County, NAICS 5-digit -- by ownership sector","All establishment sizes",5,60,61,55,647349,0,0,849
"13219",1,491110,78,0,2007,1,"","Oconee County, Georgia","Federal Government","Postal service","County, NAICS 6-digit -- by ownership sector","All establishment sizes",5,59,56,55,532240,0,0,722
"13219",1,"491110",78,0,2007,2,"","Oconee County, Georgia","Federal Government","Postal service","County, NAICS 6-digit -- by ownership sector","All establishment sizes",5,57,58,58,622413,0,0,830
"13219",1,"491110",78,0,2007,3,"","Oconee County, Georgia","Federal Government","Postal service","County, NAICS 6-digit -- by ownership sector","All establishment sizes",5,61,59,60,562487,0,0,721
"13219",1,"491110",78,0,2007,4,"","Oconee County, Georgia","Federal Government","Postal service","County, NAICS 6-digit -- by ownership sector","All establishment sizes",5,60,61,55,647349,0,0,849
"13219",1,92,74,0,2007,1,"","Oconee County, Georgia","Federal Government","Public Administration","County, NAICS Sector -- by ownership sector","All establishment sizes",8,130,132,137,1089485,0,0,630
"13219",1,"92",74,0,2007,2,"","Oconee County, Georgia","Federal Government","Public Administration","County, NAICS Sector -- by ownership sector","All establishment sizes",8,135,141,135,1229407,0,0,690
"13219",1,"92",74,0,2007,3,"","Oconee County, Georgia","Federal Government","Public Administration","County, NAICS Sector -- by ownership sector","All establishment sizes",8,135,132,133,1057628,0,0,610
"13219",1,"92",74,0,2007,4,"","Oconee County, Georgia","Federal Government","Public Administration","County, NAICS Sector -- by ownership sector","All establishment sizes",8,138,127,132,1102841,0,0,641
"13219",1,921,75,0,2007,1,"","Oconee County, Georgia","Federal Government","Executive, legislative and general government","County, NAICS 3-digit -- by ownership sector","All establishment sizes",1,1,1,1,17302,0,0,1331
"13219",1,"921",75,0,2007,2,"","Oconee County, Georgia","Federal Government","Executive, legislative and general government","County, NAICS 3-digit -- by ownership sector","All establishment sizes",1,1,1,1,19724,0,0,1517
"13219",1,"921",75,0,2007,3,"","Oconee County, Georgia","Federal Government","Executive, legislative and general government","County, NAICS 3-digit -- by ownership sector","All establishment sizes",1,1,1,1,18721,0,0,1440
"13219",1,"921",75,0,2007,4,"","Oconee County, Georgia","Federal Government","Executive, legislative and general government","County, NAICS 3-digit -- by ownership sector","All establishment sizes",1,1,1,1,23374,0,0,1798
"13219",1,9211,76,0,2007,1,"","Oconee County, Georgia","Federal Government","Executive, legislative and general government","County, NAICS 4-digit -- by ownership sector","All establishment sizes",1,1,1,1,17302,0,0,1331
"13219",1,"9211",76,0,2007,2,"","Oconee County, Georgia","Federal Government","Executive, legislative and general government","County, NAICS 4-digit -- by ownership sector","All establishment sizes",1,1,1,1,19724,0,0,1517
"13219",1,"9211",76,0,2007,3,"","Oconee County, Georgia","Federal Government","Executive, legislative and general government","County, NAICS 4-digit -- by ownership sector","All establishment sizes",1,1,1,1,18721,0,0,1440
"13219",1,"9211",76,0,2007,4,"","Oconee County, Georgia","Federal Government","Executive, legislative and general government","County, NAICS 4-digit -- by ownership sector","All establishment sizes",1,1,1,1,23374,0,0,1798
"13219",1,92119,77,0,2007,1,"","Oconee County, Georgia","Federal Government","Other general government support","County, NAICS 5-digit -- by ownership sector","All establishment sizes",1,1,1,1,17302,0,0,1331
"13219",1,"92119",77,0,2007,2,"","Oconee County, Georgia","Federal Government","Other general government support","County, NAICS 5-digit -- by ownership sector","All establishment sizes",1,1,1,1,19724,0,0,1517
"13219",1,"92119",77,0,2007,3,"","Oconee County, Georgia","Federal Government","Other general government support","County, NAICS 5-digit -- by ownership sector","All establishment sizes",1,1,1,1,18721,0,0,1440
"13219",1,"92119",77,0,2007,4,"","Oconee County, Georgia","Federal Government","Other general government support","County, NAICS 5-digit -- by ownership sector","All establishment sizes",1,1,1,1,23374,0,0,1798
"13219",1,921190,78,0,2007,1,"","Oconee County, Georgia","Federal Government","Other general government support","County, NAICS 6-digit -- by ownership sector","All establishment sizes",1,1,1,1,17302,0,0,1331
"13219",1,"921190",78,0,2007,2,"","Oconee County, Georgia","Federal Government","Other general government support","County, NAICS 6-digit -- by ownership sector","All establishment sizes",1,1,1,1,19724,0,0,1517
"13219",1,"921190",78,0,2007,3,"","Oconee County, Georgia","Federal Government","Other general government support","County, NAICS 6-digit -- by ownership sector","All establishment sizes",1,1,1,1,18721,0,0,1440
"13219",1,"921190",78,0,2007,4,"","Oconee County, Georgia","Federal Government","Other general government support","County, NAICS 6-digit -- by ownership sector","All establishment sizes",1,1,1,1,23374,0,0,1798
"13219",1,922,75,0,2007,1,"","Oconee County, Georgia","Federal Government","Justice, public order, and safety activities","County, NAICS 3-digit -- by ownership sector","All establishment sizes",2,91,91,95,608711,0,0,507
"13219",1,"922",75,0,2007,2,"","Oconee County, Georgia","Federal Government","Justice, public order, and safety activities","County, NAICS 3-digit -- by ownership sector","All establishment sizes",2,96,100,96,665878,0,0,526
"13219",1,"922",75,0,2007,3,"","Oconee County, Georgia","Federal Government","Justice, public order, and safety activities","County, NAICS 3-digit -- by ownership sector","All establishment sizes",2,95,90,91,572779,0,0,479
"13219",1,"922",75,0,2007,4,"","Oconee County, Georgia","Federal Government","Justice, public order, and safety activities","County, NAICS 3-digit -- by ownership sector","All establishment sizes",2,93,89,92,548048,0,0,462
"13219",1,9221,76,0,2007,1,"","Oconee County, Georgia","Federal Government","Justice, public order, and safety activities","County, NAICS 4-digit -- by ownership sector","All establishment sizes",2,91,91,95,608711,0,0,507
"13219",1,"9221",76,0,2007,2,"","Oconee County, Georgia","Federal Government","Justice, public order, and safety activities","County, NAICS 4-digit -- by ownership sector","All establishment sizes",2,96,100,96,665878,0,0,526
"13219",1,"9221",76,0,2007,3,"","Oconee County, Georgia","Federal Government","Justice, public order, and safety activities","County, NAICS 4-digit -- by ownership sector","All establishment sizes",2,95,90,91,572779,0,0,479
"13219",1,"9221",76,0,2007,4,"","Oconee County, Georgia","Federal Government","Justice, public order, and safety activities","County, NAICS 4-digit -- by ownership sector","All establishment sizes",2,93,89,92,548048,0,0,462
"13219",1,92215,77,0,2007,1,"","Oconee County, Georgia","Federal Government","Parole offices and probation offices","County, NAICS 5-digit -- by ownership sector","All establishment sizes",1,90,91,93,597167,0,0,503
"13219",1,"92215",77,0,2007,2,"","Oconee County, Georgia","Federal Government","Parole offices and probation offices","County, NAICS 5-digit -- by ownership sector","All establishment sizes",1,95,99,94,629353,0,0,504
"13219",1,"92215",77,0,2007,3,"","Oconee County, Georgia","Federal Government","Parole offices and probation offices","County, NAICS 5-digit -- by ownership sector","All establishment sizes",1,94,89,91,559415,0,0,471
"13219",1,"92215",77,0,2007,4,"","Oconee County, Georgia","Federal Government","Parole offices and probation offices","County, NAICS 5-digit -- by ownership sector","All establishment sizes",1,93,89,92,548048,0,0,462
"13219",1,922150,78,0,2007,1,"","Oconee County, Georgia","Federal Government","Parole offices and probation offices","County, NAICS 6-digit -- by ownership sector","All establishment sizes",1,90,91,93,597167,0,0,503
"13219",1,"922150",78,0,2007,2,"","Oconee County, Georgia","Federal Government","Parole offices and probation offices","County, NAICS 6-digit -- by ownership sector","All establishment sizes",1,95,99,94,629353,0,0,504
"13219",1,"922150",78,0,2007,3,"","Oconee County, Georgia","Federal Government","Parole offices and probation offices","County, NAICS 6-digit -- by ownership sector","All establishment sizes",1,94,89,91,559415,0,0,471
"13219",1,"922150",78,0,2007,4,"","Oconee County, Georgia","Federal Government","Parole offices and probation offices","County, NAICS 6-digit -- by ownership sector","All establishment sizes",1,93,89,92,548048,0,0,462
"13219",1,92219,77,0,2007,1,"","Oconee County, Georgia","Federal Government","Other justice and safety activities","County, NAICS 5-digit -- by ownership sector","All establishment sizes",1,1,0,2,11544,0,0,888
"13219",1,"92219",77,0,2007,2,"","Oconee County, Georgia","Federal Government","Other justice and safety activities","County, NAICS 5-digit -- by ownership sector","All establishment sizes",1,1,1,2,36525,0,0,2107
"13219",1,"92219",77,0,2007,3,"","Oconee County, Georgia","Federal Government","Other justice and safety activities","County, NAICS 5-digit -- by ownership sector","All establishment sizes",1,1,1,0,13364,0,0,1542
"13219",1,"92219",77,0,2007,4,"","Oconee County, Georgia","Federal Government","Other justice and safety activities","County, NAICS 5-digit -- by ownership sector","All establishment sizes",1,0,0,0,0,0,0,0
"13219",1,922190,78,0,2007,1,"","Oconee County, Georgia","Federal Government","Other justice and safety activities","County, NAICS 6-digit -- by ownership sector","All establishment sizes",1,1,0,2,11544,0,0,888
"13219",1,"922190",78,0,2007,2,"","Oconee County, Georgia","Federal Government","Other justice and safety activities","County, NAICS 6-digit -- by ownership sector","All establishment sizes",1,1,1,2,36525,0,0,2107
"13219",1,"922190",78,0,2007,3,"","Oconee County, Georgia","Federal Government","Other justice and safety activities","County, NAICS 6-digit -- by ownership sector","All establishment sizes",1,1,1,0,13364,0,0,1542
"13219",1,"922190",78,0,2007,4,"","Oconee County, Georgia","Federal Government","Other justice and safety activities","County, NAICS 6-digit -- by ownership sector","All establishment sizes",1,0,0,0,0,0,0,0
"13219",1,924,75,0,2007,1,"","Oconee County, Georgia","Federal Government","Administration of environmental programs","County, NAICS 3-digit -- by ownership sector","All establishment sizes",2,9,9,12,70364,0,0,541
"13219",1,"924",75,0,2007,2,"","Oconee County, Georgia","Federal Government","Administration of environmental programs","County, NAICS 3-digit -- by ownership sector","All establishment sizes",2,9,11,5,82259,0,0,759
"13219",1,"924",75,0,2007,3,"","Oconee County, Georgia","Federal Government","Administration of environmental programs","County, NAICS 3-digit -- by ownership sector","All establishment sizes",2,6,10,11,71197,0,0,609
"13219",1,"924",75,0,2007,4,"","Oconee County, Georgia","Federal Government","Administration of environmental programs","County, NAICS 3-digit -- by ownership sector","All establishment sizes",2,13,6,6,92915,0,0,858
"13219",1,9241,76,0,2007,1,"","Oconee County, Georgia","Federal Government","Administration of environmental programs","County, NAICS 4-digit -- by ownership sector","All establishment sizes",2,9,9,12,70364,0,0,541
"13219",1,"9241",76,0,2007,2,"","Oconee County, Georgia","Federal Government","Administration of environmental programs","County, NAICS 4-digit -- by ownership sector","All establishment sizes",2,9,11,5,82259,0,0,759
"13219",1,"9241",76,0,2007,3,"","Oconee County, Georgia","Federal Government","Administration of environmental programs","County, NAICS 4-digit -- by ownership sector","All establishment sizes",2,6,10,11,71197,0,0,609
"13219",1,"9241",76,0,2007,4,"","Oconee County, Georgia","Federal Government","Administration of environmental programs","County, NAICS 4-digit -- by ownership sector","All establishment sizes",2,13,6,6,92915,0,0,858
"13219",1,92412,77,0,2007,1,"","Oconee County, Georgia","Federal Government","Administration of conservation programs","County, NAICS 5-digit -- by ownership sector","All establishment sizes",2,9,9,12,70364,0,0,541
"13219",1,"92412",77,0,2007,2,"","Oconee County, Georgia","Federal Government","Administration of conservation programs","County, NAICS 5-digit -- by ownership sector","All establishment sizes",2,9,11,5,82259,0,0,759
"13219",1,"92412",77,0,2007,3,"","Oconee County, Georgia","Federal Government","Administration of conservation programs","County, NAICS 5-digit -- by ownership sector","All establishment sizes",2,6,10,11,71197,0,0,609
"13219",1,"92412",77,0,2007,4,"","Oconee County, Georgia","Federal Government","Administration of conservation programs","County, NAICS 5-digit -- by ownership sector","All establishment sizes",2,13,6,6,92915,0,0,858
"13219",1,924120,78,0,2007,1,"","Oconee County, Georgia","Federal Government","Administration of conservation programs","County, NAICS 6-digit -- by ownership sector","All establishment sizes",2,9,9,12,70364,0,0,541
"13219",1,"924120",78,0,2007,2,"","Oconee County, Georgia","Federal Government","Administration of conservation programs","County, NAICS 6-digit -- by ownership sector","All establishment sizes",2,9,11,5,82259,0,0,759
"13219",1,"924120",78,0,2007,3,"","Oconee County, Georgia","Federal Government","Administration of conservation programs","County, NAICS 6-digit -- by ownership sector","All establishment sizes",2,6,10,11,71197,0,0,609
"13219",1,"924120",78,0,2007,4,"","Oconee County, Georgia","Federal Government","Administration of conservation programs","County, NAICS 6-digit -- by ownership sector","All establishment sizes",2,13,6,6,92915,0,0,858
"13219",1,926,75,0,2007,1,"","Oconee County, Georgia","Federal Government","Administration of economic programs","County, NAICS 3-digit -- by ownership sector","All establishment sizes",3,29,31,29,393108,0,0,1019
"13219",1,"926",75,0,2007,2,"","Oconee County, Georgia","Federal Government","Administration of economic programs","County, NAICS 3-digit -- by ownership sector","All establishment sizes",3,29,29,33,461546,0,0,1170
"13219",1,"926",75,0,2007,3,"","Oconee County, Georgia","Federal Government","Administration of economic programs","County, NAICS 3-digit -- by ownership sector","All establishment sizes",3,33,31,30,394931,0,0,970
"13219",1,"926",75,0,2007,4,"","Oconee County, Georgia","Federal Government","Administration of economic programs","County, NAICS 3-digit -- by ownership sector","All establishment sizes",3,31,31,33,438504,0,0,1065
"13219",1,9261,76,0,2007,1,"","Oconee County, Georgia","Federal Government","Administration of economic programs","County, NAICS 4-digit -- by ownership sector","All establishment sizes",3,29,31,29,393108,0,0,1019
"13219",1,"9261",76,0,2007,2,"","Oconee County, Georgia","Federal Government","Administration of economic programs","County, NAICS 4-digit -- by ownership sector","All establishment sizes",3,29,29,33,461546,0,0,1170
"13219",1,"9261",76,0,2007,3,"","Oconee County, Georgia","Federal Government","Administration of economic programs","County, NAICS 4-digit -- by ownership sector","All establishment sizes",3,33,31,30,394931,0,0,970
"13219",1,"9261",76,0,2007,4,"","Oconee County, Georgia","Federal Government","Administration of economic programs","County, NAICS 4-digit -- by ownership sector","All establishment sizes",3,31,31,33,438504,0,0,1065
"13219",1,92611,77,0,2007,1,"","Oconee County, Georgia","Federal Government","Administration of general economic programs","County, NAICS 5-digit -- by ownership sector","All establishment sizes",2,1,1,1,3900,0,0,300
"13219",1,"92611",77,0,2007,2,"","Oconee County, Georgia","Federal Government","Administration of general economic programs","County, NAICS 5-digit -- by ownership sector","All establishment sizes",2,1,1,1,5648,0,0,434
"13219",1,"92611",77,0,2007,3,"","Oconee County, Georgia","Federal Government","Administration of general economic programs","County, NAICS 5-digit -- by ownership sector","All establishment sizes",2,1,1,1,4652,0,0,358
"13219",1,"92611",77,0,2007,4,"","Oconee County, Georgia","Federal Government","Administration of general economic programs","County, NAICS 5-digit -- by ownership sector","All establishment sizes",2,1,1,1,5814,0,0,447
"13219",1,926110,78,0,2007,1,"","Oconee County, Georgia","Federal Government","Administration of general economic programs","County, NAICS 6-digit -- by ownership sector","All establishment sizes",2,1,1,1,3900,0,0,300
"13219",1,"926110",78,0,2007,2,"","Oconee County, Georgia","Federal Government","Administration of general economic programs","County, NAICS 6-digit -- by ownership sector","All establishment sizes",2,1,1,1,5648,0,0,434
"13219",1,"926110",78,0,2007,3,"","Oconee County, Georgia","Federal Government","Administration of general economic programs","County, NAICS 6-digit -- by ownership sector","All establishment sizes",2,1,1,1,4652,0,0,358
"13219",1,"926110",78,0,2007,4,"","Oconee County, Georgia","Federal Government","Administration of general economic programs","County, NAICS 6-digit -- by ownership sector","All establishment sizes",2,1,1,1,5814,0,0,447
"13219",1,92614,77,0,2007,1,"","Oconee County, Georgia","Federal Government","Agricultural market and commodity regulation","County, NAICS 5-digit -- by ownership sector","All establishment sizes",1,28,30,28,389208,0,0,1044
"13219",1,"92614",77,0,2007,2,"","Oconee County, Georgia","Federal Government","Agricultural market and commodity regulation","County, NAICS 5-digit -- by ownership sector","All establishment sizes",1,28,28,32,455898,0,0,1196
"13219",1,"92614",77,0,2007,3,"","Oconee County, Georgia","Federal Government","Agricultural market and commodity regulation","County, NAICS 5-digit -- by ownership sector","All establishment sizes",1,32,30,29,390279,0,0,990
"13219",1,"92614",77,0,2007,4,"","Oconee County, Georgia","Federal Government","Agricultural market and commodity regulation","County, NAICS 5-digit -- by ownership sector","All establishment sizes",1,30,30,32,432690,0,0,1085
"13219",1,926140,78,0,2007,1,"","Oconee County, Georgia","Federal Government","Agricultural market and commodity regulation","County, NAICS 6-digit -- by ownership sector","All establishment sizes",1,28,30,28,389208,0,0,1044
"13219",1,"926140",78,0,2007,2,"","Oconee County, Georgia","Federal Government","Agricultural market and commodity regulation","County, NAICS 6-digit -- by ownership sector","All establishment sizes",1,28,28,32,455898,0,0,1196
"13219",1,"926140",78,0,2007,3,"","Oconee County, Georgia","Federal Government","Agricultural market and commodity regulation","County, NAICS 6-digit -- by ownership sector","All establishment sizes",1,32,30,29,390279,0,0,990
"13219",1,"926140",78,0,2007,4,"","Oconee County, Georgia","Federal Government","Agricultural market and commodity regulation","County, NAICS 6-digit -- by ownership sector","All establishment sizes",1,30,30,32,432690,0,0,1085
"13219",2,10,71,0,2007,1,"","Oconee County, Georgia","State Government","Total, all industries","County, Total -- by ownership sector","All establishment sizes",10,42,43,43,272682,0,0,492
"13219",2,"10",71,0,2007,2,"","Oconee County, Georgia","State Government","Total, all industries","County, Total -- by ownership sector","All establishment sizes",10,42,42,42,284304,0,0,521
"13219",2,"10",71,0,2007,3,"","Oconee County, Georgia","State Government","Total, all industries","County, Total -- by ownership sector","All establishment sizes",11,43,42,42,266363,1000,0,484
"13219",2,"10",71,0,2007,4,"","Oconee County, Georgia","State Government","Total, all industries","County, Total -- by ownership sector","All establishment sizes",11,43,45,44,281730,1010,26,493
"13219",2,102,72,0,2007,1,"","Oconee County, Georgia","State Government","Service-Providing","County, by Domain -- by ownership sector","All establishment sizes",10,42,43,43,272682,0,0,492
"13219",2,"102",72,0,2007,2,"","Oconee County, Georgia","State Government","Service-Providing","County, by Domain -- by ownership sector","All establishment sizes",10,42,42,42,284304,0,0,521
"13219",2,"102",72,0,2007,3,"","Oconee County, Georgia","State Government","Service-Providing","County, by Domain -- by ownership sector","All establishment sizes",11,43,42,42,266363,1000,0,484
"13219",2,"102",72,0,2007,4,"","Oconee County, Georgia","State Government","Service-Providing","County, by Domain -- by ownership sector","All establishment sizes",11,43,45,44,281730,1010,26,493
"13219",2,1021,73,0,2007,1,"N","Oconee County, Georgia","State Government","Trade, Transportation, and Utilities","County, by Supersector -- by ownership sector","All establishment sizes",1,0,0,0,0,0,0,0
"13219",2,"1021",73,0,2007,2,"N","Oconee County, Georgia","State Government","Trade, Transportation, and Utilities","County, by Supersector -- by ownership sector","All establishment sizes",1,0,0,0,0,0,0,0
"13219",2,"1021",73,0,2007,3,"N","Oconee County, Georgia","State Government","Trade, Transportation, and Utilities","County, by Supersector -- by ownership sector","All establishment sizes",1,0,0,0,0,0,0,0
"13219",2,"1021",73,0,2007,4,"N","Oconee County, Georgia","State Government","Trade, Transportation, and Utilities","County, by Supersector -- by ownership sector","All establishment sizes",1,0,0,0,0,0,0,0
"13219",2,1022,73,0,2007,1,"N","Oconee County, Georgia","State Government","Information","County, by Supersector -- by ownership sector","All establishment sizes",2,0,0,0,0,0,0,0
"13219",2,"1022",73,0,2007,2,"N","Oconee County, Georgia","State Government","Information","County, by Supersector -- by ownership sector","All establishment sizes",2,0,0,0,0,0,0,0
"13219",2,"1022",73,0,2007,3,"N","Oconee County, Georgia","State Government","Information","County, by Supersector -- by ownership sector","All establishment sizes",2,0,0,0,0,0,0,0
"13219",2,"1022",73,0,2007,4,"N","Oconee County, Georgia","State Government","Information","County, by Supersector -- by ownership sector","All establishment sizes",2,0,0,0,0,0,0,0
"13219",2,1025,73,0,2007,1,"","Oconee County, Georgia","State Government","Education and Health Services","County, by Supersector -- by ownership sector","All establishment sizes",3,15,16,16,127210,0,0,625
"13219",2,"1025",73,0,2007,2,"","Oconee County, Georgia","State Government","Education and Health Services","County, by Supersector -- by ownership sector","All establishment sizes",3,16,16,16,130647,0,0,628
"13219",2,"1025",73,0,2007,3,"","Oconee County, Georgia","State Government","Education and Health Services","County, by Supersector -- by ownership sector","All establishment sizes",3,16,16,16,131285,0,0,631
"13219",2,"1025",73,0,2007,4,"","Oconee County, Georgia","State Government","Education and Health Services","County, by Supersector -- by ownership sector","All establishment sizes",3,16,18,17,136897,0,0,619
"13219",2,1028,73,0,2007,1,"","Oconee County, Georgia","State Government","Public Administration","County, by Supersector -- by ownership sector","All establishment sizes",4,5,5,5,48830,0,0,751
"13219",2,"1028",73,0,2007,2,"","Oconee County, Georgia","State Government","Public Administration","County, by Supersector -- by ownership sector","All establishment sizes",4,5,5,5,48917,0,0,753
"13219",2,"1028",73,0,2007,3,"","Oconee County, Georgia","State Government","Public Administration","County, by Supersector -- by ownership sector","All establishment sizes",5,5,5,5,46394,1000,0,714
"13219",2,"1028",73,0,2007,4,"","Oconee County, Georgia","State Government","Public Administration","County, by Supersector -- by ownership sector","All establishment sizes",5,6,6,6,51487,1010,26,660
"13219",2,48-49,74,0,2007,1,"N","Oconee County, Georgia","State Government","Transportation and warehousing","County, NAICS Sector -- by ownership sector","All establishment sizes",1,0,0,0,0,0,0,0
"13219",2,"48-49",74,0,2007,2,"N","Oconee County, Georgia","State Government","Transportation and warehousing","County, NAICS Sector -- by ownership sector","All establishment sizes",1,0,0,0,0,0,0,0
"13219",2,"48-49",74,0,2007,3,"N","Oconee County, Georgia","State Government","Transportation and warehousing","County, NAICS Sector -- by ownership sector","All establishment sizes",1,0,0,0,0,0,0,0
"13219",2,"48-49",74,0,2007,4,"N","Oconee County, Georgia","State Government","Transportation and warehousing","County, NAICS Sector -- by ownership sector","All establishment sizes",1,0,0,0,0,0,0,0
"13219",2,488,75,0,2007,1,"N","Oconee County, Georgia","State Government","Support activities for transportation","County, NAICS 3-digit -- by ownership sector","All establishment sizes",1,0,0,0,0,0,0,0
"13219",2,"488",75,0,2007,2,"N","Oconee County, Georgia","State Government","Support activities for transportation","County, NAICS 3-digit -- by ownership sector","All establishment sizes",1,0,0,0,0,0,0,0
"13219",2,"488",75,0,2007,3,"N","Oconee County, Georgia","State Government","Support activities for transportation","County, NAICS 3-digit -- by ownership sector","All establishment sizes",1,0,0,0,0,0,0,0
"13219",2,"488",75,0,2007,4,"N","Oconee County, Georgia","State Government","Support activities for transportation","County, NAICS 3-digit -- by ownership sector","All establishment sizes",1,0,0,0,0,0,0,0
"13219",2,4881,76,0,2007,1,"N","Oconee County, Georgia","State Government","Support activities for air transportation","County, NAICS 4-digit -- by ownership sector","All establishment sizes",1,0,0,0,0,0,0,0
"13219",2,"4881",76,0,2007,2,"N","Oconee County, Georgia","State Government","Support activities for air transportation","County, NAICS 4-digit -- by ownership sector","All establishment sizes",1,0,0,0,0,0,0,0
"13219",2,"4881",76,0,2007,3,"N","Oconee County, Georgia","State Government","Support activities for air transportation","County, NAICS 4-digit -- by ownership sector","All establishment sizes",1,0,0,0,0,0,0,0
"13219",2,"4881",76,0,2007,4,"N","Oconee County, Georgia","State Government","Support activities for air transportation","County, NAICS 4-digit -- by ownership sector","All establishment sizes",1,0,0,0,0,0,0,0
"13219",2,48811,77,0,2007,1,"N","Oconee County, Georgia","State Government","Airport operations","County, NAICS 5-digit -- by ownership sector","All establishment sizes",1,0,0,0,0,0,0,0
"13219",2,"48811",77,0,2007,2,"N","Oconee County, Georgia","State Government","Airport operations","County, NAICS 5-digit -- by ownership sector","All establishment sizes",1,0,0,0,0,0,0,0
"13219",2,"48811",77,0,2007,3,"N","Oconee County, Georgia","State Government","Airport operations","County, NAICS 5-digit -- by ownership sector","All establishment sizes",1,0,0,0,0,0,0,0
"13219",2,"48811",77,0,2007,4,"N","Oconee County, Georgia","State Government","Airport operations","County, NAICS 5-digit -- by ownership sector","All establishment sizes",1,0,0,0,0,0,0,0
"13219",2,488111,78,0,2007,1,"N","Oconee County, Georgia","State Government","Air traffic control","County, NAICS 6-digit -- by ownership sector","All establishment sizes",1,0,0,0,0,0,0,0
"13219",2,"488111",78,0,2007,2,"N","Oconee County, Georgia","State Government","Air traffic control","County, NAICS 6-digit -- by ownership sector","All establishment sizes",1,0,0,0,0,0,0,0
"13219",2,"488111",78,0,2007,3,"N","Oconee County, Georgia","State Government","Air traffic control","County, NAICS 6-digit -- by ownership sector","All establishment sizes",1,0,0,0,0,0,0,0
"13219",2,"488111",78,0,2007,4,"N","Oconee County, Georgia","State Government","Air traffic control","County, NAICS 6-digit -- by ownership sector","All establishment sizes",1,0,0,0,0,0,0,0
"13219",2,51,74,0,2007,1,"N","Oconee County, Georgia","State Government","Information","County, NAICS Sector -- by ownership sector","All establishment sizes",2,0,0,0,0,0,0,0
"13219",2,"51",74,0,2007,2,"N","Oconee County, Georgia","State Government","Information","County, NAICS Sector -- by ownership sector","All establishment sizes",2,0,0,0,0,0,0,0
"13219",2,"51",74,0,2007,3,"N","Oconee County, Georgia","State Government","Information","County, NAICS Sector -- by ownership sector","All establishment sizes",2,0,0,0,0,0,0,0
"13219",2,"51",74,0,2007,4,"N","Oconee County, Georgia","State Government","Information","County, NAICS Sector -- by ownership sector","All establishment sizes",2,0,0,0,0,0,0,0
"13219",2,519,75,0,2007,1,"N","Oconee County, Georgia","State Government","Other information services","County, NAICS 3-digit -- by ownership sector","All establishment sizes",2,0,0,0,0,0,0,0
"13219",2,"519",75,0,2007,2,"N","Oconee County, Georgia","State Government","Other information services","County, NAICS 3-digit -- by ownership sector","All establishment sizes",2,0,0,0,0,0,0,0
"13219",2,"519",75,0,2007,3,"N","Oconee County, Georgia","State Government","Other information services","County, NAICS 3-digit -- by ownership sector","All establishment sizes",2,0,0,0,0,0,0,0
"13219",2,"519",75,0,2007,4,"N","Oconee County, Georgia","State Government","Other information services","County, NAICS 3-digit -- by ownership sector","All establishment sizes",2,0,0,0,0,0,0,0
"13219",2,5191,76,0,2007,1,"N","Oconee County, Georgia","State Government","Other information services","County, NAICS 4-digit -- by ownership sector","All establishment sizes",2,0,0,0,0,0,0,0
"13219",2,"5191",76,0,2007,2,"N","Oconee County, Georgia","State Government","Other information services","County, NAICS 4-digit -- by ownership sector","All establishment sizes",2,0,0,0,0,0,0,0
"13219",2,"5191",76,0,2007,3,"N","Oconee County, Georgia","State Government","Other information services","County, NAICS 4-digit -- by ownership sector","All establishment sizes",2,0,0,0,0,0,0,0
"13219",2,"5191",76,0,2007,4,"N","Oconee County, Georgia","State Government","Other information services","County, NAICS 4-digit -- by ownership sector","All establishment sizes",2,0,0,0,0,0,0,0
"13219",2,51912,77,0,2007,1,"N","Oconee County, Georgia","State Government","Libraries and archives","County, NAICS 5-digit -- by ownership sector","All establishment sizes",2,0,0,0,0,0,0,0
"13219",2,"51912",77,0,2007,2,"N","Oconee County, Georgia","State Government","Libraries and archives","County, NAICS 5-digit -- by ownership sector","All establishment sizes",2,0,0,0,0,0,0,0
"13219",2,"51912",77,0,2007,3,"N","Oconee County, Georgia","State Government","Libraries and archives","County, NAICS 5-digit -- by ownership sector","All establishment sizes",2,0,0,0,0,0,0,0
"13219",2,"51912",77,0,2007,4,"N","Oconee County, Georgia","State Government","Libraries and archives","County, NAICS 5-digit -- by ownership sector","All establishment sizes",2,0,0,0,0,0,0,0
"13219",2,519120,78,0,2007,1,"N","Oconee County, Georgia","State Government","Libraries and archives","County, NAICS 6-digit -- by ownership sector","All establishment sizes",2,0,0,0,0,0,0,0
"13219",2,"519120",78,0,2007,2,"N","Oconee County, Georgia","State Government","Libraries and archives","County, NAICS 6-digit -- by ownership sector","All establishment sizes",2,0,0,0,0,0,0,0
"13219",2,"519120",78,0,2007,3,"N","Oconee County, Georgia","State Government","Libraries and archives","County, NAICS 6-digit -- by ownership sector","All establishment sizes",2,0,0,0,0,0,0,0
"13219",2,"519120",78,0,2007,4,"N","Oconee County, Georgia","State Government","Libraries and archives","County, NAICS 6-digit -- by ownership sector","All establishment sizes",2,0,0,0,0,0,0,0
"13219",2,62,74,0,2007,1,"","Oconee County, Georgia","State Government","Health care and social assistance","County, NAICS Sector -- by ownership sector","All establishment sizes",3,15,16,16,127210,0,0,625
"13219",2,"62",74,0,2007,2,"","Oconee County, Georgia","State Government","Health care and social assistance","County, NAICS Sector -- by ownership sector","All establishment sizes",3,16,16,16,130647,0,0,628
"13219",2,"62",74,0,2007,3,"","Oconee County, Georgia","State Government","Health care and social assistance","County, NAICS Sector -- by ownership sector","All establishment sizes",3,16,16,16,131285,0,0,631
"13219",2,"62",74,0,2007,4,"","Oconee County, Georgia","State Government","Health care and social assistance","County, NAICS Sector -- by ownership sector","All establishment sizes",3,16,18,17,136897,0,0,619
"13219",2,621,75,0,2007,1,"N","Oconee County, Georgia","State Government","Ambulatory health care services","County, NAICS 3-digit -- by ownership sector","All establishment sizes",1,0,0,0,0,0,0,0
"13219",2,"621",75,0,2007,2,"N","Oconee County, Georgia","State Government","Ambulatory health care services","County, NAICS 3-digit -- by ownership sector","All establishment sizes",1,0,0,0,0,0,0,0
"13219",2,"621",75,0,2007,3,"N","Oconee County, Georgia","State Government","Ambulatory health care services","County, NAICS 3-digit -- by ownership sector","All establishment sizes",1,0,0,0,0,0,0,0
"13219",2,"621",75,0,2007,4,"N","Oconee County, Georgia","State Government","Ambulatory health care services","County, NAICS 3-digit -- by ownership sector","All establishment sizes",1,0,0,0,0,0,0,0
"13219",2,6214,76,0,2007,1,"N","Oconee County, Georgia","State Government","Outpatient care centers","County, NAICS 4-digit -- by ownership sector","All establishment sizes",1,0,0,0,0,0,0,0
"13219",2,"6214",76,0,2007,2,"N","Oconee County, Georgia","State Government","Outpatient care centers","County, NAICS 4-digit -- by ownership sector","All establishment sizes",1,0,0,0,0,0,0,0
"13219",2,"6214",76,0,2007,3,"N","Oconee County, Georgia","State Government","Outpatient care centers","County, NAICS 4-digit -- by ownership sector","All establishment sizes",1,0,0,0,0,0,0,0
"13219",2,"6214",76,0,2007,4,"N","Oconee County, Georgia","State Government","Outpatient care centers","County, NAICS 4-digit -- by ownership sector","All establishment sizes",1,0,0,0,0,0,0,0
"13219",2,62149,77,0,2007,1,"N","Oconee County, Georgia","State Government","Other outpatient care centers","County, NAICS 5-digit -- by ownership sector","All establishment sizes",1,0,0,0,0,0,0,0
"13219",2,"62149",77,0,2007,2,"N","Oconee County, Georgia","State Government","Other outpatient care centers","County, NAICS 5-digit -- by ownership sector","All establishment sizes",1,0,0,0,0,0,0,0
"13219",2,"62149",77,0,2007,3,"N","Oconee County, Georgia","State Government","Other outpatient care centers","County, NAICS 5-digit -- by ownership sector","All establishment sizes",1,0,0,0,0,0,0,0
"13219",2,"62149",77,0,2007,4,"N","Oconee County, Georgia","State Government","Other outpatient care centers","County, NAICS 5-digit -- by ownership sector","All establishment sizes",1,0,0,0,0,0,0,0
"13219",2,621498,78,0,2007,1,"N","Oconee County, Georgia","State Government","All other outpatient care centers","County, NAICS 6-digit -- by ownership sector","All establishment sizes",1,0,0,0,0,0,0,0
"13219",2,"621498",78,0,2007,2,"N","Oconee County, Georgia","State Government","All other outpatient care centers","County, NAICS 6-digit -- by ownership sector","All establishment sizes",1,0,0,0,0,0,0,0
"13219",2,"621498",78,0,2007,3,"N","Oconee County, Georgia","State Government","All other outpatient care centers","County, NAICS 6-digit -- by ownership sector","All establishment sizes",1,0,0,0,0,0,0,0
"13219",2,"621498",78,0,2007,4,"N","Oconee County, Georgia","State Government","All other outpatient care centers","County, NAICS 6-digit -- by ownership sector","All establishment sizes",1,0,0,0,0,0,0,0
"13219",2,623,75,0,2007,1,"N","Oconee County, Georgia","State Government","Nursing and residential care facilities","County, NAICS 3-digit -- by ownership sector","All establishment sizes",2,0,0,0,0,0,0,0
"13219",2,"623",75,0,2007,2,"N","Oconee County, Georgia","State Government","Nursing and residential care facilities","County, NAICS 3-digit -- by ownership sector","All establishment sizes",2,0,0,0,0,0,0,0
"13219",2,"623",75,0,2007,3,"N","Oconee County, Georgia","State Government","Nursing and residential care facilities","County, NAICS 3-digit -- by ownership sector","All establishment sizes",2,0,0,0,0,0,0,0
"13219",2,"623",75,0,2007,4,"N","Oconee County, Georgia","State Government","Nursing and residential care facilities","County, NAICS 3-digit -- by ownership sector","All establishment sizes",2,0,0,0,0,0,0,0
"13219",2,6239,76,0,2007,1,"N","Oconee County, Georgia","State Government","Other residential care facilities","County, NAICS 4-digit -- by ownership sector","All establishment sizes",2,0,0,0,0,0,0,0
"13219",2,"6239",76,0,2007,2,"N","Oconee County, Georgia","State Government","Other residential care facilities","County, NAICS 4-digit -- by ownership sector","All establishment sizes",2,0,0,0,0,0,0,0
"13219",2,"6239",76,0,2007,3,"N","Oconee County, Georgia","State Government","Other residential care facilities","County, NAICS 4-digit -- by ownership sector","All establishment sizes",2,0,0,0,0,0,0,0
"13219",2,"6239",76,0,2007,4,"N","Oconee County, Georgia","State Government","Other residential care facilities","County, NAICS 4-digit -- by ownership sector","All establishment sizes",2,0,0,0,0,0,0,0
"13219",2,62399,77,0,2007,1,"N","Oconee County, Georgia","State Government","Other residential care facilities","County, NAICS 5-digit -- by ownership sector","All establishment sizes",2,0,0,0,0,0,0,0
"13219",2,"62399",77,0,2007,2,"N","Oconee County, Georgia","State Government","Other residential care facilities","County, NAICS 5-digit -- by ownership sector","All establishment sizes",2,0,0,0,0,0,0,0
"13219",2,"62399",77,0,2007,3,"N","Oconee County, Georgia","State Government","Other residential care facilities","County, NAICS 5-digit -- by ownership sector","All establishment sizes",2,0,0,0,0,0,0,0
"13219",2,"62399",77,0,2007,4,"N","Oconee County, Georgia","State Government","Other residential care facilities","County, NAICS 5-digit -- by ownership sector","All establishment sizes",2,0,0,0,0,0,0,0
"13219",2,623990,78,0,2007,1,"N","Oconee County, Georgia","State Government","Other residential care facilities","County, NAICS 6-digit -- by ownership sector","All establishment sizes",2,0,0,0,0,0,0,0
"13219",2,"623990",78,0,2007,2,"N","Oconee County, Georgia","State Government","Other residential care facilities","County, NAICS 6-digit -- by ownership sector","All establishment sizes",2,0,0,0,0,0,0,0
"13219",2,"623990",78,0,2007,3,"N","Oconee County, Georgia","State Government","Other residential care facilities","County, NAICS 6-digit -- by ownership sector","All establishment sizes",2,0,0,0,0,0,0,0
"13219",2,"623990",78,0,2007,4,"N","Oconee County, Georgia","State Government","Other residential care facilities","County, NAICS 6-digit -- by ownership sector","All establishment sizes",2,0,0,0,0,0,0,0
"13219",2,92,74,0,2007,1,"","Oconee County, Georgia","State Government","Public Administration","County, NAICS Sector -- by ownership sector","All establishment sizes",4,5,5,5,48830,0,0,751
"13219",2,"92",74,0,2007,2,"","Oconee County, Georgia","State Government","Public Administration","County, NAICS Sector -- by ownership sector","All establishment sizes",4,5,5,5,48917,0,0,753
"13219",2,"92",74,0,2007,3,"","Oconee County, Georgia","State Government","Public Administration","County, NAICS Sector -- by ownership sector","All establishment sizes",5,5,5,5,46394,1000,0,714
"13219",2,"92",74,0,2007,4,"","Oconee County, Georgia","State Government","Public Administration","County, NAICS Sector -- by ownership sector","All establishment sizes",5,6,6,6,51487,1010,26,660
"13219",2,922,75,0,2007,1,"N","Oconee County, Georgia","State Government","Justice, public order, and safety activities","County, NAICS 3-digit -- by ownership sector","All establishment sizes",3,0,0,0,0,0,0,0
"13219",2,"922",75,0,2007,2,"N","Oconee County, Georgia","State Government","Justice, public order, and safety activities","County, NAICS 3-digit -- by ownership sector","All establishment sizes",3,0,0,0,0,0,0,0
"13219",2,"922",75,0,2007,3,"N","Oconee County, Georgia","State Government","Justice, public order, and safety activities","County, NAICS 3-digit -- by ownership sector","All establishment sizes",4,0,0,0,0,0,0,0
"13219",2,"922",75,0,2007,4,"N","Oconee County, Georgia","State Government","Justice, public order, and safety activities","County, NAICS 3-digit -- by ownership sector","All establishment sizes",4,0,0,0,0,0,0,0
"13219",2,9221,76,0,2007,1,"N","Oconee County, Georgia","State Government","Justice, public order, and safety activities","County, NAICS 4-digit -- by ownership sector","All establishment sizes",3,0,0,0,0,0,0,0
"13219",2,"9221",76,0,2007,2,"N","Oconee County, Georgia","State Government","Justice, public order, and safety activities","County, NAICS 4-digit -- by ownership sector","All establishment sizes",3,0,0,0,0,0,0,0
"13219",2,"9221",76,0,2007,3,"N","Oconee County, Georgia","State Government","Justice, public order, and safety activities","County, NAICS 4-digit -- by ownership sector","All establishment sizes",4,0,0,0,0,0,0,0
"13219",2,"9221",76,0,2007,4,"N","Oconee County, Georgia","State Government","Justice, public order, and safety activities","County, NAICS 4-digit -- by ownership sector","All establishment sizes",4,0,0,0,0,0,0,0
"13219",2,92211,77,0,2007,1,"N","Oconee County, Georgia","State Government","Courts","County, NAICS 5-digit -- by ownership sector","All establishment sizes",2,0,0,0,0,0,0,0
"13219",2,"92211",77,0,2007,2,"N","Oconee County, Georgia","State Government","Courts","County, NAICS 5-digit -- by ownership sector","All establishment sizes",2,0,0,0,0,0,0,0
"13219",2,"92211",77,0,2007,3,"N","Oconee County, Georgia","State Government","Courts","County, NAICS 5-digit -- by ownership sector","All establishment sizes",2,0,0,0,0,0,0,0
"13219",2,"92211",77,0,2007,4,"N","Oconee County, Georgia","State Government","Courts","County, NAICS 5-digit -- by ownership sector","All establishment sizes",2,0,0,0,0,0,0,0
"13219",2,922110,78,0,2007,1,"N","Oconee County, Georgia","State Government","Courts","County, NAICS 6-digit -- by ownership sector","All establishment sizes",2,0,0,0,0,0,0,0
"13219",2,"922110",78,0,2007,2,"N","Oconee County, Georgia","State Government","Courts","County, NAICS 6-digit -- by ownership sector","All establishment sizes",2,0,0,0,0,0,0,0
"13219",2,"922110",78,0,2007,3,"N","Oconee County, Georgia","State Government","Courts","County, NAICS 6-digit -- by ownership sector","All establishment sizes",2,0,0,0,0,0,0,0
"13219",2,"922110",78,0,2007,4,"N","Oconee County, Georgia","State Government","Courts","County, NAICS 6-digit -- by ownership sector","All establishment sizes",2,0,0,0,0,0,0,0
"13219",2,92213,77,0,2007,1,"-","Oconee County, Georgia","State Government","Legal counsel and prosecution","County, NAICS 5-digit -- by ownership sector","All establishment sizes",0,0,0,0,0,0,0,0
"13219",2,"92213",77,0,2007,2,"-","Oconee County, Georgia","State Government","Legal counsel and prosecution","County, NAICS 5-digit -- by ownership sector","All establishment sizes",0,0,0,0,0,0,0,0
"13219",2,"92213",77,0,2007,3,"N","Oconee County, Georgia","State Government","Legal counsel and prosecution","County, NAICS 5-digit -- by ownership sector","All establishment sizes",1,0,0,0,0,0,0,0
"13219",2,"92213",77,0,2007,4,"N","Oconee County, Georgia","State Government","Legal counsel and prosecution","County, NAICS 5-digit -- by ownership sector","All establishment sizes",1,0,0,0,0,0,0,0
"13219",2,922130,78,0,2007,1,"-","Oconee County, Georgia","State Government","Legal counsel and prosecution","County, NAICS 6-digit -- by ownership sector","All establishment sizes",0,0,0,0,0,0,0,0
"13219",2,"922130",78,0,2007,2,"-","Oconee County, Georgia","State Government","Legal counsel and prosecution","County, NAICS 6-digit -- by ownership sector","All establishment sizes",0,0,0,0,0,0,0,0
"13219",2,"922130",78,0,2007,3,"N","Oconee County, Georgia","State Government","Legal counsel and prosecution","County, NAICS 6-digit -- by ownership sector","All establishment sizes",1,0,0,0,0,0,0,0
"13219",2,"922130",78,0,2007,4,"N","Oconee County, Georgia","State Government","Legal counsel and prosecution","County, NAICS 6-digit -- by ownership sector","All establishment sizes",1,0,0,0,0,0,0,0
"13219",2,92214,77,0,2007,1,"N","Oconee County, Georgia","State Government","Correctional institutions","County, NAICS 5-digit -- by ownership sector","All establishment sizes",1,0,0,0,0,0,0,0
"13219",2,"92214",77,0,2007,2,"N","Oconee County, Georgia","State Government","Correctional institutions","County, NAICS 5-digit -- by ownership sector","All establishment sizes",1,0,0,0,0,0,0,0
"13219",2,"92214",77,0,2007,3,"N","Oconee County, Georgia","State Government","Correctional institutions","County, NAICS 5-digit -- by ownership sector","All establishment sizes",1,0,0,0,0,0,0,0
"13219",2,"92214",77,0,2007,4,"N","Oconee County, Georgia","State Government","Correctional institutions","County, NAICS 5-digit -- by ownership sector","All establishment sizes",1,0,0,0,0,0,0,0
"13219",2,922140,78,0,2007,1,"N","Oconee County, Georgia","State Government","Correctional institutions","County, NAICS 6-digit -- by ownership sector","All establishment sizes",1,0,0,0,0,0,0,0
"13219",2,"922140",78,0,2007,2,"N","Oconee County, Georgia","State Government","Correctional institutions","County, NAICS 6-digit -- by ownership sector","All establishment sizes",1,0,0,0,0,0,0,0
"13219",2,"922140",78,0,2007,3,"N","Oconee County, Georgia","State Government","Correctional institutions","County, NAICS 6-digit -- by ownership sector","All establishment sizes",1,0,0,0,0,0,0,0
"13219",2,"922140",78,0,2007,4,"N","Oconee County, Georgia","State Government","Correctional institutions","County, NAICS 6-digit -- by ownership sector","All establishment sizes",1,0,0,0,0,0,0,0
"13219",2,926,75,0,2007,1,"N","Oconee County, Georgia","State Government","Administration of economic programs","County, NAICS 3-digit -- by ownership sector","All establishment sizes",1,0,0,0,0,0,0,0
"13219",2,"926",75,0,2007,2,"N","Oconee County, Georgia","State Government","Administration of economic programs","County, NAICS 3-digit -- by ownership sector","All establishment sizes",1,0,0,0,0,0,0,0
"13219",2,"926",75,0,2007,3,"N","Oconee County, Georgia","State Government","Administration of economic programs","County, NAICS 3-digit -- by ownership sector","All establishment sizes",1,0,0,0,0,0,0,0
"13219",2,"926",75,0,2007,4,"N","Oconee County, Georgia","State Government","Administration of economic programs","County, NAICS 3-digit -- by ownership sector","All establishment sizes",1,0,0,0,0,0,0,0
"13219",2,9261,76,0,2007,1,"N","Oconee County, Georgia","State Government","Administration of economic programs","County, NAICS 4-digit -- by ownership sector","All establishment sizes",1,0,0,0,0,0,0,0
"13219",2,"9261",76,0,2007,2,"N","Oconee County, Georgia","State Government","Administration of economic programs","County, NAICS 4-digit -- by ownership sector","All establishment sizes",1,0,0,0,0,0,0,0
"13219",2,"9261",76,0,2007,3,"N","Oconee County, Georgia","State Government","Administration of economic programs","County, NAICS 4-digit -- by ownership sector","All establishment sizes",1,0,0,0,0,0,0,0
"13219",2,"9261",76,0,2007,4,"N","Oconee County, Georgia","State Government","Administration of economic programs","County, NAICS 4-digit -- by ownership sector","All establishment sizes",1,0,0,0,0,0,0,0
"13219",2,92614,77,0,2007,1,"N","Oconee County, Georgia","State Government","Agricultural market and commodity regulation","County, NAICS 5-digit -- by ownership sector","All establishment sizes",1,0,0,0,0,0,0,0
"13219",2,"92614",77,0,2007,2,"N","Oconee County, Georgia","State Government","Agricultural market and commodity regulation","County, NAICS 5-digit -- by ownership sector","All establishment sizes",1,0,0,0,0,0,0,0
"13219",2,"92614",77,0,2007,3,"N","Oconee County, Georgia","State Government","Agricultural market and commodity regulation","County, NAICS 5-digit -- by ownership sector","All establishment sizes",1,0,0,0,0,0,0,0
"13219",2,"92614",77,0,2007,4,"N","Oconee County, Georgia","State Government","Agricultural market and commodity regulation","County, NAICS 5-digit -- by ownership sector","All establishment sizes",1,0,0,0,0,0,0,0
"13219",2,926140,78,0,2007,1,"N","Oconee County, Georgia","State Government","Agricultural market and commodity regulation","County, NAICS 6-digit -- by ownership sector","All establishment sizes",1,0,0,0,0,0,0,0
"13219",2,"926140",78,0,2007,2,"N","Oconee County, Georgia","State Government","Agricultural market and commodity regulation","County, NAICS 6-digit -- by ownership sector","All establishment sizes",1,0,0,0,0,0,0,0
"13219",2,"926140",78,0,2007,3,"N","Oconee County, Georgia","State Government","Agricultural market and commodity regulation","County, NAICS 6-digit -- by ownership sector","All establishment sizes",1,0,0,0,0,0,0,0
"13219",2,"926140",78,0,2007,4,"N","Oconee County, Georgia","State Government","Agricultural market and commodity regulation","County, NAICS 6-digit -- by ownership sector","All establishment sizes",1,0,0,0,0,0,0,0
"13219",3,10,71,0,2007,1,"","Oconee County, Georgia","Local Government","Total, all industries","County, Total -- by ownership sector","All establishment sizes",16,1379,1409,1348,10063568,2325366,15316,561
"13219",3,"10",71,0,2007,2,"","Oconee County, Georgia","Local Government","Total, all industries","County, Total -- by ownership sector","All establishment sizes",16,1406,1428,1384,9932221,437364,2852,543
"13219",3,"10",71,0,2007,3,"","Oconee County, Georgia","Local Government","Total, all industries","County, Total -- by ownership sector","All establishment sizes",16,1306,1359,1402,10500858,294613,1947,596
"13219",3,"10",71,0,2007,4,"","Oconee County, Georgia","Local Government","Total, all industries","County, Total -- by ownership sector","All establishment sizes",16,1429,1444,1452,10577200,243602,1626,564
"13219",3,102,72,0,2007,1,"","Oconee County, Georgia","Local Government","Service-Providing","County, by Domain -- by ownership sector","All establishment sizes",16,1379,1409,1348,10063568,2325366,15316,561
"13219",3,"102",72,0,2007,2,"","Oconee County, Georgia","Local Government","Service-Providing","County, by Domain -- by ownership sector","All establishment sizes",16,1406,1428,1384,9932221,437364,2852,543
"13219",3,"102",72,0,2007,3,"","Oconee County, Georgia","Local Government","Service-Providing","County, by Domain -- by ownership sector","All establishment sizes",16,1306,1359,1402,10500858,294613,1947,596
"13219",3,"102",72,0,2007,4,"","Oconee County, Georgia","Local Government","Service-Providing","County, by Domain -- by ownership sector","All establishment sizes",16,1429,1444,1452,10577200,243602,1626,564
"13219",3,1025,73,0,2007,1,"N","Oconee County, Georgia","Local Government","Education and Health Services","County, by Supersector -- by ownership sector","All establishment sizes",13,0,0,0,0,0,0,0
"13219",3,"1025",73,0,2007,2,"N","Oconee County, Georgia","Local Government","Education and Health Services","County, by Supersector -- by ownership sector","All establishment sizes",13,0,0,0,0,0,0,0
"13219",3,"1025",73,0,2007,3,"N","Oconee County, Georgia","Local Government","Education and Health Services","County, by Supersector -- by ownership sector","All establishment sizes",13,0,0,0,0,0,0,0
"13219",3,"1025",73,0,2007,4,"N","Oconee County, Georgia","Local Government","Education and Health Services","County, by Supersector -- by ownership sector","All establishment sizes",13,0,0,0,0,0,0,0
"13219",3,1028,73,0,2007,1,"N","Oconee County, Georgia","Local Government","Public Administration","County, by Supersector -- by ownership sector","All establishment sizes",3,0,0,0,0,0,0,0
"13219",3,"1028",73,0,2007,2,"N","Oconee County, Georgia","Local Government","Public Administration","County, by Supersector -- by ownership sector","All establishment sizes",3,0,0,0,0,0,0,0
"13219",3,"1028",73,0,2007,3,"N","Oconee County, Georgia","Local Government","Public Administration","County, by Supersector -- by ownership sector","All establishment sizes",3,0,0,0,0,0,0,0
"13219",3,"1028",73,0,2007,4,"N","Oconee County, Georgia","Local Government","Public Administration","County, by Supersector -- by ownership sector","All establishment sizes",3,0,0,0,0,0,0,0
"13219",3,61,74,0,2007,1,"N","Oconee County, Georgia","Local Government","Educational services","County, NAICS Sector -- by ownership sector","All establishment sizes",13,0,0,0,0,0,0,0
"13219",3,"61",74,0,2007,2,"N","Oconee County, Georgia","Local Government","Educational services","County, NAICS Sector -- by ownership sector","All establishment sizes",13,0,0,0,0,0,0,0
"13219",3,"61",74,0,2007,3,"N","Oconee County, Georgia","Local Government","Educational services","County, NAICS Sector -- by ownership sector","All establishment sizes",13,0,0,0,0,0,0,0
"13219",3,"61",74,0,2007,4,"N","Oconee County, Georgia","Local Government","Educational services","County, NAICS Sector -- by ownership sector","All establishment sizes",13,0,0,0,0,0,0,0
"13219",3,611,75,0,2007,1,"N","Oconee County, Georgia","Local Government","Educational services","County, NAICS 3-digit -- by ownership sector","All establishment sizes",13,0,0,0,0,0,0,0
"13219",3,"611",75,0,2007,2,"N","Oconee County, Georgia","Local Government","Educational services","County, NAICS 3-digit -- by ownership sector","All establishment sizes",13,0,0,0,0,0,0,0
"13219",3,"611",75,0,2007,3,"N","Oconee County, Georgia","Local Government","Educational services","County, NAICS 3-digit -- by ownership sector","All establishment sizes",13,0,0,0,0,0,0,0
"13219",3,"611",75,0,2007,4,"N","Oconee County, Georgia","Local Government","Educational services","County, NAICS 3-digit -- by ownership sector","All establishment sizes",13,0,0,0,0,0,0,0
"13219",3,6111,76,0,2007,1,"N","Oconee County, Georgia","Local Government","Elementary and secondary schools","County, NAICS 4-digit -- by ownership sector","All establishment sizes",13,0,0,0,0,0,0,0
"13219",3,"6111",76,0,2007,2,"N","Oconee County, Georgia","Local Government","Elementary and secondary schools","County, NAICS 4-digit -- by ownership sector","All establishment sizes",13,0,0,0,0,0,0,0
"13219",3,"6111",76,0,2007,3,"N","Oconee County, Georgia","Local Government","Elementary and secondary schools","County, NAICS 4-digit -- by ownership sector","All establishment sizes",13,0,0,0,0,0,0,0
"13219",3,"6111",76,0,2007,4,"N","Oconee County, Georgia","Local Government","Elementary and secondary schools","County, NAICS 4-digit -- by ownership sector","All establishment sizes",13,0,0,0,0,0,0,0
"13219",3,61111,77,0,2007,1,"N","Oconee County, Georgia","Local Government","Elementary and secondary schools","County, NAICS 5-digit -- by ownership sector","All establishment sizes",13,0,0,0,0,0,0,0
"13219",3,"61111",77,0,2007,2,"N","Oconee County, Georgia","Local Government","Elementary and secondary schools","County, NAICS 5-digit -- by ownership sector","All establishment sizes",13,0,0,0,0,0,0,0
"13219",3,"61111",77,0,2007,3,"N","Oconee County, Georgia","Local Government","Elementary and secondary schools","County, NAICS 5-digit -- by ownership sector","All establishment sizes",13,0,0,0,0,0,0,0
"13219",3,"61111",77,0,2007,4,"N","Oconee County, Georgia","Local Government","Elementary and secondary schools","County, NAICS 5-digit -- by ownership sector","All establishment sizes",13,0,0,0,0,0,0,0
"13219",3,611110,78,0,2007,1,"N","Oconee County, Georgia","Local Government","Elementary and secondary schools","County, NAICS 6-digit -- by ownership sector","All establishment sizes",13,0,0,0,0,0,0,0
"13219",3,"611110",78,0,2007,2,"N","Oconee County, Georgia","Local Government","Elementary and secondary schools","County, NAICS 6-digit -- by ownership sector","All establishment sizes",13,0,0,0,0,0,0,0
"13219",3,"611110",78,0,2007,3,"N","Oconee County, Georgia","Local Government","Elementary and secondary schools","County, NAICS 6-digit -- by ownership sector","All establishment sizes",13,0,0,0,0,0,0,0
"13219",3,"611110",78,0,2007,4,"N","Oconee County, Georgia","Local Government","Elementary and secondary schools","County, NAICS 6-digit -- by ownership sector","All establishment sizes",13,0,0,0,0,0,0,0
"13219",3,92,74,0,2007,1,"N","Oconee County, Georgia","Local Government","Public Administration","County, NAICS Sector -- by ownership sector","All establishment sizes",3,0,0,0,0,0,0,0
"13219",3,"92",74,0,2007,2,"N","Oconee County, Georgia","Local Government","Public Administration","County, NAICS Sector -- by ownership sector","All establishment sizes",3,0,0,0,0,0,0,0
"13219",3,"92",74,0,2007,3,"N","Oconee County, Georgia","Local Government","Public Administration","County, NAICS Sector -- by ownership sector","All establishment sizes",3,0,0,0,0,0,0,0
"13219",3,"92",74,0,2007,4,"N","Oconee County, Georgia","Local Government","Public Administration","County, NAICS Sector -- by ownership sector","All establishment sizes",3,0,0,0,0,0,0,0
"13219",3,921,75,0,2007,1,"N","Oconee County, Georgia","Local Government","Executive, legislative and general government","County, NAICS 3-digit -- by ownership sector","All establishment sizes",3,0,0,0,0,0,0,0
"13219",3,"921",75,0,2007,2,"N","Oconee County, Georgia","Local Government","Executive, legislative and general government","County, NAICS 3-digit -- by ownership sector","All establishment sizes",3,0,0,0,0,0,0,0
"13219",3,"921",75,0,2007,3,"N","Oconee County, Georgia","Local Government","Executive, legislative and general government","County, NAICS 3-digit -- by ownership sector","All establishment sizes",3,0,0,0,0,0,0,0
"13219",3,"921",75,0,2007,4,"N","Oconee County, Georgia","Local Government","Executive, legislative and general government","County, NAICS 3-digit -- by ownership sector","All establishment sizes",3,0,0,0,0,0,0,0
"13219",3,9211,76,0,2007,1,"N","Oconee County, Georgia","Local Government","Executive, legislative and general government","County, NAICS 4-digit -- by ownership sector","All establishment sizes",3,0,0,0,0,0,0,0
"13219",3,"9211",76,0,2007,2,"N","Oconee County, Georgia","Local Government","Executive, legislative and general government","County, NAICS 4-digit -- by ownership sector","All establishment sizes",3,0,0,0,0,0,0,0
"13219",3,"9211",76,0,2007,3,"N","Oconee County, Georgia","Local Government","Executive, legislative and general government","County, NAICS 4-digit -- by ownership sector","All establishment sizes",3,0,0,0,0,0,0,0
"13219",3,"9211",76,0,2007,4,"N","Oconee County, Georgia","Local Government","Executive, legislative and general government","County, NAICS 4-digit -- by ownership sector","All establishment sizes",3,0,0,0,0,0,0,0
"13219",3,92114,77,0,2007,1,"N","Oconee County, Georgia","Local Government","Executive and legislative offices, combined","County, NAICS 5-digit -- by ownership sector","All establishment sizes",3,0,0,0,0,0,0,0
"13219",3,"92114",77,0,2007,2,"N","Oconee County, Georgia","Local Government","Executive and legislative offices, combined","County, NAICS 5-digit -- by ownership sector","All establishment sizes",3,0,0,0,0,0,0,0
"13219",3,"92114",77,0,2007,3,"N","Oconee County, Georgia","Local Government","Executive and legislative offices, combined","County, NAICS 5-digit -- by ownership sector","All establishment sizes",3,0,0,0,0,0,0,0
"13219",3,"92114",77,0,2007,4,"N","Oconee County, Georgia","Local Government","Executive and legislative offices, combined","County, NAICS 5-digit -- by ownership sector","All establishment sizes",3,0,0,0,0,0,0,0
"13219",3,921140,78,0,2007,1,"N","Oconee County, Georgia","Local Government","Executive and legislative offices, combined","County, NAICS 6-digit -- by ownership sector","All establishment sizes",3,0,0,0,0,0,0,0
"13219",3,"921140",78,0,2007,2,"N","Oconee County, Georgia","Local Government","Executive and legislative offices, combined","County, NAICS 6-digit -- by ownership sector","All establishment sizes",3,0,0,0,0,0,0,0
"13219",3,"921140",78,0,2007,3,"N","Oconee County, Georgia","Local Government","Executive and legislative offices, combined","County, NAICS 6-digit -- by ownership sector","All establishment sizes",3,0,0,0,0,0,0,0
"13219",3,"921140",78,0,2007,4,"N","Oconee County, Georgia","Local Government","Executive and legislative offices, combined","County, NAICS 6-digit -- by ownership sector","All establishment sizes",3,0,0,0,0,0,0,0
"13219",5,10,71,0,2007,1,"","Oconee County, Georgia","Private","Total, all industries","County, Total -- by ownership sector","All establishment sizes",925,7066,7204,7249,53504402,34961579,435568,574
"13219",5,"10",71,0,2007,2,"","Oconee County, Georgia","Private","Total, all industries","County, Total -- by ownership sector","All establishment sizes",931,7285,7160,7163,54210422,13803030,168519,579
"13219",5,"10",71,0,2007,3,"","Oconee County, Georgia","Private","Total, all industries","County, Total -- by ownership sector","All establishment sizes",935,7071,7087,7244,53577007,7949085,96292,578
"13219",5,"10",71,0,2007,4,"","Oconee County, Georgia","Private","Total, all industries","County, Total -- by ownership sector","All establishment sizes",942,7249,7230,7134,57622646,7198897,92581,615
"13219",5,101,72,0,2007,1,"","Oconee County, Georgia","Private","Goods-Producing","County, by Domain -- by ownership sector","All establishment sizes",203,1453,1432,1451,12002582,8666470,125754,639
"13219",5,"101",72,0,2007,2,"","Oconee County, Georgia","Private","Goods-Producing","County, by Domain -- by ownership sector","All establishment sizes",205,1498,1458,1474,12788420,2846743,43772,666
"13219",5,"101",72,0,2007,3,"","Oconee County, Georgia","Private","Goods-Producing","County, by Domain -- by ownership sector","All establishment sizes",205,1512,1484,1499,12392365,1462739,21981,636
"13219",5,"101",72,0,2007,4,"","Oconee County, Georgia","Private","Goods-Producing","County, by Domain -- by ownership sector","All establishment sizes",203,1427,1396,1384,12991717,1176063,17402,713
"13219",5,1011,73,0,2007,1,"","Oconee County, Georgia","Private","Natural Resources and Mining","County, by Supersector -- by ownership sector","All establishment sizes",8,48,50,50,317989,271185,1248,496
"13219",5,"1011",73,0,2007,2,"","Oconee County, Georgia","Private","Natural Resources and Mining","County, by Supersector -- by ownership sector","All establishment sizes",7,57,57,56,379554,137960,667,515
"13219",5,"1011",73,0,2007,3,"","Oconee County, Georgia","Private","Natural Resources and Mining","County, by Supersector -- by ownership sector","All establishment sizes",7,54,52,52,360528,72852,219,527
"13219",5,"1011",73,0,2007,4,"","Oconee County, Georgia","Private","Natural Resources and Mining","County, by Supersector -- by ownership sector","All establishment sizes",8,58,50,45,351886,53268,95,531
"13219",5,1012,73,0,2007,1,"","Oconee County, Georgia","Private","Construction","County, by Supersector -- by ownership sector","All establishment sizes",160,753,731,756,6232025,4642803,77800,642
"13219",5,"1012",73,0,2007,2,"","Oconee County, Georgia","Private","Construction","County, by Supersector -- by ownership sector","All establishment sizes",163,779,745,766,6539854,1593025,27010,659
"13219",5,"1012",73,0,2007,3,"","Oconee County, Georgia","Private","Construction","County, by Supersector -- by ownership sector","All establishment sizes",165,779,759,775,6769991,974803,17093,675
"13219",5,"1012",73,0,2007,4,"","Oconee County, Georgia","Private","Construction","County, by Supersector -- by ownership sector","All establishment sizes",162,738,722,731,6863870,780026,13568,723
"13219",5,1013,73,0,2007,1,"","Oconee County, Georgia","Private","Manufacturing","County, by Supersector -- by ownership sector","All establishment sizes",35,652,651,645,5452568,3752482,46706,646
"13219",5,"1013",73,0,2007,2,"","Oconee County, Georgia","Private","Manufacturing","County, by Supersector -- by ownership sector","All establishment sizes",35,662,656,652,5869012,1115758,16095,688
"13219",5,"1013",73,0,2007,3,"","Oconee County, Georgia","Private","Manufacturing","County, by Supersector -- by ownership sector","All establishment sizes",33,679,673,672,5261846,415084,4669,600
"13219",5,"1013",73,0,2007,4,"","Oconee County, Georgia","Private","Manufacturing","County, by Supersector -- by ownership sector","All establishment sizes",33,631,624,608,5775961,342769,3739,715
"13219",5,102,72,0,2007,1,"","Oconee County, Georgia","Private","Service-Providing","County, by Domain -- by ownership sector","All establishment sizes",722,5613,5772,5798,41501820,26295109,309814,557
"13219",5,"102",72,0,2007,2,"","Oconee County, Georgia","Private","Service-Providing","County, by Domain -- by ownership sector","All establishment sizes",726,5787,5702,5689,41422002,10956287,124747,556
"13219",5,"102",72,0,2007,3,"","Oconee County, Georgia","Private","Service-Providing","County, by Domain -- by ownership sector","All establishment sizes",730,5559,5603,5745,41184642,6486346,74311,562
"13219",5,"102",72,0,2007,4,"","Oconee County, Georgia","Private","Service-Providing","County, by Domain -- by ownership sector","All establishment sizes",739,5822,5834,5750,44630929,6022834,75179,592
"13219",5,1021,73,0,2007,1,"","Oconee County, Georgia","Private","Trade, Transportation, and Utilities","County, by Supersector -- by ownership sector","All establishment sizes",178,1679,1740,1741,11182385,8358737,89131,500
"13219",5,"1021",73,0,2007,2,"","Oconee County, Georgia","Private","Trade, Transportation, and Utilities","County, by Supersector -- by ownership sector","All establishment sizes",178,1792,1732,1703,12085328,3565181,37201,534
"13219",5,"1021",73,0,2007,3,"","Oconee County, Georgia","Private","Trade, Transportation, and Utilities","County, by Supersector -- by ownership sector","All establishment sizes",179,1670,1670,1699,11933480,1961374,21051,547
"13219",5,"1021",73,0,2007,4,"","Oconee County, Georgia","Private","Trade, Transportation, and Utilities","County, by Supersector -- by ownership sector","All establishment sizes",177,1711,1736,1709,11733481,1735366,19813,525
"13219",5,1022,73,0,2007,1,"","Oconee County, Georgia","Private","Information","County, by Supersector -- by ownership sector","All establishment sizes",11,72,74,73,495181,351961,7723,522
"13219",5,"1022",73,0,2007,2,"","Oconee County, Georgia","Private","Information","County, by Supersector -- by ownership sector","All establishment sizes",11,70,70,71,497332,168678,3057,544
"13219",5,"1022",73,0,2007,3,"","Oconee County, Georgia","Private","Information","County, by Supersector -- by ownership sector","All establishment sizes",12,75,73,77,491789,75487,1704,504
"13219",5,"1022",73,0,2007,4,"","Oconee County, Georgia","Private","Information","County, by Supersector -- by ownership sector","All establishment sizes",12,85,85,87,611500,91567,1883,549
"13219",5,1023,73,0,2007,1,"","Oconee County, Georgia","Private","Financial Activities","County, by Supersector -- by ownership sector","All establishment sizes",110,529,522,535,5995073,3056282,32165,872
"13219",5,"1023",73,0,2007,2,"","Oconee County, Georgia","Private","Financial Activities","County, by Supersector -- by ownership sector","All establishment sizes",113,528,523,537,5073844,794955,8656,737
"13219",5,"1023",73,0,2007,3,"","Oconee County, Georgia","Private","Financial Activities","County, by Supersector -- by ownership sector","All establishment sizes",114,543,534,521,5507009,467441,5278,795
"13219",5,"1023",73,0,2007,4,"","Oconee County, Georgia","Private","Financial Activities","County, by Supersector -- by ownership sector","All establishment sizes",114,543,535,533,5521428,394122,3884,791
"13219",5,1024,73,0,2007,1,"","Oconee County, Georgia","Private","Professional and Business Services","County, by Supersector -- by ownership sector","All establishment sizes",199,1266,1325,1353,12312141,7611529,103886,720
"13219",5,"1024",73,0,2007,2,"","Oconee County, Georgia","Private","Professional and Business Services","County, by Supersector -- by ownership sector","All establishment sizes",203,1306,1295,1311,11958697,2777893,35711,705
"13219",5,"1024",73,0,2007,3,"","Oconee County, Georgia","Private","Professional and Business Services","County, by Supersector -- by ownership sector","All establishment sizes",198,1236,1284,1338,11401661,1471265,18531,682
"13219",5,"1024",73,0,2007,4,"","Oconee County, Georgia","Private","Professional and Business Services","County, by Supersector -- by ownership sector","All establishment sizes",201,1344,1288,1237,13615968,1312736,17928,812
"13219",5,1025,73,0,2007,1,"","Oconee County, Georgia","Private","Education and Health Services","County, by Supersector -- by ownership sector","All establishment sizes",81,892,884,883,6714438,2784066,20147,583
"13219",5,"1025",73,0,2007,2,"","Oconee County, Georgia","Private","Education and Health Services","County, by Supersector -- by ownership sector","All establishment sizes",81,865,854,843,6826931,1049080,6707,615
"13219",5,"1025",73,0,2007,3,"","Oconee County, Georgia","Private","Education and Health Services","County, by Supersector -- by ownership sector","All establishment sizes",82,826,851,895,6903378,678985,5106,619
"13219",5,"1025",73,0,2007,4,"","Oconee County, Georgia","Private","Education and Health Services","County, by Supersector -- by ownership sector","All establishment sizes",86,917,931,923,7892185,769695,7130,657
"13219",5,1026,73,0,2007,1,"","Oconee County, Georgia","Private","Leisure and Hospitality","County, by Supersector -- by ownership sector","All establishment sizes",53,779,827,821,2370033,2146427,25184,225
"13219",5,"1026",73,0,2007,2,"","Oconee County, Georgia","Private","Leisure and Hospitality","County, by Supersector -- by ownership sector","All establishment sizes",54,832,847,837,2496312,1758976,20072,229
"13219",5,"1026",73,0,2007,3,"","Oconee County, Georgia","Private","Leisure and Hospitality","County, by Supersector -- by ownership sector","All establishment sizes",56,845,823,838,2577482,1389411,16211,237
"13219",5,"1026",73,0,2007,4,"","Oconee County, Georgia","Private","Leisure and Hospitality","County, by Supersector -- by ownership sector","All establishment sizes",58,830,865,853,2663004,1263052,17599,241
"13219",5,1027,73,0,2007,1,"","Oconee County, Georgia","Private","Other Services","County, by Supersector -- by ownership sector","All establishment sizes",76,386,391,382,2366406,1938444,30354,471
"13219",5,"1027",73,0,2007,2,"","Oconee County, Georgia","Private","Other Services","County, by Supersector -- by ownership sector","All establishment sizes",72,384,371,378,2398964,824188,12914,489
"13219",5,"1027",73,0,2007,3,"","Oconee County, Georgia","Private","Other Services","County, by Supersector -- by ownership sector","All establishment sizes",75,354,358,367,2297773,417922,5815,491
"13219",5,"1027",73,0,2007,4,"","Oconee County, Georgia","Private","Other Services","County, by Supersector -- by ownership sector","All establishment sizes",77,383,385,397,2480932,430606,6540,491
"13219",5,1029,73,0,2007,1,"","Oconee County, Georgia","Private","Unclassified","County, by Supersector -- by ownership sector","All establishment sizes",14,10,9,10,66163,47663,1224,526
"13219",5,"1029",73,0,2007,2,"","Oconee County, Georgia","Private","Unclassified","County, by Supersector -- by ownership sector","All establishment sizes",14,10,10,9,84594,17336,429,673
"13219",5,"1029",73,0,2007,3,"","Oconee County, Georgia","Private","Unclassified","County, by Supersector -- by ownership sector","All establishment sizes",14,10,10,10,72070,24461,615,554
"13219",5,"1029",73,0,2007,4,"","Oconee County, Georgia","Private","Unclassified","County, by Supersector -- by ownership sector","All establishment sizes",14,9,9,11,112431,25690,402,895
"13219",5,11,74,0,2007,1,"","Oconee County, Georgia","Private","Agriculture, forestry, fishing and hunting","County, NAICS Sector -- by ownership sector","All establishment sizes",8,48,50,50,317989,271185,1248,496
"13219",5,"11",74,0,2007,2,"","Oconee County, Georgia","Private","Agriculture, forestry, fishing and hunting","County, NAICS Sector -- by ownership sector","All establishment sizes",7,57,57,56,379554,137960,667,515
"13219",5,"11",74,0,2007,3,"","Oconee County, Georgia","Private","Agriculture, forestry, fishing and hunting","County, NAICS Sector -- by ownership sector","All establishment sizes",7,54,52,52,360528,72852,219,527
"13219",5,"11",74,0,2007,4,"","Oconee County, Georgia","Private","Agriculture, forestry, fishing and hunting","County, NAICS Sector -- by ownership sector","All establishment sizes",8,58,50,45,351886,53268,95,531
"13219",5,111,75,0,2007,1,"","Oconee County, Georgia","Private","Crop production","County, NAICS 3-digit -- by ownership sector","All establishment sizes",4,41,43,43,281375,239103,1213,511
"13219",5,"111",75,0,2007,2,"","Oconee County, Georgia","Private","Crop production","County, NAICS 3-digit -- by ownership sector","All establishment sizes",4,50,50,49,338954,129243,639,525
"13219",5,"111",75,0,2007,3,"","Oconee County, Georgia","Private","Crop production","County, NAICS 3-digit -- by ownership sector","All establishment sizes",4,48,46,46,323744,43803,184,534
"13219",5,"111",75,0,2007,4,"","Oconee County, Georgia","Private","Crop production","County, NAICS 3-digit -- by ownership sector","All establishment sizes",4,46,45,40,300822,17182,58,530
"13219",5,1114,76,0,2007,1,"N","Oconee County, Georgia","Private","Greenhouse and nursery production","County, NAICS 4-digit -- by ownership sector","All establishment sizes",3,0,0,0,0,0,0,0
"13219",5,"1114",76,0,2007,2,"N","Oconee County, Georgia","Private","Greenhouse and nursery production","County, NAICS 4-digit -- by ownership sector","All establishment sizes",3,0,0,0,0,0,0,0
"13219",5,"1114",76,0,2007,3,"N","Oconee County, Georgia","Private","Greenhouse and nursery production","County, NAICS 4-digit -- by ownership sector","All establishment sizes",3,0,0,0,0,0,0,0
"13219",5,"1114",76,0,2007,4,"N","Oconee County, Georgia","Private","Greenhouse and nursery production","County, NAICS 4-digit -- by ownership sector","All establishment sizes",3,0,0,0,0,0,0,0
"13219",5,11142,77,0,2007,1,"N","Oconee County, Georgia","Private","Nursery and floriculture production","County, NAICS 5-digit -- by ownership sector","All establishment sizes",3,0,0,0,0,0,0,0
"13219",5,"11142",77,0,2007,2,"N","Oconee County, Georgia","Private","Nursery and floriculture production","County, NAICS 5-digit -- by ownership sector","All establishment sizes",3,0,0,0,0,0,0,0
"13219",5,"11142",77,0,2007,3,"N","Oconee County, Georgia","Private","Nursery and floriculture production","County, NAICS 5-digit -- by ownership sector","All establishment sizes",3,0,0,0,0,0,0,0
"13219",5,"11142",77,0,2007,4,"N","Oconee County, Georgia","Private","Nursery and floriculture production","County, NAICS 5-digit -- by ownership sector","All establishment sizes",3,0,0,0,0,0,0,0
"13219",5,111421,78,0,2007,1,"N","Oconee County, Georgia","Private","Nursery and tree production","County, NAICS 6-digit -- by ownership sector","All establishment sizes",2,0,0,0,0,0,0,0
"13219",5,"111421",78,0,2007,2,"N","Oconee County, Georgia","Private","Nursery and tree production","County, NAICS 6-digit -- by ownership sector","All establishment sizes",2,0,0,0,0,0,0,0
"13219",5,"111421",78,0,2007,3,"N","Oconee County, Georgia","Private","Nursery and tree production","County, NAICS 6-digit -- by ownership sector","All establishment sizes",2,0,0,0,0,0,0,0
"13219",5,"111421",78,0,2007,4,"N","Oconee County, Georgia","Private","Nursery and tree production","County, NAICS 6-digit -- by ownership sector","All establishment sizes",2,0,0,0,0,0,0,0
"13219",5,111422,78,0,2007,1,"N","Oconee County, Georgia","Private","Floriculture production","County, NAICS 6-digit -- by ownership sector","All establishment sizes",1,0,0,0,0,0,0,0
"13219",5,"111422",78,0,2007,2,"N","Oconee County, Georgia","Private","Floriculture production","County, NAICS 6-digit -- by ownership sector","All establishment sizes",1,0,0,0,0,0,0,0
"13219",5,"111422",78,0,2007,3,"N","Oconee County, Georgia","Private","Floriculture production","County, NAICS 6-digit -- by ownership sector","All establishment sizes",1,0,0,0,0,0,0,0
"13219",5,"111422",78,0,2007,4,"N","Oconee County, Georgia","Private","Floriculture production","County, NAICS 6-digit -- by ownership sector","All establishment sizes",1,0,0,0,0,0,0,0
"13219",5,1119,76,0,2007,1,"N","Oconee County, Georgia","Private","Other crop farming","County, NAICS 4-digit -- by ownership sector","All establishment sizes",1,0,0,0,0,0,0,0
"13219",5,"1119",76,0,2007,2,"N","Oconee County, Georgia","Private","Other crop farming","County, NAICS 4-digit -- by ownership sector","All establishment sizes",1,0,0,0,0,0,0,0
"13219",5,"1119",76,0,2007,3,"N","Oconee County, Georgia","Private","Other crop farming","County, NAICS 4-digit -- by ownership sector","All establishment sizes",1,0,0,0,0,0,0,0
"13219",5,"1119",76,0,2007,4,"N","Oconee County, Georgia","Private","Other crop farming","County, NAICS 4-digit -- by ownership sector","All establishment sizes",1,0,0,0,0,0,0,0
"13219",5,11199,77,0,2007,1,"N","Oconee County, Georgia","Private","All other crop farming","County, NAICS 5-digit -- by ownership sector","All establishment sizes",1,0,0,0,0,0,0,0
"13219",5,"11199",77,0,2007,2,"N","Oconee County, Georgia","Private","All other crop farming","County, NAICS 5-digit -- by ownership sector","All establishment sizes",1,0,0,0,0,0,0,0
"13219",5,"11199",77,0,2007,3,"N","Oconee County, Georgia","Private","All other crop farming","County, NAICS 5-digit -- by ownership sector","All establishment sizes",1,0,0,0,0,0,0,0
"13219",5,"11199",77,0,2007,4,"N","Oconee County, Georgia","Private","All other crop farming","County, NAICS 5-digit -- by ownership sector","All establishment sizes",1,0,0,0,0,0,0,0
"13219",5,111998,78,0,2007,1,"N","Oconee County, Georgia","Private","All other miscellaneous crop farming","County, NAICS 6-digit -- by ownership sector","All establishment sizes",1,0,0,0,0,0,0,0
"13219",5,"111998",78,0,2007,2,"N","Oconee County, Georgia","Private","All other miscellaneous crop farming","County, NAICS 6-digit -- by ownership sector","All establishment sizes",1,0,0,0,0,0,0,0
"13219",5,"111998",78,0,2007,3,"N","Oconee County, Georgia","Private","All other miscellaneous crop farming","County, NAICS 6-digit -- by ownership sector","All establishment sizes",1,0,0,0,0,0,0,0
"13219",5,"111998",78,0,2007,4,"N","Oconee County, Georgia","Private","All other miscellaneous crop farming","County, NAICS 6-digit -- by ownership sector","All establishment sizes",1,0,0,0,0,0,0,0
"13219",5,112,75,0,2007,1,"N","Oconee County, Georgia","Private","Animal production","County, NAICS 3-digit -- by ownership sector","All establishment sizes",2,0,0,0,0,0,0,0
"13219",5,"112",75,0,2007,2,"N","Oconee County, Georgia","Private","Animal production","County, NAICS 3-digit -- by ownership sector","All establishment sizes",2,0,0,0,0,0,0,0
"13219",5,"112",75,0,2007,3,"N","Oconee County, Georgia","Private","Animal production","County, NAICS 3-digit -- by ownership sector","All establishment sizes",2,0,0,0,0,0,0,0
"13219",5,"112",75,0,2007,4,"N","Oconee County, Georgia","Private","Animal production","County, NAICS 3-digit -- by ownership sector","All establishment sizes",3,0,0,0,0,0,0,0
"13219",5,1121,76,0,2007,1,"N","Oconee County, Georgia","Private","Cattle ranching and farming","County, NAICS 4-digit -- by ownership sector","All establishment sizes",2,0,0,0,0,0,0,0
"13219",5,"1121",76,0,2007,2,"N","Oconee County, Georgia","Private","Cattle ranching and farming","County, NAICS 4-digit -- by ownership sector","All establishment sizes",2,0,0,0,0,0,0,0
"13219",5,"1121",76,0,2007,3,"N","Oconee County, Georgia","Private","Cattle ranching and farming","County, NAICS 4-digit -- by ownership sector","All establishment sizes",2,0,0,0,0,0,0,0
"13219",5,"1121",76,0,2007,4,"N","Oconee County, Georgia","Private","Cattle ranching and farming","County, NAICS 4-digit -- by ownership sector","All establishment sizes",3,0,0,0,0,0,0,0
"13219",5,11211,77,0,2007,1,"N","Oconee County, Georgia","Private","Beef cattle ranching, farming, and feedlots","County, NAICS 5-digit -- by ownership sector","All establishment sizes",2,0,0,0,0,0,0,0
"13219",5,"11211",77,0,2007,2,"N","Oconee County, Georgia","Private","Beef cattle ranching, farming, and feedlots","County, NAICS 5-digit -- by ownership sector","All establishment sizes",2,0,0,0,0,0,0,0
"13219",5,"11211",77,0,2007,3,"N","Oconee County, Georgia","Private","Beef cattle ranching, farming, and feedlots","County, NAICS 5-digit -- by ownership sector","All establishment sizes",2,0,0,0,0,0,0,0
"13219",5,"11211",77,0,2007,4,"N","Oconee County, Georgia","Private","Beef cattle ranching, farming, and feedlots","County, NAICS 5-digit -- by ownership sector","All establishment sizes",3,0,0,0,0,0,0,0
"13219",5,112111,78,0,2007,1,"N","Oconee County, Georgia","Private","Beef cattle ranching and farming","County, NAICS 6-digit -- by ownership sector","All establishment sizes",2,0,0,0,0,0,0,0
"13219",5,"112111",78,0,2007,2,"N","Oconee County, Georgia","Private","Beef cattle ranching and farming","County, NAICS 6-digit -- by ownership sector","All establishment sizes",2,0,0,0,0,0,0,0
"13219",5,"112111",78,0,2007,3,"N","Oconee County, Georgia","Private","Beef cattle ranching and farming","County, NAICS 6-digit -- by ownership sector","All establishment sizes",2,0,0,0,0,0,0,0
"13219",5,"112111",78,0,2007,4,"N","Oconee County, Georgia","Private","Beef cattle ranching and farming","County, NAICS 6-digit -- by ownership sector","All establishment sizes",3,0,0,0,0,0,0,0
"13219",5,115,75,0,2007,1,"N","Oconee County, Georgia","Private","Agriculture and forestry support activities","County, NAICS 3-digit -- by ownership sector","All establishment sizes",2,0,0,0,0,0,0,0
"13219",5,"115",75,0,2007,2,"N","Oconee County, Georgia","Private","Agriculture and forestry support activities","County, NAICS 3-digit -- by ownership sector","All establishment sizes",1,0,0,0,0,0,0,0
"13219",5,"115",75,0,2007,3,"N","Oconee County, Georgia","Private","Agriculture and forestry support activities","County, NAICS 3-digit -- by ownership sector","All establishment sizes",1,0,0,0,0,0,0,0
"13219",5,"115",75,0,2007,4,"N","Oconee County, Georgia","Private","Agriculture and forestry support activities","County, NAICS 3-digit -- by ownership sector","All establishment sizes",1,0,0,0,0,0,0,0
"13219",5,1152,76,0,2007,1,"N","Oconee County, Georgia","Private","Support activities for animal production","County, NAICS 4-digit -- by ownership sector","All establishment sizes",2,0,0,0,0,0,0,0
"13219",5,"1152",76,0,2007,2,"N","Oconee County, Georgia","Private","Support activities for animal production","County, NAICS 4-digit -- by ownership sector","All establishment sizes",1,0,0,0,0,0,0,0
"13219",5,"1152",76,0,2007,3,"N","Oconee County, Georgia","Private","Support activities for animal production","County, NAICS 4-digit -- by ownership sector","All establishment sizes",1,0,0,0,0,0,0,0
"13219",5,"1152",76,0,2007,4,"N","Oconee County, Georgia","Private","Support activities for animal production","County, NAICS 4-digit -- by ownership sector","All establishment sizes",1,0,0,0,0,0,0,0
"13219",5,11521,77,0,2007,1,"N","Oconee County, Georgia","Private","Support activities for animal production","County, NAICS 5-digit -- by ownership sector","All establishment sizes",2,0,0,0,0,0,0,0
"13219",5,"11521",77,0,2007,2,"N","Oconee County, Georgia","Private","Support activities for animal production","County, NAICS 5-digit -- by ownership sector","All establishment sizes",1,0,0,0,0,0,0,0
"13219",5,"11521",77,0,2007,3,"N","Oconee County, Georgia","Private","Support activities for animal production","County, NAICS 5-digit -- by ownership sector","All establishment sizes",1,0,0,0,0,0,0,0
"13219",5,"11521",77,0,2007,4,"N","Oconee County, Georgia","Private","Support activities for animal production","County, NAICS 5-digit -- by ownership sector","All establishment sizes",1,0,0,0,0,0,0,0
"13219",5,115210,78,0,2007,1,"N","Oconee County, Georgia","Private","Support activities for animal production","County, NAICS 6-digit -- by ownership sector","All establishment sizes",2,0,0,0,0,0,0,0
"13219",5,"115210",78,0,2007,2,"N","Oconee County, Georgia","Private","Support activities for animal production","County, NAICS 6-digit -- by ownership sector","All establishment sizes",1,0,0,0,0,0,0,0
"13219",5,"115210",78,0,2007,3,"N","Oconee County, Georgia","Private","Support activities for animal production","County, NAICS 6-digit -- by ownership sector","All establishment sizes",1,0,0,0,0,0,0,0
"13219",5,"115210",78,0,2007,4,"N","Oconee County, Georgia","Private","Support activities for animal production","County, NAICS 6-digit -- by ownership sector","All establishment sizes",1,0,0,0,0,0,0,0
"13219",5,22,74,0,2007,1,"N","Oconee County, Georgia","Private","Utilities","County, NAICS Sector -- by ownership sector","All establishment sizes",2,0,0,0,0,0,0,0
"13219",5,"22",74,0,2007,2,"N","Oconee County, Georgia","Private","Utilities","County, NAICS Sector -- by ownership sector","All establishment sizes",2,0,0,0,0,0,0,0
"13219",5,"22",74,0,2007,3,"N","Oconee County, Georgia","Private","Utilities","County, NAICS Sector -- by ownership sector","All establishment sizes",2,0,0,0,0,0,0,0
"13219",5,"22",74,0,2007,4,"N","Oconee County, Georgia","Private","Utilities","County, NAICS Sector -- by ownership sector","All establishment sizes",2,0,0,0,0,0,0,0
"13219",5,221,75,0,2007,1,"N","Oconee County, Georgia","Private","Utilities","County, NAICS 3-digit -- by ownership sector","All establishment sizes",2,0,0,0,0,0,0,0
"13219",5,"221",75,0,2007,2,"N","Oconee County, Georgia","Private","Utilities","County, NAICS 3-digit -- by ownership sector","All establishment sizes",2,0,0,0,0,0,0,0
"13219",5,"221",75,0,2007,3,"N","Oconee County, Georgia","Private","Utilities","County, NAICS 3-digit -- by ownership sector","All establishment sizes",2,0,0,0,0,0,0,0
"13219",5,"221",75,0,2007,4,"N","Oconee County, Georgia","Private","Utilities","County, NAICS 3-digit -- by ownership sector","All establishment sizes",2,0,0,0,0,0,0,0
"13219",5,2211,76,0,2007,1,"N","Oconee County, Georgia","Private","Power generation and supply","County, NAICS 4-digit -- by ownership sector","All establishment sizes",1,0,0,0,0,0,0,0
"13219",5,"2211",76,0,2007,2,"N","Oconee County, Georgia","Private","Power generation and supply","County, NAICS 4-digit -- by ownership sector","All establishment sizes",1,0,0,0,0,0,0,0
"13219",5,"2211",76,0,2007,3,"N","Oconee County, Georgia","Private","Power generation and supply","County, NAICS 4-digit -- by ownership sector","All establishment sizes",1,0,0,0,0,0,0,0
"13219",5,"2211",76,0,2007,4,"N","Oconee County, Georgia","Private","Power generation and supply","County, NAICS 4-digit -- by ownership sector","All establishment sizes",1,0,0,0,0,0,0,0
"13219",5,22112,77,0,2007,1,"N","Oconee County, Georgia","Private","Electric power transmission and distribution","County, NAICS 5-digit -- by ownership sector","All establishment sizes",1,0,0,0,0,0,0,0
"13219",5,"22112",77,0,2007,2,"N","Oconee County, Georgia","Private","Electric power transmission and distribution","County, NAICS 5-digit -- by ownership sector","All establishment sizes",1,0,0,0,0,0,0,0
"13219",5,"22112",77,0,2007,3,"N","Oconee County, Georgia","Private","Electric power transmission and distribution","County, NAICS 5-digit -- by ownership sector","All establishment sizes",1,0,0,0,0,0,0,0
"13219",5,"22112",77,0,2007,4,"N","Oconee County, Georgia","Private","Electric power transmission and distribution","County, NAICS 5-digit -- by ownership sector","All establishment sizes",1,0,0,0,0,0,0,0
"13219",5,221122,78,0,2007,1,"N","Oconee County, Georgia","Private","Electric power distribution","County, NAICS 6-digit -- by ownership sector","All establishment sizes",1,0,0,0,0,0,0,0
"13219",5,"221122",78,0,2007,2,"N","Oconee County, Georgia","Private","Electric power distribution","County, NAICS 6-digit -- by ownership sector","All establishment sizes",1,0,0,0,0,0,0,0
"13219",5,"221122",78,0,2007,3,"N","Oconee County, Georgia","Private","Electric power distribution","County, NAICS 6-digit -- by ownership sector","All establishment sizes",1,0,0,0,0,0,0,0
"13219",5,"221122",78,0,2007,4,"N","Oconee County, Georgia","Private","Electric power distribution","County, NAICS 6-digit -- by ownership sector","All establishment sizes",1,0,0,0,0,0,0,0
"13219",5,2213,76,0,2007,1,"N","Oconee County, Georgia","Private","Water, sewage and other systems","County, NAICS 4-digit -- by ownership sector","All establishment sizes",1,0,0,0,0,0,0,0
"13219",5,"2213",76,0,2007,2,"N","Oconee County, Georgia","Private","Water, sewage and other systems","County, NAICS 4-digit -- by ownership sector","All establishment sizes",1,0,0,0,0,0,0,0
"13219",5,"2213",76,0,2007,3,"N","Oconee County, Georgia","Private","Water, sewage and other systems","County, NAICS 4-digit -- by ownership sector","All establishment sizes",1,0,0,0,0,0,0,0
"13219",5,"2213",76,0,2007,4,"N","Oconee County, Georgia","Private","Water, sewage and other systems","County, NAICS 4-digit -- by ownership sector","All establishment sizes",1,0,0,0,0,0,0,0
"13219",5,22131,77,0,2007,1,"N","Oconee County, Georgia","Private","Water supply and irrigation systems","County, NAICS 5-digit -- by ownership sector","All establishment sizes",1,0,0,0,0,0,0,0
"13219",5,"22131",77,0,2007,2,"N","Oconee County, Georgia","Private","Water supply and irrigation systems","County, NAICS 5-digit -- by ownership sector","All establishment sizes",1,0,0,0,0,0,0,0
"13219",5,"22131",77,0,2007,3,"N","Oconee County, Georgia","Private","Water supply and irrigation systems","County, NAICS 5-digit -- by ownership sector","All establishment sizes",1,0,0,0,0,0,0,0
"13219",5,"22131",77,0,2007,4,"N","Oconee County, Georgia","Private","Water supply and irrigation systems","County, NAICS 5-digit -- by ownership sector","All establishment sizes",1,0,0,0,0,0,0,0
"13219",5,221310,78,0,2007,1,"N","Oconee County, Georgia","Private","Water supply and irrigation systems","County, NAICS 6-digit -- by ownership sector","All establishment sizes",1,0,0,0,0,0,0,0
"13219",5,"221310",78,0,2007,2,"N","Oconee County, Georgia","Private","Water supply and irrigation systems","County, NAICS 6-digit -- by ownership sector","All establishment sizes",1,0,0,0,0,0,0,0
"13219",5,"221310",78,0,2007,3,"N","Oconee County, Georgia","Private","Water supply and irrigation systems","County, NAICS 6-digit -- by ownership sector","All establishment sizes",1,0,0,0,0,0,0,0
"13219",5,"221310",78,0,2007,4,"N","Oconee County, Georgia","Private","Water supply and irrigation systems","County, NAICS 6-digit -- by ownership sector","All establishment sizes",1,0,0,0,0,0,0,0
"13219",5,23,74,0,2007,1,"","Oconee County, Georgia","Private","Construction","County, NAICS Sector -- by ownership sector","All establishment sizes",160,753,731,756,6232025,4642803,77800,642
"13219",5,"23",74,0,2007,2,"","Oconee County, Georgia","Private","Construction","County, NAICS Sector -- by ownership sector","All establishment sizes",163,779,745,766,6539854,1593025,27010,659
"13219",5,"23",74,0,2007,3,"","Oconee County, Georgia","Private","Construction","County, NAICS Sector -- by ownership sector","All establishment sizes",165,779,759,775,6769991,974803,17093,675
"13219",5,"23",74,0,2007,4,"","Oconee County, Georgia","Private","Construction","County, NAICS Sector -- by ownership sector","All establishment sizes",162,738,722,731,6863870,780026,13568,723
"13219",5,236,75,0,2007,1,"","Oconee County, Georgia","Private","Construction of buildings","County, NAICS 3-digit -- by ownership sector","All establishment sizes",57,115,112,111,974377,766522,10969,665
"13219",5,"236",75,0,2007,2,"","Oconee County, Georgia","Private","Construction of buildings","County, NAICS 3-digit -- by ownership sector","All establishment sizes",56,126,117,116,994498,274480,3854,639
"13219",5,"236",75,0,2007,3,"","Oconee County, Georgia","Private","Construction of buildings","County, NAICS 3-digit -- by ownership sector","All establishment sizes",57,127,124,121,1037976,183453,2363,644
"13219",5,"236",75,0,2007,4,"","Oconee County, Georgia","Private","Construction of buildings","County, NAICS 3-digit -- by ownership sector","All establishment sizes",55,115,116,128,1310131,208157,2998,842
"13219",5,2361,76,0,2007,1,"N","Oconee County, Georgia","Private","Residential building construction","County, NAICS 4-digit -- by ownership sector","All establishment sizes",54,0,0,0,0,0,0,0
"13219",5,"2361",76,0,2007,2,"N","Oconee County, Georgia","Private","Residential building construction","County, NAICS 4-digit -- by ownership sector","All establishment sizes",53,0,0,0,0,0,0,0
"13219",5,"2361",76,0,2007,3,"N","Oconee County, Georgia","Private","Residential building construction","County, NAICS 4-digit -- by ownership sector","All establishment sizes",53,0,0,0,0,0,0,0
"13219",5,"2361",76,0,2007,4,"N","Oconee County, Georgia","Private","Residential building construction","County, NAICS 4-digit -- by ownership sector","All establishment sizes",51,0,0,0,0,0,0,0
"13219",5,23611,77,0,2007,1,"N","Oconee County, Georgia","Private","Residential building construction","County, NAICS 5-digit -- by ownership sector","All establishment sizes",54,0,0,0,0,0,0,0
"13219",5,"23611",77,0,2007,2,"N","Oconee County, Georgia","Private","Residential building construction","County, NAICS 5-digit -- by ownership sector","All establishment sizes",53,0,0,0,0,0,0,0
"13219",5,"23611",77,0,2007,3,"N","Oconee County, Georgia","Private","Residential building construction","County, NAICS 5-digit -- by ownership sector","All establishment sizes",53,0,0,0,0,0,0,0
"13219",5,"23611",77,0,2007,4,"N","Oconee County, Georgia","Private","Residential building construction","County, NAICS 5-digit -- by ownership sector","All establishment sizes",51,0,0,0,0,0,0,0
"13219",5,236115,78,0,2007,1,"","Oconee County, Georgia","Private","New single-family general contractors","County, NAICS 6-digit -- by ownership sector","All establishment sizes",34,37,37,36,281049,241389,1926,590
"13219",5,"236115",78,0,2007,2,"","Oconee County, Georgia","Private","New single-family general contractors","County, NAICS 6-digit -- by ownership sector","All establishment sizes",33,51,38,38,277849,131926,1520,505
"13219",5,"236115",78,0,2007,3,"","Oconee County, Georgia","Private","New single-family general contractors","County, NAICS 6-digit -- by ownership sector","All establishment sizes",32,38,37,37,290699,98961,816,599
"13219",5,"236115",78,0,2007,4,"","Oconee County, Georgia","Private","New single-family general contractors","County, NAICS 6-digit -- by ownership sector","All establishment sizes",31,39,39,49,415515,103550,1018,755
"13219",5,236117,78,0,2007,1,"N","Oconee County, Georgia","Private","New housing operative builders","County, NAICS 6-digit -- by ownership sector","All establishment sizes",8,0,0,0,0,0,0,0
"13219",5,"236117",78,0,2007,2,"N","Oconee County, Georgia","Private","New housing operative builders","County, NAICS 6-digit -- by ownership sector","All establishment sizes",8,0,0,0,0,0,0,0
"13219",5,"236117",78,0,2007,3,"N","Oconee County, Georgia","Private","New housing operative builders","County, NAICS 6-digit -- by ownership sector","All establishment sizes",8,0,0,0,0,0,0,0
"13219",5,"236117",78,0,2007,4,"N","Oconee County, Georgia","Private","New housing operative builders","County, NAICS 6-digit -- by ownership sector","All establishment sizes",7,0,0,0,0,0,0,0
"13219",5,236118,78,0,2007,1,"","Oconee County, Georgia","Private","Residential remodelers","County, NAICS 6-digit -- by ownership sector","All establishment sizes",12,31,30,28,258179,199392,2490,669
"13219",5,"236118",78,0,2007,2,"","Oconee County, Georgia","Private","Residential remodelers","County, NAICS 6-digit -- by ownership sector","All establishment sizes",12,29,32,32,250420,62781,740,621
"13219",5,"236118",78,0,2007,3,"","Oconee County, Georgia","Private","Residential remodelers","County, NAICS 6-digit -- by ownership sector","All establishment sizes",13,42,40,36,278374,52955,917,544
"13219",5,"236118",78,0,2007,4,"","Oconee County, Georgia","Private","Residential remodelers","County, NAICS 6-digit -- by ownership sector","All establishment sizes",13,36,38,39,304787,72611,1413,622
"13219",5,2362,76,0,2007,1,"N","Oconee County, Georgia","Private","Nonresidential building construction","County, NAICS 4-digit -- by ownership sector","All establishment sizes",3,0,0,0,0,0,0,0
"13219",5,"2362",76,0,2007,2,"N","Oconee County, Georgia","Private","Nonresidential building construction","County, NAICS 4-digit -- by ownership sector","All establishment sizes",3,0,0,0,0,0,0,0
"13219",5,"2362",76,0,2007,3,"N","Oconee County, Georgia","Private","Nonresidential building construction","County, NAICS 4-digit -- by ownership sector","All establishment sizes",4,0,0,0,0,0,0,0
"13219",5,"2362",76,0,2007,4,"N","Oconee County, Georgia","Private","Nonresidential building construction","County, NAICS 4-digit -- by ownership sector","All establishment sizes",4,0,0,0,0,0,0,0
"13219",5,23621,77,0,2007,1,"N","Oconee County, Georgia","Private","Industrial building construction","County, NAICS 5-digit -- by ownership sector","All establishment sizes",1,0,0,0,0,0,0,0
"13219",5,"23621",77,0,2007,2,"N","Oconee County, Georgia","Private","Industrial building construction","County, NAICS 5-digit -- by ownership sector","All establishment sizes",1,0,0,0,0,0,0,0
"13219",5,"23621",77,0,2007,3,"N","Oconee County, Georgia","Private","Industrial building construction","County, NAICS 5-digit -- by ownership sector","All establishment sizes",1,0,0,0,0,0,0,0
"13219",5,"23621",77,0,2007,4,"N","Oconee County, Georgia","Private","Industrial building construction","County, NAICS 5-digit -- by ownership sector","All establishment sizes",1,0,0,0,0,0,0,0
"13219",5,236210,78,0,2007,1,"N","Oconee County, Georgia","Private","Industrial building construction","County, NAICS 6-digit -- by ownership sector","All establishment sizes",1,0,0,0,0,0,0,0
"13219",5,"236210",78,0,2007,2,"N","Oconee County, Georgia","Private","Industrial building construction","County, NAICS 6-digit -- by ownership sector","All establishment sizes",1,0,0,0,0,0,0,0
"13219",5,"236210",78,0,2007,3,"N","Oconee County, Georgia","Private","Industrial building construction","County, NAICS 6-digit -- by ownership sector","All establishment sizes",1,0,0,0,0,0,0,0
"13219",5,"236210",78,0,2007,4,"N","Oconee County, Georgia","Private","Industrial building construction","County, NAICS 6-digit -- by ownership sector","All establishment sizes",1,0,0,0,0,0,0,0
"13219",5,23622,77,0,2007,1,"N","Oconee County, Georgia","Private","Commercial building construction","County, NAICS 5-digit -- by ownership sector","All establishment sizes",2,0,0,0,0,0,0,0
"13219",5,"23622",77,0,2007,2,"N","Oconee County, Georgia","Private","Commercial building construction","County, NAICS 5-digit -- by ownership sector","All establishment sizes",2,0,0,0,0,0,0,0
"13219",5,"23622",77,0,2007,3,"N","Oconee County, Georgia","Private","Commercial building construction","County, NAICS 5-digit -- by ownership sector","All establishment sizes",3,0,0,0,0,0,0,0
"13219",5,"23622",77,0,2007,4,"N","Oconee County, Georgia","Private","Commercial building construction","County, NAICS 5-digit -- by ownership sector","All establishment sizes",3,0,0,0,0,0,0,0
"13219",5,236220,78,0,2007,1,"N","Oconee County, Georgia","Private","Commercial building construction","County, NAICS 6-digit -- by ownership sector","All establishment sizes",2,0,0,0,0,0,0,0
"13219",5,"236220",78,0,2007,2,"N","Oconee County, Georgia","Private","Commercial building construction","County, NAICS 6-digit -- by ownership sector","All establishment sizes",2,0,0,0,0,0,0,0
"13219",5,"236220",78,0,2007,3,"N","Oconee County, Georgia","Private","Commercial building construction","County, NAICS 6-digit -- by ownership sector","All establishment sizes",3,0,0,0,0,0,0,0
"13219",5,"236220",78,0,2007,4,"N","Oconee County, Georgia","Private","Commercial building construction","County, NAICS 6-digit -- by ownership sector","All establishment sizes",3,0,0,0,0,0,0,0
"13219",5,237,75,0,2007,1,"","Oconee County, Georgia","Private","Heavy and civil engineering construction","County, NAICS 3-digit -- by ownership sector","All establishment sizes",20,155,139,154,1277789,948371,17961,658
"13219",5,"237",75,0,2007,2,"","Oconee County, Georgia","Private","Heavy and civil engineering construction","County, NAICS 3-digit -- by ownership sector","All establishment sizes",21,149,135,137,1252287,323860,6588,686
"13219",5,"237",75,0,2007,3,"","Oconee County, Georgia","Private","Heavy and civil engineering construction","County, NAICS 3-digit -- by ownership sector","All establishment sizes",20,142,130,133,1243020,178827,3662,708
"13219",5,"237",75,0,2007,4,"","Oconee County, Georgia","Private","Heavy and civil engineering construction","County, NAICS 3-digit -- by ownership sector","All establishment sizes",20,140,136,134,1181159,119711,2294,665
"13219",5,2371,76,0,2007,1,"","Oconee County, Georgia","Private","Utility system construction","County, NAICS 4-digit -- by ownership sector","All establishment sizes",9,113,114,123,1007179,754032,15106,664
"13219",5,"2371",76,0,2007,2,"","Oconee County, Georgia","Private","Utility system construction","County, NAICS 4-digit -- by ownership sector","All establishment sizes",9,108,113,114,1037889,253684,5424,715
"13219",5,"2371",76,0,2007,3,"","Oconee County, Georgia","Private","Utility system construction","County, NAICS 4-digit -- by ownership sector","All establishment sizes",9,116,111,113,1006705,140429,3240,683
"13219",5,"2371",76,0,2007,4,"","Oconee County, Georgia","Private","Utility system construction","County, NAICS 4-digit -- by ownership sector","All establishment sizes",9,110,105,111,971654,94286,1913,688
"13219",5,23711,77,0,2007,1,"N","Oconee County, Georgia","Private","Water and sewer system construction","County, NAICS 5-digit -- by ownership sector","All establishment sizes",7,0,0,0,0,0,0,0
"13219",5,"23711",77,0,2007,2,"N","Oconee County, Georgia","Private","Water and sewer system construction","County, NAICS 5-digit -- by ownership sector","All establishment sizes",7,0,0,0,0,0,0,0
"13219",5,"23711",77,0,2007,3,"N","Oconee County, Georgia","Private","Water and sewer system construction","County, NAICS 5-digit -- by ownership sector","All establishment sizes",7,0,0,0,0,0,0,0
"13219",5,"23711",77,0,2007,4,"N","Oconee County, Georgia","Private","Water and sewer system construction","County, NAICS 5-digit -- by ownership sector","All establishment sizes",7,0,0,0,0,0,0,0
"13219",5,237110,78,0,2007,1,"N","Oconee County, Georgia","Private","Water and sewer system construction","County, NAICS 6-digit -- by ownership sector","All establishment sizes",7,0,0,0,0,0,0,0
"13219",5,"237110",78,0,2007,2,"N","Oconee County, Georgia","Private","Water and sewer system construction","County, NAICS 6-digit -- by ownership sector","All establishment sizes",7,0,0,0,0,0,0,0
"13219",5,"237110",78,0,2007,3,"N","Oconee County, Georgia","Private","Water and sewer system construction","County, NAICS 6-digit -- by ownership sector","All establishment sizes",7,0,0,0,0,0,0,0
"13219",5,"237110",78,0,2007,4,"N","Oconee County, Georgia","Private","Water and sewer system construction","County, NAICS 6-digit -- by ownership sector","All establishment sizes",7,0,0,0,0,0,0,0
"13219",5,23713,77,0,2007,1,"N","Oconee County, Georgia","Private","Power and communication system construction","County, NAICS 5-digit -- by ownership sector","All establishment sizes",2,0,0,0,0,0,0,0
"13219",5,"23713",77,0,2007,2,"N","Oconee County, Georgia","Private","Power and communication system construction","County, NAICS 5-digit -- by ownership sector","All establishment sizes",2,0,0,0,0,0,0,0
"13219",5,"23713",77,0,2007,3,"N","Oconee County, Georgia","Private","Power and communication system construction","County, NAICS 5-digit -- by ownership sector","All establishment sizes",2,0,0,0,0,0,0,0
"13219",5,"23713",77,0,2007,4,"N","Oconee County, Georgia","Private","Power and communication system construction","County, NAICS 5-digit -- by ownership sector","All establishment sizes",2,0,0,0,0,0,0,0
"13219",5,237130,78,0,2007,1,"N","Oconee County, Georgia","Private","Power and communication system construction","County, NAICS 6-digit -- by ownership sector","All establishment sizes",2,0,0,0,0,0,0,0
"13219",5,"237130",78,0,2007,2,"N","Oconee County, Georgia","Private","Power and communication system construction","County, NAICS 6-digit -- by ownership sector","All establishment sizes",2,0,0,0,0,0,0,0
"13219",5,"237130",78,0,2007,3,"N","Oconee County, Georgia","Private","Power and communication system construction","County, NAICS 6-digit -- by ownership sector","All establishment sizes",2,0,0,0,0,0,0,0
"13219",5,"237130",78,0,2007,4,"N","Oconee County, Georgia","Private","Power and communication system construction","County, NAICS 6-digit -- by ownership sector","All establishment sizes",2,0,0,0,0,0,0,0
"13219",5,2372,76,0,2007,1,"","Oconee County, Georgia","Private","Land subdivision","County, NAICS 4-digit -- by ownership sector","All establishment sizes",5,14,12,19,137701,90046,1652,706
"13219",5,"2372",76,0,2007,2,"","Oconee County, Georgia","Private","Land subdivision","County, NAICS 4-digit -- by ownership sector","All establishment sizes",6,16,12,12,84216,39312,824,486
"13219",5,"2372",76,0,2007,3,"","Oconee County, Georgia","Private","Land subdivision","County, NAICS 4-digit -- by ownership sector","All establishment sizes",5,12,8,8,94071,12372,202,775
"13219",5,"2372",76,0,2007,4,"","Oconee County, Georgia","Private","Land subdivision","County, NAICS 4-digit -- by ownership sector","All establishment sizes",5,12,12,11,64893,12902,288,428
"13219",5,23721,77,0,2007,1,"","Oconee County, Georgia","Private","Land subdivision","County, NAICS 5-digit -- by ownership sector","All establishment sizes",5,14,12,19,137701,90046,1652,706
"13219",5,"23721",77,0,2007,2,"","Oconee County, Georgia","Private","Land subdivision","County, NAICS 5-digit -- by ownership sector","All establishment sizes",6,16,12,12,84216,39312,824,486
"13219",5,"23721",77,0,2007,3,"","Oconee County, Georgia","Private","Land subdivision","County, NAICS 5-digit -- by ownership sector","All establishment sizes",5,12,8,8,94071,12372,202,775
"13219",5,"23721",77,0,2007,4,"","Oconee County, Georgia","Private","Land subdivision","County, NAICS 5-digit -- by ownership sector","All establishment sizes",5,12,12,11,64893,12902,288,428
"13219",5,237210,78,0,2007,1,"","Oconee County, Georgia","Private","Land subdivision","County, NAICS 6-digit -- by ownership sector","All establishment sizes",5,14,12,19,137701,90046,1652,706
"13219",5,"237210",78,0,2007,2,"","Oconee County, Georgia","Private","Land subdivision","County, NAICS 6-digit -- by ownership sector","All establishment sizes",6,16,12,12,84216,39312,824,486
"13219",5,"237210",78,0,2007,3,"","Oconee County, Georgia","Private","Land subdivision","County, NAICS 6-digit -- by ownership sector","All establishment sizes",5,12,8,8,94071,12372,202,775
"13219",5,"237210",78,0,2007,4,"","Oconee County, Georgia","Private","Land subdivision","County, NAICS 6-digit -- by ownership sector","All establishment sizes",5,12,12,11,64893,12902,288,428
"13219",5,2373,76,0,2007,1,"N","Oconee County, Georgia","Private","Highway, street, and bridge construction","County, NAICS 4-digit -- by ownership sector","All establishment sizes",2,0,0,0,0,0,0,0
"13219",5,"2373",76,0,2007,2,"N","Oconee County, Georgia","Private","Highway, street, and bridge construction","County, NAICS 4-digit -- by ownership sector","All establishment sizes",2,0,0,0,0,0,0,0
"13219",5,"2373",76,0,2007,3,"N","Oconee County, Georgia","Private","Highway, street, and bridge construction","County, NAICS 4-digit -- by ownership sector","All establishment sizes",2,0,0,0,0,0,0,0
"13219",5,"2373",76,0,2007,4,"N","Oconee County, Georgia","Private","Highway, street, and bridge construction","County, NAICS 4-digit -- by ownership sector","All establishment sizes",2,0,0,0,0,0,0,0
"13219",5,23731,77,0,2007,1,"N","Oconee County, Georgia","Private","Highway, street, and bridge construction","County, NAICS 5-digit -- by ownership sector","All establishment sizes",2,0,0,0,0,0,0,0
"13219",5,"23731",77,0,2007,2,"N","Oconee County, Georgia","Private","Highway, street, and bridge construction","County, NAICS 5-digit -- by ownership sector","All establishment sizes",2,0,0,0,0,0,0,0
"13219",5,"23731",77,0,2007,3,"N","Oconee County, Georgia","Private","Highway, street, and bridge construction","County, NAICS 5-digit -- by ownership sector","All establishment sizes",2,0,0,0,0,0,0,0
"13219",5,"23731",77,0,2007,4,"N","Oconee County, Georgia","Private","Highway, street, and bridge construction","County, NAICS 5-digit -- by ownership sector","All establishment sizes",2,0,0,0,0,0,0,0
"13219",5,237310,78,0,2007,1,"N","Oconee County, Georgia","Private","Highway, street, and bridge construction","County, NAICS 6-digit -- by ownership sector","All establishment sizes",2,0,0,0,0,0,0,0
"13219",5,"237310",78,0,2007,2,"N","Oconee County, Georgia","Private","Highway, street, and bridge construction","County, NAICS 6-digit -- by ownership sector","All establishment sizes",2,0,0,0,0,0,0,0
"13219",5,"237310",78,0,2007,3,"N","Oconee County, Georgia","Private","Highway, street, and bridge construction","County, NAICS 6-digit -- by ownership sector","All establishment sizes",2,0,0,0,0,0,0,0
"13219",5,"237310",78,0,2007,4,"N","Oconee County, Georgia","Private","Highway, street, and bridge construction","County, NAICS 6-digit -- by ownership sector","All establishment sizes",2,0,0,0,0,0,0,0
"13219",5,2379,76,0,2007,1,"N","Oconee County, Georgia","Private","Other heavy construction","County, NAICS 4-digit -- by ownership sector","All establishment sizes",4,0,0,0,0,0,0,0
"13219",5,"2379",76,0,2007,2,"N","Oconee County, Georgia","Private","Other heavy construction","County, NAICS 4-digit -- by ownership sector","All establishment sizes",4,0,0,0,0,0,0,0
"13219",5,"2379",76,0,2007,3,"N","Oconee County, Georgia","Private","Other heavy construction","County, NAICS 4-digit -- by ownership sector","All establishment sizes",4,0,0,0,0,0,0,0
"13219",5,"2379",76,0,2007,4,"N","Oconee County, Georgia","Private","Other heavy construction","County, NAICS 4-digit -- by ownership sector","All establishment sizes",4,0,0,0,0,0,0,0
"13219",5,23799,77,0,2007,1,"N","Oconee County, Georgia","Private","Other heavy construction","County, NAICS 5-digit -- by ownership sector","All establishment sizes",4,0,0,0,0,0,0,0
"13219",5,"23799",77,0,2007,2,"N","Oconee County, Georgia","Private","Other heavy construction","County, NAICS 5-digit -- by ownership sector","All establishment sizes",4,0,0,0,0,0,0,0
"13219",5,"23799",77,0,2007,3,"N","Oconee County, Georgia","Private","Other heavy construction","County, NAICS 5-digit -- by ownership sector","All establishment sizes",4,0,0,0,0,0,0,0
"13219",5,"23799",77,0,2007,4,"N","Oconee County, Georgia","Private","Other heavy construction","County, NAICS 5-digit -- by ownership sector","All establishment sizes",4,0,0,0,0,0,0,0
"13219",5,237990,78,0,2007,1,"N","Oconee County, Georgia","Private","Other heavy construction","County, NAICS 6-digit -- by ownership sector","All establishment sizes",4,0,0,0,0,0,0,0
"13219",5,"237990",78,0,2007,2,"N","Oconee County, Georgia","Private","Other heavy construction","County, NAICS 6-digit -- by ownership sector","All establishment sizes",4,0,0,0,0,0,0,0
"13219",5,"237990",78,0,2007,3,"N","Oconee County, Georgia","Private","Other heavy construction","County, NAICS 6-digit -- by ownership sector","All establishment sizes",4,0,0,0,0,0,0,0
"13219",5,"237990",78,0,2007,4,"N","Oconee County, Georgia","Private","Other heavy construction","County, NAICS 6-digit -- by ownership sector","All establishment sizes",4,0,0,0,0,0,0,0
"13219",5,238,75,0,2007,1,"","Oconee County, Georgia","Private","Specialty trade contractors","County, NAICS 3-digit -- by ownership sector","All establishment sizes",83,483,480,491,3979859,2927910,48870,632
"13219",5,"238",75,0,2007,2,"","Oconee County, Georgia","Private","Specialty trade contractors","County, NAICS 3-digit -- by ownership sector","All establishment sizes",86,504,493,513,4293069,994685,16568,656
"13219",5,"238",75,0,2007,3,"","Oconee County, Georgia","Private","Specialty trade contractors","County, NAICS 3-digit -- by ownership sector","All establishment sizes",88,510,505,521,4488995,612523,11068,674
"13219",5,"238",75,0,2007,4,"","Oconee County, Georgia","Private","Specialty trade contractors","County, NAICS 3-digit -- by ownership sector","All establishment sizes",87,483,470,469,4372580,452158,8276,710
"13219",5,2381,76,0,2007,1,"","Oconee County, Georgia","Private","Building foundation and exterior contractors","County, NAICS 4-digit -- by ownership sector","All establishment sizes",16,74,73,74,500731,427196,11374,523
"13219",5,"2381",76,0,2007,2,"","Oconee County, Georgia","Private","Building foundation and exterior contractors","County, NAICS 4-digit -- by ownership sector","All establishment sizes",18,89,82,102,606465,220584,5362,513
"13219",5,"2381",76,0,2007,3,"","Oconee County, Georgia","Private","Building foundation and exterior contractors","County, NAICS 4-digit -- by ownership sector","All establishment sizes",19,81,87,97,726396,162891,4174,633
"13219",5,"2381",76,0,2007,4,"","Oconee County, Georgia","Private","Building foundation and exterior contractors","County, NAICS 4-digit -- by ownership sector","All establishment sizes",19,100,94,95,725551,133161,3514,579
"13219",5,23811,77,0,2007,1,"N","Oconee County, Georgia","Private","Poured concrete structure contractors","County, NAICS 5-digit -- by ownership sector","All establishment sizes",3,0,0,0,0,0,0,0
"13219",5,"23811",77,0,2007,2,"N","Oconee County, Georgia","Private","Poured concrete structure contractors","County, NAICS 5-digit -- by ownership sector","All establishment sizes",3,0,0,0,0,0,0,0
"13219",5,"23811",77,0,2007,3,"N","Oconee County, Georgia","Private","Poured concrete structure contractors","County, NAICS 5-digit -- by ownership sector","All establishment sizes",3,0,0,0,0,0,0,0
"13219",5,"23811",77,0,2007,4,"N","Oconee County, Georgia","Private","Poured concrete structure contractors","County, NAICS 5-digit -- by ownership sector","All establishment sizes",3,0,0,0,0,0,0,0
"13219",5,238111,78,0,2007,1,"N","Oconee County, Georgia","Private","Residential poured foundation contractors","County, NAICS 6-digit -- by ownership sector","All establishment sizes",3,0,0,0,0,0,0,0
"13219",5,"238111",78,0,2007,2,"N","Oconee County, Georgia","Private","Residential poured foundation contractors","County, NAICS 6-digit -- by ownership sector","All establishment sizes",3,0,0,0,0,0,0,0
"13219",5,"238111",78,0,2007,3,"N","Oconee County, Georgia","Private","Residential poured foundation contractors","County, NAICS 6-digit -- by ownership sector","All establishment sizes",3,0,0,0,0,0,0,0
"13219",5,"238111",78,0,2007,4,"N","Oconee County, Georgia","Private","Residential poured foundation contractors","County, NAICS 6-digit -- by ownership sector","All establishment sizes",3,0,0,0,0,0,0,0
"13219",5,23812,77,0,2007,1,"N","Oconee County, Georgia","Private","Steel and precast concrete contractors","County, NAICS 5-digit -- by ownership sector","All establishment sizes",1,0,0,0,0,0,0,0
"13219",5,"23812",77,0,2007,2,"N","Oconee County, Georgia","Private","Steel and precast concrete contractors","County, NAICS 5-digit -- by ownership sector","All establishment sizes",1,0,0,0,0,0,0,0
"13219",5,"23812",77,0,2007,3,"N","Oconee County, Georgia","Private","Steel and precast concrete contractors","County, NAICS 5-digit -- by ownership sector","All establishment sizes",1,0,0,0,0,0,0,0
"13219",5,"23812",77,0,2007,4,"N","Oconee County, Georgia","Private","Steel and precast concrete contractors","County, NAICS 5-digit -- by ownership sector","All establishment sizes",1,0,0,0,0,0,0,0
"13219",5,238122,78,0,2007,1,"N","Oconee County, Georgia","Private","Nonresidential structural steel contractors","County, NAICS 6-digit -- by ownership sector","All establishment sizes",1,0,0,0,0,0,0,0
"13219",5,"238122",78,0,2007,2,"N","Oconee County, Georgia","Private","Nonresidential structural steel contractors","County, NAICS 6-digit -- by ownership sector","All establishment sizes",1,0,0,0,0,0,0,0
"13219",5,"238122",78,0,2007,3,"N","Oconee County, Georgia","Private","Nonresidential structural steel contractors","County, NAICS 6-digit -- by ownership sector","All establishment sizes",1,0,0,0,0,0,0,0
"13219",5,"238122",78,0,2007,4,"N","Oconee County, Georgia","Private","Nonresidential structural steel contractors","County, NAICS 6-digit -- by ownership sector","All establishment sizes",1,0,0,0,0,0,0,0
"13219",5,23813,77,0,2007,1,"N","Oconee County, Georgia","Private","Framing contractors","County, NAICS 5-digit -- by ownership sector","All establishment sizes",3,0,0,0,0,0,0,0
"13219",5,"23813",77,0,2007,2,"","Oconee County, Georgia","Private","Framing contractors","County, NAICS 5-digit -- by ownership sector","All establishment sizes",3,5,5,5,41745,4100,92,642
"13219",5,"23813",77,0,2007,3,"N","Oconee County, Georgia","Private","Framing contractors","County, NAICS 5-digit -- by ownership sector","All establishment sizes",3,0,0,0,0,0,0,0
"13219",5,"23813",77,0,2007,4,"N","Oconee County, Georgia","Private","Framing contractors","County, NAICS 5-digit -- by ownership sector","All establishment sizes",3,0,0,0,0,0,0,0
"13219",5,238131,78,0,2007,1,"N","Oconee County, Georgia","Private","Residential framing contractors","County, NAICS 6-digit -- by ownership sector","All establishment sizes",1,0,0,0,0,0,0,0
"13219",5,"238131",78,0,2007,2,"N","Oconee County, Georgia","Private","Residential framing contractors","County, NAICS 6-digit -- by ownership sector","All establishment sizes",1,0,0,0,0,0,0,0
"13219",5,"238131",78,0,2007,3,"N","Oconee County, Georgia","Private","Residential framing contractors","County, NAICS 6-digit -- by ownership sector","All establishment sizes",1,0,0,0,0,0,0,0
"13219",5,"238131",78,0,2007,4,"N","Oconee County, Georgia","Private","Residential framing contractors","County, NAICS 6-digit -- by ownership sector","All establishment sizes",1,0,0,0,0,0,0,0
"13219",5,238132,78,0,2007,1,"N","Oconee County, Georgia","Private","Nonresidential framing contractors","County, NAICS 6-digit -- by ownership sector","All establishment sizes",2,0,0,0,0,0,0,0
"13219",5,"238132",78,0,2007,2,"N","Oconee County, Georgia","Private","Nonresidential framing contractors","County, NAICS 6-digit -- by ownership sector","All establishment sizes",2,0,0,0,0,0,0,0
"13219",5,"238132",78,0,2007,3,"N","Oconee County, Georgia","Private","Nonresidential framing contractors","County, NAICS 6-digit -- by ownership sector","All establishment sizes",2,0,0,0,0,0,0,0
"13219",5,"238132",78,0,2007,4,"N","Oconee County, Georgia","Private","Nonresidential framing contractors","County, NAICS 6-digit -- by ownership sector","All establishment sizes",2,0,0,0,0,0,0,0
"13219",5,23814,77,0,2007,1,"","Oconee County, Georgia","Private","Masonry contractors","County, NAICS 5-digit -- by ownership sector","All establishment sizes",5,14,9,18,83136,79156,1606,468
"13219",5,"23814",77,0,2007,2,"","Oconee County, Georgia","Private","Masonry contractors","County, NAICS 5-digit -- by ownership sector","All establishment sizes",5,16,16,21,101956,57703,1153,444
"13219",5,"23814",77,0,2007,3,"","Oconee County, Georgia","Private","Masonry contractors","County, NAICS 5-digit -- by ownership sector","All establishment sizes",5,19,20,22,121563,38572,829,460
"13219",5,"23814",77,0,2007,4,"","Oconee County, Georgia","Private","Masonry contractors","County, NAICS 5-digit -- by ownership sector","All establishment sizes",5,18,20,19,109406,17855,409,443
"13219",5,238141,78,0,2007,1,"N","Oconee County, Georgia","Private","Residential masonry contractors","County, NAICS 6-digit -- by ownership sector","All establishment sizes",4,0,0,0,0,0,0,0
"13219",5,"238141",78,0,2007,2,"N","Oconee County, Georgia","Private","Residential masonry contractors","County, NAICS 6-digit -- by ownership sector","All establishment sizes",4,0,0,0,0,0,0,0
"13219",5,"238141",78,0,2007,3,"N","Oconee County, Georgia","Private","Residential masonry contractors","County, NAICS 6-digit -- by ownership sector","All establishment sizes",4,0,0,0,0,0,0,0
"13219",5,"238141",78,0,2007,4,"N","Oconee County, Georgia","Private","Residential masonry contractors","County, NAICS 6-digit -- by ownership sector","All establishment sizes",4,0,0,0,0,0,0,0
"13219",5,238142,78,0,2007,1,"N","Oconee County, Georgia","Private","Nonresidential masonry contractors","County, NAICS 6-digit -- by ownership sector","All establishment sizes",1,0,0,0,0,0,0,0
"13219",5,"238142",78,0,2007,2,"N","Oconee County, Georgia","Private","Nonresidential masonry contractors","County, NAICS 6-digit -- by ownership sector","All establishment sizes",1,0,0,0,0,0,0,0
"13219",5,"238142",78,0,2007,3,"N","Oconee County, Georgia","Private","Nonresidential masonry contractors","County, NAICS 6-digit -- by ownership sector","All establishment sizes",1,0,0,0,0,0,0,0
"13219",5,"238142",78,0,2007,4,"N","Oconee County, Georgia","Private","Nonresidential masonry contractors","County, NAICS 6-digit -- by ownership sector","All establishment sizes",1,0,0,0,0,0,0,0
"13219",5,23816,77,0,2007,1,"N","Oconee County, Georgia","Private","Roofing contractors","County, NAICS 5-digit -- by ownership sector","All establishment sizes",1,0,0,0,0,0,0,0
"13219",5,"23816",77,0,2007,2,"N","Oconee County, Georgia","Private","Roofing contractors","County, NAICS 5-digit -- by ownership sector","All establishment sizes",2,0,0,0,0,0,0,0
"13219",5,"23816",77,0,2007,3,"N","Oconee County, Georgia","Private","Roofing contractors","County, NAICS 5-digit -- by ownership sector","All establishment sizes",2,0,0,0,0,0,0,0
"13219",5,"23816",77,0,2007,4,"N","Oconee County, Georgia","Private","Roofing contractors","County, NAICS 5-digit -- by ownership sector","All establishment sizes",2,0,0,0,0,0,0,0
"13219",5,238161,78,0,2007,1,"N","Oconee County, Georgia","Private","Residential roofing contractors","County, NAICS 6-digit -- by ownership sector","All establishment sizes",1,0,0,0,0,0,0,0
"13219",5,"238161",78,0,2007,2,"N","Oconee County, Georgia","Private","Residential roofing contractors","County, NAICS 6-digit -- by ownership sector","All establishment sizes",2,0,0,0,0,0,0,0
"13219",5,"238161",78,0,2007,3,"N","Oconee County, Georgia","Private","Residential roofing contractors","County, NAICS 6-digit -- by ownership sector","All establishment sizes",2,0,0,0,0,0,0,0
"13219",5,"238161",78,0,2007,4,"N","Oconee County, Georgia","Private","Residential roofing contractors","County, NAICS 6-digit -- by ownership sector","All establishment sizes",2,0,0,0,0,0,0,0
"13219",5,23817,77,0,2007,1,"-","Oconee County, Georgia","Private","Siding contractors","County, NAICS 5-digit -- by ownership sector","All establishment sizes",0,0,0,0,0,0,0,0
"13219",5,"23817",77,0,2007,2,"N","Oconee County, Georgia","Private","Siding contractors","County, NAICS 5-digit -- by ownership sector","All establishment sizes",1,0,0,0,0,0,0,0
"13219",5,"23817",77,0,2007,3,"N","Oconee County, Georgia","Private","Siding contractors","County, NAICS 5-digit -- by ownership sector","All establishment sizes",1,0,0,0,0,0,0,0
"13219",5,"23817",77,0,2007,4,"N","Oconee County, Georgia","Private","Siding contractors","County, NAICS 5-digit -- by ownership sector","All establishment sizes",1,0,0,0,0,0,0,0
"13219",5,238171,78,0,2007,1,"-","Oconee County, Georgia","Private","Residential siding contractors","County, NAICS 6-digit -- by ownership sector","All establishment sizes",0,0,0,0,0,0,0,0
"13219",5,"238171",78,0,2007,2,"N","Oconee County, Georgia","Private","Residential siding contractors","County, NAICS 6-digit -- by ownership sector","All establishment sizes",1,0,0,0,0,0,0,0
"13219",5,"238171",78,0,2007,3,"N","Oconee County, Georgia","Private","Residential siding contractors","County, NAICS 6-digit -- by ownership sector","All establishment sizes",1,0,0,0,0,0,0,0
"13219",5,"238171",78,0,2007,4,"N","Oconee County, Georgia","Private","Residential siding contractors","County, NAICS 6-digit -- by ownership sector","All establishment sizes",1,0,0,0,0,0,0,0
"13219",5,23819,77,0,2007,1,"N","Oconee County, Georgia","Private","Other building exterior contractors","County, NAICS 5-digit -- by ownership sector","All establishment sizes",3,0,0,0,0,0,0,0
"13219",5,"23819",77,0,2007,2,"N","Oconee County, Georgia","Private","Other building exterior contractors","County, NAICS 5-digit -- by ownership sector","All establishment sizes",3,0,0,0,0,0,0,0
"13219",5,"23819",77,0,2007,3,"","Oconee County, Georgia","Private","Other building exterior contractors","County, NAICS 5-digit -- by ownership sector","All establishment sizes",4,7,9,11,65904,21924,644,563
"13219",5,"23819",77,0,2007,4,"","Oconee County, Georgia","Private","Other building exterior contractors","County, NAICS 5-digit -- by ownership sector","All establishment sizes",4,11,8,10,57532,23792,704,458
"13219",5,238191,78,0,2007,1,"N","Oconee County, Georgia","Private","Other residential exterior contractors","County, NAICS 6-digit -- by ownership sector","All establishment sizes",1,0,0,0,0,0,0,0
"13219",5,"238191",78,0,2007,2,"N","Oconee County, Georgia","Private","Other residential exterior contractors","County, NAICS 6-digit -- by ownership sector","All establishment sizes",1,0,0,0,0,0,0,0
"13219",5,"238191",78,0,2007,3,"N","Oconee County, Georgia","Private","Other residential exterior contractors","County, NAICS 6-digit -- by ownership sector","All establishment sizes",2,0,0,0,0,0,0,0
"13219",5,"238191",78,0,2007,4,"N","Oconee County, Georgia","Private","Other residential exterior contractors","County, NAICS 6-digit -- by ownership sector","All establishment sizes",2,0,0,0,0,0,0,0
"13219",5,238192,78,0,2007,1,"N","Oconee County, Georgia","Private","Other nonresidential exterior contractors","County, NAICS 6-digit -- by ownership sector","All establishment sizes",2,0,0,0,0,0,0,0
"13219",5,"238192",78,0,2007,2,"N","Oconee County, Georgia","Private","Other nonresidential exterior contractors","County, NAICS 6-digit -- by ownership sector","All establishment sizes",2,0,0,0,0,0,0,0
"13219",5,"238192",78,0,2007,3,"N","Oconee County, Georgia","Private","Other nonresidential exterior contractors","County, NAICS 6-digit -- by ownership sector","All establishment sizes",2,0,0,0,0,0,0,0
"13219",5,"238192",78,0,2007,4,"N","Oconee County, Georgia","Private","Other nonresidential exterior contractors","County, NAICS 6-digit -- by ownership sector","All establishment sizes",2,0,0,0,0,0,0,0
"13219",5,2382,76,0,2007,1,"","Oconee County, Georgia","Private","Building equipment contractors","County, NAICS 4-digit -- by ownership sector","All establishment sizes",32,234,227,230,2037710,1318139,20387,681
"13219",5,"2382",76,0,2007,2,"","Oconee County, Georgia","Private","Building equipment contractors","County, NAICS 4-digit -- by ownership sector","All establishment sizes",33,224,224,233,2035533,327355,4954,690
"13219",5,"2382",76,0,2007,3,"","Oconee County, Georgia","Private","Building equipment contractors","County, NAICS 4-digit -- by ownership sector","All establishment sizes",33,229,226,222,2126103,187787,2361,725
"13219",5,"2382",76,0,2007,4,"","Oconee County, Georgia","Private","Building equipment contractors","County, NAICS 4-digit -- by ownership sector","All establishment sizes",33,213,212,215,2064109,190090,3153,744
"13219",5,23821,77,0,2007,1,"","Oconee County, Georgia","Private","Electrical and wiring contractors","County, NAICS 5-digit -- by ownership sector","All establishment sizes",16,82,82,80,643232,515841,5846,608
"13219",5,"23821",77,0,2007,2,"","Oconee County, Georgia","Private","Electrical and wiring contractors","County, NAICS 5-digit -- by ownership sector","All establishment sizes",16,75,77,86,693199,154490,2434,672
"13219",5,"23821",77,0,2007,3,"","Oconee County, Georgia","Private","Electrical and wiring contractors","County, NAICS 5-digit -- by ownership sector","All establishment sizes",16,84,86,86,746115,100131,1138,673
"13219",5,"23821",77,0,2007,4,"","Oconee County, Georgia","Private","Electrical and wiring contractors","County, NAICS 5-digit -- by ownership sector","All establishment sizes",16,83,81,79,686805,70517,774,652
"13219",5,238211,78,0,2007,1,"","Oconee County, Georgia","Private","Residential electrical contractors","County, NAICS 6-digit -- by ownership sector","All establishment sizes",10,39,39,36,221579,206660,1159,449
"13219",5,"238211",78,0,2007,2,"","Oconee County, Georgia","Private","Residential electrical contractors","County, NAICS 6-digit -- by ownership sector","All establishment sizes",10,34,34,36,224796,76919,614,499
"13219",5,"238211",78,0,2007,3,"","Oconee County, Georgia","Private","Residential electrical contractors","County, NAICS 6-digit -- by ownership sector","All establishment sizes",10,37,39,41,266313,61624,242,525
"13219",5,"238211",78,0,2007,4,"","Oconee County, Georgia","Private","Residential electrical contractors","County, NAICS 6-digit -- by ownership sector","All establishment sizes",10,38,37,37,252782,39375,260,521
"13219",5,238212,78,0,2007,1,"","Oconee County, Georgia","Private","Nonresidential electrical contractors","County, NAICS 6-digit -- by ownership sector","All establishment sizes",6,43,43,44,421653,309181,4687,748
"13219",5,"238212",78,0,2007,2,"","Oconee County, Georgia","Private","Nonresidential electrical contractors","County, NAICS 6-digit -- by ownership sector","All establishment sizes",6,41,43,50,468403,77571,1820,807
"13219",5,"238212",78,0,2007,3,"","Oconee County, Georgia","Private","Nonresidential electrical contractors","County, NAICS 6-digit -- by ownership sector","All establishment sizes",6,47,47,45,479802,38507,896,797
"13219",5,"238212",78,0,2007,4,"","Oconee County, Georgia","Private","Nonresidential electrical contractors","County, NAICS 6-digit -- by ownership sector","All establishment sizes",6,45,44,42,434023,31142,514,765
"13219",5,23822,77,0,2007,1,"N","Oconee County, Georgia","Private","Plumbing and HVAC contractors","County, NAICS 5-digit -- by ownership sector","All establishment sizes",14,0,0,0,0,0,0,0
"13219",5,"23822",77,0,2007,2,"N","Oconee County, Georgia","Private","Plumbing and HVAC contractors","County, NAICS 5-digit -- by ownership sector","All establishment sizes",15,0,0,0,0,0,0,0
"13219",5,"23822",77,0,2007,3,"N","Oconee County, Georgia","Private","Plumbing and HVAC contractors","County, NAICS 5-digit -- by ownership sector","All establishment sizes",15,0,0,0,0,0,0,0
"13219",5,"23822",77,0,2007,4,"N","Oconee County, Georgia","Private","Plumbing and HVAC contractors","County, NAICS 5-digit -- by ownership sector","All establishment sizes",15,0,0,0,0,0,0,0
"13219",5,238221,78,0,2007,1,"","Oconee County, Georgia","Private","Residential plumbing and HVAC contractors","County, NAICS 6-digit -- by ownership sector","All establishment sizes",12,59,57,58,378040,347528,4276,501
"13219",5,"238221",78,0,2007,2,"","Oconee County, Georgia","Private","Residential plumbing and HVAC contractors","County, NAICS 6-digit -- by ownership sector","All establishment sizes",13,58,57,57,380986,108476,1211,511
"13219",5,"238221",78,0,2007,3,"","Oconee County, Georgia","Private","Residential plumbing and HVAC contractors","County, NAICS 6-digit -- by ownership sector","All establishment sizes",13,58,54,53,409040,51865,600,572
"13219",5,"238221",78,0,2007,4,"","Oconee County, Georgia","Private","Residential plumbing and HVAC contractors","County, NAICS 6-digit -- by ownership sector","All establishment sizes",13,45,45,43,316010,37284,467,548
"13219",5,238222,78,0,2007,1,"N","Oconee County, Georgia","Private","Nonresidential plumbing and HVAC contractors","County, NAICS 6-digit -- by ownership sector","All establishment sizes",2,0,0,0,0,0,0,0
"13219",5,"238222",78,0,2007,2,"N","Oconee County, Georgia","Private","Nonresidential plumbing and HVAC contractors","County, NAICS 6-digit -- by ownership sector","All establishment sizes",2,0,0,0,0,0,0,0
"13219",5,"238222",78,0,2007,3,"N","Oconee County, Georgia","Private","Nonresidential plumbing and HVAC contractors","County, NAICS 6-digit -- by ownership sector","All establishment sizes",2,0,0,0,0,0,0,0
"13219",5,"238222",78,0,2007,4,"N","Oconee County, Georgia","Private","Nonresidential plumbing and HVAC contractors","County, NAICS 6-digit -- by ownership sector","All establishment sizes",2,0,0,0,0,0,0,0
"13219",5,23829,77,0,2007,1,"N","Oconee County, Georgia","Private","Other building equipment contractors","County, NAICS 5-digit -- by ownership sector","All establishment sizes",2,0,0,0,0,0,0,0
"13219",5,"23829",77,0,2007,2,"N","Oconee County, Georgia","Private","Other building equipment contractors","County, NAICS 5-digit -- by ownership sector","All establishment sizes",2,0,0,0,0,0,0,0
"13219",5,"23829",77,0,2007,3,"N","Oconee County, Georgia","Private","Other building equipment contractors","County, NAICS 5-digit -- by ownership sector","All establishment sizes",2,0,0,0,0,0,0,0
"13219",5,"23829",77,0,2007,4,"N","Oconee County, Georgia","Private","Other building equipment contractors","County, NAICS 5-digit -- by ownership sector","All establishment sizes",2,0,0,0,0,0,0,0
"13219",5,238292,78,0,2007,1,"N","Oconee County, Georgia","Private","Other nonresidential building equipment contractors","County, NAICS 6-digit -- by ownership sector","All establishment sizes",2,0,0,0,0,0,0,0
"13219",5,"238292",78,0,2007,2,"N","Oconee County, Georgia","Private","Other nonresidential building equipment contractors","County, NAICS 6-digit -- by ownership sector","All establishment sizes",2,0,0,0,0,0,0,0
"13219",5,"238292",78,0,2007,3,"N","Oconee County, Georgia","Private","Other nonresidential building equipment contractors","County, NAICS 6-digit -- by ownership sector","All establishment sizes",2,0,0,0,0,0,0,0
"13219",5,"238292",78,0,2007,4,"N","Oconee County, Georgia","Private","Other nonresidential building equipment contractors","County, NAICS 6-digit -- by ownership sector","All establishment sizes",2,0,0,0,0,0,0,0
"13219",5,2383,76,0,2007,1,"","Oconee County, Georgia","Private","Building finishing contractors","County, NAICS 4-digit -- by ownership sector","All establishment sizes",20,84,86,86,675540,554108,7708,609
"13219",5,"2383",76,0,2007,2,"","Oconee County, Georgia","Private","Building finishing contractors","County, NAICS 4-digit -- by ownership sector","All establishment sizes",20,82,76,71,683915,180061,2218,689
"13219",5,"2383",76,0,2007,3,"","Oconee County, Georgia","Private","Building finishing contractors","County, NAICS 4-digit -- by ownership sector","All establishment sizes",20,86,87,83,749396,124774,1357,676
"13219",5,"2383",76,0,2007,4,"","Oconee County, Georgia","Private","Building finishing contractors","County, NAICS 4-digit -- by ownership sector","All establishment sizes",20,73,82,71,774904,77041,687,791
"13219",5,23831,77,0,2007,1,"N","Oconee County, Georgia","Private","Drywall and insulation contractors","County, NAICS 5-digit -- by ownership sector","All establishment sizes",2,0,0,0,0,0,0,0
"13219",5,"23831",77,0,2007,2,"N","Oconee County, Georgia","Private","Drywall and insulation contractors","County, NAICS 5-digit -- by ownership sector","All establishment sizes",2,0,0,0,0,0,0,0
"13219",5,"23831",77,0,2007,3,"N","Oconee County, Georgia","Private","Drywall and insulation contractors","County, NAICS 5-digit -- by ownership sector","All establishment sizes",2,0,0,0,0,0,0,0
"13219",5,"23831",77,0,2007,4,"N","Oconee County, Georgia","Private","Drywall and insulation contractors","County, NAICS 5-digit -- by ownership sector","All establishment sizes",2,0,0,0,0,0,0,0
"13219",5,238311,78,0,2007,1,"N","Oconee County, Georgia","Private","Residential drywall contractors","County, NAICS 6-digit -- by ownership sector","All establishment sizes",2,0,0,0,0,0,0,0
"13219",5,"238311",78,0,2007,2,"N","Oconee County, Georgia","Private","Residential drywall contractors","County, NAICS 6-digit -- by ownership sector","All establishment sizes",2,0,0,0,0,0,0,0
"13219",5,"238311",78,0,2007,3,"N","Oconee County, Georgia","Private","Residential drywall contractors","County, NAICS 6-digit -- by ownership sector","All establishment sizes",2,0,0,0,0,0,0,0
"13219",5,"238311",78,0,2007,4,"N","Oconee County, Georgia","Private","Residential drywall contractors","County, NAICS 6-digit -- by ownership sector","All establishment sizes",2,0,0,0,0,0,0,0
"13219",5,23832,77,0,2007,1,"","Oconee County, Georgia","Private","Painting and wall covering contractors","County, NAICS 5-digit -- by ownership sector","All establishment sizes",9,53,52,50,430219,329849,5854,641
"13219",5,"23832",77,0,2007,2,"","Oconee County, Georgia","Private","Painting and wall covering contractors","County, NAICS 5-digit -- by ownership sector","All establishment sizes",9,45,45,38,437762,96582,1500,789
"13219",5,"23832",77,0,2007,3,"","Oconee County, Georgia","Private","Painting and wall covering contractors","County, NAICS 5-digit -- by ownership sector","All establishment sizes",9,53,54,52,533294,100354,1122,774
"13219",5,"23832",77,0,2007,4,"","Oconee County, Georgia","Private","Painting and wall covering contractors","County, NAICS 5-digit -- by ownership sector","All establishment sizes",9,50,49,48,556846,57433,595,874
"13219",5,238321,78,0,2007,1,"N","Oconee County, Georgia","Private","Residential painting contractors","County, NAICS 6-digit -- by ownership sector","All establishment sizes",8,0,0,0,0,0,0,0
"13219",5,"238321",78,0,2007,2,"N","Oconee County, Georgia","Private","Residential painting contractors","County, NAICS 6-digit -- by ownership sector","All establishment sizes",8,0,0,0,0,0,0,0
"13219",5,"238321",78,0,2007,3,"N","Oconee County, Georgia","Private","Residential painting contractors","County, NAICS 6-digit -- by ownership sector","All establishment sizes",8,0,0,0,0,0,0,0
"13219",5,"238321",78,0,2007,4,"N","Oconee County, Georgia","Private","Residential painting contractors","County, NAICS 6-digit -- by ownership sector","All establishment sizes",8,0,0,0,0,0,0,0
"13219",5,238322,78,0,2007,1,"N","Oconee County, Georgia","Private","Nonresidential painting contractors","County, NAICS 6-digit -- by ownership sector","All establishment sizes",1,0,0,0,0,0,0,0
"13219",5,"238322",78,0,2007,2,"N","Oconee County, Georgia","Private","Nonresidential painting contractors","County, NAICS 6-digit -- by ownership sector","All establishment sizes",1,0,0,0,0,0,0,0
"13219",5,"238322",78,0,2007,3,"N","Oconee County, Georgia","Private","Nonresidential painting contractors","County, NAICS 6-digit -- by ownership sector","All establishment sizes",1,0,0,0,0,0,0,0
"13219",5,"238322",78,0,2007,4,"N","Oconee County, Georgia","Private","Nonresidential painting contractors","County, NAICS 6-digit -- by ownership sector","All establishment sizes",1,0,0,0,0,0,0,0
"13219",5,23833,77,0,2007,1,"N","Oconee County, Georgia","Private","Flooring contractors","County, NAICS 5-digit -- by ownership sector","All establishment sizes",2,0,0,0,0,0,0,0
"13219",5,"23833",77,0,2007,2,"N","Oconee County, Georgia","Private","Flooring contractors","County, NAICS 5-digit -- by ownership sector","All establishment sizes",2,0,0,0,0,0,0,0
"13219",5,"23833",77,0,2007,3,"N","Oconee County, Georgia","Private","Flooring contractors","County, NAICS 5-digit -- by ownership sector","All establishment sizes",2,0,0,0,0,0,0,0
"13219",5,"23833",77,0,2007,4,"N","Oconee County, Georgia","Private","Flooring contractors","County, NAICS 5-digit -- by ownership sector","All establishment sizes",2,0,0,0,0,0,0,0
"13219",5,238331,78,0,2007,1,"N","Oconee County, Georgia","Private","Residential flooring contractors","County, NAICS 6-digit -- by ownership sector","All establishment sizes",2,0,0,0,0,0,0,0
"13219",5,"238331",78,0,2007,2,"N","Oconee County, Georgia","Private","Residential flooring contractors","County, NAICS 6-digit -- by ownership sector","All establishment sizes",2,0,0,0,0,0,0,0
"13219",5,"238331",78,0,2007,3,"N","Oconee County, Georgia","Private","Residential flooring contractors","County, NAICS 6-digit -- by ownership sector","All establishment sizes",2,0,0,0,0,0,0,0
"13219",5,"238331",78,0,2007,4,"N","Oconee County, Georgia","Private","Residential flooring contractors","County, NAICS 6-digit -- by ownership sector","All establishment sizes",2,0,0,0,0,0,0,0
"13219",5,23834,77,0,2007,1,"N","Oconee County, Georgia","Private","Tile and terrazzo contractors","County, NAICS 5-digit -- by ownership sector","All establishment sizes",3,0,0,0,0,0,0,0
"13219",5,"23834",77,0,2007,2,"N","Oconee County, Georgia","Private","Tile and terrazzo contractors","County, NAICS 5-digit -- by ownership sector","All establishment sizes",3,0,0,0,0,0,0,0
"13219",5,"23834",77,0,2007,3,"N","Oconee County, Georgia","Private","Tile and terrazzo contractors","County, NAICS 5-digit -- by ownership sector","All establishment sizes",3,0,0,0,0,0,0,0
"13219",5,"23834",77,0,2007,4,"N","Oconee County, Georgia","Private","Tile and terrazzo contractors","County, NAICS 5-digit -- by ownership sector","All establishment sizes",3,0,0,0,0,0,0,0
"13219",5,238341,78,0,2007,1,"N","Oconee County, Georgia","Private","Residential tile and terrazzo contractors","County, NAICS 6-digit -- by ownership sector","All establishment sizes",2,0,0,0,0,0,0,0
"13219",5,"238341",78,0,2007,2,"N","Oconee County, Georgia","Private","Residential tile and terrazzo contractors","County, NAICS 6-digit -- by ownership sector","All establishment sizes",2,0,0,0,0,0,0,0
"13219",5,"238341",78,0,2007,3,"N","Oconee County, Georgia","Private","Residential tile and terrazzo contractors","County, NAICS 6-digit -- by ownership sector","All establishment sizes",2,0,0,0,0,0,0,0
"13219",5,"238341",78,0,2007,4,"N","Oconee County, Georgia","Private","Residential tile and terrazzo contractors","County, NAICS 6-digit -- by ownership sector","All establishment sizes",2,0,0,0,0,0,0,0
"13219",5,238342,78,0,2007,1,"N","Oconee County, Georgia","Private","Nonresidential tile and terrazzo contractors","County, NAICS 6-digit -- by ownership sector","All establishment sizes",1,0,0,0,0,0,0,0
"13219",5,"238342",78,0,2007,2,"N","Oconee County, Georgia","Private","Nonresidential tile and terrazzo contractors","County, NAICS 6-digit -- by ownership sector","All establishment sizes",1,0,0,0,0,0,0,0
"13219",5,"238342",78,0,2007,3,"N","Oconee County, Georgia","Private","Nonresidential tile and terrazzo contractors","County, NAICS 6-digit -- by ownership sector","All establishment sizes",1,0,0,0,0,0,0,0
"13219",5,"238342",78,0,2007,4,"N","Oconee County, Georgia","Private","Nonresidential tile and terrazzo contractors","County, NAICS 6-digit -- by ownership sector","All establishment sizes",1,0,0,0,0,0,0,0
"13219",5,23835,77,0,2007,1,"","Oconee County, Georgia","Private","Finish carpentry contractors","County, NAICS 5-digit -- by ownership sector","All establishment sizes",4,18,15,16,118418,97356,1046,558
"13219",5,"23835",77,0,2007,2,"","Oconee County, Georgia","Private","Finish carpentry contractors","County, NAICS 5-digit -- by ownership sector","All establishment sizes",4,18,16,16,124841,26361,397,576
"13219",5,"23835",77,0,2007,3,"","Oconee County, Georgia","Private","Finish carpentry contractors","County, NAICS 5-digit -- by ownership sector","All establishment sizes",4,15,16,16,110543,10963,224,543
"13219",5,"23835",77,0,2007,4,"","Oconee County, Georgia","Private","Finish carpentry contractors","County, NAICS 5-digit -- by ownership sector","All establishment sizes",4,16,16,13,123841,4338,26,635
"13219",5,238351,78,0,2007,1,"N","Oconee County, Georgia","Private","Residential finish carpentry contractors","County, NAICS 6-digit -- by ownership sector","All establishment sizes",3,0,0,0,0,0,0,0
"13219",5,"238351",78,0,2007,2,"N","Oconee County, Georgia","Private","Residential finish carpentry contractors","County, NAICS 6-digit -- by ownership sector","All establishment sizes",3,0,0,0,0,0,0,0
"13219",5,"238351",78,0,2007,3,"N","Oconee County, Georgia","Private","Residential finish carpentry contractors","County, NAICS 6-digit -- by ownership sector","All establishment sizes",3,0,0,0,0,0,0,0
"13219",5,"238351",78,0,2007,4,"N","Oconee County, Georgia","Private","Residential finish carpentry contractors","County, NAICS 6-digit -- by ownership sector","All establishment sizes",3,0,0,0,0,0,0,0
"13219",5,238352,78,0,2007,1,"N","Oconee County, Georgia","Private","Nonresidential finish carpentry contractors","County, NAICS 6-digit -- by ownership sector","All establishment sizes",1,0,0,0,0,0,0,0
"13219",5,"238352",78,0,2007,2,"N","Oconee County, Georgia","Private","Nonresidential finish carpentry contractors","County, NAICS 6-digit -- by ownership sector","All establishment sizes",1,0,0,0,0,0,0,0
"13219",5,"238352",78,0,2007,3,"N","Oconee County, Georgia","Private","Nonresidential finish carpentry contractors","County, NAICS 6-digit -- by ownership sector","All establishment sizes",1,0,0,0,0,0,0,0
"13219",5,"238352",78,0,2007,4,"N","Oconee County, Georgia","Private","Nonresidential finish carpentry contractors","County, NAICS 6-digit -- by ownership sector","All establishment sizes",1,0,0,0,0,0,0,0
"13219",5,2389,76,0,2007,1,"","Oconee County, Georgia","Private","Other specialty trade contractors","County, NAICS 4-digit -- by ownership sector","All establishment sizes",15,91,94,101,765878,628467,9401,618
"13219",5,"2389",76,0,2007,2,"","Oconee County, Georgia","Private","Other specialty trade contractors","County, NAICS 4-digit -- by ownership sector","All establishment sizes",15,109,111,107,967156,266685,4034,683
"13219",5,"2389",76,0,2007,3,"","Oconee County, Georgia","Private","Other specialty trade contractors","County, NAICS 4-digit -- by ownership sector","All establishment sizes",16,114,105,119,887100,137071,3176,606
"13219",5,"2389",76,0,2007,4,"","Oconee County, Georgia","Private","Other specialty trade contractors","County, NAICS 4-digit -- by ownership sector","All establishment sizes",15,97,82,88,808016,51866,922,698
"13219",5,23891,77,0,2007,1,"","Oconee County, Georgia","Private","Site preparation contractors","County, NAICS 5-digit -- by ownership sector","All establishment sizes",7,67,67,70,602916,477656,7046,682
"13219",5,"23891",77,0,2007,2,"","Oconee County, Georgia","Private","Site preparation contractors","County, NAICS 5-digit -- by ownership sector","All establishment sizes",7,76,74,73,754312,173137,2361,781
"13219",5,"23891",77,0,2007,3,"","Oconee County, Georgia","Private","Site preparation contractors","County, NAICS 5-digit -- by ownership sector","All establishment sizes",7,69,68,69,581906,51691,1169,652
"13219",5,"23891",77,0,2007,4,"","Oconee County, Georgia","Private","Site preparation contractors","County, NAICS 5-digit -- by ownership sector","All establishment sizes",7,64,51,52,584232,39553,714,807
"13219",5,238911,78,0,2007,1,"N","Oconee County, Georgia","Private","Residential site preparation contractors","County, NAICS 6-digit -- by ownership sector","All establishment sizes",4,0,0,0,0,0,0,0
"13219",5,"238911",78,0,2007,2,"N","Oconee County, Georgia","Private","Residential site preparation contractors","County, NAICS 6-digit -- by ownership sector","All establishment sizes",4,0,0,0,0,0,0,0
"13219",5,"238911",78,0,2007,3,"N","Oconee County, Georgia","Private","Residential site preparation contractors","County, NAICS 6-digit -- by ownership sector","All establishment sizes",4,0,0,0,0,0,0,0
"13219",5,"238911",78,0,2007,4,"N","Oconee County, Georgia","Private","Residential site preparation contractors","County, NAICS 6-digit -- by ownership sector","All establishment sizes",4,0,0,0,0,0,0,0
"13219",5,238912,78,0,2007,1,"N","Oconee County, Georgia","Private","Nonresidential site preparation contractors","County, NAICS 6-digit -- by ownership sector","All establishment sizes",3,0,0,0,0,0,0,0
"13219",5,"238912",78,0,2007,2,"N","Oconee County, Georgia","Private","Nonresidential site preparation contractors","County, NAICS 6-digit -- by ownership sector","All establishment sizes",3,0,0,0,0,0,0,0
"13219",5,"238912",78,0,2007,3,"N","Oconee County, Georgia","Private","Nonresidential site preparation contractors","County, NAICS 6-digit -- by ownership sector","All establishment sizes",3,0,0,0,0,0,0,0
"13219",5,"238912",78,0,2007,4,"N","Oconee County, Georgia","Private","Nonresidential site preparation contractors","County, NAICS 6-digit -- by ownership sector","All establishment sizes",3,0,0,0,0,0,0,0
"13219",5,23899,77,0,2007,1,"","Oconee County, Georgia","Private","All other specialty trade contractors","County, NAICS 5-digit -- by ownership sector","All establishment sizes",8,24,27,31,162962,150811,2355,459
"13219",5,"23899",77,0,2007,2,"","Oconee County, Georgia","Private","All other specialty trade contractors","County, NAICS 5-digit -- by ownership sector","All establishment sizes",8,33,37,34,212844,93548,1673,472
"13219",5,"23899",77,0,2007,3,"","Oconee County, Georgia","Private","All other specialty trade contractors","County, NAICS 5-digit -- by ownership sector","All establishment sizes",9,45,37,50,305194,85380,2007,534
"13219",5,"23899",77,0,2007,4,"","Oconee County, Georgia","Private","All other specialty trade contractors","County, NAICS 5-digit -- by ownership sector","All establishment sizes",8,33,31,36,223784,12313,208,516
"13219",5,238991,78,0,2007,1,"N","Oconee County, Georgia","Private","All other residential trade contractors","County, NAICS 6-digit -- by ownership sector","All establishment sizes",2,0,0,0,0,0,0,0
"13219",5,"238991",78,0,2007,2,"N","Oconee County, Georgia","Private","All other residential trade contractors","County, NAICS 6-digit -- by ownership sector","All establishment sizes",2,0,0,0,0,0,0,0
"13219",5,"238991",78,0,2007,3,"N","Oconee County, Georgia","Private","All other residential trade contractors","County, NAICS 6-digit -- by ownership sector","All establishment sizes",3,0,0,0,0,0,0,0
"13219",5,"238991",78,0,2007,4,"N","Oconee County, Georgia","Private","All other residential trade contractors","County, NAICS 6-digit -- by ownership sector","All establishment sizes",2,0,0,0,0,0,0,0
"13219",5,238992,78,0,2007,1,"N","Oconee County, Georgia","Private","All other nonresidential trade contractors","County, NAICS 6-digit -- by ownership sector","All establishment sizes",6,0,0,0,0,0,0,0
"13219",5,"238992",78,0,2007,2,"N","Oconee County, Georgia","Private","All other nonresidential trade contractors","County, NAICS 6-digit -- by ownership sector","All establishment sizes",6,0,0,0,0,0,0,0
"13219",5,"238992",78,0,2007,3,"N","Oconee County, Georgia","Private","All other nonresidential trade contractors","County, NAICS 6-digit -- by ownership sector","All establishment sizes",6,0,0,0,0,0,0,0
"13219",5,"238992",78,0,2007,4,"N","Oconee County, Georgia","Private","All other nonresidential trade contractors","County, NAICS 6-digit -- by ownership sector","All establishment sizes",6,0,0,0,0,0,0,0
"13219",5,31-33,74,0,2007,1,"","Oconee County, Georgia","Private","Manufacturing","County, NAICS Sector -- by ownership sector","All establishment sizes",35,652,651,645,5452568,3752482,46706,646
"13219",5,"31-33",74,0,2007,2,"","Oconee County, Georgia","Private","Manufacturing","County, NAICS Sector -- by ownership sector","All establishment sizes",35,662,656,652,5869012,1115758,16095,688
"13219",5,"31-33",74,0,2007,3,"","Oconee County, Georgia","Private","Manufacturing","County, NAICS Sector -- by ownership sector","All establishment sizes",33,679,673,672,5261846,415084,4669,600
"13219",5,"31-33",74,0,2007,4,"","Oconee County, Georgia","Private","Manufacturing","County, NAICS Sector -- by ownership sector","All establishment sizes",33,631,624,608,5775961,342769,3739,715
"13219",5,321,75,0,2007,1,"N","Oconee County, Georgia","Private","Wood product manufacturing","County, NAICS 3-digit -- by ownership sector","All establishment sizes",1,0,0,0,0,0,0,0
"13219",5,"321",75,0,2007,2,"N","Oconee County, Georgia","Private","Wood product manufacturing","County, NAICS 3-digit -- by ownership sector","All establishment sizes",1,0,0,0,0,0,0,0
"13219",5,"321",75,0,2007,3,"N","Oconee County, Georgia","Private","Wood product manufacturing","County, NAICS 3-digit -- by ownership sector","All establishment sizes",1,0,0,0,0,0,0,0
"13219",5,"321",75,0,2007,4,"N","Oconee County, Georgia","Private","Wood product manufacturing","County, NAICS 3-digit -- by ownership sector","All establishment sizes",1,0,0,0,0,0,0,0
"13219",5,3219,76,0,2007,1,"N","Oconee County, Georgia","Private","Other wood product manufacturing","County, NAICS 4-digit -- by ownership sector","All establishment sizes",1,0,0,0,0,0,0,0
"13219",5,"3219",76,0,2007,2,"N","Oconee County, Georgia","Private","Other wood product manufacturing","County, NAICS 4-digit -- by ownership sector","All establishment sizes",1,0,0,0,0,0,0,0
"13219",5,"3219",76,0,2007,3,"N","Oconee County, Georgia","Private","Other wood product manufacturing","County, NAICS 4-digit -- by ownership sector","All establishment sizes",1,0,0,0,0,0,0,0
"13219",5,"3219",76,0,2007,4,"N","Oconee County, Georgia","Private","Other wood product manufacturing","County, NAICS 4-digit -- by ownership sector","All establishment sizes",1,0,0,0,0,0,0,0
"13219",5,32199,77,0,2007,1,"N","Oconee County, Georgia","Private","All other wood product manufacturing","County, NAICS 5-digit -- by ownership sector","All establishment sizes",1,0,0,0,0,0,0,0
"13219",5,"32199",77,0,2007,2,"N","Oconee County, Georgia","Private","All other wood product manufacturing","County, NAICS 5-digit -- by ownership sector","All establishment sizes",1,0,0,0,0,0,0,0
"13219",5,"32199",77,0,2007,3,"N","Oconee County, Georgia","Private","All other wood product manufacturing","County, NAICS 5-digit -- by ownership sector","All establishment sizes",1,0,0,0,0,0,0,0
"13219",5,"32199",77,0,2007,4,"N","Oconee County, Georgia","Private","All other wood product manufacturing","County, NAICS 5-digit -- by ownership sector","All establishment sizes",1,0,0,0,0,0,0,0
"13219",5,321999,78,0,2007,1,"N","Oconee County, Georgia","Private","Miscellaneous wood product manufacturing","County, NAICS 6-digit -- by ownership sector","All establishment sizes",1,0,0,0,0,0,0,0
"13219",5,"321999",78,0,2007,2,"N","Oconee County, Georgia","Private","Miscellaneous wood product manufacturing","County, NAICS 6-digit -- by ownership sector","All establishment sizes",1,0,0,0,0,0,0,0
"13219",5,"321999",78,0,2007,3,"N","Oconee County, Georgia","Private","Miscellaneous wood product manufacturing","County, NAICS 6-digit -- by ownership sector","All establishment sizes",1,0,0,0,0,0,0,0
"13219",5,"321999",78,0,2007,4,"N","Oconee County, Georgia","Private","Miscellaneous wood product manufacturing","County, NAICS 6-digit -- by ownership sector","All establishment sizes",1,0,0,0,0,0,0,0
"13219",5,323,75,0,2007,1,"N","Oconee County, Georgia","Private","Printing and related support activities","County, NAICS 3-digit -- by ownership sector","All establishment sizes",3,0,0,0,0,0,0,0
"13219",5,"323",75,0,2007,2,"N","Oconee County, Georgia","Private","Printing and related support activities","County, NAICS 3-digit -- by ownership sector","All establishment sizes",3,0,0,0,0,0,0,0
"13219",5,"323",75,0,2007,3,"N","Oconee County, Georgia","Private","Printing and related support activities","County, NAICS 3-digit -- by ownership sector","All establishment sizes",2,0,0,0,0,0,0,0
"13219",5,"323",75,0,2007,4,"N","Oconee County, Georgia","Private","Printing and related support activities","County, NAICS 3-digit -- by ownership sector","All establishment sizes",2,0,0,0,0,0,0,0
"13219",5,3231,76,0,2007,1,"N","Oconee County, Georgia","Private","Printing and related support activities","County, NAICS 4-digit -- by ownership sector","All establishment sizes",3,0,0,0,0,0,0,0
"13219",5,"3231",76,0,2007,2,"N","Oconee County, Georgia","Private","Printing and related support activities","County, NAICS 4-digit -- by ownership sector","All establishment sizes",3,0,0,0,0,0,0,0
"13219",5,"3231",76,0,2007,3,"N","Oconee County, Georgia","Private","Printing and related support activities","County, NAICS 4-digit -- by ownership sector","All establishment sizes",2,0,0,0,0,0,0,0
"13219",5,"3231",76,0,2007,4,"N","Oconee County, Georgia","Private","Printing and related support activities","County, NAICS 4-digit -- by ownership sector","All establishment sizes",2,0,0,0,0,0,0,0
"13219",5,32311,77,0,2007,1,"N","Oconee County, Georgia","Private","Printing","County, NAICS 5-digit -- by ownership sector","All establishment sizes",3,0,0,0,0,0,0,0
"13219",5,"32311",77,0,2007,2,"N","Oconee County, Georgia","Private","Printing","County, NAICS 5-digit -- by ownership sector","All establishment sizes",3,0,0,0,0,0,0,0
"13219",5,"32311",77,0,2007,3,"N","Oconee County, Georgia","Private","Printing","County, NAICS 5-digit -- by ownership sector","All establishment sizes",2,0,0,0,0,0,0,0
"13219",5,"32311",77,0,2007,4,"N","Oconee County, Georgia","Private","Printing","County, NAICS 5-digit -- by ownership sector","All establishment sizes",2,0,0,0,0,0,0,0
"13219",5,323110,78,0,2007,1,"N","Oconee County, Georgia","Private","Commercial lithographic printing","County, NAICS 6-digit -- by ownership sector","All establishment sizes",2,0,0,0,0,0,0,0
"13219",5,"323110",78,0,2007,2,"N","Oconee County, Georgia","Private","Commercial lithographic printing","County, NAICS 6-digit -- by ownership sector","All establishment sizes",2,0,0,0,0,0,0,0
"13219",5,"323110",78,0,2007,3,"N","Oconee County, Georgia","Private","Commercial lithographic printing","County, NAICS 6-digit -- by ownership sector","All establishment sizes",1,0,0,0,0,0,0,0
"13219",5,"323110",78,0,2007,4,"N","Oconee County, Georgia","Private","Commercial lithographic printing","County, NAICS 6-digit -- by ownership sector","All establishment sizes",1,0,0,0,0,0,0,0
"13219",5,323113,78,0,2007,1,"N","Oconee County, Georgia","Private","Commercial screen printing","County, NAICS 6-digit -- by ownership sector","All establishment sizes",1,0,0,0,0,0,0,0
"13219",5,"323113",78,0,2007,2,"N","Oconee County, Georgia","Private","Commercial screen printing","County, NAICS 6-digit -- by ownership sector","All establishment sizes",1,0,0,0,0,0,0,0
"13219",5,"323113",78,0,2007,3,"N","Oconee County, Georgia","Private","Commercial screen printing","County, NAICS 6-digit -- by ownership sector","All establishment sizes",1,0,0,0,0,0,0,0
"13219",5,"323113",78,0,2007,4,"N","Oconee County, Georgia","Private","Commercial screen printing","County, NAICS 6-digit -- by ownership sector","All establishment sizes",1,0,0,0,0,0,0,0
"13219",5,325,75,0,2007,1,"N","Oconee County, Georgia","Private","Chemical manufacturing","County, NAICS 3-digit -- by ownership sector","All establishment sizes",2,0,0,0,0,0,0,0
"13219",5,"325",75,0,2007,2,"N","Oconee County, Georgia","Private","Chemical manufacturing","County, NAICS 3-digit -- by ownership sector","All establishment sizes",2,0,0,0,0,0,0,0
"13219",5,"325",75,0,2007,3,"N","Oconee County, Georgia","Private","Chemical manufacturing","County, NAICS 3-digit -- by ownership sector","All establishment sizes",2,0,0,0,0,0,0,0
"13219",5,"325",75,0,2007,4,"N","Oconee County, Georgia","Private","Chemical manufacturing","County, NAICS 3-digit -- by ownership sector","All establishment sizes",2,0,0,0,0,0,0,0
"13219",5,3254,76,0,2007,1,"N","Oconee County, Georgia","Private","Pharmaceutical and medicine manufacturing","County, NAICS 4-digit -- by ownership sector","All establishment sizes",1,0,0,0,0,0,0,0
"13219",5,"3254",76,0,2007,2,"N","Oconee County, Georgia","Private","Pharmaceutical and medicine manufacturing","County, NAICS 4-digit -- by ownership sector","All establishment sizes",1,0,0,0,0,0,0,0
"13219",5,"3254",76,0,2007,3,"N","Oconee County, Georgia","Private","Pharmaceutical and medicine manufacturing","County, NAICS 4-digit -- by ownership sector","All establishment sizes",1,0,0,0,0,0,0,0
"13219",5,"3254",76,0,2007,4,"N","Oconee County, Georgia","Private","Pharmaceutical and medicine manufacturing","County, NAICS 4-digit -- by ownership sector","All establishment sizes",1,0,0,0,0,0,0,0
"13219",5,32541,77,0,2007,1,"N","Oconee County, Georgia","Private","Pharmaceutical and medicine manufacturing","County, NAICS 5-digit -- by ownership sector","All establishment sizes",1,0,0,0,0,0,0,0
"13219",5,"32541",77,0,2007,2,"N","Oconee County, Georgia","Private","Pharmaceutical and medicine manufacturing","County, NAICS 5-digit -- by ownership sector","All establishment sizes",1,0,0,0,0,0,0,0
"13219",5,"32541",77,0,2007,3,"N","Oconee County, Georgia","Private","Pharmaceutical and medicine manufacturing","County, NAICS 5-digit -- by ownership sector","All establishment sizes",1,0,0,0,0,0,0,0
"13219",5,"32541",77,0,2007,4,"N","Oconee County, Georgia","Private","Pharmaceutical and medicine manufacturing","County, NAICS 5-digit -- by ownership sector","All establishment sizes",1,0,0,0,0,0,0,0
"13219",5,325413,78,0,2007,1,"N","Oconee County, Georgia","Private","In-vitro diagnostic substance manufacturing","County, NAICS 6-digit -- by ownership sector","All establishment sizes",1,0,0,0,0,0,0,0
"13219",5,"325413",78,0,2007,2,"N","Oconee County, Georgia","Private","In-vitro diagnostic substance manufacturing","County, NAICS 6-digit -- by ownership sector","All establishment sizes",1,0,0,0,0,0,0,0
"13219",5,"325413",78,0,2007,3,"N","Oconee County, Georgia","Private","In-vitro diagnostic substance manufacturing","County, NAICS 6-digit -- by ownership sector","All establishment sizes",1,0,0,0,0,0,0,0
"13219",5,"325413",78,0,2007,4,"N","Oconee County, Georgia","Private","In-vitro diagnostic substance manufacturing","County, NAICS 6-digit -- by ownership sector","All establishment sizes",1,0,0,0,0,0,0,0
"13219",5,3256,76,0,2007,1,"N","Oconee County, Georgia","Private","Soap, cleaning compound, and toiletry mfg.","County, NAICS 4-digit -- by ownership sector","All establishment sizes",1,0,0,0,0,0,0,0
"13219",5,"3256",76,0,2007,2,"N","Oconee County, Georgia","Private","Soap, cleaning compound, and toiletry mfg.","County, NAICS 4-digit -- by ownership sector","All establishment sizes",1,0,0,0,0,0,0,0
"13219",5,"3256",76,0,2007,3,"N","Oconee County, Georgia","Private","Soap, cleaning compound, and toiletry mfg.","County, NAICS 4-digit -- by ownership sector","All establishment sizes",1,0,0,0,0,0,0,0
"13219",5,"3256",76,0,2007,4,"N","Oconee County, Georgia","Private","Soap, cleaning compound, and toiletry mfg.","County, NAICS 4-digit -- by ownership sector","All establishment sizes",1,0,0,0,0,0,0,0
"13219",5,32561,77,0,2007,1,"N","Oconee County, Georgia","Private","Soap and cleaning compound manufacturing","County, NAICS 5-digit -- by ownership sector","All establishment sizes",1,0,0,0,0,0,0,0
"13219",5,"32561",77,0,2007,2,"N","Oconee County, Georgia","Private","Soap and cleaning compound manufacturing","County, NAICS 5-digit -- by ownership sector","All establishment sizes",1,0,0,0,0,0,0,0
"13219",5,"32561",77,0,2007,3,"N","Oconee County, Georgia","Private","Soap and cleaning compound manufacturing","County, NAICS 5-digit -- by ownership sector","All establishment sizes",1,0,0,0,0,0,0,0
"13219",5,"32561",77,0,2007,4,"N","Oconee County, Georgia","Private","Soap and cleaning compound manufacturing","County, NAICS 5-digit -- by ownership sector","All establishment sizes",1,0,0,0,0,0,0,0
"13219",5,325613,78,0,2007,1,"N","Oconee County, Georgia","Private","Surface active agent manufacturing","County, NAICS 6-digit -- by ownership sector","All establishment sizes",1,0,0,0,0,0,0,0
"13219",5,"325613",78,0,2007,2,"N","Oconee County, Georgia","Private","Surface active agent manufacturing","County, NAICS 6-digit -- by ownership sector","All establishment sizes",1,0,0,0,0,0,0,0
"13219",5,"325613",78,0,2007,3,"N","Oconee County, Georgia","Private","Surface active agent manufacturing","County, NAICS 6-digit -- by ownership sector","All establishment sizes",1,0,0,0,0,0,0,0
"13219",5,"325613",78,0,2007,4,"N","Oconee County, Georgia","Private","Surface active agent manufacturing","County, NAICS 6-digit -- by ownership sector","All establishment sizes",1,0,0,0,0,0,0,0
"13219",5,327,75,0,2007,1,"","Oconee County, Georgia","Private","Nonmetallic mineral product manufacturing","County, NAICS 3-digit -- by ownership sector","All establishment sizes",4,61,60,61,453284,377370,1787,575
"13219",5,"327",75,0,2007,2,"","Oconee County, Georgia","Private","Nonmetallic mineral product manufacturing","County, NAICS 3-digit -- by ownership sector","All establishment sizes",4,63,61,62,488595,122911,1011,606
"13219",5,"327",75,0,2007,3,"","Oconee County, Georgia","Private","Nonmetallic mineral product manufacturing","County, NAICS 3-digit -- by ownership sector","All establishment sizes",4,62,58,60,467516,45285,344,599
"13219",5,"327",75,0,2007,4,"","Oconee County, Georgia","Private","Nonmetallic mineral product manufacturing","County, NAICS 3-digit -- by ownership sector","All establishment sizes",4,57,55,53,532391,25418,128,745
"13219",5,3271,76,0,2007,1,"N","Oconee County, Georgia","Private","Clay product and refractory manufacturing","County, NAICS 4-digit -- by ownership sector","All establishment sizes",1,0,0,0,0,0,0,0
"13219",5,"3271",76,0,2007,2,"N","Oconee County, Georgia","Private","Clay product and refractory manufacturing","County, NAICS 4-digit -- by ownership sector","All establishment sizes",1,0,0,0,0,0,0,0
"13219",5,"3271",76,0,2007,3,"N","Oconee County, Georgia","Private","Clay product and refractory manufacturing","County, NAICS 4-digit -- by ownership sector","All establishment sizes",1,0,0,0,0,0,0,0
"13219",5,"3271",76,0,2007,4,"N","Oconee County, Georgia","Private","Clay product and refractory manufacturing","County, NAICS 4-digit -- by ownership sector","All establishment sizes",1,0,0,0,0,0,0,0
"13219",5,32711,77,0,2007,1,"N","Oconee County, Georgia","Private","Pottery, ceramics, and plumbing fixture mfg.","County, NAICS 5-digit -- by ownership sector","All establishment sizes",1,0,0,0,0,0,0,0
"13219",5,"32711",77,0,2007,2,"N","Oconee County, Georgia","Private","Pottery, ceramics, and plumbing fixture mfg.","County, NAICS 5-digit -- by ownership sector","All establishment sizes",1,0,0,0,0,0,0,0
"13219",5,"32711",77,0,2007,3,"N","Oconee County, Georgia","Private","Pottery, ceramics, and plumbing fixture mfg.","County, NAICS 5-digit -- by ownership sector","All establishment sizes",1,0,0,0,0,0,0,0
"13219",5,"32711",77,0,2007,4,"N","Oconee County, Georgia","Private","Pottery, ceramics, and plumbing fixture mfg.","County, NAICS 5-digit -- by ownership sector","All establishment sizes",1,0,0,0,0,0,0,0
"13219",5,327112,78,0,2007,1,"N","Oconee County, Georgia","Private","Vitreous china and earthenware articles mfg.","County, NAICS 6-digit -- by ownership sector","All establishment sizes",1,0,0,0,0,0,0,0
"13219",5,"327112",78,0,2007,2,"N","Oconee County, Georgia","Private","Vitreous china and earthenware articles mfg.","County, NAICS 6-digit -- by ownership sector","All establishment sizes",1,0,0,0,0,0,0,0
"13219",5,"327112",78,0,2007,3,"N","Oconee County, Georgia","Private","Vitreous china and earthenware articles mfg.","County, NAICS 6-digit -- by ownership sector","All establishment sizes",1,0,0,0,0,0,0,0
"13219",5,"327112",78,0,2007,4,"N","Oconee County, Georgia","Private","Vitreous china and earthenware articles mfg.","County, NAICS 6-digit -- by ownership sector","All establishment sizes",1,0,0,0,0,0,0,0
"13219",5,3272,76,0,2007,1,"N","Oconee County, Georgia","Private","Glass and glass product manufacturing","County, NAICS 4-digit -- by ownership sector","All establishment sizes",1,0,0,0,0,0,0,0
"13219",5,"3272",76,0,2007,2,"N","Oconee County, Georgia","Private","Glass and glass product manufacturing","County, NAICS 4-digit -- by ownership sector","All establishment sizes",1,0,0,0,0,0,0,0
"13219",5,"3272",76,0,2007,3,"N","Oconee County, Georgia","Private","Glass and glass product manufacturing","County, NAICS 4-digit -- by ownership sector","All establishment sizes",1,0,0,0,0,0,0,0
"13219",5,"3272",76,0,2007,4,"N","Oconee County, Georgia","Private","Glass and glass product manufacturing","County, NAICS 4-digit -- by ownership sector","All establishment sizes",1,0,0,0,0,0,0,0
"13219",5,32721,77,0,2007,1,"N","Oconee County, Georgia","Private","Glass and glass product manufacturing","County, NAICS 5-digit -- by ownership sector","All establishment sizes",1,0,0,0,0,0,0,0
"13219",5,"32721",77,0,2007,2,"N","Oconee County, Georgia","Private","Glass and glass product manufacturing","County, NAICS 5-digit -- by ownership sector","All establishment sizes",1,0,0,0,0,0,0,0
"13219",5,"32721",77,0,2007,3,"N","Oconee County, Georgia","Private","Glass and glass product manufacturing","County, NAICS 5-digit -- by ownership sector","All establishment sizes",1,0,0,0,0,0,0,0
"13219",5,"32721",77,0,2007,4,"N","Oconee County, Georgia","Private","Glass and glass product manufacturing","County, NAICS 5-digit -- by ownership sector","All establishment sizes",1,0,0,0,0,0,0,0
"13219",5,327212,78,0,2007,1,"N","Oconee County, Georgia","Private","Other pressed and blown glass and glassware","County, NAICS 6-digit -- by ownership sector","All establishment sizes",1,0,0,0,0,0,0,0
"13219",5,"327212",78,0,2007,2,"N","Oconee County, Georgia","Private","Other pressed and blown glass and glassware","County, NAICS 6-digit -- by ownership sector","All establishment sizes",1,0,0,0,0,0,0,0
"13219",5,"327212",78,0,2007,3,"N","Oconee County, Georgia","Private","Other pressed and blown glass and glassware","County, NAICS 6-digit -- by ownership sector","All establishment sizes",1,0,0,0,0,0,0,0
"13219",5,"327212",78,0,2007,4,"N","Oconee County, Georgia","Private","Other pressed and blown glass and glassware","County, NAICS 6-digit -- by ownership sector","All establishment sizes",1,0,0,0,0,0,0,0
"13219",5,3273,76,0,2007,1,"N","Oconee County, Georgia","Private","Cement and concrete product manufacturing","County, NAICS 4-digit -- by ownership sector","All establishment sizes",2,0,0,0,0,0,0,0
"13219",5,"3273",76,0,2007,2,"N","Oconee County, Georgia","Private","Cement and concrete product manufacturing","County, NAICS 4-digit -- by ownership sector","All establishment sizes",2,0,0,0,0,0,0,0
"13219",5,"3273",76,0,2007,3,"N","Oconee County, Georgia","Private","Cement and concrete product manufacturing","County, NAICS 4-digit -- by ownership sector","All establishment sizes",2,0,0,0,0,0,0,0
"13219",5,"3273",76,0,2007,4,"N","Oconee County, Georgia","Private","Cement and concrete product manufacturing","County, NAICS 4-digit -- by ownership sector","All establishment sizes",2,0,0,0,0,0,0,0
"13219",5,32733,77,0,2007,1,"N","Oconee County, Georgia","Private","Concrete pipe, brick, and block manufacturing","County, NAICS 5-digit -- by ownership sector","All establishment sizes",1,0,0,0,0,0,0,0
"13219",5,"32733",77,0,2007,2,"N","Oconee County, Georgia","Private","Concrete pipe, brick, and block manufacturing","County, NAICS 5-digit -- by ownership sector","All establishment sizes",1,0,0,0,0,0,0,0
"13219",5,"32733",77,0,2007,3,"N","Oconee County, Georgia","Private","Concrete pipe, brick, and block manufacturing","County, NAICS 5-digit -- by ownership sector","All establishment sizes",1,0,0,0,0,0,0,0
"13219",5,"32733",77,0,2007,4,"N","Oconee County, Georgia","Private","Concrete pipe, brick, and block manufacturing","County, NAICS 5-digit -- by ownership sector","All establishment sizes",1,0,0,0,0,0,0,0
"13219",5,327332,78,0,2007,1,"N","Oconee County, Georgia","Private","Concrete pipe manufacturing","County, NAICS 6-digit -- by ownership sector","All establishment sizes",1,0,0,0,0,0,0,0
"13219",5,"327332",78,0,2007,2,"N","Oconee County, Georgia","Private","Concrete pipe manufacturing","County, NAICS 6-digit -- by ownership sector","All establishment sizes",1,0,0,0,0,0,0,0
"13219",5,"327332",78,0,2007,3,"N","Oconee County, Georgia","Private","Concrete pipe manufacturing","County, NAICS 6-digit -- by ownership sector","All establishment sizes",1,0,0,0,0,0,0,0
"13219",5,"327332",78,0,2007,4,"N","Oconee County, Georgia","Private","Concrete pipe manufacturing","County, NAICS 6-digit -- by ownership sector","All establishment sizes",1,0,0,0,0,0,0,0
"13219",5,32739,77,0,2007,1,"N","Oconee County, Georgia","Private","Other concrete product manufacturing","County, NAICS 5-digit -- by ownership sector","All establishment sizes",1,0,0,0,0,0,0,0
"13219",5,"32739",77,0,2007,2,"N","Oconee County, Georgia","Private","Other concrete product manufacturing","County, NAICS 5-digit -- by ownership sector","All establishment sizes",1,0,0,0,0,0,0,0
"13219",5,"32739",77,0,2007,3,"N","Oconee County, Georgia","Private","Other concrete product manufacturing","County, NAICS 5-digit -- by ownership sector","All establishment sizes",1,0,0,0,0,0,0,0
"13219",5,"32739",77,0,2007,4,"N","Oconee County, Georgia","Private","Other concrete product manufacturing","County, NAICS 5-digit -- by ownership sector","All establishment sizes",1,0,0,0,0,0,0,0
"13219",5,327390,78,0,2007,1,"N","Oconee County, Georgia","Private","Other concrete product manufacturing","County, NAICS 6-digit -- by ownership sector","All establishment sizes",1,0,0,0,0,0,0,0
"13219",5,"327390",78,0,2007,2,"N","Oconee County, Georgia","Private","Other concrete product manufacturing","County, NAICS 6-digit -- by ownership sector","All establishment sizes",1,0,0,0,0,0,0,0
"13219",5,"327390",78,0,2007,3,"N","Oconee County, Georgia","Private","Other concrete product manufacturing","County, NAICS 6-digit -- by ownership sector","All establishment sizes",1,0,0,0,0,0,0,0
"13219",5,"327390",78,0,2007,4,"N","Oconee County, Georgia","Private","Other concrete product manufacturing","County, NAICS 6-digit -- by ownership sector","All establishment sizes",1,0,0,0,0,0,0,0
"13219",5,332,75,0,2007,1,"","Oconee County, Georgia","Private","Fabricated metal product manufacturing","County, NAICS 3-digit -- by ownership sector","All establishment sizes",5,65,65,67,513960,410221,5170,602
"13219",5,"332",75,0,2007,2,"","Oconee County, Georgia","Private","Fabricated metal product manufacturing","County, NAICS 3-digit -- by ownership sector","All establishment sizes",5,71,70,66,557120,131354,1639,621
"13219",5,"332",75,0,2007,3,"","Oconee County, Georgia","Private","Fabricated metal product manufacturing","County, NAICS 3-digit -- by ownership sector","All establishment sizes",5,76,77,77,610274,85589,1029,612
"13219",5,"332",75,0,2007,4,"","Oconee County, Georgia","Private","Fabricated metal product manufacturing","County, NAICS 3-digit -- by ownership sector","All establishment sizes",5,78,80,80,694256,92159,1200,673
"13219",5,3323,76,0,2007,1,"N","Oconee County, Georgia","Private","Architectural and structural metals mfg.","County, NAICS 4-digit -- by ownership sector","All establishment sizes",4,0,0,0,0,0,0,0
"13219",5,"3323",76,0,2007,2,"N","Oconee County, Georgia","Private","Architectural and structural metals mfg.","County, NAICS 4-digit -- by ownership sector","All establishment sizes",4,0,0,0,0,0,0,0
"13219",5,"3323",76,0,2007,3,"N","Oconee County, Georgia","Private","Architectural and structural metals mfg.","County, NAICS 4-digit -- by ownership sector","All establishment sizes",4,0,0,0,0,0,0,0
"13219",5,"3323",76,0,2007,4,"N","Oconee County, Georgia","Private","Architectural and structural metals mfg.","County, NAICS 4-digit -- by ownership sector","All establishment sizes",4,0,0,0,0,0,0,0
"13219",5,33231,77,0,2007,1,"N","Oconee County, Georgia","Private","Plate work and fabricated structural products","County, NAICS 5-digit -- by ownership sector","All establishment sizes",1,0,0,0,0,0,0,0
"13219",5,"33231",77,0,2007,2,"N","Oconee County, Georgia","Private","Plate work and fabricated structural products","County, NAICS 5-digit -- by ownership sector","All establishment sizes",1,0,0,0,0,0,0,0
"13219",5,"33231",77,0,2007,3,"N","Oconee County, Georgia","Private","Plate work and fabricated structural products","County, NAICS 5-digit -- by ownership sector","All establishment sizes",1,0,0,0,0,0,0,0
"13219",5,"33231",77,0,2007,4,"N","Oconee County, Georgia","Private","Plate work and fabricated structural products","County, NAICS 5-digit -- by ownership sector","All establishment sizes",1,0,0,0,0,0,0,0
"13219",5,332313,78,0,2007,1,"N","Oconee County, Georgia","Private","Plate work manufacturing","County, NAICS 6-digit -- by ownership sector","All establishment sizes",1,0,0,0,0,0,0,0
"13219",5,"332313",78,0,2007,2,"N","Oconee County, Georgia","Private","Plate work manufacturing","County, NAICS 6-digit -- by ownership sector","All establishment sizes",1,0,0,0,0,0,0,0
"13219",5,"332313",78,0,2007,3,"N","Oconee County, Georgia","Private","Plate work manufacturing","County, NAICS 6-digit -- by ownership sector","All establishment sizes",1,0,0,0,0,0,0,0
"13219",5,"332313",78,0,2007,4,"N","Oconee County, Georgia","Private","Plate work manufacturing","County, NAICS 6-digit -- by ownership sector","All establishment sizes",1,0,0,0,0,0,0,0
"13219",5,33232,77,0,2007,1,"N","Oconee County, Georgia","Private","Ornamental and architectural metal products","County, NAICS 5-digit -- by ownership sector","All establishment sizes",3,0,0,0,0,0,0,0
"13219",5,"33232",77,0,2007,2,"N","Oconee County, Georgia","Private","Ornamental and architectural metal products","County, NAICS 5-digit -- by ownership sector","All establishment sizes",3,0,0,0,0,0,0,0
"13219",5,"33232",77,0,2007,3,"N","Oconee County, Georgia","Private","Ornamental and architectural metal products","County, NAICS 5-digit -- by ownership sector","All establishment sizes",3,0,0,0,0,0,0,0
"13219",5,"33232",77,0,2007,4,"N","Oconee County, Georgia","Private","Ornamental and architectural metal products","County, NAICS 5-digit -- by ownership sector","All establishment sizes",3,0,0,0,0,0,0,0
"13219",5,332322,78,0,2007,1,"N","Oconee County, Georgia","Private","Sheet metal work manufacturing","County, NAICS 6-digit -- by ownership sector","All establishment sizes",1,0,0,0,0,0,0,0
"13219",5,"332322",78,0,2007,2,"N","Oconee County, Georgia","Private","Sheet metal work manufacturing","County, NAICS 6-digit -- by ownership sector","All establishment sizes",1,0,0,0,0,0,0,0
"13219",5,"332322",78,0,2007,3,"N","Oconee County, Georgia","Private","Sheet metal work manufacturing","County, NAICS 6-digit -- by ownership sector","All establishment sizes",1,0,0,0,0,0,0,0
"13219",5,"332322",78,0,2007,4,"N","Oconee County, Georgia","Private","Sheet metal work manufacturing","County, NAICS 6-digit -- by ownership sector","All establishment sizes",1,0,0,0,0,0,0,0
"13219",5,332323,78,0,2007,1,"N","Oconee County, Georgia","Private","Ornamental and architectural metal work mfg.","County, NAICS 6-digit -- by ownership sector","All establishment sizes",2,0,0,0,0,0,0,0
"13219",5,"332323",78,0,2007,2,"N","Oconee County, Georgia","Private","Ornamental and architectural metal work mfg.","County, NAICS 6-digit -- by ownership sector","All establishment sizes",2,0,0,0,0,0,0,0
"13219",5,"332323",78,0,2007,3,"N","Oconee County, Georgia","Private","Ornamental and architectural metal work mfg.","County, NAICS 6-digit -- by ownership sector","All establishment sizes",2,0,0,0,0,0,0,0
"13219",5,"332323",78,0,2007,4,"N","Oconee County, Georgia","Private","Ornamental and architectural metal work mfg.","County, NAICS 6-digit -- by ownership sector","All establishment sizes",2,0,0,0,0,0,0,0
"13219",5,3327,76,0,2007,1,"N","Oconee County, Georgia","Private","Machine shops and threaded product mfg.","County, NAICS 4-digit -- by ownership sector","All establishment sizes",1,0,0,0,0,0,0,0
"13219",5,"3327",76,0,2007,2,"N","Oconee County, Georgia","Private","Machine shops and threaded product mfg.","County, NAICS 4-digit -- by ownership sector","All establishment sizes",1,0,0,0,0,0,0,0
"13219",5,"3327",76,0,2007,3,"N","Oconee County, Georgia","Private","Machine shops and threaded product mfg.","County, NAICS 4-digit -- by ownership sector","All establishment sizes",1,0,0,0,0,0,0,0
"13219",5,"3327",76,0,2007,4,"N","Oconee County, Georgia","Private","Machine shops and threaded product mfg.","County, NAICS 4-digit -- by ownership sector","All establishment sizes",1,0,0,0,0,0,0,0
"13219",5,33271,77,0,2007,1,"N","Oconee County, Georgia","Private","Machine shops","County, NAICS 5-digit -- by ownership sector","All establishment sizes",1,0,0,0,0,0,0,0
"13219",5,"33271",77,0,2007,2,"N","Oconee County, Georgia","Private","Machine shops","County, NAICS 5-digit -- by ownership sector","All establishment sizes",1,0,0,0,0,0,0,0
"13219",5,"33271",77,0,2007,3,"N","Oconee County, Georgia","Private","Machine shops","County, NAICS 5-digit -- by ownership sector","All establishment sizes",1,0,0,0,0,0,0,0
"13219",5,"33271",77,0,2007,4,"N","Oconee County, Georgia","Private","Machine shops","County, NAICS 5-digit -- by ownership sector","All establishment sizes",1,0,0,0,0,0,0,0
"13219",5,332710,78,0,2007,1,"N","Oconee County, Georgia","Private","Machine shops","County, NAICS 6-digit -- by ownership sector","All establishment sizes",1,0,0,0,0,0,0,0
"13219",5,"332710",78,0,2007,2,"N","Oconee County, Georgia","Private","Machine shops","County, NAICS 6-digit -- by ownership sector","All establishment sizes",1,0,0,0,0,0,0,0
"13219",5,"332710",78,0,2007,3,"N","Oconee County, Georgia","Private","Machine shops","County, NAICS 6-digit -- by ownership sector","All establishment sizes",1,0,0,0,0,0,0,0
"13219",5,"332710",78,0,2007,4,"N","Oconee County, Georgia","Private","Machine shops","County, NAICS 6-digit -- by ownership sector","All establishment sizes",1,0,0,0,0,0,0,0
"13219",5,333,75,0,2007,1,"","Oconee County, Georgia","Private","Machinery manufacturing","County, NAICS 3-digit -- by ownership sector","All establishment sizes",5,64,61,64,594349,426989,14799,726
"13219",5,"333",75,0,2007,2,"","Oconee County, Georgia","Private","Machinery manufacturing","County, NAICS 3-digit -- by ownership sector","All establishment sizes",5,63,61,61,633758,109557,5410,791
"13219",5,"333",75,0,2007,3,"","Oconee County, Georgia","Private","Machinery manufacturing","County, NAICS 3-digit -- by ownership sector","All establishment sizes",5,60,62,61,555532,29811,708,701
"13219",5,"333",75,0,2007,4,"","Oconee County, Georgia","Private","Machinery manufacturing","County, NAICS 3-digit -- by ownership sector","All establishment sizes",5,58,57,47,657434,16713,353,937
"13219",5,3331,76,0,2007,1,"N","Oconee County, Georgia","Private","Ag., construction, and mining machinery mfg.","County, NAICS 4-digit -- by ownership sector","All establishment sizes",2,0,0,0,0,0,0,0
"13219",5,"3331",76,0,2007,2,"N","Oconee County, Georgia","Private","Ag., construction, and mining machinery mfg.","County, NAICS 4-digit -- by ownership sector","All establishment sizes",2,0,0,0,0,0,0,0
"13219",5,"3331",76,0,2007,3,"N","Oconee County, Georgia","Private","Ag., construction, and mining machinery mfg.","County, NAICS 4-digit -- by ownership sector","All establishment sizes",2,0,0,0,0,0,0,0
"13219",5,"3331",76,0,2007,4,"N","Oconee County, Georgia","Private","Ag., construction, and mining machinery mfg.","County, NAICS 4-digit -- by ownership sector","All establishment sizes",2,0,0,0,0,0,0,0
"13219",5,33311,77,0,2007,1,"N","Oconee County, Georgia","Private","Agricultural implement manufacturing","County, NAICS 5-digit -- by ownership sector","All establishment sizes",2,0,0,0,0,0,0,0
"13219",5,"33311",77,0,2007,2,"N","Oconee County, Georgia","Private","Agricultural implement manufacturing","County, NAICS 5-digit -- by ownership sector","All establishment sizes",2,0,0,0,0,0,0,0
"13219",5,"33311",77,0,2007,3,"N","Oconee County, Georgia","Private","Agricultural implement manufacturing","County, NAICS 5-digit -- by ownership sector","All establishment sizes",2,0,0,0,0,0,0,0
"13219",5,"33311",77,0,2007,4,"N","Oconee County, Georgia","Private","Agricultural implement manufacturing","County, NAICS 5-digit -- by ownership sector","All establishment sizes",2,0,0,0,0,0,0,0
"13219",5,333111,78,0,2007,1,"N","Oconee County, Georgia","Private","Farm machinery and equipment manufacturing","County, NAICS 6-digit -- by ownership sector","All establishment sizes",2,0,0,0,0,0,0,0
"13219",5,"333111",78,0,2007,2,"N","Oconee County, Georgia","Private","Farm machinery and equipment manufacturing","County, NAICS 6-digit -- by ownership sector","All establishment sizes",2,0,0,0,0,0,0,0
"13219",5,"333111",78,0,2007,3,"N","Oconee County, Georgia","Private","Farm machinery and equipment manufacturing","County, NAICS 6-digit -- by ownership sector","All establishment sizes",2,0,0,0,0,0,0,0
"13219",5,"333111",78,0,2007,4,"N","Oconee County, Georgia","Private","Farm machinery and equipment manufacturing","County, NAICS 6-digit -- by ownership sector","All establishment sizes",2,0,0,0,0,0,0,0
"13219",5,3335,76,0,2007,1,"N","Oconee County, Georgia","Private","Metalworking machinery manufacturing","County, NAICS 4-digit -- by ownership sector","All establishment sizes",1,0,0,0,0,0,0,0
"13219",5,"3335",76,0,2007,2,"N","Oconee County, Georgia","Private","Metalworking machinery manufacturing","County, NAICS 4-digit -- by ownership sector","All establishment sizes",1,0,0,0,0,0,0,0
"13219",5,"3335",76,0,2007,3,"N","Oconee County, Georgia","Private","Metalworking machinery manufacturing","County, NAICS 4-digit -- by ownership sector","All establishment sizes",1,0,0,0,0,0,0,0
"13219",5,"3335",76,0,2007,4,"N","Oconee County, Georgia","Private","Metalworking machinery manufacturing","County, NAICS 4-digit -- by ownership sector","All establishment sizes",1,0,0,0,0,0,0,0
"13219",5,33351,77,0,2007,1,"N","Oconee County, Georgia","Private","Metalworking machinery manufacturing","County, NAICS 5-digit -- by ownership sector","All establishment sizes",1,0,0,0,0,0,0,0
"13219",5,"33351",77,0,2007,2,"N","Oconee County, Georgia","Private","Metalworking machinery manufacturing","County, NAICS 5-digit -- by ownership sector","All establishment sizes",1,0,0,0,0,0,0,0
"13219",5,"33351",77,0,2007,3,"N","Oconee County, Georgia","Private","Metalworking machinery manufacturing","County, NAICS 5-digit -- by ownership sector","All establishment sizes",1,0,0,0,0,0,0,0
"13219",5,"33351",77,0,2007,4,"N","Oconee County, Georgia","Private","Metalworking machinery manufacturing","County, NAICS 5-digit -- by ownership sector","All establishment sizes",1,0,0,0,0,0,0,0
"13219",5,333515,78,0,2007,1,"N","Oconee County, Georgia","Private","Cutting tool and machine tool accessory mfg.","County, NAICS 6-digit -- by ownership sector","All establishment sizes",1,0,0,0,0,0,0,0
"13219",5,"333515",78,0,2007,2,"N","Oconee County, Georgia","Private","Cutting tool and machine tool accessory mfg.","County, NAICS 6-digit -- by ownership sector","All establishment sizes",1,0,0,0,0,0,0,0
"13219",5,"333515",78,0,2007,3,"N","Oconee County, Georgia","Private","Cutting tool and machine tool accessory mfg.","County, NAICS 6-digit -- by ownership sector","All establishment sizes",1,0,0,0,0,0,0,0
"13219",5,"333515",78,0,2007,4,"N","Oconee County, Georgia","Private","Cutting tool and machine tool accessory mfg.","County, NAICS 6-digit -- by ownership sector","All establishment sizes",1,0,0,0,0,0,0,0
"13219",5,3339,76,0,2007,1,"N","Oconee County, Georgia","Private","Other general purpose machinery manufacturing","County, NAICS 4-digit -- by ownership sector","All establishment sizes",2,0,0,0,0,0,0,0
"13219",5,"3339",76,0,2007,2,"N","Oconee County, Georgia","Private","Other general purpose machinery manufacturing","County, NAICS 4-digit -- by ownership sector","All establishment sizes",2,0,0,0,0,0,0,0
"13219",5,"3339",76,0,2007,3,"N","Oconee County, Georgia","Private","Other general purpose machinery manufacturing","County, NAICS 4-digit -- by ownership sector","All establishment sizes",2,0,0,0,0,0,0,0
"13219",5,"3339",76,0,2007,4,"N","Oconee County, Georgia","Private","Other general purpose machinery manufacturing","County, NAICS 4-digit -- by ownership sector","All establishment sizes",2,0,0,0,0,0,0,0
"13219",5,33392,77,0,2007,1,"N","Oconee County, Georgia","Private","Material handling equipment manufacturing","County, NAICS 5-digit -- by ownership sector","All establishment sizes",1,0,0,0,0,0,0,0
"13219",5,"33392",77,0,2007,2,"N","Oconee County, Georgia","Private","Material handling equipment manufacturing","County, NAICS 5-digit -- by ownership sector","All establishment sizes",1,0,0,0,0,0,0,0
"13219",5,"33392",77,0,2007,3,"N","Oconee County, Georgia","Private","Material handling equipment manufacturing","County, NAICS 5-digit -- by ownership sector","All establishment sizes",1,0,0,0,0,0,0,0
"13219",5,"33392",77,0,2007,4,"N","Oconee County, Georgia","Private","Material handling equipment manufacturing","County, NAICS 5-digit -- by ownership sector","All establishment sizes",1,0,0,0,0,0,0,0
"13219",5,333924,78,0,2007,1,"N","Oconee County, Georgia","Private","Industrial truck, trailer, and stacker mfg.","County, NAICS 6-digit -- by ownership sector","All establishment sizes",1,0,0,0,0,0,0,0
"13219",5,"333924",78,0,2007,2,"N","Oconee County, Georgia","Private","Industrial truck, trailer, and stacker mfg.","County, NAICS 6-digit -- by ownership sector","All establishment sizes",1,0,0,0,0,0,0,0
"13219",5,"333924",78,0,2007,3,"N","Oconee County, Georgia","Private","Industrial truck, trailer, and stacker mfg.","County, NAICS 6-digit -- by ownership sector","All establishment sizes",1,0,0,0,0,0,0,0
"13219",5,"333924",78,0,2007,4,"N","Oconee County, Georgia","Private","Industrial truck, trailer, and stacker mfg.","County, NAICS 6-digit -- by ownership sector","All establishment sizes",1,0,0,0,0,0,0,0
"13219",5,33399,77,0,2007,1,"N","Oconee County, Georgia","Private","All other general purpose machinery mfg.","County, NAICS 5-digit -- by ownership sector","All establishment sizes",1,0,0,0,0,0,0,0
"13219",5,"33399",77,0,2007,2,"N","Oconee County, Georgia","Private","All other general purpose machinery mfg.","County, NAICS 5-digit -- by ownership sector","All establishment sizes",1,0,0,0,0,0,0,0
"13219",5,"33399",77,0,2007,3,"N","Oconee County, Georgia","Private","All other general purpose machinery mfg.","County, NAICS 5-digit -- by ownership sector","All establishment sizes",1,0,0,0,0,0,0,0
"13219",5,"33399",77,0,2007,4,"N","Oconee County, Georgia","Private","All other general purpose machinery mfg.","County, NAICS 5-digit -- by ownership sector","All establishment sizes",1,0,0,0,0,0,0,0
"13219",5,333993,78,0,2007,1,"N","Oconee County, Georgia","Private","Packaging machinery manufacturing","County, NAICS 6-digit -- by ownership sector","All establishment sizes",1,0,0,0,0,0,0,0
"13219",5,"333993",78,0,2007,2,"N","Oconee County, Georgia","Private","Packaging machinery manufacturing","County, NAICS 6-digit -- by ownership sector","All establishment sizes",1,0,0,0,0,0,0,0
"13219",5,"333993",78,0,2007,3,"N","Oconee County, Georgia","Private","Packaging machinery manufacturing","County, NAICS 6-digit -- by ownership sector","All establishment sizes",1,0,0,0,0,0,0,0
"13219",5,"333993",78,0,2007,4,"N","Oconee County, Georgia","Private","Packaging machinery manufacturing","County, NAICS 6-digit -- by ownership sector","All establishment sizes",1,0,0,0,0,0,0,0
"13219",5,334,75,0,2007,1,"N","Oconee County, Georgia","Private","Computer and electronic product manufacturing","County, NAICS 3-digit -- by ownership sector","All establishment sizes",1,0,0,0,0,0,0,0
"13219",5,"334",75,0,2007,2,"N","Oconee County, Georgia","Private","Computer and electronic product manufacturing","County, NAICS 3-digit -- by ownership sector","All establishment sizes",1,0,0,0,0,0,0,0
"13219",5,"334",75,0,2007,3,"N","Oconee County, Georgia","Private","Computer and electronic product manufacturing","County, NAICS 3-digit -- by ownership sector","All establishment sizes",1,0,0,0,0,0,0,0
"13219",5,"334",75,0,2007,4,"N","Oconee County, Georgia","Private","Computer and electronic product manufacturing","County, NAICS 3-digit -- by ownership sector","All establishment sizes",1,0,0,0,0,0,0,0
"13219",5,3342,76,0,2007,1,"N","Oconee County, Georgia","Private","Communications equipment manufacturing","County, NAICS 4-digit -- by ownership sector","All establishment sizes",1,0,0,0,0,0,0,0
"13219",5,"3342",76,0,2007,2,"N","Oconee County, Georgia","Private","Communications equipment manufacturing","County, NAICS 4-digit -- by ownership sector","All establishment sizes",1,0,0,0,0,0,0,0
"13219",5,"3342",76,0,2007,3,"N","Oconee County, Georgia","Private","Communications equipment manufacturing","County, NAICS 4-digit -- by ownership sector","All establishment sizes",1,0,0,0,0,0,0,0
"13219",5,"3342",76,0,2007,4,"N","Oconee County, Georgia","Private","Communications equipment manufacturing","County, NAICS 4-digit -- by ownership sector","All establishment sizes",1,0,0,0,0,0,0,0
"13219",5,33429,77,0,2007,1,"N","Oconee County, Georgia","Private","Other communications equipment manufacturing","County, NAICS 5-digit -- by ownership sector","All establishment sizes",1,0,0,0,0,0,0,0
"13219",5,"33429",77,0,2007,2,"N","Oconee County, Georgia","Private","Other communications equipment manufacturing","County, NAICS 5-digit -- by ownership sector","All establishment sizes",1,0,0,0,0,0,0,0
"13219",5,"33429",77,0,2007,3,"N","Oconee County, Georgia","Private","Other communications equipment manufacturing","County, NAICS 5-digit -- by ownership sector","All establishment sizes",1,0,0,0,0,0,0,0
"13219",5,"33429",77,0,2007,4,"N","Oconee County, Georgia","Private","Other communications equipment manufacturing","County, NAICS 5-digit -- by ownership sector","All establishment sizes",1,0,0,0,0,0,0,0
"13219",5,334290,78,0,2007,1,"N","Oconee County, Georgia","Private","Other communications equipment manufacturing","County, NAICS 6-digit -- by ownership sector","All establishment sizes",1,0,0,0,0,0,0,0
"13219",5,"334290",78,0,2007,2,"N","Oconee County, Georgia","Private","Other communications equipment manufacturing","County, NAICS 6-digit -- by ownership sector","All establishment sizes",1,0,0,0,0,0,0,0
"13219",5,"334290",78,0,2007,3,"N","Oconee County, Georgia","Private","Other communications equipment manufacturing","County, NAICS 6-digit -- by ownership sector","All establishment sizes",1,0,0,0,0,0,0,0
"13219",5,"334290",78,0,2007,4,"N","Oconee County, Georgia","Private","Other communications equipment manufacturing","County, NAICS 6-digit -- by ownership sector","All establishment sizes",1,0,0,0,0,0,0,0
"13219",5,335,75,0,2007,1,"N","Oconee County, Georgia","Private","Electrical equipment and appliance mfg.","County, NAICS 3-digit -- by ownership sector","All establishment sizes",2,0,0,0,0,0,0,0
"13219",5,"335",75,0,2007,2,"N","Oconee County, Georgia","Private","Electrical equipment and appliance mfg.","County, NAICS 3-digit -- by ownership sector","All establishment sizes",2,0,0,0,0,0,0,0
"13219",5,"335",75,0,2007,3,"N","Oconee County, Georgia","Private","Electrical equipment and appliance mfg.","County, NAICS 3-digit -- by ownership sector","All establishment sizes",2,0,0,0,0,0,0,0
"13219",5,"335",75,0,2007,4,"N","Oconee County, Georgia","Private","Electrical equipment and appliance mfg.","County, NAICS 3-digit -- by ownership sector","All establishment sizes",2,0,0,0,0,0,0,0
"13219",5,3353,76,0,2007,1,"N","Oconee County, Georgia","Private","Electrical equipment manufacturing","County, NAICS 4-digit -- by ownership sector","All establishment sizes",1,0,0,0,0,0,0,0
"13219",5,"3353",76,0,2007,2,"N","Oconee County, Georgia","Private","Electrical equipment manufacturing","County, NAICS 4-digit -- by ownership sector","All establishment sizes",1,0,0,0,0,0,0,0
"13219",5,"3353",76,0,2007,3,"N","Oconee County, Georgia","Private","Electrical equipment manufacturing","County, NAICS 4-digit -- by ownership sector","All establishment sizes",1,0,0,0,0,0,0,0
"13219",5,"3353",76,0,2007,4,"N","Oconee County, Georgia","Private","Electrical equipment manufacturing","County, NAICS 4-digit -- by ownership sector","All establishment sizes",1,0,0,0,0,0,0,0
"13219",5,33531,77,0,2007,1,"N","Oconee County, Georgia","Private","Electrical equipment manufacturing","County, NAICS 5-digit -- by ownership sector","All establishment sizes",1,0,0,0,0,0,0,0
"13219",5,"33531",77,0,2007,2,"N","Oconee County, Georgia","Private","Electrical equipment manufacturing","County, NAICS 5-digit -- by ownership sector","All establishment sizes",1,0,0,0,0,0,0,0
"13219",5,"33531",77,0,2007,3,"N","Oconee County, Georgia","Private","Electrical equipment manufacturing","County, NAICS 5-digit -- by ownership sector","All establishment sizes",1,0,0,0,0,0,0,0
"13219",5,"33531",77,0,2007,4,"N","Oconee County, Georgia","Private","Electrical equipment manufacturing","County, NAICS 5-digit -- by ownership sector","All establishment sizes",1,0,0,0,0,0,0,0
"13219",5,335313,78,0,2007,1,"N","Oconee County, Georgia","Private","Switchgear and switchboard apparatus mfg.","County, NAICS 6-digit -- by ownership sector","All establishment sizes",1,0,0,0,0,0,0,0
"13219",5,"335313",78,0,2007,2,"N","Oconee County, Georgia","Private","Switchgear and switchboard apparatus mfg.","County, NAICS 6-digit -- by ownership sector","All establishment sizes",1,0,0,0,0,0,0,0
"13219",5,"335313",78,0,2007,3,"N","Oconee County, Georgia","Private","Switchgear and switchboard apparatus mfg.","County, NAICS 6-digit -- by ownership sector","All establishment sizes",1,0,0,0,0,0,0,0
"13219",5,"335313",78,0,2007,4,"N","Oconee County, Georgia","Private","Switchgear and switchboard apparatus mfg.","County, NAICS 6-digit -- by ownership sector","All establishment sizes",1,0,0,0,0,0,0,0
"13219",5,3359,76,0,2007,1,"N","Oconee County, Georgia","Private","Other electrical equipment and component mfg.","County, NAICS 4-digit -- by ownership sector","All establishment sizes",1,0,0,0,0,0,0,0
"13219",5,"3359",76,0,2007,2,"N","Oconee County, Georgia","Private","Other electrical equipment and component mfg.","County, NAICS 4-digit -- by ownership sector","All establishment sizes",1,0,0,0,0,0,0,0
"13219",5,"3359",76,0,2007,3,"N","Oconee County, Georgia","Private","Other electrical equipment and component mfg.","County, NAICS 4-digit -- by ownership sector","All establishment sizes",1,0,0,0,0,0,0,0
"13219",5,"3359",76,0,2007,4,"N","Oconee County, Georgia","Private","Other electrical equipment and component mfg.","County, NAICS 4-digit -- by ownership sector","All establishment sizes",1,0,0,0,0,0,0,0
"13219",5,33592,77,0,2007,1,"N","Oconee County, Georgia","Private","Communication and energy wire and cable mfg.","County, NAICS 5-digit -- by ownership sector","All establishment sizes",1,0,0,0,0,0,0,0
"13219",5,"33592",77,0,2007,2,"N","Oconee County, Georgia","Private","Communication and energy wire and cable mfg.","County, NAICS 5-digit -- by ownership sector","All establishment sizes",1,0,0,0,0,0,0,0
"13219",5,"33592",77,0,2007,3,"N","Oconee County, Georgia","Private","Communication and energy wire and cable mfg.","County, NAICS 5-digit -- by ownership sector","All establishment sizes",1,0,0,0,0,0,0,0
"13219",5,"33592",77,0,2007,4,"N","Oconee County, Georgia","Private","Communication and energy wire and cable mfg.","County, NAICS 5-digit -- by ownership sector","All establishment sizes",1,0,0,0,0,0,0,0
"13219",5,335921,78,0,2007,1,"N","Oconee County, Georgia","Private","Fiber optic cable manufacturing","County, NAICS 6-digit -- by ownership sector","All establishment sizes",1,0,0,0,0,0,0,0
"13219",5,"335921",78,0,2007,2,"N","Oconee County, Georgia","Private","Fiber optic cable manufacturing","County, NAICS 6-digit -- by ownership sector","All establishment sizes",1,0,0,0,0,0,0,0
"13219",5,"335921",78,0,2007,3,"N","Oconee County, Georgia","Private","Fiber optic cable manufacturing","County, NAICS 6-digit -- by ownership sector","All establishment sizes",1,0,0,0,0,0,0,0
"13219",5,"335921",78,0,2007,4,"N","Oconee County, Georgia","Private","Fiber optic cable manufacturing","County, NAICS 6-digit -- by ownership sector","All establishment sizes",1,0,0,0,0,0,0,0
"13219",5,337,75,0,2007,1,"","Oconee County, Georgia","Private","Furniture and related product manufacturing","County, NAICS 3-digit -- by ownership sector","All establishment sizes",5,87,86,81,607493,530850,2847,552
"13219",5,"337",75,0,2007,2,"","Oconee County, Georgia","Private","Furniture and related product manufacturing","County, NAICS 3-digit -- by ownership sector","All establishment sizes",5,86,87,88,600416,170069,982,531
"13219",5,"337",75,0,2007,3,"","Oconee County, Georgia","Private","Furniture and related product manufacturing","County, NAICS 3-digit -- by ownership sector","All establishment sizes",5,87,84,82,594366,42604,297,542
"13219",5,"337",75,0,2007,4,"","Oconee County, Georgia","Private","Furniture and related product manufacturing","County, NAICS 3-digit -- by ownership sector","All establishment sizes",5,80,72,71,490184,17022,124,507
"13219",5,3371,76,0,2007,1,"","Oconee County, Georgia","Private","Household and institutional furniture mfg.","County, NAICS 4-digit -- by ownership sector","All establishment sizes",5,87,86,81,607493,530850,2847,552
"13219",5,"3371",76,0,2007,2,"","Oconee County, Georgia","Private","Household and institutional furniture mfg.","County, NAICS 4-digit -- by ownership sector","All establishment sizes",5,86,87,88,600416,170069,982,531
"13219",5,"3371",76,0,2007,3,"","Oconee County, Georgia","Private","Household and institutional furniture mfg.","County, NAICS 4-digit -- by ownership sector","All establishment sizes",5,87,84,82,594366,42604,297,542
"13219",5,"3371",76,0,2007,4,"","Oconee County, Georgia","Private","Household and institutional furniture mfg.","County, NAICS 4-digit -- by ownership sector","All establishment sizes",5,80,72,71,490184,17022,124,507
"13219",5,33711,77,0,2007,1,"","Oconee County, Georgia","Private","Wood kitchen cabinet and countertop mfg.","County, NAICS 5-digit -- by ownership sector","All establishment sizes",5,87,86,81,607493,530850,2847,552
"13219",5,"33711",77,0,2007,2,"","Oconee County, Georgia","Private","Wood kitchen cabinet and countertop mfg.","County, NAICS 5-digit -- by ownership sector","All establishment sizes",5,86,87,88,600416,170069,982,531
"13219",5,"33711",77,0,2007,3,"","Oconee County, Georgia","Private","Wood kitchen cabinet and countertop mfg.","County, NAICS 5-digit -- by ownership sector","All establishment sizes",5,87,84,82,594366,42604,297,542
"13219",5,"33711",77,0,2007,4,"","Oconee County, Georgia","Private","Wood kitchen cabinet and countertop mfg.","County, NAICS 5-digit -- by ownership sector","All establishment sizes",5,80,72,71,490184,17022,124,507
"13219",5,337110,78,0,2007,1,"","Oconee County, Georgia","Private","Wood kitchen cabinet and countertop mfg.","County, NAICS 6-digit -- by ownership sector","All establishment sizes",5,87,86,81,607493,530850,2847,552
"13219",5,"337110",78,0,2007,2,"","Oconee County, Georgia","Private","Wood kitchen cabinet and countertop mfg.","County, NAICS 6-digit -- by ownership sector","All establishment sizes",5,86,87,88,600416,170069,982,531
"13219",5,"337110",78,0,2007,3,"","Oconee County, Georgia","Private","Wood kitchen cabinet and countertop mfg.","County, NAICS 6-digit -- by ownership sector","All establishment sizes",5,87,84,82,594366,42604,297,542
"13219",5,"337110",78,0,2007,4,"","Oconee County, Georgia","Private","Wood kitchen cabinet and countertop mfg.","County, NAICS 6-digit -- by ownership sector","All establishment sizes",5,80,72,71,490184,17022,124,507
"13219",5,339,75,0,2007,1,"","Oconee County, Georgia","Private","Miscellaneous manufacturing","County, NAICS 3-digit -- by ownership sector","All establishment sizes",7,147,148,145,1269341,884345,10228,666
"13219",5,"339",75,0,2007,2,"","Oconee County, Georgia","Private","Miscellaneous manufacturing","County, NAICS 3-digit -- by ownership sector","All establishment sizes",7,155,157,154,1472919,324728,3897,729
"13219",5,"339",75,0,2007,3,"","Oconee County, Georgia","Private","Miscellaneous manufacturing","County, NAICS 3-digit -- by ownership sector","All establishment sizes",6,144,145,145,1211484,78914,1027,644
"13219",5,"339",75,0,2007,4,"","Oconee County, Georgia","Private","Miscellaneous manufacturing","County, NAICS 3-digit -- by ownership sector","All establishment sizes",6,139,139,140,1359095,66098,940,750
"13219",5,3391,76,0,2007,1,"N","Oconee County, Georgia","Private","Medical equipment and supplies manufacturing","County, NAICS 4-digit -- by ownership sector","All establishment sizes",4,0,0,0,0,0,0,0
"13219",5,"3391",76,0,2007,2,"N","Oconee County, Georgia","Private","Medical equipment and supplies manufacturing","County, NAICS 4-digit -- by ownership sector","All establishment sizes",4,0,0,0,0,0,0,0
"13219",5,"3391",76,0,2007,3,"N","Oconee County, Georgia","Private","Medical equipment and supplies manufacturing","County, NAICS 4-digit -- by ownership sector","All establishment sizes",3,0,0,0,0,0,0,0
"13219",5,"3391",76,0,2007,4,"N","Oconee County, Georgia","Private","Medical equipment and supplies manufacturing","County, NAICS 4-digit -- by ownership sector","All establishment sizes",3,0,0,0,0,0,0,0
"13219",5,33911,77,0,2007,1,"N","Oconee County, Georgia","Private","Medical equipment and supplies manufacturing","County, NAICS 5-digit -- by ownership sector","All establishment sizes",4,0,0,0,0,0,0,0
"13219",5,"33911",77,0,2007,2,"N","Oconee County, Georgia","Private","Medical equipment and supplies manufacturing","County, NAICS 5-digit -- by ownership sector","All establishment sizes",4,0,0,0,0,0,0,0
"13219",5,"33911",77,0,2007,3,"N","Oconee County, Georgia","Private","Medical equipment and supplies manufacturing","County, NAICS 5-digit -- by ownership sector","All establishment sizes",3,0,0,0,0,0,0,0
"13219",5,"33911",77,0,2007,4,"N","Oconee County, Georgia","Private","Medical equipment and supplies manufacturing","County, NAICS 5-digit -- by ownership sector","All establishment sizes",3,0,0,0,0,0,0,0
"13219",5,339113,78,0,2007,1,"N","Oconee County, Georgia","Private","Surgical appliance and supplies manufacturing","County, NAICS 6-digit -- by ownership sector","All establishment sizes",1,0,0,0,0,0,0,0
"13219",5,"339113",78,0,2007,2,"N","Oconee County, Georgia","Private","Surgical appliance and supplies manufacturing","County, NAICS 6-digit -- by ownership sector","All establishment sizes",1,0,0,0,0,0,0,0
"13219",5,"339113",78,0,2007,3,"N","Oconee County, Georgia","Private","Surgical appliance and supplies manufacturing","County, NAICS 6-digit -- by ownership sector","All establishment sizes",1,0,0,0,0,0,0,0
"13219",5,"339113",78,0,2007,4,"N","Oconee County, Georgia","Private","Surgical appliance and supplies manufacturing","County, NAICS 6-digit -- by ownership sector","All establishment sizes",1,0,0,0,0,0,0,0
"13219",5,339116,78,0,2007,1,"N","Oconee County, Georgia","Private","Dental laboratories","County, NAICS 6-digit -- by ownership sector","All establishment sizes",3,0,0,0,0,0,0,0
"13219",5,"339116",78,0,2007,2,"N","Oconee County, Georgia","Private","Dental laboratories","County, NAICS 6-digit -- by ownership sector","All establishment sizes",3,0,0,0,0,0,0,0
"13219",5,"339116",78,0,2007,3,"N","Oconee County, Georgia","Private","Dental laboratories","County, NAICS 6-digit -- by ownership sector","All establishment sizes",2,0,0,0,0,0,0,0
"13219",5,"339116",78,0,2007,4,"N","Oconee County, Georgia","Private","Dental laboratories","County, NAICS 6-digit -- by ownership sector","All establishment sizes",2,0,0,0,0,0,0,0
"13219",5,3399,76,0,2007,1,"N","Oconee County, Georgia","Private","Other miscellaneous manufacturing","County, NAICS 4-digit -- by ownership sector","All establishment sizes",3,0,0,0,0,0,0,0
"13219",5,"3399",76,0,2007,2,"N","Oconee County, Georgia","Private","Other miscellaneous manufacturing","County, NAICS 4-digit -- by ownership sector","All establishment sizes",3,0,0,0,0,0,0,0
"13219",5,"3399",76,0,2007,3,"N","Oconee County, Georgia","Private","Other miscellaneous manufacturing","County, NAICS 4-digit -- by ownership sector","All establishment sizes",3,0,0,0,0,0,0,0
"13219",5,"3399",76,0,2007,4,"N","Oconee County, Georgia","Private","Other miscellaneous manufacturing","County, NAICS 4-digit -- by ownership sector","All establishment sizes",3,0,0,0,0,0,0,0
"13219",5,33992,77,0,2007,1,"N","Oconee County, Georgia","Private","Sporting and athletic goods manufacturing","County, NAICS 5-digit -- by ownership sector","All establishment sizes",1,0,0,0,0,0,0,0
"13219",5,"33992",77,0,2007,2,"N","Oconee County, Georgia","Private","Sporting and athletic goods manufacturing","County, NAICS 5-digit -- by ownership sector","All establishment sizes",1,0,0,0,0,0,0,0
"13219",5,"33992",77,0,2007,3,"N","Oconee County, Georgia","Private","Sporting and athletic goods manufacturing","County, NAICS 5-digit -- by ownership sector","All establishment sizes",1,0,0,0,0,0,0,0
"13219",5,"33992",77,0,2007,4,"N","Oconee County, Georgia","Private","Sporting and athletic goods manufacturing","County, NAICS 5-digit -- by ownership sector","All establishment sizes",1,0,0,0,0,0,0,0
"13219",5,339920,78,0,2007,1,"N","Oconee County, Georgia","Private","Sporting and athletic goods manufacturing","County, NAICS 6-digit -- by ownership sector","All establishment sizes",1,0,0,0,0,0,0,0
"13219",5,"339920",78,0,2007,2,"N","Oconee County, Georgia","Private","Sporting and athletic goods manufacturing","County, NAICS 6-digit -- by ownership sector","All establishment sizes",1,0,0,0,0,0,0,0
"13219",5,"339920",78,0,2007,3,"N","Oconee County, Georgia","Private","Sporting and athletic goods manufacturing","County, NAICS 6-digit -- by ownership sector","All establishment sizes",1,0,0,0,0,0,0,0
"13219",5,"339920",78,0,2007,4,"N","Oconee County, Georgia","Private","Sporting and athletic goods manufacturing","County, NAICS 6-digit -- by ownership sector","All establishment sizes",1,0,0,0,0,0,0,0
"13219",5,33995,77,0,2007,1,"N","Oconee County, Georgia","Private","Sign manufacturing","County, NAICS 5-digit -- by ownership sector","All establishment sizes",2,0,0,0,0,0,0,0
"13219",5,"33995",77,0,2007,2,"N","Oconee County, Georgia","Private","Sign manufacturing","County, NAICS 5-digit -- by ownership sector","All establishment sizes",2,0,0,0,0,0,0,0
"13219",5,"33995",77,0,2007,3,"N","Oconee County, Georgia","Private","Sign manufacturing","County, NAICS 5-digit -- by ownership sector","All establishment sizes",2,0,0,0,0,0,0,0
"13219",5,"33995",77,0,2007,4,"N","Oconee County, Georgia","Private","Sign manufacturing","County, NAICS 5-digit -- by ownership sector","All establishment sizes",2,0,0,0,0,0,0,0
"13219",5,339950,78,0,2007,1,"N","Oconee County, Georgia","Private","Sign manufacturing","County, NAICS 6-digit -- by ownership sector","All establishment sizes",2,0,0,0,0,0,0,0
"13219",5,"339950",78,0,2007,2,"N","Oconee County, Georgia","Private","Sign manufacturing","County, NAICS 6-digit -- by ownership sector","All establishment sizes",2,0,0,0,0,0,0,0
"13219",5,"339950",78,0,2007,3,"N","Oconee County, Georgia","Private","Sign manufacturing","County, NAICS 6-digit -- by ownership sector","All establishment sizes",2,0,0,0,0,0,0,0
"13219",5,"339950",78,0,2007,4,"N","Oconee County, Georgia","Private","Sign manufacturing","County, NAICS 6-digit -- by ownership sector","All establishment sizes",2,0,0,0,0,0,0,0
"13219",5,42,74,0,2007,1,"","Oconee County, Georgia","Private","Wholesale trade","County, NAICS Sector -- by ownership sector","All establishment sizes",63,454,466,467,3968365,2920970,29791,660
"13219",5,"42",74,0,2007,2,"","Oconee County, Georgia","Private","Wholesale trade","County, NAICS Sector -- by ownership sector","All establishment sizes",63,458,451,447,4878997,942931,9596,830
"13219",5,"42",74,0,2007,3,"","Oconee County, Georgia","Private","Wholesale trade","County, NAICS Sector -- by ownership sector","All establishment sizes",63,448,447,460,4531679,452012,5138,772
"13219",5,"42",74,0,2007,4,"","Oconee County, Georgia","Private","Wholesale trade","County, NAICS Sector -- by ownership sector","All establishment sizes",64,455,478,461,4395048,431138,5410,728
"13219",5,423,75,0,2007,1,"","Oconee County, Georgia","Private","Merchant wholesalers, durable goods","County, NAICS 3-digit -- by ownership sector","All establishment sizes",17,184,185,183,1592541,1202327,12331,666
"13219",5,"423",75,0,2007,2,"","Oconee County, Georgia","Private","Merchant wholesalers, durable goods","County, NAICS 3-digit -- by ownership sector","All establishment sizes",17,182,183,184,1975844,355643,3939,831
"13219",5,"423",75,0,2007,3,"","Oconee County, Georgia","Private","Merchant wholesalers, durable goods","County, NAICS 3-digit -- by ownership sector","All establishment sizes",17,188,188,193,2157094,166366,1953,875
"13219",5,"423",75,0,2007,4,"","Oconee County, Georgia","Private","Merchant wholesalers, durable goods","County, NAICS 3-digit -- by ownership sector","All establishment sizes",18,195,215,207,2115944,214206,3352,791
"13219",5,4231,76,0,2007,1,"N","Oconee County, Georgia","Private","Motor vehicle and parts merchant wholesalers","County, NAICS 4-digit -- by ownership sector","All establishment sizes",1,0,0,0,0,0,0,0
"13219",5,"4231",76,0,2007,2,"N","Oconee County, Georgia","Private","Motor vehicle and parts merchant wholesalers","County, NAICS 4-digit -- by ownership sector","All establishment sizes",1,0,0,0,0,0,0,0
"13219",5,"4231",76,0,2007,3,"N","Oconee County, Georgia","Private","Motor vehicle and parts merchant wholesalers","County, NAICS 4-digit -- by ownership sector","All establishment sizes",1,0,0,0,0,0,0,0
"13219",5,"4231",76,0,2007,4,"N","Oconee County, Georgia","Private","Motor vehicle and parts merchant wholesalers","County, NAICS 4-digit -- by ownership sector","All establishment sizes",1,0,0,0,0,0,0,0
"13219",5,42312,77,0,2007,1,"N","Oconee County, Georgia","Private","New motor vehicle parts merchant wholesalers","County, NAICS 5-digit -- by ownership sector","All establishment sizes",1,0,0,0,0,0,0,0
"13219",5,"42312",77,0,2007,2,"N","Oconee County, Georgia","Private","New motor vehicle parts merchant wholesalers","County, NAICS 5-digit -- by ownership sector","All establishment sizes",1,0,0,0,0,0,0,0
"13219",5,"42312",77,0,2007,3,"N","Oconee County, Georgia","Private","New motor vehicle parts merchant wholesalers","County, NAICS 5-digit -- by ownership sector","All establishment sizes",1,0,0,0,0,0,0,0
"13219",5,"42312",77,0,2007,4,"N","Oconee County, Georgia","Private","New motor vehicle parts merchant wholesalers","County, NAICS 5-digit -- by ownership sector","All establishment sizes",1,0,0,0,0,0,0,0
"13219",5,423120,78,0,2007,1,"N","Oconee County, Georgia","Private","New motor vehicle parts merchant wholesalers","County, NAICS 6-digit -- by ownership sector","All establishment sizes",1,0,0,0,0,0,0,0
"13219",5,"423120",78,0,2007,2,"N","Oconee County, Georgia","Private","New motor vehicle parts merchant wholesalers","County, NAICS 6-digit -- by ownership sector","All establishment sizes",1,0,0,0,0,0,0,0
"13219",5,"423120",78,0,2007,3,"N","Oconee County, Georgia","Private","New motor vehicle parts merchant wholesalers","County, NAICS 6-digit -- by ownership sector","All establishment sizes",1,0,0,0,0,0,0,0
"13219",5,"423120",78,0,2007,4,"N","Oconee County, Georgia","Private","New motor vehicle parts merchant wholesalers","County, NAICS 6-digit -- by ownership sector","All establishment sizes",1,0,0,0,0,0,0,0
"13219",5,4232,76,0,2007,1,"N","Oconee County, Georgia","Private","Furniture and furnishing merchant wholesalers","County, NAICS 4-digit -- by ownership sector","All establishment sizes",2,0,0,0,0,0,0,0
"13219",5,"4232",76,0,2007,2,"N","Oconee County, Georgia","Private","Furniture and furnishing merchant wholesalers","County, NAICS 4-digit -- by ownership sector","All establishment sizes",2,0,0,0,0,0,0,0
"13219",5,"4232",76,0,2007,3,"N","Oconee County, Georgia","Private","Furniture and furnishing merchant wholesalers","County, NAICS 4-digit -- by ownership sector","All establishment sizes",2,0,0,0,0,0,0,0
"13219",5,"4232",76,0,2007,4,"N","Oconee County, Georgia","Private","Furniture and furnishing merchant wholesalers","County, NAICS 4-digit -- by ownership sector","All establishment sizes",2,0,0,0,0,0,0,0
"13219",5,42321,77,0,2007,1,"N","Oconee County, Georgia","Private","Furniture merchant wholesalers","County, NAICS 5-digit -- by ownership sector","All establishment sizes",1,0,0,0,0,0,0,0
"13219",5,"42321",77,0,2007,2,"N","Oconee County, Georgia","Private","Furniture merchant wholesalers","County, NAICS 5-digit -- by ownership sector","All establishment sizes",1,0,0,0,0,0,0,0
"13219",5,"42321",77,0,2007,3,"N","Oconee County, Georgia","Private","Furniture merchant wholesalers","County, NAICS 5-digit -- by ownership sector","All establishment sizes",1,0,0,0,0,0,0,0
"13219",5,"42321",77,0,2007,4,"N","Oconee County, Georgia","Private","Furniture merchant wholesalers","County, NAICS 5-digit -- by ownership sector","All establishment sizes",1,0,0,0,0,0,0,0
"13219",5,423210,78,0,2007,1,"N","Oconee County, Georgia","Private","Furniture merchant wholesalers","County, NAICS 6-digit -- by ownership sector","All establishment sizes",1,0,0,0,0,0,0,0
"13219",5,"423210",78,0,2007,2,"N","Oconee County, Georgia","Private","Furniture merchant wholesalers","County, NAICS 6-digit -- by ownership sector","All establishment sizes",1,0,0,0,0,0,0,0
"13219",5,"423210",78,0,2007,3,"N","Oconee County, Georgia","Private","Furniture merchant wholesalers","County, NAICS 6-digit -- by ownership sector","All establishment sizes",1,0,0,0,0,0,0,0
"13219",5,"423210",78,0,2007,4,"N","Oconee County, Georgia","Private","Furniture merchant wholesalers","County, NAICS 6-digit -- by ownership sector","All establishment sizes",1,0,0,0,0,0,0,0
"13219",5,42322,77,0,2007,1,"N","Oconee County, Georgia","Private","Home furnishing merchant wholesalers","County, NAICS 5-digit -- by ownership sector","All establishment sizes",1,0,0,0,0,0,0,0
"13219",5,"42322",77,0,2007,2,"N","Oconee County, Georgia","Private","Home furnishing merchant wholesalers","County, NAICS 5-digit -- by ownership sector","All establishment sizes",1,0,0,0,0,0,0,0
"13219",5,"42322",77,0,2007,3,"N","Oconee County, Georgia","Private","Home furnishing merchant wholesalers","County, NAICS 5-digit -- by ownership sector","All establishment sizes",1,0,0,0,0,0,0,0
"13219",5,"42322",77,0,2007,4,"N","Oconee County, Georgia","Private","Home furnishing merchant wholesalers","County, NAICS 5-digit -- by ownership sector","All establishment sizes",1,0,0,0,0,0,0,0
"13219",5,423220,78,0,2007,1,"N","Oconee County, Georgia","Private","Home furnishing merchant wholesalers","County, NAICS 6-digit -- by ownership sector","All establishment sizes",1,0,0,0,0,0,0,0
"13219",5,"423220",78,0,2007,2,"N","Oconee County, Georgia","Private","Home furnishing merchant wholesalers","County, NAICS 6-digit -- by ownership sector","All establishment sizes",1,0,0,0,0,0,0,0
"13219",5,"423220",78,0,2007,3,"N","Oconee County, Georgia","Private","Home furnishing merchant wholesalers","County, NAICS 6-digit -- by ownership sector","All establishment sizes",1,0,0,0,0,0,0,0
"13219",5,"423220",78,0,2007,4,"N","Oconee County, Georgia","Private","Home furnishing merchant wholesalers","County, NAICS 6-digit -- by ownership sector","All establishment sizes",1,0,0,0,0,0,0,0
"13219",5,4233,76,0,2007,1,"","Oconee County, Georgia","Private","Lumber and const. supply merchant wholesalers","County, NAICS 4-digit -- by ownership sector","All establishment sizes",3,28,27,26,241637,178924,988,688
"13219",5,"4233",76,0,2007,2,"","Oconee County, Georgia","Private","Lumber and const. supply merchant wholesalers","County, NAICS 4-digit -- by ownership sector","All establishment sizes",3,26,26,26,225429,40042,338,667
"13219",5,"4233",76,0,2007,3,"","Oconee County, Georgia","Private","Lumber and const. supply merchant wholesalers","County, NAICS 4-digit -- by ownership sector","All establishment sizes",3,24,23,24,187285,18196,184,609
"13219",5,"4233",76,0,2007,4,"N","Oconee County, Georgia","Private","Lumber and const. supply merchant wholesalers","County, NAICS 4-digit -- by ownership sector","All establishment sizes",3,0,0,0,0,0,0,0
"13219",5,42331,77,0,2007,1,"N","Oconee County, Georgia","Private","Lumber and wood merchant wholesalers","County, NAICS 5-digit -- by ownership sector","All establishment sizes",1,0,0,0,0,0,0,0
"13219",5,"42331",77,0,2007,2,"N","Oconee County, Georgia","Private","Lumber and wood merchant wholesalers","County, NAICS 5-digit -- by ownership sector","All establishment sizes",1,0,0,0,0,0,0,0
"13219",5,"42331",77,0,2007,3,"N","Oconee County, Georgia","Private","Lumber and wood merchant wholesalers","County, NAICS 5-digit -- by ownership sector","All establishment sizes",1,0,0,0,0,0,0,0
"13219",5,"42331",77,0,2007,4,"N","Oconee County, Georgia","Private","Lumber and wood merchant wholesalers","County, NAICS 5-digit -- by ownership sector","All establishment sizes",1,0,0,0,0,0,0,0
"13219",5,423310,78,0,2007,1,"N","Oconee County, Georgia","Private","Lumber and wood merchant wholesalers","County, NAICS 6-digit -- by ownership sector","All establishment sizes",1,0,0,0,0,0,0,0
"13219",5,"423310",78,0,2007,2,"N","Oconee County, Georgia","Private","Lumber and wood merchant wholesalers","County, NAICS 6-digit -- by ownership sector","All establishment sizes",1,0,0,0,0,0,0,0
"13219",5,"423310",78,0,2007,3,"N","Oconee County, Georgia","Private","Lumber and wood merchant wholesalers","County, NAICS 6-digit -- by ownership sector","All establishment sizes",1,0,0,0,0,0,0,0
"13219",5,"423310",78,0,2007,4,"N","Oconee County, Georgia","Private","Lumber and wood merchant wholesalers","County, NAICS 6-digit -- by ownership sector","All establishment sizes",1,0,0,0,0,0,0,0
"13219",5,42332,77,0,2007,1,"N","Oconee County, Georgia","Private","Masonry material merchant wholesalers","County, NAICS 5-digit -- by ownership sector","All establishment sizes",1,0,0,0,0,0,0,0
"13219",5,"42332",77,0,2007,2,"N","Oconee County, Georgia","Private","Masonry material merchant wholesalers","County, NAICS 5-digit -- by ownership sector","All establishment sizes",1,0,0,0,0,0,0,0
"13219",5,"42332",77,0,2007,3,"N","Oconee County, Georgia","Private","Masonry material merchant wholesalers","County, NAICS 5-digit -- by ownership sector","All establishment sizes",1,0,0,0,0,0,0,0
"13219",5,"42332",77,0,2007,4,"N","Oconee County, Georgia","Private","Masonry material merchant wholesalers","County, NAICS 5-digit -- by ownership sector","All establishment sizes",1,0,0,0,0,0,0,0
"13219",5,423320,78,0,2007,1,"N","Oconee County, Georgia","Private","Masonry material merchant wholesalers","County, NAICS 6-digit -- by ownership sector","All establishment sizes",1,0,0,0,0,0,0,0
"13219",5,"423320",78,0,2007,2,"N","Oconee County, Georgia","Private","Masonry material merchant wholesalers","County, NAICS 6-digit -- by ownership sector","All establishment sizes",1,0,0,0,0,0,0,0
"13219",5,"423320",78,0,2007,3,"N","Oconee County, Georgia","Private","Masonry material merchant wholesalers","County, NAICS 6-digit -- by ownership sector","All establishment sizes",1,0,0,0,0,0,0,0
"13219",5,"423320",78,0,2007,4,"N","Oconee County, Georgia","Private","Masonry material merchant wholesalers","County, NAICS 6-digit -- by ownership sector","All establishment sizes",1,0,0,0,0,0,0,0
"13219",5,42333,77,0,2007,1,"N","Oconee County, Georgia","Private","Roofing and siding merchant wholesalers","County, NAICS 5-digit -- by ownership sector","All establishment sizes",1,0,0,0,0,0,0,0
"13219",5,"42333",77,0,2007,2,"N","Oconee County, Georgia","Private","Roofing and siding merchant wholesalers","County, NAICS 5-digit -- by ownership sector","All establishment sizes",1,0,0,0,0,0,0,0
"13219",5,"42333",77,0,2007,3,"N","Oconee County, Georgia","Private","Roofing and siding merchant wholesalers","County, NAICS 5-digit -- by ownership sector","All establishment sizes",1,0,0,0,0,0,0,0
"13219",5,"42333",77,0,2007,4,"N","Oconee County, Georgia","Private","Roofing and siding merchant wholesalers","County, NAICS 5-digit -- by ownership sector","All establishment sizes",1,0,0,0,0,0,0,0
"13219",5,423330,78,0,2007,1,"N","Oconee County, Georgia","Private","Roofing and siding merchant wholesalers","County, NAICS 6-digit -- by ownership sector","All establishment sizes",1,0,0,0,0,0,0,0
"13219",5,"423330",78,0,2007,2,"N","Oconee County, Georgia","Private","Roofing and siding merchant wholesalers","County, NAICS 6-digit -- by ownership sector","All establishment sizes",1,0,0,0,0,0,0,0
"13219",5,"423330",78,0,2007,3,"N","Oconee County, Georgia","Private","Roofing and siding merchant wholesalers","County, NAICS 6-digit -- by ownership sector","All establishment sizes",1,0,0,0,0,0,0,0
"13219",5,"423330",78,0,2007,4,"N","Oconee County, Georgia","Private","Roofing and siding merchant wholesalers","County, NAICS 6-digit -- by ownership sector","All establishment sizes",1,0,0,0,0,0,0,0
"13219",5,4234,76,0,2007,1,"","Oconee County, Georgia","Private","Commercial equip. merchant wholesalers","County, NAICS 4-digit -- by ownership sector","All establishment sizes",3,50,52,52,362838,300002,1772,544
"13219",5,"4234",76,0,2007,2,"","Oconee County, Georgia","Private","Commercial equip. merchant wholesalers","County, NAICS 4-digit -- by ownership sector","All establishment sizes",3,51,50,50,380397,122390,843,581
"13219",5,"4234",76,0,2007,3,"","Oconee County, Georgia","Private","Commercial equip. merchant wholesalers","County, NAICS 4-digit -- by ownership sector","All establishment sizes",3,52,52,54,380538,34030,180,556
"13219",5,"4234",76,0,2007,4,"","Oconee County, Georgia","Private","Commercial equip. merchant wholesalers","County, NAICS 4-digit -- by ownership sector","All establishment sizes",3,52,54,54,401522,23424,118,579
"13219",5,42341,77,0,2007,1,"N","Oconee County, Georgia","Private","Photographic equip. merchant wholesalers","County, NAICS 5-digit -- by ownership sector","All establishment sizes",1,0,0,0,0,0,0,0
"13219",5,"42341",77,0,2007,2,"N","Oconee County, Georgia","Private","Photographic equip. merchant wholesalers","County, NAICS 5-digit -- by ownership sector","All establishment sizes",1,0,0,0,0,0,0,0
"13219",5,"42341",77,0,2007,3,"N","Oconee County, Georgia","Private","Photographic equip. merchant wholesalers","County, NAICS 5-digit -- by ownership sector","All establishment sizes",1,0,0,0,0,0,0,0
"13219",5,"42341",77,0,2007,4,"N","Oconee County, Georgia","Private","Photographic equip. merchant wholesalers","County, NAICS 5-digit -- by ownership sector","All establishment sizes",1,0,0,0,0,0,0,0
"13219",5,423410,78,0,2007,1,"N","Oconee County, Georgia","Private","Photographic equip. merchant wholesalers","County, NAICS 6-digit -- by ownership sector","All establishment sizes",1,0,0,0,0,0,0,0
"13219",5,"423410",78,0,2007,2,"N","Oconee County, Georgia","Private","Photographic equip. merchant wholesalers","County, NAICS 6-digit -- by ownership sector","All establishment sizes",1,0,0,0,0,0,0,0
"13219",5,"423410",78,0,2007,3,"N","Oconee County, Georgia","Private","Photographic equip. merchant wholesalers","County, NAICS 6-digit -- by ownership sector","All establishment sizes",1,0,0,0,0,0,0,0
"13219",5,"423410",78,0,2007,4,"N","Oconee County, Georgia","Private","Photographic equip. merchant wholesalers","County, NAICS 6-digit -- by ownership sector","All establishment sizes",1,0,0,0,0,0,0,0
"13219",5,42342,77,0,2007,1,"N","Oconee County, Georgia","Private","Office equipment merchant wholesalers","County, NAICS 5-digit -- by ownership sector","All establishment sizes",1,0,0,0,0,0,0,0
"13219",5,"42342",77,0,2007,2,"N","Oconee County, Georgia","Private","Office equipment merchant wholesalers","County, NAICS 5-digit -- by ownership sector","All establishment sizes",1,0,0,0,0,0,0,0
"13219",5,"42342",77,0,2007,3,"N","Oconee County, Georgia","Private","Office equipment merchant wholesalers","County, NAICS 5-digit -- by ownership sector","All establishment sizes",1,0,0,0,0,0,0,0
"13219",5,"42342",77,0,2007,4,"N","Oconee County, Georgia","Private","Office equipment merchant wholesalers","County, NAICS 5-digit -- by ownership sector","All establishment sizes",1,0,0,0,0,0,0,0
"13219",5,423420,78,0,2007,1,"N","Oconee County, Georgia","Private","Office equipment merchant wholesalers","County, NAICS 6-digit -- by ownership sector","All establishment sizes",1,0,0,0,0,0,0,0
"13219",5,"423420",78,0,2007,2,"N","Oconee County, Georgia","Private","Office equipment merchant wholesalers","County, NAICS 6-digit -- by ownership sector","All establishment sizes",1,0,0,0,0,0,0,0
"13219",5,"423420",78,0,2007,3,"N","Oconee County, Georgia","Private","Office equipment merchant wholesalers","County, NAICS 6-digit -- by ownership sector","All establishment sizes",1,0,0,0,0,0,0,0
"13219",5,"423420",78,0,2007,4,"N","Oconee County, Georgia","Private","Office equipment merchant wholesalers","County, NAICS 6-digit -- by ownership sector","All establishment sizes",1,0,0,0,0,0,0,0
"13219",5,42345,77,0,2007,1,"N","Oconee County, Georgia","Private","Medical equipment merchant wholesalers","County, NAICS 5-digit -- by ownership sector","All establishment sizes",1,0,0,0,0,0,0,0
"13219",5,"42345",77,0,2007,2,"N","Oconee County, Georgia","Private","Medical equipment merchant wholesalers","County, NAICS 5-digit -- by ownership sector","All establishment sizes",1,0,0,0,0,0,0,0
"13219",5,"42345",77,0,2007,3,"N","Oconee County, Georgia","Private","Medical equipment merchant wholesalers","County, NAICS 5-digit -- by ownership sector","All establishment sizes",1,0,0,0,0,0,0,0
"13219",5,"42345",77,0,2007,4,"N","Oconee County, Georgia","Private","Medical equipment merchant wholesalers","County, NAICS 5-digit -- by ownership sector","All establishment sizes",1,0,0,0,0,0,0,0
"13219",5,423450,78,0,2007,1,"N","Oconee County, Georgia","Private","Medical equipment merchant wholesalers","County, NAICS 6-digit -- by ownership sector","All establishment sizes",1,0,0,0,0,0,0,0
"13219",5,"423450",78,0,2007,2,"N","Oconee County, Georgia","Private","Medical equipment merchant wholesalers","County, NAICS 6-digit -- by ownership sector","All establishment sizes",1,0,0,0,0,0,0,0
"13219",5,"423450",78,0,2007,3,"N","Oconee County, Georgia","Private","Medical equipment merchant wholesalers","County, NAICS 6-digit -- by ownership sector","All establishment sizes",1,0,0,0,0,0,0,0
"13219",5,"423450",78,0,2007,4,"N","Oconee County, Georgia","Private","Medical equipment merchant wholesalers","County, NAICS 6-digit -- by ownership sector","All establishment sizes",1,0,0,0,0,0,0,0
"13219",5,4236,76,0,2007,1,"N","Oconee County, Georgia","Private","Electric goods merchant wholesalers","County, NAICS 4-digit -- by ownership sector","All establishment sizes",1,0,0,0,0,0,0,0
"13219",5,"4236",76,0,2007,2,"N","Oconee County, Georgia","Private","Electric goods merchant wholesalers","County, NAICS 4-digit -- by ownership sector","All establishment sizes",1,0,0,0,0,0,0,0
"13219",5,"4236",76,0,2007,3,"N","Oconee County, Georgia","Private","Electric goods merchant wholesalers","County, NAICS 4-digit -- by ownership sector","All establishment sizes",1,0,0,0,0,0,0,0
"13219",5,"4236",76,0,2007,4,"N","Oconee County, Georgia","Private","Electric goods merchant wholesalers","County, NAICS 4-digit -- by ownership sector","All establishment sizes",1,0,0,0,0,0,0,0
"13219",5,42369,77,0,2007,1,"N","Oconee County, Georgia","Private","Other electronic parts merchant wholesalers","County, NAICS 5-digit -- by ownership sector","All establishment sizes",1,0,0,0,0,0,0,0
"13219",5,"42369",77,0,2007,2,"N","Oconee County, Georgia","Private","Other electronic parts merchant wholesalers","County, NAICS 5-digit -- by ownership sector","All establishment sizes",1,0,0,0,0,0,0,0
"13219",5,"42369",77,0,2007,3,"N","Oconee County, Georgia","Private","Other electronic parts merchant wholesalers","County, NAICS 5-digit -- by ownership sector","All establishment sizes",1,0,0,0,0,0,0,0
"13219",5,"42369",77,0,2007,4,"N","Oconee County, Georgia","Private","Other electronic parts merchant wholesalers","County, NAICS 5-digit -- by ownership sector","All establishment sizes",1,0,0,0,0,0,0,0
"13219",5,423690,78,0,2007,1,"N","Oconee County, Georgia","Private","Other electronic parts merchant wholesalers","County, NAICS 6-digit -- by ownership sector","All establishment sizes",1,0,0,0,0,0,0,0
"13219",5,"423690",78,0,2007,2,"N","Oconee County, Georgia","Private","Other electronic parts merchant wholesalers","County, NAICS 6-digit -- by ownership sector","All establishment sizes",1,0,0,0,0,0,0,0
"13219",5,"423690",78,0,2007,3,"N","Oconee County, Georgia","Private","Other electronic parts merchant wholesalers","County, NAICS 6-digit -- by ownership sector","All establishment sizes",1,0,0,0,0,0,0,0
"13219",5,"423690",78,0,2007,4,"N","Oconee County, Georgia","Private","Other electronic parts merchant wholesalers","County, NAICS 6-digit -- by ownership sector","All establishment sizes",1,0,0,0,0,0,0,0
"13219",5,4237,76,0,2007,1,"N","Oconee County, Georgia","Private","Hardware and plumbing merchant wholesalers","County, NAICS 4-digit -- by ownership sector","All establishment sizes",1,0,0,0,0,0,0,0
"13219",5,"4237",76,0,2007,2,"N","Oconee County, Georgia","Private","Hardware and plumbing merchant wholesalers","County, NAICS 4-digit -- by ownership sector","All establishment sizes",1,0,0,0,0,0,0,0
"13219",5,"4237",76,0,2007,3,"N","Oconee County, Georgia","Private","Hardware and plumbing merchant wholesalers","County, NAICS 4-digit -- by ownership sector","All establishment sizes",1,0,0,0,0,0,0,0
"13219",5,"4237",76,0,2007,4,"N","Oconee County, Georgia","Private","Hardware and plumbing merchant wholesalers","County, NAICS 4-digit -- by ownership sector","All establishment sizes",2,0,0,0,0,0,0,0
"13219",5,42371,77,0,2007,1,"-","Oconee County, Georgia","Private","Hardware merchant wholesalers","County, NAICS 5-digit -- by ownership sector","All establishment sizes",0,0,0,0,0,0,0,0
"13219",5,"42371",77,0,2007,2,"-","Oconee County, Georgia","Private","Hardware merchant wholesalers","County, NAICS 5-digit -- by ownership sector","All establishment sizes",0,0,0,0,0,0,0,0
"13219",5,"42371",77,0,2007,3,"-","Oconee County, Georgia","Private","Hardware merchant wholesalers","County, NAICS 5-digit -- by ownership sector","All establishment sizes",0,0,0,0,0,0,0,0
"13219",5,"42371",77,0,2007,4,"N","Oconee County, Georgia","Private","Hardware merchant wholesalers","County, NAICS 5-digit -- by ownership sector","All establishment sizes",1,0,0,0,0,0,0,0
"13219",5,423710,78,0,2007,1,"-","Oconee County, Georgia","Private","Hardware merchant wholesalers","County, NAICS 6-digit -- by ownership sector","All establishment sizes",0,0,0,0,0,0,0,0
"13219",5,"423710",78,0,2007,2,"-","Oconee County, Georgia","Private","Hardware merchant wholesalers","County, NAICS 6-digit -- by ownership sector","All establishment sizes",0,0,0,0,0,0,0,0
"13219",5,"423710",78,0,2007,3,"-","Oconee County, Georgia","Private","Hardware merchant wholesalers","County, NAICS 6-digit -- by ownership sector","All establishment sizes",0,0,0,0,0,0,0,0
"13219",5,"423710",78,0,2007,4,"N","Oconee County, Georgia","Private","Hardware merchant wholesalers","County, NAICS 6-digit -- by ownership sector","All establishment sizes",1,0,0,0,0,0,0,0
"13219",5,42373,77,0,2007,1,"N","Oconee County, Georgia","Private","HVAC equip. merchant wholesalers","County, NAICS 5-digit -- by ownership sector","All establishment sizes",1,0,0,0,0,0,0,0
"13219",5,"42373",77,0,2007,2,"N","Oconee County, Georgia","Private","HVAC equip. merchant wholesalers","County, NAICS 5-digit -- by ownership sector","All establishment sizes",1,0,0,0,0,0,0,0
"13219",5,"42373",77,0,2007,3,"N","Oconee County, Georgia","Private","HVAC equip. merchant wholesalers","County, NAICS 5-digit -- by ownership sector","All establishment sizes",1,0,0,0,0,0,0,0
"13219",5,"42373",77,0,2007,4,"N","Oconee County, Georgia","Private","HVAC equip. merchant wholesalers","County, NAICS 5-digit -- by ownership sector","All establishment sizes",1,0,0,0,0,0,0,0
"13219",5,423730,78,0,2007,1,"N","Oconee County, Georgia","Private","HVAC equip. merchant wholesalers","County, NAICS 6-digit -- by ownership sector","All establishment sizes",1,0,0,0,0,0,0,0
"13219",5,"423730",78,0,2007,2,"N","Oconee County, Georgia","Private","HVAC equip. merchant wholesalers","County, NAICS 6-digit -- by ownership sector","All establishment sizes",1,0,0,0,0,0,0,0
"13219",5,"423730",78,0,2007,3,"N","Oconee County, Georgia","Private","HVAC equip. merchant wholesalers","County, NAICS 6-digit -- by ownership sector","All establishment sizes",1,0,0,0,0,0,0,0
"13219",5,"423730",78,0,2007,4,"N","Oconee County, Georgia","Private","HVAC equip. merchant wholesalers","County, NAICS 6-digit -- by ownership sector","All establishment sizes",1,0,0,0,0,0,0,0
"13219",5,4238,76,0,2007,1,"N","Oconee County, Georgia","Private","Machinery and supply merchant wholesalers","County, NAICS 4-digit -- by ownership sector","All establishment sizes",4,0,0,0,0,0,0,0
"13219",5,"4238",76,0,2007,2,"N","Oconee County, Georgia","Private","Machinery and supply merchant wholesalers","County, NAICS 4-digit -- by ownership sector","All establishment sizes",4,0,0,0,0,0,0,0
"13219",5,"4238",76,0,2007,3,"N","Oconee County, Georgia","Private","Machinery and supply merchant wholesalers","County, NAICS 4-digit -- by ownership sector","All establishment sizes",4,0,0,0,0,0,0,0
"13219",5,"4238",76,0,2007,4,"N","Oconee County, Georgia","Private","Machinery and supply merchant wholesalers","County, NAICS 4-digit -- by ownership sector","All establishment sizes",4,0,0,0,0,0,0,0
"13219",5,42383,77,0,2007,1,"N","Oconee County, Georgia","Private","Industrial machinery merchant wholesalers","County, NAICS 5-digit -- by ownership sector","All establishment sizes",1,0,0,0,0,0,0,0
"13219",5,"42383",77,0,2007,2,"N","Oconee County, Georgia","Private","Industrial machinery merchant wholesalers","County, NAICS 5-digit -- by ownership sector","All establishment sizes",1,0,0,0,0,0,0,0
"13219",5,"42383",77,0,2007,3,"N","Oconee County, Georgia","Private","Industrial machinery merchant wholesalers","County, NAICS 5-digit -- by ownership sector","All establishment sizes",1,0,0,0,0,0,0,0
"13219",5,"42383",77,0,2007,4,"N","Oconee County, Georgia","Private","Industrial machinery merchant wholesalers","County, NAICS 5-digit -- by ownership sector","All establishment sizes",1,0,0,0,0,0,0,0
"13219",5,423830,78,0,2007,1,"N","Oconee County, Georgia","Private","Industrial machinery merchant wholesalers","County, NAICS 6-digit -- by ownership sector","All establishment sizes",1,0,0,0,0,0,0,0
"13219",5,"423830",78,0,2007,2,"N","Oconee County, Georgia","Private","Industrial machinery merchant wholesalers","County, NAICS 6-digit -- by ownership sector","All establishment sizes",1,0,0,0,0,0,0,0
"13219",5,"423830",78,0,2007,3,"N","Oconee County, Georgia","Private","Industrial machinery merchant wholesalers","County, NAICS 6-digit -- by ownership sector","All establishment sizes",1,0,0,0,0,0,0,0
"13219",5,"423830",78,0,2007,4,"N","Oconee County, Georgia","Private","Industrial machinery merchant wholesalers","County, NAICS 6-digit -- by ownership sector","All establishment sizes",1,0,0,0,0,0,0,0
"13219",5,42384,77,0,2007,1,"N","Oconee County, Georgia","Private","Industrial supplies merchant wholesalers","County, NAICS 5-digit -- by ownership sector","All establishment sizes",3,0,0,0,0,0,0,0
"13219",5,"42384",77,0,2007,2,"N","Oconee County, Georgia","Private","Industrial supplies merchant wholesalers","County, NAICS 5-digit -- by ownership sector","All establishment sizes",3,0,0,0,0,0,0,0
"13219",5,"42384",77,0,2007,3,"N","Oconee County, Georgia","Private","Industrial supplies merchant wholesalers","County, NAICS 5-digit -- by ownership sector","All establishment sizes",3,0,0,0,0,0,0,0
"13219",5,"42384",77,0,2007,4,"N","Oconee County, Georgia","Private","Industrial supplies merchant wholesalers","County, NAICS 5-digit -- by ownership sector","All establishment sizes",3,0,0,0,0,0,0,0
"13219",5,423840,78,0,2007,1,"N","Oconee County, Georgia","Private","Industrial supplies merchant wholesalers","County, NAICS 6-digit -- by ownership sector","All establishment sizes",3,0,0,0,0,0,0,0
"13219",5,"423840",78,0,2007,2,"N","Oconee County, Georgia","Private","Industrial supplies merchant wholesalers","County, NAICS 6-digit -- by ownership sector","All establishment sizes",3,0,0,0,0,0,0,0
"13219",5,"423840",78,0,2007,3,"N","Oconee County, Georgia","Private","Industrial supplies merchant wholesalers","County, NAICS 6-digit -- by ownership sector","All establishment sizes",3,0,0,0,0,0,0,0
"13219",5,"423840",78,0,2007,4,"N","Oconee County, Georgia","Private","Industrial supplies merchant wholesalers","County, NAICS 6-digit -- by ownership sector","All establishment sizes",3,0,0,0,0,0,0,0
"13219",5,4239,76,0,2007,1,"N","Oconee County, Georgia","Private","Misc. durable goods merchant wholesalers","County, NAICS 4-digit -- by ownership sector","All establishment sizes",2,0,0,0,0,0,0,0
"13219",5,"4239",76,0,2007,2,"N","Oconee County, Georgia","Private","Misc. durable goods merchant wholesalers","County, NAICS 4-digit -- by ownership sector","All establishment sizes",2,0,0,0,0,0,0,0
"13219",5,"4239",76,0,2007,3,"N","Oconee County, Georgia","Private","Misc. durable goods merchant wholesalers","County, NAICS 4-digit -- by ownership sector","All establishment sizes",2,0,0,0,0,0,0,0
"13219",5,"4239",76,0,2007,4,"N","Oconee County, Georgia","Private","Misc. durable goods merchant wholesalers","County, NAICS 4-digit -- by ownership sector","All establishment sizes",2,0,0,0,0,0,0,0
"13219",5,42393,77,0,2007,1,"N","Oconee County, Georgia","Private","Recyclable material merchant wholesalers","County, NAICS 5-digit -- by ownership sector","All establishment sizes",1,0,0,0,0,0,0,0
"13219",5,"42393",77,0,2007,2,"N","Oconee County, Georgia","Private","Recyclable material merchant wholesalers","County, NAICS 5-digit -- by ownership sector","All establishment sizes",1,0,0,0,0,0,0,0
"13219",5,"42393",77,0,2007,3,"N","Oconee County, Georgia","Private","Recyclable material merchant wholesalers","County, NAICS 5-digit -- by ownership sector","All establishment sizes",1,0,0,0,0,0,0,0
"13219",5,"42393",77,0,2007,4,"N","Oconee County, Georgia","Private","Recyclable material merchant wholesalers","County, NAICS 5-digit -- by ownership sector","All establishment sizes",1,0,0,0,0,0,0,0
"13219",5,423930,78,0,2007,1,"N","Oconee County, Georgia","Private","Recyclable material merchant wholesalers","County, NAICS 6-digit -- by ownership sector","All establishment sizes",1,0,0,0,0,0,0,0
"13219",5,"423930",78,0,2007,2,"N","Oconee County, Georgia","Private","Recyclable material merchant wholesalers","County, NAICS 6-digit -- by ownership sector","All establishment sizes",1,0,0,0,0,0,0,0
"13219",5,"423930",78,0,2007,3,"N","Oconee County, Georgia","Private","Recyclable material merchant wholesalers","County, NAICS 6-digit -- by ownership sector","All establishment sizes",1,0,0,0,0,0,0,0
"13219",5,"423930",78,0,2007,4,"N","Oconee County, Georgia","Private","Recyclable material merchant wholesalers","County, NAICS 6-digit -- by ownership sector","All establishment sizes",1,0,0,0,0,0,0,0
"13219",5,42399,77,0,2007,1,"N","Oconee County, Georgia","Private","All other durable goods merchant wholesalers","County, NAICS 5-digit -- by ownership sector","All establishment sizes",1,0,0,0,0,0,0,0
"13219",5,"42399",77,0,2007,2,"N","Oconee County, Georgia","Private","All other durable goods merchant wholesalers","County, NAICS 5-digit -- by ownership sector","All establishment sizes",1,0,0,0,0,0,0,0
"13219",5,"42399",77,0,2007,3,"N","Oconee County, Georgia","Private","All other durable goods merchant wholesalers","County, NAICS 5-digit -- by ownership sector","All establishment sizes",1,0,0,0,0,0,0,0
"13219",5,"42399",77,0,2007,4,"N","Oconee County, Georgia","Private","All other durable goods merchant wholesalers","County, NAICS 5-digit -- by ownership sector","All establishment sizes",1,0,0,0,0,0,0,0
"13219",5,423990,78,0,2007,1,"N","Oconee County, Georgia","Private","All other durable goods merchant wholesalers","County, NAICS 6-digit -- by ownership sector","All establishment sizes",1,0,0,0,0,0,0,0
"13219",5,"423990",78,0,2007,2,"N","Oconee County, Georgia","Private","All other durable goods merchant wholesalers","County, NAICS 6-digit -- by ownership sector","All establishment sizes",1,0,0,0,0,0,0,0
"13219",5,"423990",78,0,2007,3,"N","Oconee County, Georgia","Private","All other durable goods merchant wholesalers","County, NAICS 6-digit -- by ownership sector","All establishment sizes",1,0,0,0,0,0,0,0
"13219",5,"423990",78,0,2007,4,"N","Oconee County, Georgia","Private","All other durable goods merchant wholesalers","County, NAICS 6-digit -- by ownership sector","All establishment sizes",1,0,0,0,0,0,0,0
"13219",5,424,75,0,2007,1,"","Oconee County, Georgia","Private","Merchant wholesalers, nondurable goods","County, NAICS 3-digit -- by ownership sector","All establishment sizes",16,205,218,221,1760295,1317916,11251,631
"13219",5,"424",75,0,2007,2,"","Oconee County, Georgia","Private","Merchant wholesalers, nondurable goods","County, NAICS 3-digit -- by ownership sector","All establishment sizes",15,212,208,210,2259728,479738,3810,828
"13219",5,"424",75,0,2007,3,"","Oconee County, Georgia","Private","Merchant wholesalers, nondurable goods","County, NAICS 3-digit -- by ownership sector","All establishment sizes",15,201,195,197,1647275,208077,2076,641
"13219",5,"424",75,0,2007,4,"","Oconee County, Georgia","Private","Merchant wholesalers, nondurable goods","County, NAICS 3-digit -- by ownership sector","All establishment sizes",15,194,196,184,1439417,92994,786,579
"13219",5,4241,76,0,2007,1,"N","Oconee County, Georgia","Private","Paper and paper product merchant wholesalers","County, NAICS 4-digit -- by ownership sector","All establishment sizes",2,0,0,0,0,0,0,0
"13219",5,"4241",76,0,2007,2,"N","Oconee County, Georgia","Private","Paper and paper product merchant wholesalers","County, NAICS 4-digit -- by ownership sector","All establishment sizes",2,0,0,0,0,0,0,0
"13219",5,"4241",76,0,2007,3,"N","Oconee County, Georgia","Private","Paper and paper product merchant wholesalers","County, NAICS 4-digit -- by ownership sector","All establishment sizes",1,0,0,0,0,0,0,0
"13219",5,"4241",76,0,2007,4,"N","Oconee County, Georgia","Private","Paper and paper product merchant wholesalers","County, NAICS 4-digit -- by ownership sector","All establishment sizes",1,0,0,0,0,0,0,0
"13219",5,42412,77,0,2007,1,"N","Oconee County, Georgia","Private","Office supplies merchant wholesalers","County, NAICS 5-digit -- by ownership sector","All establishment sizes",1,0,0,0,0,0,0,0
"13219",5,"42412",77,0,2007,2,"N","Oconee County, Georgia","Private","Office supplies merchant wholesalers","County, NAICS 5-digit -- by ownership sector","All establishment sizes",1,0,0,0,0,0,0,0
"13219",5,"42412",77,0,2007,3,"-","Oconee County, Georgia","Private","Office supplies merchant wholesalers","County, NAICS 5-digit -- by ownership sector","All establishment sizes",0,0,0,0,0,0,0,0
"13219",5,"42412",77,0,2007,4,"-","Oconee County, Georgia","Private","Office supplies merchant wholesalers","County, NAICS 5-digit -- by ownership sector","All establishment sizes",0,0,0,0,0,0,0,0
"13219",5,424120,78,0,2007,1,"N","Oconee County, Georgia","Private","Office supplies merchant wholesalers","County, NAICS 6-digit -- by ownership sector","All establishment sizes",1,0,0,0,0,0,0,0
"13219",5,"424120",78,0,2007,2,"N","Oconee County, Georgia","Private","Office supplies merchant wholesalers","County, NAICS 6-digit -- by ownership sector","All establishment sizes",1,0,0,0,0,0,0,0
"13219",5,"424120",78,0,2007,3,"-","Oconee County, Georgia","Private","Office supplies merchant wholesalers","County, NAICS 6-digit -- by ownership sector","All establishment sizes",0,0,0,0,0,0,0,0
"13219",5,"424120",78,0,2007,4,"-","Oconee County, Georgia","Private","Office supplies merchant wholesalers","County, NAICS 6-digit -- by ownership sector","All establishment sizes",0,0,0,0,0,0,0,0
"13219",5,42413,77,0,2007,1,"N","Oconee County, Georgia","Private","Industrial paper merchant wholesalers","County, NAICS 5-digit -- by ownership sector","All establishment sizes",1,0,0,0,0,0,0,0
"13219",5,"42413",77,0,2007,2,"N","Oconee County, Georgia","Private","Industrial paper merchant wholesalers","County, NAICS 5-digit -- by ownership sector","All establishment sizes",1,0,0,0,0,0,0,0
"13219",5,"42413",77,0,2007,3,"N","Oconee County, Georgia","Private","Industrial paper merchant wholesalers","County, NAICS 5-digit -- by ownership sector","All establishment sizes",1,0,0,0,0,0,0,0
"13219",5,"42413",77,0,2007,4,"N","Oconee County, Georgia","Private","Industrial paper merchant wholesalers","County, NAICS 5-digit -- by ownership sector","All establishment sizes",1,0,0,0,0,0,0,0
"13219",5,424130,78,0,2007,1,"N","Oconee County, Georgia","Private","Industrial paper merchant wholesalers","County, NAICS 6-digit -- by ownership sector","All establishment sizes",1,0,0,0,0,0,0,0
"13219",5,"424130",78,0,2007,2,"N","Oconee County, Georgia","Private","Industrial paper merchant wholesalers","County, NAICS 6-digit -- by ownership sector","All establishment sizes",1,0,0,0,0,0,0,0
"13219",5,"424130",78,0,2007,3,"N","Oconee County, Georgia","Private","Industrial paper merchant wholesalers","County, NAICS 6-digit -- by ownership sector","All establishment sizes",1,0,0,0,0,0,0,0
"13219",5,"424130",78,0,2007,4,"N","Oconee County, Georgia","Private","Industrial paper merchant wholesalers","County, NAICS 6-digit -- by ownership sector","All establishment sizes",1,0,0,0,0,0,0,0
"13219",5,4242,76,0,2007,1,"N","Oconee County, Georgia","Private","Druggists' goods merchant wholesalers","County, NAICS 4-digit -- by ownership sector","All establishment sizes",1,0,0,0,0,0,0,0
"13219",5,"4242",76,0,2007,2,"N","Oconee County, Georgia","Private","Druggists' goods merchant wholesalers","County, NAICS 4-digit -- by ownership sector","All establishment sizes",1,0,0,0,0,0,0,0
"13219",5,"4242",76,0,2007,3,"N","Oconee County, Georgia","Private","Druggists' goods merchant wholesalers","County, NAICS 4-digit -- by ownership sector","All establishment sizes",1,0,0,0,0,0,0,0
"13219",5,"4242",76,0,2007,4,"N","Oconee County, Georgia","Private","Druggists' goods merchant wholesalers","County, NAICS 4-digit -- by ownership sector","All establishment sizes",1,0,0,0,0,0,0,0
"13219",5,42421,77,0,2007,1,"N","Oconee County, Georgia","Private","Druggists' goods merchant wholesalers","County, NAICS 5-digit -- by ownership sector","All establishment sizes",1,0,0,0,0,0,0,0
"13219",5,"42421",77,0,2007,2,"N","Oconee County, Georgia","Private","Druggists' goods merchant wholesalers","County, NAICS 5-digit -- by ownership sector","All establishment sizes",1,0,0,0,0,0,0,0
"13219",5,"42421",77,0,2007,3,"N","Oconee County, Georgia","Private","Druggists' goods merchant wholesalers","County, NAICS 5-digit -- by ownership sector","All establishment sizes",1,0,0,0,0,0,0,0
"13219",5,"42421",77,0,2007,4,"N","Oconee County, Georgia","Private","Druggists' goods merchant wholesalers","County, NAICS 5-digit -- by ownership sector","All establishment sizes",1,0,0,0,0,0,0,0
"13219",5,424210,78,0,2007,1,"N","Oconee County, Georgia","Private","Druggists' goods merchant wholesalers","County, NAICS 6-digit -- by ownership sector","All establishment sizes",1,0,0,0,0,0,0,0
"13219",5,"424210",78,0,2007,2,"N","Oconee County, Georgia","Private","Druggists' goods merchant wholesalers","County, NAICS 6-digit -- by ownership sector","All establishment sizes",1,0,0,0,0,0,0,0
"13219",5,"424210",78,0,2007,3,"N","Oconee County, Georgia","Private","Druggists' goods merchant wholesalers","County, NAICS 6-digit -- by ownership sector","All establishment sizes",1,0,0,0,0,0,0,0
"13219",5,"424210",78,0,2007,4,"N","Oconee County, Georgia","Private","Druggists' goods merchant wholesalers","County, NAICS 6-digit -- by ownership sector","All establishment sizes",1,0,0,0,0,0,0,0
"13219",5,4243,76,0,2007,1,"N","Oconee County, Georgia","Private","Apparel and piece goods merchant wholesalers","County, NAICS 4-digit -- by ownership sector","All establishment sizes",2,0,0,0,0,0,0,0
"13219",5,"4243",76,0,2007,2,"N","Oconee County, Georgia","Private","Apparel and piece goods merchant wholesalers","County, NAICS 4-digit -- by ownership sector","All establishment sizes",1,0,0,0,0,0,0,0
"13219",5,"4243",76,0,2007,3,"N","Oconee County, Georgia","Private","Apparel and piece goods merchant wholesalers","County, NAICS 4-digit -- by ownership sector","All establishment sizes",1,0,0,0,0,0,0,0
"13219",5,"4243",76,0,2007,4,"N","Oconee County, Georgia","Private","Apparel and piece goods merchant wholesalers","County, NAICS 4-digit -- by ownership sector","All establishment sizes",1,0,0,0,0,0,0,0
"13219",5,42432,77,0,2007,1,"N","Oconee County, Georgia","Private","Men's and boys' clothing merchant wholesalers","County, NAICS 5-digit -- by ownership sector","All establishment sizes",1,0,0,0,0,0,0,0
"13219",5,"42432",77,0,2007,2,"-","Oconee County, Georgia","Private","Men's and boys' clothing merchant wholesalers","County, NAICS 5-digit -- by ownership sector","All establishment sizes",0,0,0,0,0,0,0,0
"13219",5,"42432",77,0,2007,3,"-","Oconee County, Georgia","Private","Men's and boys' clothing merchant wholesalers","County, NAICS 5-digit -- by ownership sector","All establishment sizes",0,0,0,0,0,0,0,0
"13219",5,"42432",77,0,2007,4,"-","Oconee County, Georgia","Private","Men's and boys' clothing merchant wholesalers","County, NAICS 5-digit -- by ownership sector","All establishment sizes",0,0,0,0,0,0,0,0
"13219",5,424320,78,0,2007,1,"N","Oconee County, Georgia","Private","Men's and boys' clothing merchant wholesalers","County, NAICS 6-digit -- by ownership sector","All establishment sizes",1,0,0,0,0,0,0,0
"13219",5,"424320",78,0,2007,2,"-","Oconee County, Georgia","Private","Men's and boys' clothing merchant wholesalers","County, NAICS 6-digit -- by ownership sector","All establishment sizes",0,0,0,0,0,0,0,0
"13219",5,"424320",78,0,2007,3,"-","Oconee County, Georgia","Private","Men's and boys' clothing merchant wholesalers","County, NAICS 6-digit -- by ownership sector","All establishment sizes",0,0,0,0,0,0,0,0
"13219",5,"424320",78,0,2007,4,"-","Oconee County, Georgia","Private","Men's and boys' clothing merchant wholesalers","County, NAICS 6-digit -- by ownership sector","All establishment sizes",0,0,0,0,0,0,0,0
"13219",5,42433,77,0,2007,1,"N","Oconee County, Georgia","Private","Women's and children's clothing merch. whls.","County, NAICS 5-digit -- by ownership sector","All establishment sizes",1,0,0,0,0,0,0,0
"13219",5,"42433",77,0,2007,2,"N","Oconee County, Georgia","Private","Women's and children's clothing merch. whls.","County, NAICS 5-digit -- by ownership sector","All establishment sizes",1,0,0,0,0,0,0,0
"13219",5,"42433",77,0,2007,3,"N","Oconee County, Georgia","Private","Women's and children's clothing merch. whls.","County, NAICS 5-digit -- by ownership sector","All establishment sizes",1,0,0,0,0,0,0,0
"13219",5,"42433",77,0,2007,4,"N","Oconee County, Georgia","Private","Women's and children's clothing merch. whls.","County, NAICS 5-digit -- by ownership sector","All establishment sizes",1,0,0,0,0,0,0,0
"13219",5,424330,78,0,2007,1,"N","Oconee County, Georgia","Private","Women's and children's clothing merch. whls.","County, NAICS 6-digit -- by ownership sector","All establishment sizes",1,0,0,0,0,0,0,0
"13219",5,"424330",78,0,2007,2,"N","Oconee County, Georgia","Private","Women's and children's clothing merch. whls.","County, NAICS 6-digit -- by ownership sector","All establishment sizes",1,0,0,0,0,0,0,0
"13219",5,"424330",78,0,2007,3,"N","Oconee County, Georgia","Private","Women's and children's clothing merch. whls.","County, NAICS 6-digit -- by ownership sector","All establishment sizes",1,0,0,0,0,0,0,0
"13219",5,"424330",78,0,2007,4,"N","Oconee County, Georgia","Private","Women's and children's clothing merch. whls.","County, NAICS 6-digit -- by ownership sector","All establishment sizes",1,0,0,0,0,0,0,0
"13219",5,4244,76,0,2007,1,"N","Oconee County, Georgia","Private","Grocery and related product wholesalers","County, NAICS 4-digit -- by ownership sector","All establishment sizes",1,0,0,0,0,0,0,0
"13219",5,"4244",76,0,2007,2,"N","Oconee County, Georgia","Private","Grocery and related product wholesalers","County, NAICS 4-digit -- by ownership sector","All establishment sizes",1,0,0,0,0,0,0,0
"13219",5,"4244",76,0,2007,3,"N","Oconee County, Georgia","Private","Grocery and related product wholesalers","County, NAICS 4-digit -- by ownership sector","All establishment sizes",1,0,0,0,0,0,0,0
"13219",5,"4244",76,0,2007,4,"N","Oconee County, Georgia","Private","Grocery and related product wholesalers","County, NAICS 4-digit -- by ownership sector","All establishment sizes",1,0,0,0,0,0,0,0
"13219",5,42441,77,0,2007,1,"N","Oconee County, Georgia","Private","General line grocery merchant wholesalers","County, NAICS 5-digit -- by ownership sector","All establishment sizes",1,0,0,0,0,0,0,0
"13219",5,"42441",77,0,2007,2,"N","Oconee County, Georgia","Private","General line grocery merchant wholesalers","County, NAICS 5-digit -- by ownership sector","All establishment sizes",1,0,0,0,0,0,0,0
"13219",5,"42441",77,0,2007,3,"N","Oconee County, Georgia","Private","General line grocery merchant wholesalers","County, NAICS 5-digit -- by ownership sector","All establishment sizes",1,0,0,0,0,0,0,0
"13219",5,"42441",77,0,2007,4,"N","Oconee County, Georgia","Private","General line grocery merchant wholesalers","County, NAICS 5-digit -- by ownership sector","All establishment sizes",1,0,0,0,0,0,0,0
"13219",5,424410,78,0,2007,1,"N","Oconee County, Georgia","Private","General line grocery merchant wholesalers","County, NAICS 6-digit -- by ownership sector","All establishment sizes",1,0,0,0,0,0,0,0
"13219",5,"424410",78,0,2007,2,"N","Oconee County, Georgia","Private","General line grocery merchant wholesalers","County, NAICS 6-digit -- by ownership sector","All establishment sizes",1,0,0,0,0,0,0,0
"13219",5,"424410",78,0,2007,3,"N","Oconee County, Georgia","Private","General line grocery merchant wholesalers","County, NAICS 6-digit -- by ownership sector","All establishment sizes",1,0,0,0,0,0,0,0
"13219",5,"424410",78,0,2007,4,"N","Oconee County, Georgia","Private","General line grocery merchant wholesalers","County, NAICS 6-digit -- by ownership sector","All establishment sizes",1,0,0,0,0,0,0,0
"13219",5,4249,76,0,2007,1,"","Oconee County, Georgia","Private","Misc. nondurable goods merchant wholesalers","County, NAICS 4-digit -- by ownership sector","All establishment sizes",10,182,194,197,1513171,1227847,9713,609
"13219",5,"4249",76,0,2007,2,"","Oconee County, Georgia","Private","Misc. nondurable goods merchant wholesalers","County, NAICS 4-digit -- by ownership sector","All establishment sizes",10,190,189,191,2100829,427495,3051,851
"13219",5,"4249",76,0,2007,3,"","Oconee County, Georgia","Private","Misc. nondurable goods merchant wholesalers","County, NAICS 4-digit -- by ownership sector","All establishment sizes",11,195,190,191,1614972,199879,1950,647
"13219",5,"4249",76,0,2007,4,"","Oconee County, Georgia","Private","Misc. nondurable goods merchant wholesalers","County, NAICS 4-digit -- by ownership sector","All establishment sizes",11,184,178,174,1401624,79501,671,603
"13219",5,42491,77,0,2007,1,"N","Oconee County, Georgia","Private","Farm supplies merchant wholesalers","County, NAICS 5-digit -- by ownership sector","All establishment sizes",3,0,0,0,0,0,0,0
"13219",5,"42491",77,0,2007,2,"N","Oconee County, Georgia","Private","Farm supplies merchant wholesalers","County, NAICS 5-digit -- by ownership sector","All establishment sizes",3,0,0,0,0,0,0,0
"13219",5,"42491",77,0,2007,3,"N","Oconee County, Georgia","Private","Farm supplies merchant wholesalers","County, NAICS 5-digit -- by ownership sector","All establishment sizes",3,0,0,0,0,0,0,0
"13219",5,"42491",77,0,2007,4,"N","Oconee County, Georgia","Private","Farm supplies merchant wholesalers","County, NAICS 5-digit -- by ownership sector","All establishment sizes",3,0,0,0,0,0,0,0
"13219",5,424910,78,0,2007,1,"N","Oconee County, Georgia","Private","Farm supplies merchant wholesalers","County, NAICS 6-digit -- by ownership sector","All establishment sizes",3,0,0,0,0,0,0,0
"13219",5,"424910",78,0,2007,2,"N","Oconee County, Georgia","Private","Farm supplies merchant wholesalers","County, NAICS 6-digit -- by ownership sector","All establishment sizes",3,0,0,0,0,0,0,0
"13219",5,"424910",78,0,2007,3,"N","Oconee County, Georgia","Private","Farm supplies merchant wholesalers","County, NAICS 6-digit -- by ownership sector","All establishment sizes",3,0,0,0,0,0,0,0
"13219",5,"424910",78,0,2007,4,"N","Oconee County, Georgia","Private","Farm supplies merchant wholesalers","County, NAICS 6-digit -- by ownership sector","All establishment sizes",3,0,0,0,0,0,0,0
"13219",5,42493,77,0,2007,1,"","Oconee County, Georgia","Private","Nursery and florist merchant wholesalers","County, NAICS 5-digit -- by ownership sector","All establishment sizes",5,142,151,153,1127880,950450,4973,584
"13219",5,"42493",77,0,2007,2,"","Oconee County, Georgia","Private","Nursery and florist merchant wholesalers","County, NAICS 5-digit -- by ownership sector","All establishment sizes",5,148,148,151,1234284,350953,1776,637
"13219",5,"42493",77,0,2007,3,"","Oconee County, Georgia","Private","Nursery and florist merchant wholesalers","County, NAICS 5-digit -- by ownership sector","All establishment sizes",6,155,150,151,1216965,172802,1327,616
"13219",5,"42493",77,0,2007,4,"","Oconee County, Georgia","Private","Nursery and florist merchant wholesalers","County, NAICS 5-digit -- by ownership sector","All establishment sizes",6,145,140,137,1126304,58255,305,616
"13219",5,424930,78,0,2007,1,"","Oconee County, Georgia","Private","Nursery and florist merchant wholesalers","County, NAICS 6-digit -- by ownership sector","All establishment sizes",5,142,151,153,1127880,950450,4973,584
"13219",5,"424930",78,0,2007,2,"","Oconee County, Georgia","Private","Nursery and florist merchant wholesalers","County, NAICS 6-digit -- by ownership sector","All establishment sizes",5,148,148,151,1234284,350953,1776,637
"13219",5,"424930",78,0,2007,3,"","Oconee County, Georgia","Private","Nursery and florist merchant wholesalers","County, NAICS 6-digit -- by ownership sector","All establishment sizes",6,155,150,151,1216965,172802,1327,616
"13219",5,"424930",78,0,2007,4,"","Oconee County, Georgia","Private","Nursery and florist merchant wholesalers","County, NAICS 6-digit -- by ownership sector","All establishment sizes",6,145,140,137,1126304,58255,305,616
"13219",5,42495,77,0,2007,1,"N","Oconee County, Georgia","Private","Paint and supplies merchant wholesalers","County, NAICS 5-digit -- by ownership sector","All establishment sizes",2,0,0,0,0,0,0,0
"13219",5,"42495",77,0,2007,2,"N","Oconee County, Georgia","Private","Paint and supplies merchant wholesalers","County, NAICS 5-digit -- by ownership sector","All establishment sizes",2,0,0,0,0,0,0,0
"13219",5,"42495",77,0,2007,3,"N","Oconee County, Georgia","Private","Paint and supplies merchant wholesalers","County, NAICS 5-digit -- by ownership sector","All establishment sizes",2,0,0,0,0,0,0,0
"13219",5,"42495",77,0,2007,4,"N","Oconee County, Georgia","Private","Paint and supplies merchant wholesalers","County, NAICS 5-digit -- by ownership sector","All establishment sizes",2,0,0,0,0,0,0,0
"13219",5,424950,78,0,2007,1,"N","Oconee County, Georgia","Private","Paint and supplies merchant wholesalers","County, NAICS 6-digit -- by ownership sector","All establishment sizes",2,0,0,0,0,0,0,0
"13219",5,"424950",78,0,2007,2,"N","Oconee County, Georgia","Private","Paint and supplies merchant wholesalers","County, NAICS 6-digit -- by ownership sector","All establishment sizes",2,0,0,0,0,0,0,0
"13219",5,"424950",78,0,2007,3,"N","Oconee County, Georgia","Private","Paint and supplies merchant wholesalers","County, NAICS 6-digit -- by ownership sector","All establishment sizes",2,0,0,0,0,0,0,0
"13219",5,"424950",78,0,2007,4,"N","Oconee County, Georgia","Private","Paint and supplies merchant wholesalers","County, NAICS 6-digit -- by ownership sector","All establishment sizes",2,0,0,0,0,0,0,0
"13219",5,425,75,0,2007,1,"","Oconee County, Georgia","Private","Electronic markets and agents and brokers","County, NAICS 3-digit -- by ownership sector","All establishment sizes",30,65,63,63,615529,400727,6209,744
"13219",5,"425",75,0,2007,2,"","Oconee County, Georgia","Private","Electronic markets and agents and brokers","County, NAICS 3-digit -- by ownership sector","All establishment sizes",31,64,60,53,643425,107550,1847,839
"13219",5,"425",75,0,2007,3,"","Oconee County, Georgia","Private","Electronic markets and agents and brokers","County, NAICS 3-digit -- by ownership sector","All establishment sizes",31,59,64,70,727310,77569,1109,870
"13219",5,"425",75,0,2007,4,"","Oconee County, Georgia","Private","Electronic markets and agents and brokers","County, NAICS 3-digit -- by ownership sector","All establishment sizes",31,66,67,70,839687,123938,1272,955
"13219",5,4251,76,0,2007,1,"","Oconee County, Georgia","Private","Electronic markets and agents and brokers","County, NAICS 4-digit -- by ownership sector","All establishment sizes",30,65,63,63,615529,400727,6209,744
"13219",5,"4251",76,0,2007,2,"","Oconee County, Georgia","Private","Electronic markets and agents and brokers","County, NAICS 4-digit -- by ownership sector","All establishment sizes",31,64,60,53,643425,107550,1847,839
"13219",5,"4251",76,0,2007,3,"","Oconee County, Georgia","Private","Electronic markets and agents and brokers","County, NAICS 4-digit -- by ownership sector","All establishment sizes",31,59,64,70,727310,77569,1109,870
"13219",5,"4251",76,0,2007,4,"","Oconee County, Georgia","Private","Electronic markets and agents and brokers","County, NAICS 4-digit -- by ownership sector","All establishment sizes",31,66,67,70,839687,123938,1272,955
"13219",5,42511,77,0,2007,1,"N","Oconee County, Georgia","Private","Business to business electronic markets","County, NAICS 5-digit -- by ownership sector","All establishment sizes",2,0,0,0,0,0,0,0
"13219",5,"42511",77,0,2007,2,"N","Oconee County, Georgia","Private","Business to business electronic markets","County, NAICS 5-digit -- by ownership sector","All establishment sizes",2,0,0,0,0,0,0,0
"13219",5,"42511",77,0,2007,3,"N","Oconee County, Georgia","Private","Business to business electronic markets","County, NAICS 5-digit -- by ownership sector","All establishment sizes",2,0,0,0,0,0,0,0
"13219",5,"42511",77,0,2007,4,"N","Oconee County, Georgia","Private","Business to business electronic markets","County, NAICS 5-digit -- by ownership sector","All establishment sizes",2,0,0,0,0,0,0,0
"13219",5,425110,78,0,2007,1,"N","Oconee County, Georgia","Private","Business to business electronic markets","County, NAICS 6-digit -- by ownership sector","All establishment sizes",2,0,0,0,0,0,0,0
"13219",5,"425110",78,0,2007,2,"N","Oconee County, Georgia","Private","Business to business electronic markets","County, NAICS 6-digit -- by ownership sector","All establishment sizes",2,0,0,0,0,0,0,0
"13219",5,"425110",78,0,2007,3,"N","Oconee County, Georgia","Private","Business to business electronic markets","County, NAICS 6-digit -- by ownership sector","All establishment sizes",2,0,0,0,0,0,0,0
"13219",5,"425110",78,0,2007,4,"N","Oconee County, Georgia","Private","Business to business electronic markets","County, NAICS 6-digit -- by ownership sector","All establishment sizes",2,0,0,0,0,0,0,0
"13219",5,42512,77,0,2007,1,"N","Oconee County, Georgia","Private","Wholesale trade agents and brokers","County, NAICS 5-digit -- by ownership sector","All establishment sizes",28,0,0,0,0,0,0,0
"13219",5,"42512",77,0,2007,2,"N","Oconee County, Georgia","Private","Wholesale trade agents and brokers","County, NAICS 5-digit -- by ownership sector","All establishment sizes",29,0,0,0,0,0,0,0
"13219",5,"42512",77,0,2007,3,"N","Oconee County, Georgia","Private","Wholesale trade agents and brokers","County, NAICS 5-digit -- by ownership sector","All establishment sizes",29,0,0,0,0,0,0,0
"13219",5,"42512",77,0,2007,4,"N","Oconee County, Georgia","Private","Wholesale trade agents and brokers","County, NAICS 5-digit -- by ownership sector","All establishment sizes",29,0,0,0,0,0,0,0
"13219",5,425120,78,0,2007,1,"N","Oconee County, Georgia","Private","Wholesale trade agents and brokers","County, NAICS 6-digit -- by ownership sector","All establishment sizes",28,0,0,0,0,0,0,0
"13219",5,"425120",78,0,2007,2,"N","Oconee County, Georgia","Private","Wholesale trade agents and brokers","County, NAICS 6-digit -- by ownership sector","All establishment sizes",29,0,0,0,0,0,0,0
"13219",5,"425120",78,0,2007,3,"N","Oconee County, Georgia","Private","Wholesale trade agents and brokers","County, NAICS 6-digit -- by ownership sector","All establishment sizes",29,0,0,0,0,0,0,0
"13219",5,"425120",78,0,2007,4,"N","Oconee County, Georgia","Private","Wholesale trade agents and brokers","County, NAICS 6-digit -- by ownership sector","All establishment sizes",29,0,0,0,0,0,0,0
"13219",5,44-45,74,0,2007,1,"","Oconee County, Georgia","Private","Retail trade","County, NAICS Sector -- by ownership sector","All establishment sizes",88,1153,1202,1205,6626119,4985985,55160,430
"13219",5,"44-45",74,0,2007,2,"","Oconee County, Georgia","Private","Retail trade","County, NAICS Sector -- by ownership sector","All establishment sizes",88,1264,1213,1186,6622910,2428013,25010,417
"13219",5,"44-45",74,0,2007,3,"","Oconee County, Georgia","Private","Retail trade","County, NAICS Sector -- by ownership sector","All establishment sizes",91,1149,1158,1177,6817334,1378092,14414,452
"13219",5,"44-45",74,0,2007,4,"","Oconee County, Georgia","Private","Retail trade","County, NAICS Sector -- by ownership sector","All establishment sizes",90,1200,1202,1187,6806623,1173679,12829,438
"13219",5,441,75,0,2007,1,"","Oconee County, Georgia","Private","Motor vehicle and parts dealers","County, NAICS 3-digit -- by ownership sector","All establishment sizes",6,77,92,97,911316,689746,16981,791
"13219",5,"441",75,0,2007,2,"","Oconee County, Georgia","Private","Motor vehicle and parts dealers","County, NAICS 3-digit -- by ownership sector","All establishment sizes",7,95,96,97,1047980,197692,4712,840
"13219",5,"441",75,0,2007,3,"","Oconee County, Georgia","Private","Motor vehicle and parts dealers","County, NAICS 3-digit -- by ownership sector","All establishment sizes",8,98,105,104,1067638,115351,2594,803
"13219",5,"441",75,0,2007,4,"","Oconee County, Georgia","Private","Motor vehicle and parts dealers","County, NAICS 3-digit -- by ownership sector","All establishment sizes",9,111,109,109,1110609,112123,2708,779
"13219",5,4411,76,0,2007,1,"N","Oconee County, Georgia","Private","Automobile dealers","County, NAICS 4-digit -- by ownership sector","All establishment sizes",1,0,0,0,0,0,0,0
"13219",5,"4411",76,0,2007,2,"N","Oconee County, Georgia","Private","Automobile dealers","County, NAICS 4-digit -- by ownership sector","All establishment sizes",1,0,0,0,0,0,0,0
"13219",5,"4411",76,0,2007,3,"N","Oconee County, Georgia","Private","Automobile dealers","County, NAICS 4-digit -- by ownership sector","All establishment sizes",1,0,0,0,0,0,0,0
"13219",5,"4411",76,0,2007,4,"N","Oconee County, Georgia","Private","Automobile dealers","County, NAICS 4-digit -- by ownership sector","All establishment sizes",1,0,0,0,0,0,0,0
"13219",5,44111,77,0,2007,1,"N","Oconee County, Georgia","Private","New car dealers","County, NAICS 5-digit -- by ownership sector","All establishment sizes",1,0,0,0,0,0,0,0
"13219",5,"44111",77,0,2007,2,"N","Oconee County, Georgia","Private","New car dealers","County, NAICS 5-digit -- by ownership sector","All establishment sizes",1,0,0,0,0,0,0,0
"13219",5,"44111",77,0,2007,3,"N","Oconee County, Georgia","Private","New car dealers","County, NAICS 5-digit -- by ownership sector","All establishment sizes",1,0,0,0,0,0,0,0
"13219",5,"44111",77,0,2007,4,"N","Oconee County, Georgia","Private","New car dealers","County, NAICS 5-digit -- by ownership sector","All establishment sizes",1,0,0,0,0,0,0,0
"13219",5,441110,78,0,2007,1,"N","Oconee County, Georgia","Private","New car dealers","County, NAICS 6-digit -- by ownership sector","All establishment sizes",1,0,0,0,0,0,0,0
"13219",5,"441110",78,0,2007,2,"N","Oconee County, Georgia","Private","New car dealers","County, NAICS 6-digit -- by ownership sector","All establishment sizes",1,0,0,0,0,0,0,0
"13219",5,"441110",78,0,2007,3,"N","Oconee County, Georgia","Private","New car dealers","County, NAICS 6-digit -- by ownership sector","All establishment sizes",1,0,0,0,0,0,0,0
"13219",5,"441110",78,0,2007,4,"N","Oconee County, Georgia","Private","New car dealers","County, NAICS 6-digit -- by ownership sector","All establishment sizes",1,0,0,0,0,0,0,0
"13219",5,4412,76,0,2007,1,"N","Oconee County, Georgia","Private","Other motor vehicle dealers","County, NAICS 4-digit -- by ownership sector","All establishment sizes",2,0,0,0,0,0,0,0
"13219",5,"4412",76,0,2007,2,"N","Oconee County, Georgia","Private","Other motor vehicle dealers","County, NAICS 4-digit -- by ownership sector","All establishment sizes",3,0,0,0,0,0,0,0
"13219",5,"4412",76,0,2007,3,"","Oconee County, Georgia","Private","Other motor vehicle dealers","County, NAICS 4-digit -- by ownership sector","All establishment sizes",4,17,18,19,120739,32478,620,516
"13219",5,"4412",76,0,2007,4,"N","Oconee County, Georgia","Private","Other motor vehicle dealers","County, NAICS 4-digit -- by ownership sector","All establishment sizes",4,0,0,0,0,0,0,0
"13219",5,44122,77,0,2007,1,"N","Oconee County, Georgia","Private","Motorcycle, boat, and other vehicle dealers","County, NAICS 5-digit -- by ownership sector","All establishment sizes",2,0,0,0,0,0,0,0
"13219",5,"44122",77,0,2007,2,"N","Oconee County, Georgia","Private","Motorcycle, boat, and other vehicle dealers","County, NAICS 5-digit -- by ownership sector","All establishment sizes",3,0,0,0,0,0,0,0
"13219",5,"44122",77,0,2007,3,"","Oconee County, Georgia","Private","Motorcycle, boat, and other vehicle dealers","County, NAICS 5-digit -- by ownership sector","All establishment sizes",4,17,18,19,120739,32478,620,516
"13219",5,"44122",77,0,2007,4,"N","Oconee County, Georgia","Private","Motorcycle, boat, and other vehicle dealers","County, NAICS 5-digit -- by ownership sector","All establishment sizes",4,0,0,0,0,0,0,0
"13219",5,441221,78,0,2007,1,"N","Oconee County, Georgia","Private","Motorcycle, ATV, personal watercraft dealers","County, NAICS 6-digit -- by ownership sector","All establishment sizes",1,0,0,0,0,0,0,0
"13219",5,"441221",78,0,2007,2,"N","Oconee County, Georgia","Private","Motorcycle, ATV, personal watercraft dealers","County, NAICS 6-digit -- by ownership sector","All establishment sizes",2,0,0,0,0,0,0,0
"13219",5,"441221",78,0,2007,3,"N","Oconee County, Georgia","Private","Motorcycle, ATV, personal watercraft dealers","County, NAICS 6-digit -- by ownership sector","All establishment sizes",2,0,0,0,0,0,0,0
"13219",5,"441221",78,0,2007,4,"N","Oconee County, Georgia","Private","Motorcycle, ATV, personal watercraft dealers","County, NAICS 6-digit -- by ownership sector","All establishment sizes",2,0,0,0,0,0,0,0
"13219",5,441229,78,0,2007,1,"N","Oconee County, Georgia","Private","All other motor vehicle dealers","County, NAICS 6-digit -- by ownership sector","All establishment sizes",1,0,0,0,0,0,0,0
"13219",5,"441229",78,0,2007,2,"N","Oconee County, Georgia","Private","All other motor vehicle dealers","County, NAICS 6-digit -- by ownership sector","All establishment sizes",1,0,0,0,0,0,0,0
"13219",5,"441229",78,0,2007,3,"N","Oconee County, Georgia","Private","All other motor vehicle dealers","County, NAICS 6-digit -- by ownership sector","All establishment sizes",2,0,0,0,0,0,0,0
"13219",5,"441229",78,0,2007,4,"N","Oconee County, Georgia","Private","All other motor vehicle dealers","County, NAICS 6-digit -- by ownership sector","All establishment sizes",2,0,0,0,0,0,0,0
"13219",5,4413,76,0,2007,1,"","Oconee County, Georgia","Private","Auto parts, accessories, and tire stores","County, NAICS 4-digit -- by ownership sector","All establishment sizes",3,16,16,17,155697,124621,2795,733
"13219",5,"4413",76,0,2007,2,"","Oconee County, Georgia","Private","Auto parts, accessories, and tire stores","County, NAICS 4-digit -- by ownership sector","All establishment sizes",3,17,16,17,169069,36776,841,780
"13219",5,"4413",76,0,2007,3,"N","Oconee County, Georgia","Private","Auto parts, accessories, and tire stores","County, NAICS 4-digit -- by ownership sector","All establishment sizes",3,0,0,0,0,0,0,0
"13219",5,"4413",76,0,2007,4,"N","Oconee County, Georgia","Private","Auto parts, accessories, and tire stores","County, NAICS 4-digit -- by ownership sector","All establishment sizes",4,0,0,0,0,0,0,0
"13219",5,44131,77,0,2007,1,"N","Oconee County, Georgia","Private","Automotive parts and accessories stores","County, NAICS 5-digit -- by ownership sector","All establishment sizes",1,0,0,0,0,0,0,0
"13219",5,"44131",77,0,2007,2,"N","Oconee County, Georgia","Private","Automotive parts and accessories stores","County, NAICS 5-digit -- by ownership sector","All establishment sizes",1,0,0,0,0,0,0,0
"13219",5,"44131",77,0,2007,3,"N","Oconee County, Georgia","Private","Automotive parts and accessories stores","County, NAICS 5-digit -- by ownership sector","All establishment sizes",1,0,0,0,0,0,0,0
"13219",5,"44131",77,0,2007,4,"N","Oconee County, Georgia","Private","Automotive parts and accessories stores","County, NAICS 5-digit -- by ownership sector","All establishment sizes",2,0,0,0,0,0,0,0
"13219",5,441310,78,0,2007,1,"N","Oconee County, Georgia","Private","Automotive parts and accessories stores","County, NAICS 6-digit -- by ownership sector","All establishment sizes",1,0,0,0,0,0,0,0
"13219",5,"441310",78,0,2007,2,"N","Oconee County, Georgia","Private","Automotive parts and accessories stores","County, NAICS 6-digit -- by ownership sector","All establishment sizes",1,0,0,0,0,0,0,0
"13219",5,"441310",78,0,2007,3,"N","Oconee County, Georgia","Private","Automotive parts and accessories stores","County, NAICS 6-digit -- by ownership sector","All establishment sizes",1,0,0,0,0,0,0,0
"13219",5,"441310",78,0,2007,4,"N","Oconee County, Georgia","Private","Automotive parts and accessories stores","County, NAICS 6-digit -- by ownership sector","All establishment sizes",2,0,0,0,0,0,0,0
"13219",5,44132,77,0,2007,1,"N","Oconee County, Georgia","Private","Tire dealers","County, NAICS 5-digit -- by ownership sector","All establishment sizes",2,0,0,0,0,0,0,0
"13219",5,"44132",77,0,2007,2,"N","Oconee County, Georgia","Private","Tire dealers","County, NAICS 5-digit -- by ownership sector","All establishment sizes",2,0,0,0,0,0,0,0
"13219",5,"44132",77,0,2007,3,"N","Oconee County, Georgia","Private","Tire dealers","County, NAICS 5-digit -- by ownership sector","All establishment sizes",2,0,0,0,0,0,0,0
"13219",5,"44132",77,0,2007,4,"N","Oconee County, Georgia","Private","Tire dealers","County, NAICS 5-digit -- by ownership sector","All establishment sizes",2,0,0,0,0,0,0,0
"13219",5,441320,78,0,2007,1,"N","Oconee County, Georgia","Private","Tire dealers","County, NAICS 6-digit -- by ownership sector","All establishment sizes",2,0,0,0,0,0,0,0
"13219",5,"441320",78,0,2007,2,"N","Oconee County, Georgia","Private","Tire dealers","County, NAICS 6-digit -- by ownership sector","All establishment sizes",2,0,0,0,0,0,0,0
"13219",5,"441320",78,0,2007,3,"N","Oconee County, Georgia","Private","Tire dealers","County, NAICS 6-digit -- by ownership sector","All establishment sizes",2,0,0,0,0,0,0,0
"13219",5,"441320",78,0,2007,4,"N","Oconee County, Georgia","Private","Tire dealers","County, NAICS 6-digit -- by ownership sector","All establishment sizes",2,0,0,0,0,0,0,0
"13219",5,442,75,0,2007,1,"","Oconee County, Georgia","Private","Furniture and home furnishings stores","County, NAICS 3-digit -- by ownership sector","All establishment sizes",16,55,57,58,405485,347260,5343,550
"13219",5,"442",75,0,2007,2,"","Oconee County, Georgia","Private","Furniture and home furnishings stores","County, NAICS 3-digit -- by ownership sector","All establishment sizes",16,57,58,57,378970,127405,2329,508
"13219",5,"442",75,0,2007,3,"","Oconee County, Georgia","Private","Furniture and home furnishings stores","County, NAICS 3-digit -- by ownership sector","All establishment sizes",15,53,52,51,370291,57525,1179,548
"13219",5,"442",75,0,2007,4,"","Oconee County, Georgia","Private","Furniture and home furnishings stores","County, NAICS 3-digit -- by ownership sector","All establishment sizes",12,46,49,40,300395,53302,885,513
"13219",5,4421,76,0,2007,1,"","Oconee County, Georgia","Private","Furniture stores","County, NAICS 4-digit -- by ownership sector","All establishment sizes",3,9,10,10,82251,64738,804,655
"13219",5,"4421",76,0,2007,2,"","Oconee County, Georgia","Private","Furniture stores","County, NAICS 4-digit -- by ownership sector","All establishment sizes",3,11,10,10,78004,35799,665,581
"13219",5,"4421",76,0,2007,3,"","Oconee County, Georgia","Private","Furniture stores","County, NAICS 4-digit -- by ownership sector","All establishment sizes",3,11,10,10,108316,10702,103,806
"13219",5,"4421",76,0,2007,4,"","Oconee County, Georgia","Private","Furniture stores","County, NAICS 4-digit -- by ownership sector","All establishment sizes",3,10,10,11,80071,8921,89,596
"13219",5,44211,77,0,2007,1,"","Oconee County, Georgia","Private","Furniture stores","County, NAICS 5-digit -- by ownership sector","All establishment sizes",3,9,10,10,82251,64738,804,655
"13219",5,"44211",77,0,2007,2,"","Oconee County, Georgia","Private","Furniture stores","County, NAICS 5-digit -- by ownership sector","All establishment sizes",3,11,10,10,78004,35799,665,581
"13219",5,"44211",77,0,2007,3,"","Oconee County, Georgia","Private","Furniture stores","County, NAICS 5-digit -- by ownership sector","All establishment sizes",3,11,10,10,108316,10702,103,806
"13219",5,"44211",77,0,2007,4,"","Oconee County, Georgia","Private","Furniture stores","County, NAICS 5-digit -- by ownership sector","All establishment sizes",3,10,10,11,80071,8921,89,596
"13219",5,442110,78,0,2007,1,"","Oconee County, Georgia","Private","Furniture stores","County, NAICS 6-digit -- by ownership sector","All establishment sizes",3,9,10,10,82251,64738,804,655
"13219",5,"442110",78,0,2007,2,"","Oconee County, Georgia","Private","Furniture stores","County, NAICS 6-digit -- by ownership sector","All establishment sizes",3,11,10,10,78004,35799,665,581
"13219",5,"442110",78,0,2007,3,"","Oconee County, Georgia","Private","Furniture stores","County, NAICS 6-digit -- by ownership sector","All establishment sizes",3,11,10,10,108316,10702,103,806
"13219",5,"442110",78,0,2007,4,"","Oconee County, Georgia","Private","Furniture stores","County, NAICS 6-digit -- by ownership sector","All establishment sizes",3,10,10,11,80071,8921,89,596
"13219",5,4422,76,0,2007,1,"","Oconee County, Georgia","Private","Home furnishings stores","County, NAICS 4-digit -- by ownership sector","All establishment sizes",13,46,47,48,323234,282522,4539,529
"13219",5,"4422",76,0,2007,2,"","Oconee County, Georgia","Private","Home furnishings stores","County, NAICS 4-digit -- by ownership sector","All establishment sizes",13,46,48,47,300966,91606,1664,493
"13219",5,"4422",76,0,2007,3,"","Oconee County, Georgia","Private","Home furnishings stores","County, NAICS 4-digit -- by ownership sector","All establishment sizes",12,42,42,41,261975,46823,1076,484
"13219",5,"4422",76,0,2007,4,"","Oconee County, Georgia","Private","Home furnishings stores","County, NAICS 4-digit -- by ownership sector","All establishment sizes",9,36,39,29,220324,44381,796,489
"13219",5,44221,77,0,2007,1,"","Oconee County, Georgia","Private","Floor covering stores","County, NAICS 5-digit -- by ownership sector","All establishment sizes",6,26,23,24,205463,177668,3908,650
"13219",5,"44221",77,0,2007,2,"","Oconee County, Georgia","Private","Floor covering stores","County, NAICS 5-digit -- by ownership sector","All establishment sizes",6,23,26,24,182878,50298,1387,578
"13219",5,"44221",77,0,2007,3,"","Oconee County, Georgia","Private","Floor covering stores","County, NAICS 5-digit -- by ownership sector","All establishment sizes",6,20,20,19,143238,27692,909,560
"13219",5,"44221",77,0,2007,4,"N","Oconee County, Georgia","Private","Floor covering stores","County, NAICS 5-digit -- by ownership sector","All establishment sizes",4,0,0,0,0,0,0,0
"13219",5,442210,78,0,2007,1,"","Oconee County, Georgia","Private","Floor covering stores","County, NAICS 6-digit -- by ownership sector","All establishment sizes",6,26,23,24,205463,177668,3908,650
"13219",5,"442210",78,0,2007,2,"","Oconee County, Georgia","Private","Floor covering stores","County, NAICS 6-digit -- by ownership sector","All establishment sizes",6,23,26,24,182878,50298,1387,578
"13219",5,"442210",78,0,2007,3,"","Oconee County, Georgia","Private","Floor covering stores","County, NAICS 6-digit -- by ownership sector","All establishment sizes",6,20,20,19,143238,27692,909,560
"13219",5,"442210",78,0,2007,4,"N","Oconee County, Georgia","Private","Floor covering stores","County, NAICS 6-digit -- by ownership sector","All establishment sizes",4,0,0,0,0,0,0,0
"13219",5,44229,77,0,2007,1,"","Oconee County, Georgia","Private","Other home furnishings stores","County, NAICS 5-digit -- by ownership sector","All establishment sizes",7,20,24,24,117771,104854,631,400
"13219",5,"44229",77,0,2007,2,"","Oconee County, Georgia","Private","Other home furnishings stores","County, NAICS 5-digit -- by ownership sector","All establishment sizes",7,23,22,23,118088,41308,277,401
"13219",5,"44229",77,0,2007,3,"","Oconee County, Georgia","Private","Other home furnishings stores","County, NAICS 5-digit -- by ownership sector","All establishment sizes",6,22,22,22,118737,19131,167,415
"13219",5,"44229",77,0,2007,4,"N","Oconee County, Georgia","Private","Other home furnishings stores","County, NAICS 5-digit -- by ownership sector","All establishment sizes",5,0,0,0,0,0,0,0
"13219",5,442299,78,0,2007,1,"","Oconee County, Georgia","Private","All other home furnishings stores","County, NAICS 6-digit -- by ownership sector","All establishment sizes",7,20,24,24,117771,104854,631,400
"13219",5,"442299",78,0,2007,2,"","Oconee County, Georgia","Private","All other home furnishings stores","County, NAICS 6-digit -- by ownership sector","All establishment sizes",7,23,22,23,118088,41308,277,401
"13219",5,"442299",78,0,2007,3,"","Oconee County, Georgia","Private","All other home furnishings stores","County, NAICS 6-digit -- by ownership sector","All establishment sizes",6,22,22,22,118737,19131,167,415
"13219",5,"442299",78,0,2007,4,"N","Oconee County, Georgia","Private","All other home furnishings stores","County, NAICS 6-digit -- by ownership sector","All establishment sizes",5,0,0,0,0,0,0,0
"13219",5,443,75,0,2007,1,"","Oconee County, Georgia","Private","Electronics and appliance stores","County, NAICS 3-digit -- by ownership sector","All establishment sizes",6,21,20,20,92196,82861,1161,349
"13219",5,"443",75,0,2007,2,"","Oconee County, Georgia","Private","Electronics and appliance stores","County, NAICS 3-digit -- by ownership sector","All establishment sizes",6,21,20,17,91093,31358,591,362
"13219",5,"443",75,0,2007,3,"","Oconee County, Georgia","Private","Electronics and appliance stores","County, NAICS 3-digit -- by ownership sector","All establishment sizes",7,14,17,17,95748,19910,406,460
"13219",5,"443",75,0,2007,4,"","Oconee County, Georgia","Private","Electronics and appliance stores","County, NAICS 3-digit -- by ownership sector","All establishment sizes",7,21,21,21,105568,36448,857,387
"13219",5,4431,76,0,2007,1,"","Oconee County, Georgia","Private","Electronics and appliance stores","County, NAICS 4-digit -- by ownership sector","All establishment sizes",6,21,20,20,92196,82861,1161,349
"13219",5,"4431",76,0,2007,2,"","Oconee County, Georgia","Private","Electronics and appliance stores","County, NAICS 4-digit -- by ownership sector","All establishment sizes",6,21,20,17,91093,31358,591,362
"13219",5,"4431",76,0,2007,3,"","Oconee County, Georgia","Private","Electronics and appliance stores","County, NAICS 4-digit -- by ownership sector","All establishment sizes",7,14,17,17,95748,19910,406,460
"13219",5,"4431",76,0,2007,4,"","Oconee County, Georgia","Private","Electronics and appliance stores","County, NAICS 4-digit -- by ownership sector","All establishment sizes",7,21,21,21,105568,36448,857,387
"13219",5,44311,77,0,2007,1,"","Oconee County, Georgia","Private","Appliance, TV, and other electronics stores","County, NAICS 5-digit -- by ownership sector","All establishment sizes",6,21,20,20,92196,82861,1161,349
"13219",5,"44311",77,0,2007,2,"","Oconee County, Georgia","Private","Appliance, TV, and other electronics stores","County, NAICS 5-digit -- by ownership sector","All establishment sizes",6,21,20,17,91093,31358,591,362
"13219",5,"44311",77,0,2007,3,"","Oconee County, Georgia","Private","Appliance, TV, and other electronics stores","County, NAICS 5-digit -- by ownership sector","All establishment sizes",7,14,17,17,95748,19910,406,460
"13219",5,"44311",77,0,2007,4,"","Oconee County, Georgia","Private","Appliance, TV, and other electronics stores","County, NAICS 5-digit -- by ownership sector","All establishment sizes",7,21,21,21,105568,36448,857,387
"13219",5,443111,78,0,2007,1,"N","Oconee County, Georgia","Private","Household appliance stores","County, NAICS 6-digit -- by ownership sector","All establishment sizes",3,0,0,0,0,0,0,0
"13219",5,"443111",78,0,2007,2,"N","Oconee County, Georgia","Private","Household appliance stores","County, NAICS 6-digit -- by ownership sector","All establishment sizes",3,0,0,0,0,0,0,0
"13219",5,"443111",78,0,2007,3,"N","Oconee County, Georgia","Private","Household appliance stores","County, NAICS 6-digit -- by ownership sector","All establishment sizes",3,0,0,0,0,0,0,0
"13219",5,"443111",78,0,2007,4,"N","Oconee County, Georgia","Private","Household appliance stores","County, NAICS 6-digit -- by ownership sector","All establishment sizes",3,0,0,0,0,0,0,0
"13219",5,443112,78,0,2007,1,"N","Oconee County, Georgia","Private","Radio, TV, and other electronics stores","County, NAICS 6-digit -- by ownership sector","All establishment sizes",3,0,0,0,0,0,0,0
"13219",5,"443112",78,0,2007,2,"N","Oconee County, Georgia","Private","Radio, TV, and other electronics stores","County, NAICS 6-digit -- by ownership sector","All establishment sizes",3,0,0,0,0,0,0,0
"13219",5,"443112",78,0,2007,3,"N","Oconee County, Georgia","Private","Radio, TV, and other electronics stores","County, NAICS 6-digit -- by ownership sector","All establishment sizes",4,0,0,0,0,0,0,0
"13219",5,"443112",78,0,2007,4,"N","Oconee County, Georgia","Private","Radio, TV, and other electronics stores","County, NAICS 6-digit -- by ownership sector","All establishment sizes",4,0,0,0,0,0,0,0
"13219",5,444,75,0,2007,1,"","Oconee County, Georgia","Private","Building material and garden supply stores","County, NAICS 3-digit -- by ownership sector","All establishment sizes",10,367,388,397,2445362,1661336,16294,490
"13219",5,"444",75,0,2007,2,"","Oconee County, Georgia","Private","Building material and garden supply stores","County, NAICS 3-digit -- by ownership sector","All establishment sizes",10,436,419,398,2336562,814822,8310,430
"13219",5,"444",75,0,2007,3,"","Oconee County, Georgia","Private","Building material and garden supply stores","County, NAICS 3-digit -- by ownership sector","All establishment sizes",10,379,380,375,2507173,376769,4059,510
"13219",5,"444",75,0,2007,4,"","Oconee County, Georgia","Private","Building material and garden supply stores","County, NAICS 3-digit -- by ownership sector","All establishment sizes",10,360,356,352,2133465,191437,2230,461
"13219",5,4441,76,0,2007,1,"N","Oconee County, Georgia","Private","Building material and supplies dealers","County, NAICS 4-digit -- by ownership sector","All establishment sizes",8,0,0,0,0,0,0,0
"13219",5,"4441",76,0,2007,2,"N","Oconee County, Georgia","Private","Building material and supplies dealers","County, NAICS 4-digit -- by ownership sector","All establishment sizes",8,0,0,0,0,0,0,0
"13219",5,"4441",76,0,2007,3,"N","Oconee County, Georgia","Private","Building material and supplies dealers","County, NAICS 4-digit -- by ownership sector","All establishment sizes",8,0,0,0,0,0,0,0
"13219",5,"4441",76,0,2007,4,"N","Oconee County, Georgia","Private","Building material and supplies dealers","County, NAICS 4-digit -- by ownership sector","All establishment sizes",8,0,0,0,0,0,0,0
"13219",5,44411,77,0,2007,1,"N","Oconee County, Georgia","Private","Home centers","County, NAICS 5-digit -- by ownership sector","All establishment sizes",2,0,0,0,0,0,0,0
"13219",5,"44411",77,0,2007,2,"N","Oconee County, Georgia","Private","Home centers","County, NAICS 5-digit -- by ownership sector","All establishment sizes",2,0,0,0,0,0,0,0
"13219",5,"44411",77,0,2007,3,"N","Oconee County, Georgia","Private","Home centers","County, NAICS 5-digit -- by ownership sector","All establishment sizes",2,0,0,0,0,0,0,0
"13219",5,"44411",77,0,2007,4,"N","Oconee County, Georgia","Private","Home centers","County, NAICS 5-digit -- by ownership sector","All establishment sizes",2,0,0,0,0,0,0,0
"13219",5,444110,78,0,2007,1,"N","Oconee County, Georgia","Private","Home centers","County, NAICS 6-digit -- by ownership sector","All establishment sizes",2,0,0,0,0,0,0,0
"13219",5,"444110",78,0,2007,2,"N","Oconee County, Georgia","Private","Home centers","County, NAICS 6-digit -- by ownership sector","All establishment sizes",2,0,0,0,0,0,0,0
"13219",5,"444110",78,0,2007,3,"N","Oconee County, Georgia","Private","Home centers","County, NAICS 6-digit -- by ownership sector","All establishment sizes",2,0,0,0,0,0,0,0
"13219",5,"444110",78,0,2007,4,"N","Oconee County, Georgia","Private","Home centers","County, NAICS 6-digit -- by ownership sector","All establishment sizes",2,0,0,0,0,0,0,0
"13219",5,44413,77,0,2007,1,"N","Oconee County, Georgia","Private","Hardware stores","County, NAICS 5-digit -- by ownership sector","All establishment sizes",1,0,0,0,0,0,0,0
"13219",5,"44413",77,0,2007,2,"N","Oconee County, Georgia","Private","Hardware stores","County, NAICS 5-digit -- by ownership sector","All establishment sizes",1,0,0,0,0,0,0,0
"13219",5,"44413",77,0,2007,3,"N","Oconee County, Georgia","Private","Hardware stores","County, NAICS 5-digit -- by ownership sector","All establishment sizes",1,0,0,0,0,0,0,0
"13219",5,"44413",77,0,2007,4,"N","Oconee County, Georgia","Private","Hardware stores","County, NAICS 5-digit -- by ownership sector","All establishment sizes",1,0,0,0,0,0,0,0
"13219",5,444130,78,0,2007,1,"N","Oconee County, Georgia","Private","Hardware stores","County, NAICS 6-digit -- by ownership sector","All establishment sizes",1,0,0,0,0,0,0,0
"13219",5,"444130",78,0,2007,2,"N","Oconee County, Georgia","Private","Hardware stores","County, NAICS 6-digit -- by ownership sector","All establishment sizes",1,0,0,0,0,0,0,0
"13219",5,"444130",78,0,2007,3,"N","Oconee County, Georgia","Private","Hardware stores","County, NAICS 6-digit -- by ownership sector","All establishment sizes",1,0,0,0,0,0,0,0
"13219",5,"444130",78,0,2007,4,"N","Oconee County, Georgia","Private","Hardware stores","County, NAICS 6-digit -- by ownership sector","All establishment sizes",1,0,0,0,0,0,0,0
"13219",5,44419,77,0,2007,1,"","Oconee County, Georgia","Private","Other building material dealers","County, NAICS 5-digit -- by ownership sector","All establishment sizes",5,74,73,75,591510,493869,2797,615
"13219",5,"44419",77,0,2007,2,"","Oconee County, Georgia","Private","Other building material dealers","County, NAICS 5-digit -- by ownership sector","All establishment sizes",5,81,80,81,640775,163146,777,611
"13219",5,"44419",77,0,2007,3,"","Oconee County, Georgia","Private","Other building material dealers","County, NAICS 5-digit -- by ownership sector","All establishment sizes",5,77,80,77,619121,70220,427,611
"13219",5,"44419",77,0,2007,4,"","Oconee County, Georgia","Private","Other building material dealers","County, NAICS 5-digit -- by ownership sector","All establishment sizes",5,78,79,79,593992,51708,400,581
"13219",5,444190,78,0,2007,1,"","Oconee County, Georgia","Private","Other building material dealers","County, NAICS 6-digit -- by ownership sector","All establishment sizes",5,74,73,75,591510,493869,2797,615
"13219",5,"444190",78,0,2007,2,"","Oconee County, Georgia","Private","Other building material dealers","County, NAICS 6-digit -- by ownership sector","All establishment sizes",5,81,80,81,640775,163146,777,611
"13219",5,"444190",78,0,2007,3,"","Oconee County, Georgia","Private","Other building material dealers","County, NAICS 6-digit -- by ownership sector","All establishment sizes",5,77,80,77,619121,70220,427,611
"13219",5,"444190",78,0,2007,4,"","Oconee County, Georgia","Private","Other building material dealers","County, NAICS 6-digit -- by ownership sector","All establishment sizes",5,78,79,79,593992,51708,400,581
"13219",5,4442,76,0,2007,1,"N","Oconee County, Georgia","Private","Lawn and garden equipment and supplies stores","County, NAICS 4-digit -- by ownership sector","All establishment sizes",2,0,0,0,0,0,0,0
"13219",5,"4442",76,0,2007,2,"N","Oconee County, Georgia","Private","Lawn and garden equipment and supplies stores","County, NAICS 4-digit -- by ownership sector","All establishment sizes",2,0,0,0,0,0,0,0
"13219",5,"4442",76,0,2007,3,"N","Oconee County, Georgia","Private","Lawn and garden equipment and supplies stores","County, NAICS 4-digit -- by ownership sector","All establishment sizes",2,0,0,0,0,0,0,0
"13219",5,"4442",76,0,2007,4,"N","Oconee County, Georgia","Private","Lawn and garden equipment and supplies stores","County, NAICS 4-digit -- by ownership sector","All establishment sizes",2,0,0,0,0,0,0,0
"13219",5,44422,77,0,2007,1,"N","Oconee County, Georgia","Private","Nursery, garden, and farm supply stores","County, NAICS 5-digit -- by ownership sector","All establishment sizes",2,0,0,0,0,0,0,0
"13219",5,"44422",77,0,2007,2,"N","Oconee County, Georgia","Private","Nursery, garden, and farm supply stores","County, NAICS 5-digit -- by ownership sector","All establishment sizes",2,0,0,0,0,0,0,0
"13219",5,"44422",77,0,2007,3,"N","Oconee County, Georgia","Private","Nursery, garden, and farm supply stores","County, NAICS 5-digit -- by ownership sector","All establishment sizes",2,0,0,0,0,0,0,0
"13219",5,"44422",77,0,2007,4,"N","Oconee County, Georgia","Private","Nursery, garden, and farm supply stores","County, NAICS 5-digit -- by ownership sector","All establishment sizes",2,0,0,0,0,0,0,0
"13219",5,444220,78,0,2007,1,"N","Oconee County, Georgia","Private","Nursery, garden, and farm supply stores","County, NAICS 6-digit -- by ownership sector","All establishment sizes",2,0,0,0,0,0,0,0
"13219",5,"444220",78,0,2007,2,"N","Oconee County, Georgia","Private","Nursery, garden, and farm supply stores","County, NAICS 6-digit -- by ownership sector","All establishment sizes",2,0,0,0,0,0,0,0
"13219",5,"444220",78,0,2007,3,"N","Oconee County, Georgia","Private","Nursery, garden, and farm supply stores","County, NAICS 6-digit -- by ownership sector","All establishment sizes",2,0,0,0,0,0,0,0
"13219",5,"444220",78,0,2007,4,"N","Oconee County, Georgia","Private","Nursery, garden, and farm supply stores","County, NAICS 6-digit -- by ownership sector","All establishment sizes",2,0,0,0,0,0,0,0
"13219",5,445,75,0,2007,1,"","Oconee County, Georgia","Private","Food and beverage stores","County, NAICS 3-digit -- by ownership sector","All establishment sizes",6,285,283,284,1499881,1200449,6475,406
"13219",5,"445",75,0,2007,2,"","Oconee County, Georgia","Private","Food and beverage stores","County, NAICS 3-digit -- by ownership sector","All establishment sizes",6,292,286,279,1476201,538943,2684,398
"13219",5,"445",75,0,2007,3,"","Oconee County, Georgia","Private","Food and beverage stores","County, NAICS 3-digit -- by ownership sector","All establishment sizes",6,272,275,273,1498083,334895,1684,422
"13219",5,"445",75,0,2007,4,"","Oconee County, Georgia","Private","Food and beverage stores","County, NAICS 3-digit -- by ownership sector","All establishment sizes",6,295,302,300,1748362,309268,1400,450
"13219",5,4451,76,0,2007,1,"","Oconee County, Georgia","Private","Grocery stores","County, NAICS 4-digit -- by ownership sector","All establishment sizes",4,278,275,276,1408994,1152337,5214,392
"13219",5,"4451",76,0,2007,2,"","Oconee County, Georgia","Private","Grocery stores","County, NAICS 4-digit -- by ownership sector","All establishment sizes",4,286,279,271,1384152,526514,2358,382
"13219",5,"4451",76,0,2007,3,"","Oconee County, Georgia","Private","Grocery stores","County, NAICS 4-digit -- by ownership sector","All establishment sizes",4,265,268,266,1405833,321043,1321,406
"13219",5,"4451",76,0,2007,4,"","Oconee County, Georgia","Private","Grocery stores","County, NAICS 4-digit -- by ownership sector","All establishment sizes",4,287,294,293,1575165,296902,1076,416
"13219",5,44511,77,0,2007,1,"","Oconee County, Georgia","Private","Supermarkets and other grocery stores","County, NAICS 5-digit -- by ownership sector","All establishment sizes",4,278,275,276,1408994,1152337,5214,392
"13219",5,"44511",77,0,2007,2,"","Oconee County, Georgia","Private","Supermarkets and other grocery stores","County, NAICS 5-digit -- by ownership sector","All establishment sizes",4,286,279,271,1384152,526514,2358,382
"13219",5,"44511",77,0,2007,3,"","Oconee County, Georgia","Private","Supermarkets and other grocery stores","County, NAICS 5-digit -- by ownership sector","All establishment sizes",4,265,268,266,1405833,321043,1321,406
"13219",5,"44511",77,0,2007,4,"","Oconee County, Georgia","Private","Supermarkets and other grocery stores","County, NAICS 5-digit -- by ownership sector","All establishment sizes",4,287,294,293,1575165,296902,1076,416
"13219",5,445110,78,0,2007,1,"","Oconee County, Georgia","Private","Supermarkets and other grocery stores","County, NAICS 6-digit -- by ownership sector","All establishment sizes",4,278,275,276,1408994,1152337,5214,392
"13219",5,"445110",78,0,2007,2,"","Oconee County, Georgia","Private","Supermarkets and other grocery stores","County, NAICS 6-digit -- by ownership sector","All establishment sizes",4,286,279,271,1384152,526514,2358,382
"13219",5,"445110",78,0,2007,3,"","Oconee County, Georgia","Private","Supermarkets and other grocery stores","County, NAICS 6-digit -- by ownership sector","All establishment sizes",4,265,268,266,1405833,321043,1321,406
"13219",5,"445110",78,0,2007,4,"","Oconee County, Georgia","Private","Supermarkets and other grocery stores","County, NAICS 6-digit -- by ownership sector","All establishment sizes",4,287,294,293,1575165,296902,1076,416
"13219",5,4452,76,0,2007,1,"N","Oconee County, Georgia","Private","Specialty food stores","County, NAICS 4-digit -- by ownership sector","All establishment sizes",1,0,0,0,0,0,0,0
"13219",5,"4452",76,0,2007,2,"N","Oconee County, Georgia","Private","Specialty food stores","County, NAICS 4-digit -- by ownership sector","All establishment sizes",1,0,0,0,0,0,0,0
"13219",5,"4452",76,0,2007,3,"N","Oconee County, Georgia","Private","Specialty food stores","County, NAICS 4-digit -- by ownership sector","All establishment sizes",1,0,0,0,0,0,0,0
"13219",5,"4452",76,0,2007,4,"N","Oconee County, Georgia","Private","Specialty food stores","County, NAICS 4-digit -- by ownership sector","All establishment sizes",1,0,0,0,0,0,0,0
"13219",5,44523,77,0,2007,1,"N","Oconee County, Georgia","Private","Fruit and vegetable markets","County, NAICS 5-digit -- by ownership sector","All establishment sizes",1,0,0,0,0,0,0,0
"13219",5,"44523",77,0,2007,2,"N","Oconee County, Georgia","Private","Fruit and vegetable markets","County, NAICS 5-digit -- by ownership sector","All establishment sizes",1,0,0,0,0,0,0,0
"13219",5,"44523",77,0,2007,3,"N","Oconee County, Georgia","Private","Fruit and vegetable markets","County, NAICS 5-digit -- by ownership sector","All establishment sizes",1,0,0,0,0,0,0,0
"13219",5,"44523",77,0,2007,4,"N","Oconee County, Georgia","Private","Fruit and vegetable markets","County, NAICS 5-digit -- by ownership sector","All establishment sizes",1,0,0,0,0,0,0,0
"13219",5,445230,78,0,2007,1,"N","Oconee County, Georgia","Private","Fruit and vegetable markets","County, NAICS 6-digit -- by ownership sector","All establishment sizes",1,0,0,0,0,0,0,0
"13219",5,"445230",78,0,2007,2,"N","Oconee County, Georgia","Private","Fruit and vegetable markets","County, NAICS 6-digit -- by ownership sector","All establishment sizes",1,0,0,0,0,0,0,0
"13219",5,"445230",78,0,2007,3,"N","Oconee County, Georgia","Private","Fruit and vegetable markets","County, NAICS 6-digit -- by ownership sector","All establishment sizes",1,0,0,0,0,0,0,0
"13219",5,"445230",78,0,2007,4,"N","Oconee County, Georgia","Private","Fruit and vegetable markets","County, NAICS 6-digit -- by ownership sector","All establishment sizes",1,0,0,0,0,0,0,0
"13219",5,4453,76,0,2007,1,"N","Oconee County, Georgia","Private","Beer, wine, and liquor stores","County, NAICS 4-digit -- by ownership sector","All establishment sizes",1,0,0,0,0,0,0,0
"13219",5,"4453",76,0,2007,2,"N","Oconee County, Georgia","Private","Beer, wine, and liquor stores","County, NAICS 4-digit -- by ownership sector","All establishment sizes",1,0,0,0,0,0,0,0
"13219",5,"4453",76,0,2007,3,"N","Oconee County, Georgia","Private","Beer, wine, and liquor stores","County, NAICS 4-digit -- by ownership sector","All establishment sizes",1,0,0,0,0,0,0,0
"13219",5,"4453",76,0,2007,4,"N","Oconee County, Georgia","Private","Beer, wine, and liquor stores","County, NAICS 4-digit -- by ownership sector","All establishment sizes",1,0,0,0,0,0,0,0
"13219",5,44531,77,0,2007,1,"N","Oconee County, Georgia","Private","Beer, wine, and liquor stores","County, NAICS 5-digit -- by ownership sector","All establishment sizes",1,0,0,0,0,0,0,0
"13219",5,"44531",77,0,2007,2,"N","Oconee County, Georgia","Private","Beer, wine, and liquor stores","County, NAICS 5-digit -- by ownership sector","All establishment sizes",1,0,0,0,0,0,0,0
"13219",5,"44531",77,0,2007,3,"N","Oconee County, Georgia","Private","Beer, wine, and liquor stores","County, NAICS 5-digit -- by ownership sector","All establishment sizes",1,0,0,0,0,0,0,0
"13219",5,"44531",77,0,2007,4,"N","Oconee County, Georgia","Private","Beer, wine, and liquor stores","County, NAICS 5-digit -- by ownership sector","All establishment sizes",1,0,0,0,0,0,0,0
"13219",5,445310,78,0,2007,1,"N","Oconee County, Georgia","Private","Beer, wine, and liquor stores","County, NAICS 6-digit -- by ownership sector","All establishment sizes",1,0,0,0,0,0,0,0
"13219",5,"445310",78,0,2007,2,"N","Oconee County, Georgia","Private","Beer, wine, and liquor stores","County, NAICS 6-digit -- by ownership sector","All establishment sizes",1,0,0,0,0,0,0,0
"13219",5,"445310",78,0,2007,3,"N","Oconee County, Georgia","Private","Beer, wine, and liquor stores","County, NAICS 6-digit -- by ownership sector","All establishment sizes",1,0,0,0,0,0,0,0
"13219",5,"445310",78,0,2007,4,"N","Oconee County, Georgia","Private","Beer, wine, and liquor stores","County, NAICS 6-digit -- by ownership sector","All establishment sizes",1,0,0,0,0,0,0,0
"13219",5,446,75,0,2007,1,"","Oconee County, Georgia","Private","Health and personal care stores","County, NAICS 3-digit -- by ownership sector","All establishment sizes",6,65,64,60,379194,218411,3146,463
"13219",5,"446",75,0,2007,2,"","Oconee County, Georgia","Private","Health and personal care stores","County, NAICS 3-digit -- by ownership sector","All establishment sizes",5,65,63,60,347471,103832,1430,427
"13219",5,"446",75,0,2007,3,"","Oconee County, Georgia","Private","Health and personal care stores","County, NAICS 3-digit -- by ownership sector","All establishment sizes",5,60,57,57,347903,56347,754,461
"13219",5,"446",75,0,2007,4,"","Oconee County, Georgia","Private","Health and personal care stores","County, NAICS 3-digit -- by ownership sector","All establishment sizes",6,63,66,65,380065,57767,851,452
"13219",5,4461,76,0,2007,1,"","Oconee County, Georgia","Private","Health and personal care stores","County, NAICS 4-digit -- by ownership sector","All establishment sizes",6,65,64,60,379194,218411,3146,463
"13219",5,"4461",76,0,2007,2,"","Oconee County, Georgia","Private","Health and personal care stores","County, NAICS 4-digit -- by ownership sector","All establishment sizes",5,65,63,60,347471,103832,1430,427
"13219",5,"4461",76,0,2007,3,"","Oconee County, Georgia","Private","Health and personal care stores","County, NAICS 4-digit -- by ownership sector","All establishment sizes",5,60,57,57,347903,56347,754,461
"13219",5,"4461",76,0,2007,4,"","Oconee County, Georgia","Private","Health and personal care stores","County, NAICS 4-digit -- by ownership sector","All establishment sizes",6,63,66,65,380065,57767,851,452
"13219",5,44611,77,0,2007,1,"","Oconee County, Georgia","Private","Pharmacies and drug stores","County, NAICS 5-digit -- by ownership sector","All establishment sizes",3,51,50,47,277953,170705,2133,433
"13219",5,"44611",77,0,2007,2,"N","Oconee County, Georgia","Private","Pharmacies and drug stores","County, NAICS 5-digit -- by ownership sector","All establishment sizes",3,0,0,0,0,0,0,0
"13219",5,"44611",77,0,2007,3,"N","Oconee County, Georgia","Private","Pharmacies and drug stores","County, NAICS 5-digit -- by ownership sector","All establishment sizes",3,0,0,0,0,0,0,0
"13219",5,"44611",77,0,2007,4,"N","Oconee County, Georgia","Private","Pharmacies and drug stores","County, NAICS 5-digit -- by ownership sector","All establishment sizes",3,0,0,0,0,0,0,0
"13219",5,446110,78,0,2007,1,"","Oconee County, Georgia","Private","Pharmacies and drug stores","County, NAICS 6-digit -- by ownership sector","All establishment sizes",3,51,50,47,277953,170705,2133,433
"13219",5,"446110",78,0,2007,2,"N","Oconee County, Georgia","Private","Pharmacies and drug stores","County, NAICS 6-digit -- by ownership sector","All establishment sizes",3,0,0,0,0,0,0,0
"13219",5,"446110",78,0,2007,3,"N","Oconee County, Georgia","Private","Pharmacies and drug stores","County, NAICS 6-digit -- by ownership sector","All establishment sizes",3,0,0,0,0,0,0,0
"13219",5,"446110",78,0,2007,4,"N","Oconee County, Georgia","Private","Pharmacies and drug stores","County, NAICS 6-digit -- by ownership sector","All establishment sizes",3,0,0,0,0,0,0,0
"13219",5,44612,77,0,2007,1,"N","Oconee County, Georgia","Private","Cosmetic and beauty supply stores","County, NAICS 5-digit -- by ownership sector","All establishment sizes",1,0,0,0,0,0,0,0
"13219",5,"44612",77,0,2007,2,"-","Oconee County, Georgia","Private","Cosmetic and beauty supply stores","County, NAICS 5-digit -- by ownership sector","All establishment sizes",0,0,0,0,0,0,0,0
"13219",5,"44612",77,0,2007,3,"-","Oconee County, Georgia","Private","Cosmetic and beauty supply stores","County, NAICS 5-digit -- by ownership sector","All establishment sizes",0,0,0,0,0,0,0,0
"13219",5,"44612",77,0,2007,4,"N","Oconee County, Georgia","Private","Cosmetic and beauty supply stores","County, NAICS 5-digit -- by ownership sector","All establishment sizes",1,0,0,0,0,0,0,0
"13219",5,446120,78,0,2007,1,"N","Oconee County, Georgia","Private","Cosmetic and beauty supply stores","County, NAICS 6-digit -- by ownership sector","All establishment sizes",1,0,0,0,0,0,0,0
"13219",5,"446120",78,0,2007,2,"-","Oconee County, Georgia","Private","Cosmetic and beauty supply stores","County, NAICS 6-digit -- by ownership sector","All establishment sizes",0,0,0,0,0,0,0,0
"13219",5,"446120",78,0,2007,3,"-","Oconee County, Georgia","Private","Cosmetic and beauty supply stores","County, NAICS 6-digit -- by ownership sector","All establishment sizes",0,0,0,0,0,0,0,0
"13219",5,"446120",78,0,2007,4,"N","Oconee County, Georgia","Private","Cosmetic and beauty supply stores","County, NAICS 6-digit -- by ownership sector","All establishment sizes",1,0,0,0,0,0,0,0
"13219",5,44619,77,0,2007,1,"N","Oconee County, Georgia","Private","Other health and personal care stores","County, NAICS 5-digit -- by ownership sector","All establishment sizes",2,0,0,0,0,0,0,0
"13219",5,"44619",77,0,2007,2,"N","Oconee County, Georgia","Private","Other health and personal care stores","County, NAICS 5-digit -- by ownership sector","All establishment sizes",2,0,0,0,0,0,0,0
"13219",5,"44619",77,0,2007,3,"N","Oconee County, Georgia","Private","Other health and personal care stores","County, NAICS 5-digit -- by ownership sector","All establishment sizes",2,0,0,0,0,0,0,0
"13219",5,"44619",77,0,2007,4,"N","Oconee County, Georgia","Private","Other health and personal care stores","County, NAICS 5-digit -- by ownership sector","All establishment sizes",2,0,0,0,0,0,0,0
"13219",5,446191,78,0,2007,1,"N","Oconee County, Georgia","Private","Food, health, supplement stores","County, NAICS 6-digit -- by ownership sector","All establishment sizes",1,0,0,0,0,0,0,0
"13219",5,"446191",78,0,2007,2,"N","Oconee County, Georgia","Private","Food, health, supplement stores","County, NAICS 6-digit -- by ownership sector","All establishment sizes",1,0,0,0,0,0,0,0
"13219",5,"446191",78,0,2007,3,"N","Oconee County, Georgia","Private","Food, health, supplement stores","County, NAICS 6-digit -- by ownership sector","All establishment sizes",1,0,0,0,0,0,0,0
"13219",5,"446191",78,0,2007,4,"N","Oconee County, Georgia","Private","Food, health, supplement stores","County, NAICS 6-digit -- by ownership sector","All establishment sizes",1,0,0,0,0,0,0,0
"13219",5,446199,78,0,2007,1,"N","Oconee County, Georgia","Private","All other health and personal care stores","County, NAICS 6-digit -- by ownership sector","All establishment sizes",1,0,0,0,0,0,0,0
"13219",5,"446199",78,0,2007,2,"N","Oconee County, Georgia","Private","All other health and personal care stores","County, NAICS 6-digit -- by ownership sector","All establishment sizes",1,0,0,0,0,0,0,0
"13219",5,"446199",78,0,2007,3,"N","Oconee County, Georgia","Private","All other health and personal care stores","County, NAICS 6-digit -- by ownership sector","All establishment sizes",1,0,0,0,0,0,0,0
"13219",5,"446199",78,0,2007,4,"N","Oconee County, Georgia","Private","All other health and personal care stores","County, NAICS 6-digit -- by ownership sector","All establishment sizes",1,0,0,0,0,0,0,0
"13219",5,447,75,0,2007,1,"","Oconee County, Georgia","Private","Gasoline stations","County, NAICS 3-digit -- by ownership sector","All establishment sizes",12,77,79,80,324238,305751,1840,317
"13219",5,"447",75,0,2007,2,"","Oconee County, Georgia","Private","Gasoline stations","County, NAICS 3-digit -- by ownership sector","All establishment sizes",12,77,67,77,333572,212711,1125,348
"13219",5,"447",75,0,2007,3,"","Oconee County, Georgia","Private","Gasoline stations","County, NAICS 3-digit -- by ownership sector","All establishment sizes",12,71,78,87,312887,117285,700,306
"13219",5,"447",75,0,2007,4,"","Oconee County, Georgia","Private","Gasoline stations","County, NAICS 3-digit -- by ownership sector","All establishment sizes",12,82,83,85,331732,89010,560,306
"13219",5,4471,76,0,2007,1,"","Oconee County, Georgia","Private","Gasoline stations","County, NAICS 4-digit -- by ownership sector","All establishment sizes",12,77,79,80,324238,305751,1840,317
"13219",5,"4471",76,0,2007,2,"","Oconee County, Georgia","Private","Gasoline stations","County, NAICS 4-digit -- by ownership sector","All establishment sizes",12,77,67,77,333572,212711,1125,348
"13219",5,"4471",76,0,2007,3,"","Oconee County, Georgia","Private","Gasoline stations","County, NAICS 4-digit -- by ownership sector","All establishment sizes",12,71,78,87,312887,117285,700,306
"13219",5,"4471",76,0,2007,4,"","Oconee County, Georgia","Private","Gasoline stations","County, NAICS 4-digit -- by ownership sector","All establishment sizes",12,82,83,85,331732,89010,560,306
"13219",5,44711,77,0,2007,1,"N","Oconee County, Georgia","Private","Gasoline stations with convenience stores","County, NAICS 5-digit -- by ownership sector","All establishment sizes",11,0,0,0,0,0,0,0
"13219",5,"44711",77,0,2007,2,"N","Oconee County, Georgia","Private","Gasoline stations with convenience stores","County, NAICS 5-digit -- by ownership sector","All establishment sizes",11,0,0,0,0,0,0,0
"13219",5,"44711",77,0,2007,3,"N","Oconee County, Georgia","Private","Gasoline stations with convenience stores","County, NAICS 5-digit -- by ownership sector","All establishment sizes",11,0,0,0,0,0,0,0
"13219",5,"44711",77,0,2007,4,"N","Oconee County, Georgia","Private","Gasoline stations with convenience stores","County, NAICS 5-digit -- by ownership sector","All establishment sizes",11,0,0,0,0,0,0,0
"13219",5,447110,78,0,2007,1,"N","Oconee County, Georgia","Private","Gasoline stations with convenience stores","County, NAICS 6-digit -- by ownership sector","All establishment sizes",11,0,0,0,0,0,0,0
"13219",5,"447110",78,0,2007,2,"N","Oconee County, Georgia","Private","Gasoline stations with convenience stores","County, NAICS 6-digit -- by ownership sector","All establishment sizes",11,0,0,0,0,0,0,0
"13219",5,"447110",78,0,2007,3,"N","Oconee County, Georgia","Private","Gasoline stations with convenience stores","County, NAICS 6-digit -- by ownership sector","All establishment sizes",11,0,0,0,0,0,0,0
"13219",5,"447110",78,0,2007,4,"N","Oconee County, Georgia","Private","Gasoline stations with convenience stores","County, NAICS 6-digit -- by ownership sector","All establishment sizes",11,0,0,0,0,0,0,0
"13219",5,44719,77,0,2007,1,"N","Oconee County, Georgia","Private","Other gasoline stations","County, NAICS 5-digit -- by ownership sector","All establishment sizes",1,0,0,0,0,0,0,0
"13219",5,"44719",77,0,2007,2,"N","Oconee County, Georgia","Private","Other gasoline stations","County, NAICS 5-digit -- by ownership sector","All establishment sizes",1,0,0,0,0,0,0,0
"13219",5,"44719",77,0,2007,3,"N","Oconee County, Georgia","Private","Other gasoline stations","County, NAICS 5-digit -- by ownership sector","All establishment sizes",1,0,0,0,0,0,0,0
"13219",5,"44719",77,0,2007,4,"N","Oconee County, Georgia","Private","Other gasoline stations","County, NAICS 5-digit -- by ownership sector","All establishment sizes",1,0,0,0,0,0,0,0
"13219",5,447190,78,0,2007,1,"N","Oconee County, Georgia","Private","Other gasoline stations","County, NAICS 6-digit -- by ownership sector","All establishment sizes",1,0,0,0,0,0,0,0
"13219",5,"447190",78,0,2007,2,"N","Oconee County, Georgia","Private","Other gasoline stations","County, NAICS 6-digit -- by ownership sector","All establishment sizes",1,0,0,0,0,0,0,0
"13219",5,"447190",78,0,2007,3,"N","Oconee County, Georgia","Private","Other gasoline stations","County, NAICS 6-digit -- by ownership sector","All establishment sizes",1,0,0,0,0,0,0,0
"13219",5,"447190",78,0,2007,4,"N","Oconee County, Georgia","Private","Other gasoline stations","County, NAICS 6-digit -- by ownership sector","All establishment sizes",1,0,0,0,0,0,0,0
"13219",5,448,75,0,2007,1,"","Oconee County, Georgia","Private","Clothing and clothing accessories stores","County, NAICS 3-digit -- by ownership sector","All establishment sizes",3,19,18,20,62645,60485,426,254
"13219",5,"448",75,0,2007,2,"","Oconee County, Georgia","Private","Clothing and clothing accessories stores","County, NAICS 3-digit -- by ownership sector","All establishment sizes",3,18,20,20,58861,29344,308,234
"13219",5,"448",75,0,2007,3,"","Oconee County, Georgia","Private","Clothing and clothing accessories stores","County, NAICS 3-digit -- by ownership sector","All establishment sizes",4,18,19,19,75228,26777,320,310
"13219",5,"448",75,0,2007,4,"","Oconee County, Georgia","Private","Clothing and clothing accessories stores","County, NAICS 3-digit -- by ownership sector","All establishment sizes",4,24,17,15,68938,21525,302,284
"13219",5,4481,76,0,2007,1,"N","Oconee County, Georgia","Private","Clothing stores","County, NAICS 4-digit -- by ownership sector","All establishment sizes",1,0,0,0,0,0,0,0
"13219",5,"4481",76,0,2007,2,"N","Oconee County, Georgia","Private","Clothing stores","County, NAICS 4-digit -- by ownership sector","All establishment sizes",1,0,0,0,0,0,0,0
"13219",5,"4481",76,0,2007,3,"N","Oconee County, Georgia","Private","Clothing stores","County, NAICS 4-digit -- by ownership sector","All establishment sizes",2,0,0,0,0,0,0,0
"13219",5,"4481",76,0,2007,4,"N","Oconee County, Georgia","Private","Clothing stores","County, NAICS 4-digit -- by ownership sector","All establishment sizes",2,0,0,0,0,0,0,0
"13219",5,44812,77,0,2007,1,"N","Oconee County, Georgia","Private","Women's clothing stores","County, NAICS 5-digit -- by ownership sector","All establishment sizes",1,0,0,0,0,0,0,0
"13219",5,"44812",77,0,2007,2,"N","Oconee County, Georgia","Private","Women's clothing stores","County, NAICS 5-digit -- by ownership sector","All establishment sizes",1,0,0,0,0,0,0,0
"13219",5,"44812",77,0,2007,3,"N","Oconee County, Georgia","Private","Women's clothing stores","County, NAICS 5-digit -- by ownership sector","All establishment sizes",1,0,0,0,0,0,0,0
"13219",5,"44812",77,0,2007,4,"N","Oconee County, Georgia","Private","Women's clothing stores","County, NAICS 5-digit -- by ownership sector","All establishment sizes",1,0,0,0,0,0,0,0
"13219",5,448120,78,0,2007,1,"N","Oconee County, Georgia","Private","Women's clothing stores","County, NAICS 6-digit -- by ownership sector","All establishment sizes",1,0,0,0,0,0,0,0
"13219",5,"448120",78,0,2007,2,"N","Oconee County, Georgia","Private","Women's clothing stores","County, NAICS 6-digit -- by ownership sector","All establishment sizes",1,0,0,0,0,0,0,0
"13219",5,"448120",78,0,2007,3,"N","Oconee County, Georgia","Private","Women's clothing stores","County, NAICS 6-digit -- by ownership sector","All establishment sizes",1,0,0,0,0,0,0,0
"13219",5,"448120",78,0,2007,4,"N","Oconee County, Georgia","Private","Women's clothing stores","County, NAICS 6-digit -- by ownership sector","All establishment sizes",1,0,0,0,0,0,0,0
"13219",5,44815,77,0,2007,1,"-","Oconee County, Georgia","Private","Clothing accessories stores","County, NAICS 5-digit -- by ownership sector","All establishment sizes",0,0,0,0,0,0,0,0
"13219",5,"44815",77,0,2007,2,"-","Oconee County, Georgia","Private","Clothing accessories stores","County, NAICS 5-digit -- by ownership sector","All establishment sizes",0,0,0,0,0,0,0,0
"13219",5,"44815",77,0,2007,3,"N","Oconee County, Georgia","Private","Clothing accessories stores","County, NAICS 5-digit -- by ownership sector","All establishment sizes",1,0,0,0,0,0,0,0
"13219",5,"44815",77,0,2007,4,"N","Oconee County, Georgia","Private","Clothing accessories stores","County, NAICS 5-digit -- by ownership sector","All establishment sizes",1,0,0,0,0,0,0,0
"13219",5,448150,78,0,2007,1,"-","Oconee County, Georgia","Private","Clothing accessories stores","County, NAICS 6-digit -- by ownership sector","All establishment sizes",0,0,0,0,0,0,0,0
"13219",5,"448150",78,0,2007,2,"-","Oconee County, Georgia","Private","Clothing accessories stores","County, NAICS 6-digit -- by ownership sector","All establishment sizes",0,0,0,0,0,0,0,0
"13219",5,"448150",78,0,2007,3,"N","Oconee County, Georgia","Private","Clothing accessories stores","County, NAICS 6-digit -- by ownership sector","All establishment sizes",1,0,0,0,0,0,0,0
"13219",5,"448150",78,0,2007,4,"N","Oconee County, Georgia","Private","Clothing accessories stores","County, NAICS 6-digit -- by ownership sector","All establishment sizes",1,0,0,0,0,0,0,0
"13219",5,4482,76,0,2007,1,"N","Oconee County, Georgia","Private","Shoe stores","County, NAICS 4-digit -- by ownership sector","All establishment sizes",1,0,0,0,0,0,0,0
"13219",5,"4482",76,0,2007,2,"N","Oconee County, Georgia","Private","Shoe stores","County, NAICS 4-digit -- by ownership sector","All establishment sizes",1,0,0,0,0,0,0,0
"13219",5,"4482",76,0,2007,3,"N","Oconee County, Georgia","Private","Shoe stores","County, NAICS 4-digit -- by ownership sector","All establishment sizes",1,0,0,0,0,0,0,0
"13219",5,"4482",76,0,2007,4,"N","Oconee County, Georgia","Private","Shoe stores","County, NAICS 4-digit -- by ownership sector","All establishment sizes",1,0,0,0,0,0,0,0
"13219",5,44821,77,0,2007,1,"N","Oconee County, Georgia","Private","Shoe stores","County, NAICS 5-digit -- by ownership sector","All establishment sizes",1,0,0,0,0,0,0,0
"13219",5,"44821",77,0,2007,2,"N","Oconee County, Georgia","Private","Shoe stores","County, NAICS 5-digit -- by ownership sector","All establishment sizes",1,0,0,0,0,0,0,0
"13219",5,"44821",77,0,2007,3,"N","Oconee County, Georgia","Private","Shoe stores","County, NAICS 5-digit -- by ownership sector","All establishment sizes",1,0,0,0,0,0,0,0
"13219",5,"44821",77,0,2007,4,"N","Oconee County, Georgia","Private","Shoe stores","County, NAICS 5-digit -- by ownership sector","All establishment sizes",1,0,0,0,0,0,0,0
"13219",5,448210,78,0,2007,1,"N","Oconee County, Georgia","Private","Shoe stores","County, NAICS 6-digit -- by ownership sector","All establishment sizes",1,0,0,0,0,0,0,0
"13219",5,"448210",78,0,2007,2,"N","Oconee County, Georgia","Private","Shoe stores","County, NAICS 6-digit -- by ownership sector","All establishment sizes",1,0,0,0,0,0,0,0
"13219",5,"448210",78,0,2007,3,"N","Oconee County, Georgia","Private","Shoe stores","County, NAICS 6-digit -- by ownership sector","All establishment sizes",1,0,0,0,0,0,0,0
"13219",5,"448210",78,0,2007,4,"N","Oconee County, Georgia","Private","Shoe stores","County, NAICS 6-digit -- by ownership sector","All establishment sizes",1,0,0,0,0,0,0,0
"13219",5,4483,76,0,2007,1,"N","Oconee County, Georgia","Private","Jewelry, luggage, and leather goods stores","County, NAICS 4-digit -- by ownership sector","All establishment sizes",1,0,0,0,0,0,0,0
"13219",5,"4483",76,0,2007,2,"N","Oconee County, Georgia","Private","Jewelry, luggage, and leather goods stores","County, NAICS 4-digit -- by ownership sector","All establishment sizes",1,0,0,0,0,0,0,0
"13219",5,"4483",76,0,2007,3,"N","Oconee County, Georgia","Private","Jewelry, luggage, and leather goods stores","County, NAICS 4-digit -- by ownership sector","All establishment sizes",1,0,0,0,0,0,0,0
"13219",5,"4483",76,0,2007,4,"N","Oconee County, Georgia","Private","Jewelry, luggage, and leather goods stores","County, NAICS 4-digit -- by ownership sector","All establishment sizes",1,0,0,0,0,0,0,0
"13219",5,44831,77,0,2007,1,"N","Oconee County, Georgia","Private","Jewelry stores","County, NAICS 5-digit -- by ownership sector","All establishment sizes",1,0,0,0,0,0,0,0
"13219",5,"44831",77,0,2007,2,"N","Oconee County, Georgia","Private","Jewelry stores","County, NAICS 5-digit -- by ownership sector","All establishment sizes",1,0,0,0,0,0,0,0
"13219",5,"44831",77,0,2007,3,"N","Oconee County, Georgia","Private","Jewelry stores","County, NAICS 5-digit -- by ownership sector","All establishment sizes",1,0,0,0,0,0,0,0
"13219",5,"44831",77,0,2007,4,"N","Oconee County, Georgia","Private","Jewelry stores","County, NAICS 5-digit -- by ownership sector","All establishment sizes",1,0,0,0,0,0,0,0
"13219",5,448310,78,0,2007,1,"N","Oconee County, Georgia","Private","Jewelry stores","County, NAICS 6-digit -- by ownership sector","All establishment sizes",1,0,0,0,0,0,0,0
"13219",5,"448310",78,0,2007,2,"N","Oconee County, Georgia","Private","Jewelry stores","County, NAICS 6-digit -- by ownership sector","All establishment sizes",1,0,0,0,0,0,0,0
"13219",5,"448310",78,0,2007,3,"N","Oconee County, Georgia","Private","Jewelry stores","County, NAICS 6-digit -- by ownership sector","All establishment sizes",1,0,0,0,0,0,0,0
"13219",5,"448310",78,0,2007,4,"N","Oconee County, Georgia","Private","Jewelry stores","County, NAICS 6-digit -- by ownership sector","All establishment sizes",1,0,0,0,0,0,0,0
"13219",5,451,75,0,2007,1,"","Oconee County, Georgia","Private","Sporting goods, hobby, book and music stores","County, NAICS 3-digit -- by ownership sector","All establishment sizes",6,20,21,22,31204,26309,439,114
"13219",5,"451",75,0,2007,2,"","Oconee County, Georgia","Private","Sporting goods, hobby, book and music stores","County, NAICS 3-digit -- by ownership sector","All establishment sizes",6,19,18,19,32563,19722,369,134
"13219",5,"451",75,0,2007,3,"","Oconee County, Georgia","Private","Sporting goods, hobby, book and music stores","County, NAICS 3-digit -- by ownership sector","All establishment sizes",7,15,15,24,35782,23468,297,153
"13219",5,"451",75,0,2007,4,"","Oconee County, Georgia","Private","Sporting goods, hobby, book and music stores","County, NAICS 3-digit -- by ownership sector","All establishment sizes",7,25,23,21,57134,33606,508,191
"13219",5,4511,76,0,2007,1,"N","Oconee County, Georgia","Private","Sporting goods and musical instrument stores","County, NAICS 4-digit -- by ownership sector","All establishment sizes",5,0,0,0,0,0,0,0
"13219",5,"4511",76,0,2007,2,"N","Oconee County, Georgia","Private","Sporting goods and musical instrument stores","County, NAICS 4-digit -- by ownership sector","All establishment sizes",5,0,0,0,0,0,0,0
"13219",5,"4511",76,0,2007,3,"N","Oconee County, Georgia","Private","Sporting goods and musical instrument stores","County, NAICS 4-digit -- by ownership sector","All establishment sizes",5,0,0,0,0,0,0,0
"13219",5,"4511",76,0,2007,4,"N","Oconee County, Georgia","Private","Sporting goods and musical instrument stores","County, NAICS 4-digit -- by ownership sector","All establishment sizes",5,0,0,0,0,0,0,0
"13219",5,45111,77,0,2007,1,"N","Oconee County, Georgia","Private","Sporting goods stores","County, NAICS 5-digit -- by ownership sector","All establishment sizes",1,0,0,0,0,0,0,0
"13219",5,"45111",77,0,2007,2,"N","Oconee County, Georgia","Private","Sporting goods stores","County, NAICS 5-digit -- by ownership sector","All establishment sizes",1,0,0,0,0,0,0,0
"13219",5,"45111",77,0,2007,3,"N","Oconee County, Georgia","Private","Sporting goods stores","County, NAICS 5-digit -- by ownership sector","All establishment sizes",1,0,0,0,0,0,0,0
"13219",5,"45111",77,0,2007,4,"N","Oconee County, Georgia","Private","Sporting goods stores","County, NAICS 5-digit -- by ownership sector","All establishment sizes",1,0,0,0,0,0,0,0
"13219",5,451110,78,0,2007,1,"N","Oconee County, Georgia","Private","Sporting goods stores","County, NAICS 6-digit -- by ownership sector","All establishment sizes",1,0,0,0,0,0,0,0
"13219",5,"451110",78,0,2007,2,"N","Oconee County, Georgia","Private","Sporting goods stores","County, NAICS 6-digit -- by ownership sector","All establishment sizes",1,0,0,0,0,0,0,0
"13219",5,"451110",78,0,2007,3,"N","Oconee County, Georgia","Private","Sporting goods stores","County, NAICS 6-digit -- by ownership sector","All establishment sizes",1,0,0,0,0,0,0,0
"13219",5,"451110",78,0,2007,4,"N","Oconee County, Georgia","Private","Sporting goods stores","County, NAICS 6-digit -- by ownership sector","All establishment sizes",1,0,0,0,0,0,0,0
"13219",5,45112,77,0,2007,1,"N","Oconee County, Georgia","Private","Hobby, toy, and game stores","County, NAICS 5-digit -- by ownership sector","All establishment sizes",2,0,0,0,0,0,0,0
"13219",5,"45112",77,0,2007,2,"N","Oconee County, Georgia","Private","Hobby, toy, and game stores","County, NAICS 5-digit -- by ownership sector","All establishment sizes",2,0,0,0,0,0,0,0
"13219",5,"45112",77,0,2007,3,"N","Oconee County, Georgia","Private","Hobby, toy, and game stores","County, NAICS 5-digit -- by ownership sector","All establishment sizes",2,0,0,0,0,0,0,0
"13219",5,"45112",77,0,2007,4,"N","Oconee County, Georgia","Private","Hobby, toy, and game stores","County, NAICS 5-digit -- by ownership sector","All establishment sizes",2,0,0,0,0,0,0,0
"13219",5,451120,78,0,2007,1,"N","Oconee County, Georgia","Private","Hobby, toy, and game stores","County, NAICS 6-digit -- by ownership sector","All establishment sizes",2,0,0,0,0,0,0,0
"13219",5,"451120",78,0,2007,2,"N","Oconee County, Georgia","Private","Hobby, toy, and game stores","County, NAICS 6-digit -- by ownership sector","All establishment sizes",2,0,0,0,0,0,0,0
"13219",5,"451120",78,0,2007,3,"N","Oconee County, Georgia","Private","Hobby, toy, and game stores","County, NAICS 6-digit -- by ownership sector","All establishment sizes",2,0,0,0,0,0,0,0
"13219",5,"451120",78,0,2007,4,"N","Oconee County, Georgia","Private","Hobby, toy, and game stores","County, NAICS 6-digit -- by ownership sector","All establishment sizes",2,0,0,0,0,0,0,0
"13219",5,45113,77,0,2007,1,"N","Oconee County, Georgia","Private","Sewing, needlework, and piece goods stores","County, NAICS 5-digit -- by ownership sector","All establishment sizes",2,0,0,0,0,0,0,0
"13219",5,"45113",77,0,2007,2,"N","Oconee County, Georgia","Private","Sewing, needlework, and piece goods stores","County, NAICS 5-digit -- by ownership sector","All establishment sizes",2,0,0,0,0,0,0,0
"13219",5,"45113",77,0,2007,3,"N","Oconee County, Georgia","Private","Sewing, needlework, and piece goods stores","County, NAICS 5-digit -- by ownership sector","All establishment sizes",2,0,0,0,0,0,0,0
"13219",5,"45113",77,0,2007,4,"N","Oconee County, Georgia","Private","Sewing, needlework, and piece goods stores","County, NAICS 5-digit -- by ownership sector","All establishment sizes",2,0,0,0,0,0,0,0
"13219",5,451130,78,0,2007,1,"N","Oconee County, Georgia","Private","Sewing, needlework, and piece goods stores","County, NAICS 6-digit -- by ownership sector","All establishment sizes",2,0,0,0,0,0,0,0
"13219",5,"451130",78,0,2007,2,"N","Oconee County, Georgia","Private","Sewing, needlework, and piece goods stores","County, NAICS 6-digit -- by ownership sector","All establishment sizes",2,0,0,0,0,0,0,0
"13219",5,"451130",78,0,2007,3,"N","Oconee County, Georgia","Private","Sewing, needlework, and piece goods stores","County, NAICS 6-digit -- by ownership sector","All establishment sizes",2,0,0,0,0,0,0,0
"13219",5,"451130",78,0,2007,4,"N","Oconee County, Georgia","Private","Sewing, needlework, and piece goods stores","County, NAICS 6-digit -- by ownership sector","All establishment sizes",2,0,0,0,0,0,0,0
"13219",5,4512,76,0,2007,1,"N","Oconee County, Georgia","Private","Book, periodical, and music stores","County, NAICS 4-digit -- by ownership sector","All establishment sizes",1,0,0,0,0,0,0,0
"13219",5,"4512",76,0,2007,2,"N","Oconee County, Georgia","Private","Book, periodical, and music stores","County, NAICS 4-digit -- by ownership sector","All establishment sizes",1,0,0,0,0,0,0,0
"13219",5,"4512",76,0,2007,3,"N","Oconee County, Georgia","Private","Book, periodical, and music stores","County, NAICS 4-digit -- by ownership sector","All establishment sizes",2,0,0,0,0,0,0,0
"13219",5,"4512",76,0,2007,4,"N","Oconee County, Georgia","Private","Book, periodical, and music stores","County, NAICS 4-digit -- by ownership sector","All establishment sizes",2,0,0,0,0,0,0,0
"13219",5,45121,77,0,2007,1,"N","Oconee County, Georgia","Private","Book stores and news dealers","County, NAICS 5-digit -- by ownership sector","All establishment sizes",1,0,0,0,0,0,0,0
"13219",5,"45121",77,0,2007,2,"N","Oconee County, Georgia","Private","Book stores and news dealers","County, NAICS 5-digit -- by ownership sector","All establishment sizes",1,0,0,0,0,0,0,0
"13219",5,"45121",77,0,2007,3,"N","Oconee County, Georgia","Private","Book stores and news dealers","County, NAICS 5-digit -- by ownership sector","All establishment sizes",2,0,0,0,0,0,0,0
"13219",5,"45121",77,0,2007,4,"N","Oconee County, Georgia","Private","Book stores and news dealers","County, NAICS 5-digit -- by ownership sector","All establishment sizes",2,0,0,0,0,0,0,0
"13219",5,451211,78,0,2007,1,"N","Oconee County, Georgia","Private","Book stores","County, NAICS 6-digit -- by ownership sector","All establishment sizes",1,0,0,0,0,0,0,0
"13219",5,"451211",78,0,2007,2,"N","Oconee County, Georgia","Private","Book stores","County, NAICS 6-digit -- by ownership sector","All establishment sizes",1,0,0,0,0,0,0,0
"13219",5,"451211",78,0,2007,3,"N","Oconee County, Georgia","Private","Book stores","County, NAICS 6-digit -- by ownership sector","All establishment sizes",2,0,0,0,0,0,0,0
"13219",5,"451211",78,0,2007,4,"N","Oconee County, Georgia","Private","Book stores","County, NAICS 6-digit -- by ownership sector","All establishment sizes",2,0,0,0,0,0,0,0
"13219",5,452,75,0,2007,1,"N","Oconee County, Georgia","Private","General merchandise stores","County, NAICS 3-digit -- by ownership sector","All establishment sizes",2,0,0,0,0,0,0,0
"13219",5,"452",75,0,2007,2,"N","Oconee County, Georgia","Private","General merchandise stores","County, NAICS 3-digit -- by ownership sector","All establishment sizes",2,0,0,0,0,0,0,0
"13219",5,"452",75,0,2007,3,"N","Oconee County, Georgia","Private","General merchandise stores","County, NAICS 3-digit -- by ownership sector","All establishment sizes",2,0,0,0,0,0,0,0
"13219",5,"452",75,0,2007,4,"N","Oconee County, Georgia","Private","General merchandise stores","County, NAICS 3-digit -- by ownership sector","All establishment sizes",2,0,0,0,0,0,0,0
"13219",5,4521,76,0,2007,1,"N","Oconee County, Georgia","Private","Department stores","County, NAICS 4-digit -- by ownership sector","All establishment sizes",1,0,0,0,0,0,0,0
"13219",5,"4521",76,0,2007,2,"N","Oconee County, Georgia","Private","Department stores","County, NAICS 4-digit -- by ownership sector","All establishment sizes",1,0,0,0,0,0,0,0
"13219",5,"4521",76,0,2007,3,"N","Oconee County, Georgia","Private","Department stores","County, NAICS 4-digit -- by ownership sector","All establishment sizes",1,0,0,0,0,0,0,0
"13219",5,"4521",76,0,2007,4,"N","Oconee County, Georgia","Private","Department stores","County, NAICS 4-digit -- by ownership sector","All establishment sizes",1,0,0,0,0,0,0,0
"13219",5,45211,77,0,2007,1,"N","Oconee County, Georgia","Private","Department stores","County, NAICS 5-digit -- by ownership sector","All establishment sizes",1,0,0,0,0,0,0,0
"13219",5,"45211",77,0,2007,2,"N","Oconee County, Georgia","Private","Department stores","County, NAICS 5-digit -- by ownership sector","All establishment sizes",1,0,0,0,0,0,0,0
"13219",5,"45211",77,0,2007,3,"N","Oconee County, Georgia","Private","Department stores","County, NAICS 5-digit -- by ownership sector","All establishment sizes",1,0,0,0,0,0,0,0
"13219",5,"45211",77,0,2007,4,"N","Oconee County, Georgia","Private","Department stores","County, NAICS 5-digit -- by ownership sector","All establishment sizes",1,0,0,0,0,0,0,0
"13219",5,452112,78,0,2007,1,"N","Oconee County, Georgia","Private","Discount department stores","County, NAICS 6-digit -- by ownership sector","All establishment sizes",1,0,0,0,0,0,0,0
"13219",5,"452112",78,0,2007,2,"N","Oconee County, Georgia","Private","Discount department stores","County, NAICS 6-digit -- by ownership sector","All establishment sizes",1,0,0,0,0,0,0,0
"13219",5,"452112",78,0,2007,3,"N","Oconee County, Georgia","Private","Discount department stores","County, NAICS 6-digit -- by ownership sector","All establishment sizes",1,0,0,0,0,0,0,0
"13219",5,"452112",78,0,2007,4,"N","Oconee County, Georgia","Private","Discount department stores","County, NAICS 6-digit -- by ownership sector","All establishment sizes",1,0,0,0,0,0,0,0
"13219",5,4529,76,0,2007,1,"N","Oconee County, Georgia","Private","Other general merchandise stores","County, NAICS 4-digit -- by ownership sector","All establishment sizes",1,0,0,0,0,0,0,0
"13219",5,"4529",76,0,2007,2,"N","Oconee County, Georgia","Private","Other general merchandise stores","County, NAICS 4-digit -- by ownership sector","All establishment sizes",1,0,0,0,0,0,0,0
"13219",5,"4529",76,0,2007,3,"N","Oconee County, Georgia","Private","Other general merchandise stores","County, NAICS 4-digit -- by ownership sector","All establishment sizes",1,0,0,0,0,0,0,0
"13219",5,"4529",76,0,2007,4,"N","Oconee County, Georgia","Private","Other general merchandise stores","County, NAICS 4-digit -- by ownership sector","All establishment sizes",1,0,0,0,0,0,0,0
"13219",5,45299,77,0,2007,1,"N","Oconee County, Georgia","Private","All other general merchandise stores","County, NAICS 5-digit -- by ownership sector","All establishment sizes",1,0,0,0,0,0,0,0
"13219",5,"45299",77,0,2007,2,"N","Oconee County, Georgia","Private","All other general merchandise stores","County, NAICS 5-digit -- by ownership sector","All establishment sizes",1,0,0,0,0,0,0,0
"13219",5,"45299",77,0,2007,3,"N","Oconee County, Georgia","Private","All other general merchandise stores","County, NAICS 5-digit -- by ownership sector","All establishment sizes",1,0,0,0,0,0,0,0
"13219",5,"45299",77,0,2007,4,"N","Oconee County, Georgia","Private","All other general merchandise stores","County, NAICS 5-digit -- by ownership sector","All establishment sizes",1,0,0,0,0,0,0,0
"13219",5,452990,78,0,2007,1,"N","Oconee County, Georgia","Private","All other general merchandise stores","County, NAICS 6-digit -- by ownership sector","All establishment sizes",1,0,0,0,0,0,0,0
"13219",5,"452990",78,0,2007,2,"N","Oconee County, Georgia","Private","All other general merchandise stores","County, NAICS 6-digit -- by ownership sector","All establishment sizes",1,0,0,0,0,0,0,0
"13219",5,"452990",78,0,2007,3,"N","Oconee County, Georgia","Private","All other general merchandise stores","County, NAICS 6-digit -- by ownership sector","All establishment sizes",1,0,0,0,0,0,0,0
"13219",5,"452990",78,0,2007,4,"N","Oconee County, Georgia","Private","All other general merchandise stores","County, NAICS 6-digit -- by ownership sector","All establishment sizes",1,0,0,0,0,0,0,0
"13219",5,453,75,0,2007,1,"","Oconee County, Georgia","Private","Miscellaneous store retailers","County, NAICS 3-digit -- by ownership sector","All establishment sizes",9,41,55,56,138848,129311,1488,211
"13219",5,"453",75,0,2007,2,"","Oconee County, Georgia","Private","Miscellaneous store retailers","County, NAICS 3-digit -- by ownership sector","All establishment sizes",10,59,57,54,169041,129112,1871,229
"13219",5,"453",75,0,2007,3,"","Oconee County, Georgia","Private","Miscellaneous store retailers","County, NAICS 3-digit -- by ownership sector","All establishment sizes",10,54,55,58,169630,88519,1373,234
"13219",5,"453",75,0,2007,4,"","Oconee County, Georgia","Private","Miscellaneous store retailers","County, NAICS 3-digit -- by ownership sector","All establishment sizes",10,58,65,61,213660,102818,1328,268
"13219",5,4531,76,0,2007,1,"N","Oconee County, Georgia","Private","Florists","County, NAICS 4-digit -- by ownership sector","All establishment sizes",1,0,0,0,0,0,0,0
"13219",5,"4531",76,0,2007,2,"N","Oconee County, Georgia","Private","Florists","County, NAICS 4-digit -- by ownership sector","All establishment sizes",1,0,0,0,0,0,0,0
"13219",5,"4531",76,0,2007,3,"N","Oconee County, Georgia","Private","Florists","County, NAICS 4-digit -- by ownership sector","All establishment sizes",1,0,0,0,0,0,0,0
"13219",5,"4531",76,0,2007,4,"N","Oconee County, Georgia","Private","Florists","County, NAICS 4-digit -- by ownership sector","All establishment sizes",1,0,0,0,0,0,0,0
"13219",5,45311,77,0,2007,1,"N","Oconee County, Georgia","Private","Florists","County, NAICS 5-digit -- by ownership sector","All establishment sizes",1,0,0,0,0,0,0,0
"13219",5,"45311",77,0,2007,2,"N","Oconee County, Georgia","Private","Florists","County, NAICS 5-digit -- by ownership sector","All establishment sizes",1,0,0,0,0,0,0,0
"13219",5,"45311",77,0,2007,3,"N","Oconee County, Georgia","Private","Florists","County, NAICS 5-digit -- by ownership sector","All establishment sizes",1,0,0,0,0,0,0,0
"13219",5,"45311",77,0,2007,4,"N","Oconee County, Georgia","Private","Florists","County, NAICS 5-digit -- by ownership sector","All establishment sizes",1,0,0,0,0,0,0,0
"13219",5,453110,78,0,2007,1,"N","Oconee County, Georgia","Private","Florists","County, NAICS 6-digit -- by ownership sector","All establishment sizes",1,0,0,0,0,0,0,0
"13219",5,"453110",78,0,2007,2,"N","Oconee County, Georgia","Private","Florists","County, NAICS 6-digit -- by ownership sector","All establishment sizes",1,0,0,0,0,0,0,0
"13219",5,"453110",78,0,2007,3,"N","Oconee County, Georgia","Private","Florists","County, NAICS 6-digit -- by ownership sector","All establishment sizes",1,0,0,0,0,0,0,0
"13219",5,"453110",78,0,2007,4,"N","Oconee County, Georgia","Private","Florists","County, NAICS 6-digit -- by ownership sector","All establishment sizes",1,0,0,0,0,0,0,0
"13219",5,4532,76,0,2007,1,"","Oconee County, Georgia","Private","Office supplies, stationery, and gift stores","County, NAICS 4-digit -- by ownership sector","All establishment sizes",4,3,12,12,36265,34078,225,310
"13219",5,"4532",76,0,2007,2,"","Oconee County, Georgia","Private","Office supplies, stationery, and gift stores","County, NAICS 4-digit -- by ownership sector","All establishment sizes",5,11,14,14,48671,30708,181,288
"13219",5,"4532",76,0,2007,3,"","Oconee County, Georgia","Private","Office supplies, stationery, and gift stores","County, NAICS 4-digit -- by ownership sector","All establishment sizes",5,11,18,18,66545,37406,694,327
"13219",5,"4532",76,0,2007,4,"","Oconee County, Georgia","Private","Office supplies, stationery, and gift stores","County, NAICS 4-digit -- by ownership sector","All establishment sizes",5,20,25,24,123018,57315,824,411
"13219",5,45321,77,0,2007,1,"N","Oconee County, Georgia","Private","Office supplies and stationery stores","County, NAICS 5-digit -- by ownership sector","All establishment sizes",1,0,0,0,0,0,0,0
"13219",5,"45321",77,0,2007,2,"N","Oconee County, Georgia","Private","Office supplies and stationery stores","County, NAICS 5-digit -- by ownership sector","All establishment sizes",2,0,0,0,0,0,0,0
"13219",5,"45321",77,0,2007,3,"N","Oconee County, Georgia","Private","Office supplies and stationery stores","County, NAICS 5-digit -- by ownership sector","All establishment sizes",2,0,0,0,0,0,0,0
"13219",5,"45321",77,0,2007,4,"N","Oconee County, Georgia","Private","Office supplies and stationery stores","County, NAICS 5-digit -- by ownership sector","All establishment sizes",2,0,0,0,0,0,0,0
"13219",5,453210,78,0,2007,1,"N","Oconee County, Georgia","Private","Office supplies and stationery stores","County, NAICS 6-digit -- by ownership sector","All establishment sizes",1,0,0,0,0,0,0,0
"13219",5,"453210",78,0,2007,2,"N","Oconee County, Georgia","Private","Office supplies and stationery stores","County, NAICS 6-digit -- by ownership sector","All establishment sizes",2,0,0,0,0,0,0,0
"13219",5,"453210",78,0,2007,3,"N","Oconee County, Georgia","Private","Office supplies and stationery stores","County, NAICS 6-digit -- by ownership sector","All establishment sizes",2,0,0,0,0,0,0,0
"13219",5,"453210",78,0,2007,4,"N","Oconee County, Georgia","Private","Office supplies and stationery stores","County, NAICS 6-digit -- by ownership sector","All establishment sizes",2,0,0,0,0,0,0,0
"13219",5,45322,77,0,2007,1,"N","Oconee County, Georgia","Private","Gift, novelty, and souvenir stores","County, NAICS 5-digit -- by ownership sector","All establishment sizes",3,0,0,0,0,0,0,0
"13219",5,"45322",77,0,2007,2,"N","Oconee County, Georgia","Private","Gift, novelty, and souvenir stores","County, NAICS 5-digit -- by ownership sector","All establishment sizes",3,0,0,0,0,0,0,0
"13219",5,"45322",77,0,2007,3,"N","Oconee County, Georgia","Private","Gift, novelty, and souvenir stores","County, NAICS 5-digit -- by ownership sector","All establishment sizes",3,0,0,0,0,0,0,0
"13219",5,"45322",77,0,2007,4,"N","Oconee County, Georgia","Private","Gift, novelty, and souvenir stores","County, NAICS 5-digit -- by ownership sector","All establishment sizes",3,0,0,0,0,0,0,0
"13219",5,453220,78,0,2007,1,"N","Oconee County, Georgia","Private","Gift, novelty, and souvenir stores","County, NAICS 6-digit -- by ownership sector","All establishment sizes",3,0,0,0,0,0,0,0
"13219",5,"453220",78,0,2007,2,"N","Oconee County, Georgia","Private","Gift, novelty, and souvenir stores","County, NAICS 6-digit -- by ownership sector","All establishment sizes",3,0,0,0,0,0,0,0
"13219",5,"453220",78,0,2007,3,"N","Oconee County, Georgia","Private","Gift, novelty, and souvenir stores","County, NAICS 6-digit -- by ownership sector","All establishment sizes",3,0,0,0,0,0,0,0
"13219",5,"453220",78,0,2007,4,"N","Oconee County, Georgia","Private","Gift, novelty, and souvenir stores","County, NAICS 6-digit -- by ownership sector","All establishment sizes",3,0,0,0,0,0,0,0
"13219",5,4533,76,0,2007,1,"N","Oconee County, Georgia","Private","Used merchandise stores","County, NAICS 4-digit -- by ownership sector","All establishment sizes",1,0,0,0,0,0,0,0
"13219",5,"4533",76,0,2007,2,"N","Oconee County, Georgia","Private","Used merchandise stores","County, NAICS 4-digit -- by ownership sector","All establishment sizes",1,0,0,0,0,0,0,0
"13219",5,"4533",76,0,2007,3,"N","Oconee County, Georgia","Private","Used merchandise stores","County, NAICS 4-digit -- by ownership sector","All establishment sizes",1,0,0,0,0,0,0,0
"13219",5,"4533",76,0,2007,4,"N","Oconee County, Georgia","Private","Used merchandise stores","County, NAICS 4-digit -- by ownership sector","All establishment sizes",1,0,0,0,0,0,0,0
"13219",5,45331,77,0,2007,1,"N","Oconee County, Georgia","Private","Used merchandise stores","County, NAICS 5-digit -- by ownership sector","All establishment sizes",1,0,0,0,0,0,0,0
"13219",5,"45331",77,0,2007,2,"N","Oconee County, Georgia","Private","Used merchandise stores","County, NAICS 5-digit -- by ownership sector","All establishment sizes",1,0,0,0,0,0,0,0
"13219",5,"45331",77,0,2007,3,"N","Oconee County, Georgia","Private","Used merchandise stores","County, NAICS 5-digit -- by ownership sector","All establishment sizes",1,0,0,0,0,0,0,0
"13219",5,"45331",77,0,2007,4,"N","Oconee County, Georgia","Private","Used merchandise stores","County, NAICS 5-digit -- by ownership sector","All establishment sizes",1,0,0,0,0,0,0,0
"13219",5,453310,78,0,2007,1,"N","Oconee County, Georgia","Private","Used merchandise stores","County, NAICS 6-digit -- by ownership sector","All establishment sizes",1,0,0,0,0,0,0,0
"13219",5,"453310",78,0,2007,2,"N","Oconee County, Georgia","Private","Used merchandise stores","County, NAICS 6-digit -- by ownership sector","All establishment sizes",1,0,0,0,0,0,0,0
"13219",5,"453310",78,0,2007,3,"N","Oconee County, Georgia","Private","Used merchandise stores","County, NAICS 6-digit -- by ownership sector","All establishment sizes",1,0,0,0,0,0,0,0
"13219",5,"453310",78,0,2007,4,"N","Oconee County, Georgia","Private","Used merchandise stores","County, NAICS 6-digit -- by ownership sector","All establishment sizes",1,0,0,0,0,0,0,0
"13219",5,4539,76,0,2007,1,"N","Oconee County, Georgia","Private","Other miscellaneous store retailers","County, NAICS 4-digit -- by ownership sector","All establishment sizes",3,0,0,0,0,0,0,0
"13219",5,"4539",76,0,2007,2,"N","Oconee County, Georgia","Private","Other miscellaneous store retailers","County, NAICS 4-digit -- by ownership sector","All establishment sizes",3,0,0,0,0,0,0,0
"13219",5,"4539",76,0,2007,3,"N","Oconee County, Georgia","Private","Other miscellaneous store retailers","County, NAICS 4-digit -- by ownership sector","All establishment sizes",3,0,0,0,0,0,0,0
"13219",5,"4539",76,0,2007,4,"N","Oconee County, Georgia","Private","Other miscellaneous store retailers","County, NAICS 4-digit -- by ownership sector","All establishment sizes",3,0,0,0,0,0,0,0
"13219",5,45391,77,0,2007,1,"N","Oconee County, Georgia","Private","Pet and pet supplies stores","County, NAICS 5-digit -- by ownership sector","All establishment sizes",1,0,0,0,0,0,0,0
"13219",5,"45391",77,0,2007,2,"N","Oconee County, Georgia","Private","Pet and pet supplies stores","County, NAICS 5-digit -- by ownership sector","All establishment sizes",1,0,0,0,0,0,0,0
"13219",5,"45391",77,0,2007,3,"N","Oconee County, Georgia","Private","Pet and pet supplies stores","County, NAICS 5-digit -- by ownership sector","All establishment sizes",1,0,0,0,0,0,0,0
"13219",5,"45391",77,0,2007,4,"N","Oconee County, Georgia","Private","Pet and pet supplies stores","County, NAICS 5-digit -- by ownership sector","All establishment sizes",1,0,0,0,0,0,0,0
"13219",5,453910,78,0,2007,1,"N","Oconee County, Georgia","Private","Pet and pet supplies stores","County, NAICS 6-digit -- by ownership sector","All establishment sizes",1,0,0,0,0,0,0,0
"13219",5,"453910",78,0,2007,2,"N","Oconee County, Georgia","Private","Pet and pet supplies stores","County, NAICS 6-digit -- by ownership sector","All establishment sizes",1,0,0,0,0,0,0,0
"13219",5,"453910",78,0,2007,3,"N","Oconee County, Georgia","Private","Pet and pet supplies stores","County, NAICS 6-digit -- by ownership sector","All establishment sizes",1,0,0,0,0,0,0,0
"13219",5,"453910",78,0,2007,4,"N","Oconee County, Georgia","Private","Pet and pet supplies stores","County, NAICS 6-digit -- by ownership sector","All establishment sizes",1,0,0,0,0,0,0,0
"13219",5,45399,77,0,2007,1,"N","Oconee County, Georgia","Private","All other miscellaneous store retailers","County, NAICS 5-digit -- by ownership sector","All establishment sizes",2,0,0,0,0,0,0,0
"13219",5,"45399",77,0,2007,2,"N","Oconee County, Georgia","Private","All other miscellaneous store retailers","County, NAICS 5-digit -- by ownership sector","All establishment sizes",2,0,0,0,0,0,0,0
"13219",5,"45399",77,0,2007,3,"N","Oconee County, Georgia","Private","All other miscellaneous store retailers","County, NAICS 5-digit -- by ownership sector","All establishment sizes",2,0,0,0,0,0,0,0
"13219",5,"45399",77,0,2007,4,"N","Oconee County, Georgia","Private","All other miscellaneous store retailers","County, NAICS 5-digit -- by ownership sector","All establishment sizes",2,0,0,0,0,0,0,0
"13219",5,453998,78,0,2007,1,"N","Oconee County, Georgia","Private","Store retailers not specified elsewhere","County, NAICS 6-digit -- by ownership sector","All establishment sizes",2,0,0,0,0,0,0,0
"13219",5,"453998",78,0,2007,2,"N","Oconee County, Georgia","Private","Store retailers not specified elsewhere","County, NAICS 6-digit -- by ownership sector","All establishment sizes",2,0,0,0,0,0,0,0
"13219",5,"453998",78,0,2007,3,"N","Oconee County, Georgia","Private","Store retailers not specified elsewhere","County, NAICS 6-digit -- by ownership sector","All establishment sizes",2,0,0,0,0,0,0,0
"13219",5,"453998",78,0,2007,4,"N","Oconee County, Georgia","Private","Store retailers not specified elsewhere","County, NAICS 6-digit -- by ownership sector","All establishment sizes",2,0,0,0,0,0,0,0
"13219",5,454,75,0,2007,1,"N","Oconee County, Georgia","Private","Nonstore retailers","County, NAICS 3-digit -- by ownership sector","All establishment sizes",6,0,0,0,0,0,0,0
"13219",5,"454",75,0,2007,2,"N","Oconee County, Georgia","Private","Nonstore retailers","County, NAICS 3-digit -- by ownership sector","All establishment sizes",5,0,0,0,0,0,0,0
"13219",5,"454",75,0,2007,3,"N","Oconee County, Georgia","Private","Nonstore retailers","County, NAICS 3-digit -- by ownership sector","All establishment sizes",5,0,0,0,0,0,0,0
"13219",5,"454",75,0,2007,4,"N","Oconee County, Georgia","Private","Nonstore retailers","County, NAICS 3-digit -- by ownership sector","All establishment sizes",5,0,0,0,0,0,0,0
"13219",5,4541,76,0,2007,1,"N","Oconee County, Georgia","Private","Electronic shopping and mail-order houses","County, NAICS 4-digit -- by ownership sector","All establishment sizes",2,0,0,0,0,0,0,0
"13219",5,"4541",76,0,2007,2,"N","Oconee County, Georgia","Private","Electronic shopping and mail-order houses","County, NAICS 4-digit -- by ownership sector","All establishment sizes",2,0,0,0,0,0,0,0
"13219",5,"4541",76,0,2007,3,"N","Oconee County, Georgia","Private","Electronic shopping and mail-order houses","County, NAICS 4-digit -- by ownership sector","All establishment sizes",2,0,0,0,0,0,0,0
"13219",5,"4541",76,0,2007,4,"N","Oconee County, Georgia","Private","Electronic shopping and mail-order houses","County, NAICS 4-digit -- by ownership sector","All establishment sizes",2,0,0,0,0,0,0,0
"13219",5,45411,77,0,2007,1,"N","Oconee County, Georgia","Private","Electronic shopping and mail-order houses","County, NAICS 5-digit -- by ownership sector","All establishment sizes",2,0,0,0,0,0,0,0
"13219",5,"45411",77,0,2007,2,"N","Oconee County, Georgia","Private","Electronic shopping and mail-order houses","County, NAICS 5-digit -- by ownership sector","All establishment sizes",2,0,0,0,0,0,0,0
"13219",5,"45411",77,0,2007,3,"N","Oconee County, Georgia","Private","Electronic shopping and mail-order houses","County, NAICS 5-digit -- by ownership sector","All establishment sizes",2,0,0,0,0,0,0,0
"13219",5,"45411",77,0,2007,4,"N","Oconee County, Georgia","Private","Electronic shopping and mail-order houses","County, NAICS 5-digit -- by ownership sector","All establishment sizes",2,0,0,0,0,0,0,0
"13219",5,454111,78,0,2007,1,"N","Oconee County, Georgia","Private","Electronic shopping","County, NAICS 6-digit -- by ownership sector","All establishment sizes",2,0,0,0,0,0,0,0
"13219",5,"454111",78,0,2007,2,"N","Oconee County, Georgia","Private","Electronic shopping","County, NAICS 6-digit -- by ownership sector","All establishment sizes",2,0,0,0,0,0,0,0
"13219",5,"454111",78,0,2007,3,"N","Oconee County, Georgia","Private","Electronic shopping","County, NAICS 6-digit -- by ownership sector","All establishment sizes",2,0,0,0,0,0,0,0
"13219",5,"454111",78,0,2007,4,"N","Oconee County, Georgia","Private","Electronic shopping","County, NAICS 6-digit -- by ownership sector","All establishment sizes",2,0,0,0,0,0,0,0
"13219",5,4543,76,0,2007,1,"N","Oconee County, Georgia","Private","Direct selling establishments","County, NAICS 4-digit -- by ownership sector","All establishment sizes",4,0,0,0,0,0,0,0
"13219",5,"4543",76,0,2007,2,"","Oconee County, Georgia","Private","Direct selling establishments","County, NAICS 4-digit -- by ownership sector","All establishment sizes",3,13,10,10,49304,45304,223,345
"13219",5,"4543",76,0,2007,3,"N","Oconee County, Georgia","Private","Direct selling establishments","County, NAICS 4-digit -- by ownership sector","All establishment sizes",3,0,0,0,0,0,0,0
"13219",5,"4543",76,0,2007,4,"N","Oconee County, Georgia","Private","Direct selling establishments","County, NAICS 4-digit -- by ownership sector","All establishment sizes",3,0,0,0,0,0,0,0
"13219",5,45431,77,0,2007,1,"N","Oconee County, Georgia","Private","Fuel dealers","County, NAICS 5-digit -- by ownership sector","All establishment sizes",1,0,0,0,0,0,0,0
"13219",5,"45431",77,0,2007,2,"-","Oconee County, Georgia","Private","Fuel dealers","County, NAICS 5-digit -- by ownership sector","All establishment sizes",0,0,0,0,0,0,0,0
"13219",5,"45431",77,0,2007,3,"-","Oconee County, Georgia","Private","Fuel dealers","County, NAICS 5-digit -- by ownership sector","All establishment sizes",0,0,0,0,0,0,0,0
"13219",5,"45431",77,0,2007,4,"-","Oconee County, Georgia","Private","Fuel dealers","County, NAICS 5-digit -- by ownership sector","All establishment sizes",0,0,0,0,0,0,0,0
"13219",5,454312,78,0,2007,1,"N","Oconee County, Georgia","Private","Liquefied petroleum gas, bottled gas, dealers","County, NAICS 6-digit -- by ownership sector","All establishment sizes",1,0,0,0,0,0,0,0
"13219",5,"454312",78,0,2007,2,"-","Oconee County, Georgia","Private","Liquefied petroleum gas, bottled gas, dealers","County, NAICS 6-digit -- by ownership sector","All establishment sizes",0,0,0,0,0,0,0,0
"13219",5,"454312",78,0,2007,3,"-","Oconee County, Georgia","Private","Liquefied petroleum gas, bottled gas, dealers","County, NAICS 6-digit -- by ownership sector","All establishment sizes",0,0,0,0,0,0,0,0
"13219",5,"454312",78,0,2007,4,"-","Oconee County, Georgia","Private","Liquefied petroleum gas, bottled gas, dealers","County, NAICS 6-digit -- by ownership sector","All establishment sizes",0,0,0,0,0,0,0,0
"13219",5,45439,77,0,2007,1,"N","Oconee County, Georgia","Private","Other direct selling establishments","County, NAICS 5-digit -- by ownership sector","All establishment sizes",3,0,0,0,0,0,0,0
"13219",5,"45439",77,0,2007,2,"","Oconee County, Georgia","Private","Other direct selling establishments","County, NAICS 5-digit -- by ownership sector","All establishment sizes",3,13,10,10,49304,45304,223,345
"13219",5,"45439",77,0,2007,3,"N","Oconee County, Georgia","Private","Other direct selling establishments","County, NAICS 5-digit -- by ownership sector","All establishment sizes",3,0,0,0,0,0,0,0
"13219",5,"45439",77,0,2007,4,"N","Oconee County, Georgia","Private","Other direct selling establishments","County, NAICS 5-digit -- by ownership sector","All establishment sizes",3,0,0,0,0,0,0,0
"13219",5,454390,78,0,2007,1,"N","Oconee County, Georgia","Private","Other direct selling establishments","County, NAICS 6-digit -- by ownership sector","All establishment sizes",3,0,0,0,0,0,0,0
"13219",5,"454390",78,0,2007,2,"","Oconee County, Georgia","Private","Other direct selling establishments","County, NAICS 6-digit -- by ownership sector","All establishment sizes",3,13,10,10,49304,45304,223,345
"13219",5,"454390",78,0,2007,3,"N","Oconee County, Georgia","Private","Other direct selling establishments","County, NAICS 6-digit -- by ownership sector","All establishment sizes",3,0,0,0,0,0,0,0
"13219",5,"454390",78,0,2007,4,"N","Oconee County, Georgia","Private","Other direct selling establishments","County, NAICS 6-digit -- by ownership sector","All establishment sizes",3,0,0,0,0,0,0,0
"13219",5,48-49,74,0,2007,1,"N","Oconee County, Georgia","Private","Transportation and warehousing","County, NAICS Sector -- by ownership sector","All establishment sizes",25,0,0,0,0,0,0,0
"13219",5,"48-49",74,0,2007,2,"N","Oconee County, Georgia","Private","Transportation and warehousing","County, NAICS Sector -- by ownership sector","All establishment sizes",25,0,0,0,0,0,0,0
"13219",5,"48-49",74,0,2007,3,"N","Oconee County, Georgia","Private","Transportation and warehousing","County, NAICS Sector -- by ownership sector","All establishment sizes",23,0,0,0,0,0,0,0
"13219",5,"48-49",74,0,2007,4,"N","Oconee County, Georgia","Private","Transportation and warehousing","County, NAICS Sector -- by ownership sector","All establishment sizes",21,0,0,0,0,0,0,0
"13219",5,481,75,0,2007,1,"N","Oconee County, Georgia","Private","Air transportation","County, NAICS 3-digit -- by ownership sector","All establishment sizes",1,0,0,0,0,0,0,0
"13219",5,"481",75,0,2007,2,"N","Oconee County, Georgia","Private","Air transportation","County, NAICS 3-digit -- by ownership sector","All establishment sizes",1,0,0,0,0,0,0,0
"13219",5,"481",75,0,2007,3,"N","Oconee County, Georgia","Private","Air transportation","County, NAICS 3-digit -- by ownership sector","All establishment sizes",1,0,0,0,0,0,0,0
"13219",5,"481",75,0,2007,4,"N","Oconee County, Georgia","Private","Air transportation","County, NAICS 3-digit -- by ownership sector","All establishment sizes",1,0,0,0,0,0,0,0
"13219",5,4812,76,0,2007,1,"N","Oconee County, Georgia","Private","Nonscheduled air transportation","County, NAICS 4-digit -- by ownership sector","All establishment sizes",1,0,0,0,0,0,0,0
"13219",5,"4812",76,0,2007,2,"N","Oconee County, Georgia","Private","Nonscheduled air transportation","County, NAICS 4-digit -- by ownership sector","All establishment sizes",1,0,0,0,0,0,0,0
"13219",5,"4812",76,0,2007,3,"N","Oconee County, Georgia","Private","Nonscheduled air transportation","County, NAICS 4-digit -- by ownership sector","All establishment sizes",1,0,0,0,0,0,0,0
"13219",5,"4812",76,0,2007,4,"N","Oconee County, Georgia","Private","Nonscheduled air transportation","County, NAICS 4-digit -- by ownership sector","All establishment sizes",1,0,0,0,0,0,0,0
"13219",5,48121,77,0,2007,1,"N","Oconee County, Georgia","Private","Nonscheduled air transportation","County, NAICS 5-digit -- by ownership sector","All establishment sizes",1,0,0,0,0,0,0,0
"13219",5,"48121",77,0,2007,2,"N","Oconee County, Georgia","Private","Nonscheduled air transportation","County, NAICS 5-digit -- by ownership sector","All establishment sizes",1,0,0,0,0,0,0,0
"13219",5,"48121",77,0,2007,3,"N","Oconee County, Georgia","Private","Nonscheduled air transportation","County, NAICS 5-digit -- by ownership sector","All establishment sizes",1,0,0,0,0,0,0,0
"13219",5,"48121",77,0,2007,4,"N","Oconee County, Georgia","Private","Nonscheduled air transportation","County, NAICS 5-digit -- by ownership sector","All establishment sizes",1,0,0,0,0,0,0,0
"13219",5,481211,78,0,2007,1,"N","Oconee County, Georgia","Private","Nonscheduled air passenger chartering","County, NAICS 6-digit -- by ownership sector","All establishment sizes",1,0,0,0,0,0,0,0
"13219",5,"481211",78,0,2007,2,"N","Oconee County, Georgia","Private","Nonscheduled air passenger chartering","County, NAICS 6-digit -- by ownership sector","All establishment sizes",1,0,0,0,0,0,0,0
"13219",5,"481211",78,0,2007,3,"N","Oconee County, Georgia","Private","Nonscheduled air passenger chartering","County, NAICS 6-digit -- by ownership sector","All establishment sizes",1,0,0,0,0,0,0,0
"13219",5,"481211",78,0,2007,4,"N","Oconee County, Georgia","Private","Nonscheduled air passenger chartering","County, NAICS 6-digit -- by ownership sector","All establishment sizes",1,0,0,0,0,0,0,0
"13219",5,484,75,0,2007,1,"","Oconee County, Georgia","Private","Truck transportation","County, NAICS 3-digit -- by ownership sector","All establishment sizes",16,24,22,21,149879,115122,1952,516
"13219",5,"484",75,0,2007,2,"","Oconee County, Georgia","Private","Truck transportation","County, NAICS 3-digit -- by ownership sector","All establishment sizes",16,20,20,21,146536,45329,1092,554
"13219",5,"484",75,0,2007,3,"","Oconee County, Georgia","Private","Truck transportation","County, NAICS 3-digit -- by ownership sector","All establishment sizes",15,20,20,19,139387,35943,606,545
"13219",5,"484",75,0,2007,4,"","Oconee County, Georgia","Private","Truck transportation","County, NAICS 3-digit -- by ownership sector","All establishment sizes",14,16,16,17,110817,27848,507,522
"13219",5,4841,76,0,2007,1,"","Oconee County, Georgia","Private","General freight trucking","County, NAICS 4-digit -- by ownership sector","All establishment sizes",8,11,11,11,96070,72752,1083,672
"13219",5,"4841",76,0,2007,2,"","Oconee County, Georgia","Private","General freight trucking","County, NAICS 4-digit -- by ownership sector","All establishment sizes",8,9,9,11,88103,15112,270,701
"13219",5,"4841",76,0,2007,3,"","Oconee County, Georgia","Private","General freight trucking","County, NAICS 4-digit -- by ownership sector","All establishment sizes",7,11,11,10,84564,19122,243,610
"13219",5,"4841",76,0,2007,4,"","Oconee County, Georgia","Private","General freight trucking","County, NAICS 4-digit -- by ownership sector","All establishment sizes",7,9,9,10,77979,16872,198,643
"13219",5,48411,77,0,2007,1,"N","Oconee County, Georgia","Private","General freight trucking, local","County, NAICS 5-digit -- by ownership sector","All establishment sizes",1,0,0,0,0,0,0,0
"13219",5,"48411",77,0,2007,2,"N","Oconee County, Georgia","Private","General freight trucking, local","County, NAICS 5-digit -- by ownership sector","All establishment sizes",1,0,0,0,0,0,0,0
"13219",5,"48411",77,0,2007,3,"N","Oconee County, Georgia","Private","General freight trucking, local","County, NAICS 5-digit -- by ownership sector","All establishment sizes",1,0,0,0,0,0,0,0
"13219",5,"48411",77,0,2007,4,"N","Oconee County, Georgia","Private","General freight trucking, local","County, NAICS 5-digit -- by ownership sector","All establishment sizes",1,0,0,0,0,0,0,0
"13219",5,484110,78,0,2007,1,"N","Oconee County, Georgia","Private","General freight trucking, local","County, NAICS 6-digit -- by ownership sector","All establishment sizes",1,0,0,0,0,0,0,0
"13219",5,"484110",78,0,2007,2,"N","Oconee County, Georgia","Private","General freight trucking, local","County, NAICS 6-digit -- by ownership sector","All establishment sizes",1,0,0,0,0,0,0,0
"13219",5,"484110",78,0,2007,3,"N","Oconee County, Georgia","Private","General freight trucking, local","County, NAICS 6-digit -- by ownership sector","All establishment sizes",1,0,0,0,0,0,0,0
"13219",5,"484110",78,0,2007,4,"N","Oconee County, Georgia","Private","General freight trucking, local","County, NAICS 6-digit -- by ownership sector","All establishment sizes",1,0,0,0,0,0,0,0
"13219",5,48412,77,0,2007,1,"N","Oconee County, Georgia","Private","General freight trucking, long-distance","County, NAICS 5-digit -- by ownership sector","All establishment sizes",7,0,0,0,0,0,0,0
"13219",5,"48412",77,0,2007,2,"N","Oconee County, Georgia","Private","General freight trucking, long-distance","County, NAICS 5-digit -- by ownership sector","All establishment sizes",7,0,0,0,0,0,0,0
"13219",5,"48412",77,0,2007,3,"N","Oconee County, Georgia","Private","General freight trucking, long-distance","County, NAICS 5-digit -- by ownership sector","All establishment sizes",6,0,0,0,0,0,0,0
"13219",5,"48412",77,0,2007,4,"N","Oconee County, Georgia","Private","General freight trucking, long-distance","County, NAICS 5-digit -- by ownership sector","All establishment sizes",6,0,0,0,0,0,0,0
"13219",5,484121,78,0,2007,1,"","Oconee County, Georgia","Private","General freight trucking, long-distance TL","County, NAICS 6-digit -- by ownership sector","All establishment sizes",6,10,10,10,76245,57427,1078,587
"13219",5,"484121",78,0,2007,2,"","Oconee County, Georgia","Private","General freight trucking, long-distance TL","County, NAICS 6-digit -- by ownership sector","All establishment sizes",6,8,8,10,68278,13437,269,606
"13219",5,"484121",78,0,2007,3,"","Oconee County, Georgia","Private","General freight trucking, long-distance TL","County, NAICS 6-digit -- by ownership sector","All establishment sizes",5,10,10,9,65499,15706,242,521
"13219",5,"484121",78,0,2007,4,"","Oconee County, Georgia","Private","General freight trucking, long-distance TL","County, NAICS 6-digit -- by ownership sector","All establishment sizes",5,8,8,9,58874,15298,198,543
"13219",5,484122,78,0,2007,1,"N","Oconee County, Georgia","Private","General freight trucking, long-distance LTL","County, NAICS 6-digit -- by ownership sector","All establishment sizes",1,0,0,0,0,0,0,0
"13219",5,"484122",78,0,2007,2,"N","Oconee County, Georgia","Private","General freight trucking, long-distance LTL","County, NAICS 6-digit -- by ownership sector","All establishment sizes",1,0,0,0,0,0,0,0
"13219",5,"484122",78,0,2007,3,"N","Oconee County, Georgia","Private","General freight trucking, long-distance LTL","County, NAICS 6-digit -- by ownership sector","All establishment sizes",1,0,0,0,0,0,0,0
"13219",5,"484122",78,0,2007,4,"N","Oconee County, Georgia","Private","General freight trucking, long-distance LTL","County, NAICS 6-digit -- by ownership sector","All establishment sizes",1,0,0,0,0,0,0,0
"13219",5,4842,76,0,2007,1,"","Oconee County, Georgia","Private","Specialized freight trucking","County, NAICS 4-digit -- by ownership sector","All establishment sizes",8,13,11,10,53809,42370,869,365
"13219",5,"4842",76,0,2007,2,"","Oconee County, Georgia","Private","Specialized freight trucking","County, NAICS 4-digit -- by ownership sector","All establishment sizes",8,11,11,10,58433,30217,822,421
"13219",5,"4842",76,0,2007,3,"","Oconee County, Georgia","Private","Specialized freight trucking","County, NAICS 4-digit -- by ownership sector","All establishment sizes",8,9,9,9,54823,16821,363,469
"13219",5,"4842",76,0,2007,4,"","Oconee County, Georgia","Private","Specialized freight trucking","County, NAICS 4-digit -- by ownership sector","All establishment sizes",7,7,7,7,32838,10976,309,361
"13219",5,48421,77,0,2007,1,"N","Oconee County, Georgia","Private","Used household and office goods moving","County, NAICS 5-digit -- by ownership sector","All establishment sizes",1,0,0,0,0,0,0,0
"13219",5,"48421",77,0,2007,2,"N","Oconee County, Georgia","Private","Used household and office goods moving","County, NAICS 5-digit -- by ownership sector","All establishment sizes",1,0,0,0,0,0,0,0
"13219",5,"48421",77,0,2007,3,"N","Oconee County, Georgia","Private","Used household and office goods moving","County, NAICS 5-digit -- by ownership sector","All establishment sizes",1,0,0,0,0,0,0,0
"13219",5,"48421",77,0,2007,4,"N","Oconee County, Georgia","Private","Used household and office goods moving","County, NAICS 5-digit -- by ownership sector","All establishment sizes",1,0,0,0,0,0,0,0
"13219",5,484210,78,0,2007,1,"N","Oconee County, Georgia","Private","Used household and office goods moving","County, NAICS 6-digit -- by ownership sector","All establishment sizes",1,0,0,0,0,0,0,0
"13219",5,"484210",78,0,2007,2,"N","Oconee County, Georgia","Private","Used household and office goods moving","County, NAICS 6-digit -- by ownership sector","All establishment sizes",1,0,0,0,0,0,0,0
"13219",5,"484210",78,0,2007,3,"N","Oconee County, Georgia","Private","Used household and office goods moving","County, NAICS 6-digit -- by ownership sector","All establishment sizes",1,0,0,0,0,0,0,0
"13219",5,"484210",78,0,2007,4,"N","Oconee County, Georgia","Private","Used household and office goods moving","County, NAICS 6-digit -- by ownership sector","All establishment sizes",1,0,0,0,0,0,0,0
"13219",5,48422,77,0,2007,1,"","Oconee County, Georgia","Private","Other specialized trucking, local","County, NAICS 5-digit -- by ownership sector","All establishment sizes",6,9,7,7,35813,24374,856,359
"13219",5,"48422",77,0,2007,2,"","Oconee County, Georgia","Private","Other specialized trucking, local","County, NAICS 5-digit -- by ownership sector","All establishment sizes",6,8,8,8,42625,24649,817,410
"13219",5,"48422",77,0,2007,3,"","Oconee County, Georgia","Private","Other specialized trucking, local","County, NAICS 5-digit -- by ownership sector","All establishment sizes",6,7,7,7,40943,12943,360,450
"13219",5,"48422",77,0,2007,4,"","Oconee County, Georgia","Private","Other specialized trucking, local","County, NAICS 5-digit -- by ownership sector","All establishment sizes",5,5,5,5,20885,8748,307,321
"13219",5,484220,78,0,2007,1,"","Oconee County, Georgia","Private","Other specialized trucking, local","County, NAICS 6-digit -- by ownership sector","All establishment sizes",6,9,7,7,35813,24374,856,359
"13219",5,"484220",78,0,2007,2,"","Oconee County, Georgia","Private","Other specialized trucking, local","County, NAICS 6-digit -- by ownership sector","All establishment sizes",6,8,8,8,42625,24649,817,410
"13219",5,"484220",78,0,2007,3,"","Oconee County, Georgia","Private","Other specialized trucking, local","County, NAICS 6-digit -- by ownership sector","All establishment sizes",6,7,7,7,40943,12943,360,450
"13219",5,"484220",78,0,2007,4,"","Oconee County, Georgia","Private","Other specialized trucking, local","County, NAICS 6-digit -- by ownership sector","All establishment sizes",5,5,5,5,20885,8748,307,321
"13219",5,48423,77,0,2007,1,"N","Oconee County, Georgia","Private","Other specialized trucking, long-distance","County, NAICS 5-digit -- by ownership sector","All establishment sizes",1,0,0,0,0,0,0,0
"13219",5,"48423",77,0,2007,2,"N","Oconee County, Georgia","Private","Other specialized trucking, long-distance","County, NAICS 5-digit -- by ownership sector","All establishment sizes",1,0,0,0,0,0,0,0
"13219",5,"48423",77,0,2007,3,"N","Oconee County, Georgia","Private","Other specialized trucking, long-distance","County, NAICS 5-digit -- by ownership sector","All establishment sizes",1,0,0,0,0,0,0,0
"13219",5,"48423",77,0,2007,4,"N","Oconee County, Georgia","Private","Other specialized trucking, long-distance","County, NAICS 5-digit -- by ownership sector","All establishment sizes",1,0,0,0,0,0,0,0
"13219",5,484230,78,0,2007,1,"N","Oconee County, Georgia","Private","Other specialized trucking, long-distance","County, NAICS 6-digit -- by ownership sector","All establishment sizes",1,0,0,0,0,0,0,0
"13219",5,"484230",78,0,2007,2,"N","Oconee County, Georgia","Private","Other specialized trucking, long-distance","County, NAICS 6-digit -- by ownership sector","All establishment sizes",1,0,0,0,0,0,0,0
"13219",5,"484230",78,0,2007,3,"N","Oconee County, Georgia","Private","Other specialized trucking, long-distance","County, NAICS 6-digit -- by ownership sector","All establishment sizes",1,0,0,0,0,0,0,0
"13219",5,"484230",78,0,2007,4,"N","Oconee County, Georgia","Private","Other specialized trucking, long-distance","County, NAICS 6-digit -- by ownership sector","All establishment sizes",1,0,0,0,0,0,0,0
"13219",5,485,75,0,2007,1,"N","Oconee County, Georgia","Private","Transit and ground passenger transportation","County, NAICS 3-digit -- by ownership sector","All establishment sizes",3,0,0,0,0,0,0,0
"13219",5,"485",75,0,2007,2,"N","Oconee County, Georgia","Private","Transit and ground passenger transportation","County, NAICS 3-digit -- by ownership sector","All establishment sizes",3,0,0,0,0,0,0,0
"13219",5,"485",75,0,2007,3,"","Oconee County, Georgia","Private","Transit and ground passenger transportation","County, NAICS 3-digit -- by ownership sector","All establishment sizes",3,13,11,11,87665,80884,865,578
"13219",5,"485",75,0,2007,4,"","Oconee County, Georgia","Private","Transit and ground passenger transportation","County, NAICS 3-digit -- by ownership sector","All establishment sizes",3,13,13,17,103355,93050,934,555
"13219",5,4853,76,0,2007,1,"N","Oconee County, Georgia","Private","Taxi and limousine service","County, NAICS 4-digit -- by ownership sector","All establishment sizes",1,0,0,0,0,0,0,0
"13219",5,"4853",76,0,2007,2,"N","Oconee County, Georgia","Private","Taxi and limousine service","County, NAICS 4-digit -- by ownership sector","All establishment sizes",1,0,0,0,0,0,0,0
"13219",5,"4853",76,0,2007,3,"N","Oconee County, Georgia","Private","Taxi and limousine service","County, NAICS 4-digit -- by ownership sector","All establishment sizes",1,0,0,0,0,0,0,0
"13219",5,"4853",76,0,2007,4,"N","Oconee County, Georgia","Private","Taxi and limousine service","County, NAICS 4-digit -- by ownership sector","All establishment sizes",1,0,0,0,0,0,0,0
"13219",5,48532,77,0,2007,1,"N","Oconee County, Georgia","Private","Limousine service","County, NAICS 5-digit -- by ownership sector","All establishment sizes",1,0,0,0,0,0,0,0
"13219",5,"48532",77,0,2007,2,"N","Oconee County, Georgia","Private","Limousine service","County, NAICS 5-digit -- by ownership sector","All establishment sizes",1,0,0,0,0,0,0,0
"13219",5,"48532",77,0,2007,3,"N","Oconee County, Georgia","Private","Limousine service","County, NAICS 5-digit -- by ownership sector","All establishment sizes",1,0,0,0,0,0,0,0
"13219",5,"48532",77,0,2007,4,"N","Oconee County, Georgia","Private","Limousine service","County, NAICS 5-digit -- by ownership sector","All establishment sizes",1,0,0,0,0,0,0,0
"13219",5,485320,78,0,2007,1,"N","Oconee County, Georgia","Private","Limousine service","County, NAICS 6-digit -- by ownership sector","All establishment sizes",1,0,0,0,0,0,0,0
"13219",5,"485320",78,0,2007,2,"N","Oconee County, Georgia","Private","Limousine service","County, NAICS 6-digit -- by ownership sector","All establishment sizes",1,0,0,0,0,0,0,0
"13219",5,"485320",78,0,2007,3,"N","Oconee County, Georgia","Private","Limousine service","County, NAICS 6-digit -- by ownership sector","All establishment sizes",1,0,0,0,0,0,0,0
"13219",5,"485320",78,0,2007,4,"N","Oconee County, Georgia","Private","Limousine service","County, NAICS 6-digit -- by ownership sector","All establishment sizes",1,0,0,0,0,0,0,0
"13219",5,4859,76,0,2007,1,"N","Oconee County, Georgia","Private","Other ground passenger transportation","County, NAICS 4-digit -- by ownership sector","All establishment sizes",2,0,0,0,0,0,0,0
"13219",5,"4859",76,0,2007,2,"N","Oconee County, Georgia","Private","Other ground passenger transportation","County, NAICS 4-digit -- by ownership sector","All establishment sizes",2,0,0,0,0,0,0,0
"13219",5,"4859",76,0,2007,3,"N","Oconee County, Georgia","Private","Other ground passenger transportation","County, NAICS 4-digit -- by ownership sector","All establishment sizes",2,0,0,0,0,0,0,0
"13219",5,"4859",76,0,2007,4,"N","Oconee County, Georgia","Private","Other ground passenger transportation","County, NAICS 4-digit -- by ownership sector","All establishment sizes",2,0,0,0,0,0,0,0
"13219",5,48599,77,0,2007,1,"N","Oconee County, Georgia","Private","Other ground passenger transportation","County, NAICS 5-digit -- by ownership sector","All establishment sizes",2,0,0,0,0,0,0,0
"13219",5,"48599",77,0,2007,2,"N","Oconee County, Georgia","Private","Other ground passenger transportation","County, NAICS 5-digit -- by ownership sector","All establishment sizes",2,0,0,0,0,0,0,0
"13219",5,"48599",77,0,2007,3,"N","Oconee County, Georgia","Private","Other ground passenger transportation","County, NAICS 5-digit -- by ownership sector","All establishment sizes",2,0,0,0,0,0,0,0
"13219",5,"48599",77,0,2007,4,"N","Oconee County, Georgia","Private","Other ground passenger transportation","County, NAICS 5-digit -- by ownership sector","All establishment sizes",2,0,0,0,0,0,0,0
"13219",5,485991,78,0,2007,1,"N","Oconee County, Georgia","Private","Special needs transportation","County, NAICS 6-digit -- by ownership sector","All establishment sizes",2,0,0,0,0,0,0,0
"13219",5,"485991",78,0,2007,2,"N","Oconee County, Georgia","Private","Special needs transportation","County, NAICS 6-digit -- by ownership sector","All establishment sizes",2,0,0,0,0,0,0,0
"13219",5,"485991",78,0,2007,3,"N","Oconee County, Georgia","Private","Special needs transportation","County, NAICS 6-digit -- by ownership sector","All establishment sizes",2,0,0,0,0,0,0,0
"13219",5,"485991",78,0,2007,4,"N","Oconee County, Georgia","Private","Special needs transportation","County, NAICS 6-digit -- by ownership sector","All establishment sizes",2,0,0,0,0,0,0,0
"13219",5,488,75,0,2007,1,"N","Oconee County, Georgia","Private","Support activities for transportation","County, NAICS 3-digit -- by ownership sector","All establishment sizes",2,0,0,0,0,0,0,0
"13219",5,"488",75,0,2007,2,"N","Oconee County, Georgia","Private","Support activities for transportation","County, NAICS 3-digit -- by ownership sector","All establishment sizes",2,0,0,0,0,0,0,0
"13219",5,"488",75,0,2007,3,"N","Oconee County, Georgia","Private","Support activities for transportation","County, NAICS 3-digit -- by ownership sector","All establishment sizes",1,0,0,0,0,0,0,0
"13219",5,"488",75,0,2007,4,"N","Oconee County, Georgia","Private","Support activities for transportation","County, NAICS 3-digit -- by ownership sector","All establishment sizes",1,0,0,0,0,0,0,0
"13219",5,4884,76,0,2007,1,"N","Oconee County, Georgia","Private","Support activities for road transportation","County, NAICS 4-digit -- by ownership sector","All establishment sizes",1,0,0,0,0,0,0,0
"13219",5,"4884",76,0,2007,2,"N","Oconee County, Georgia","Private","Support activities for road transportation","County, NAICS 4-digit -- by ownership sector","All establishment sizes",1,0,0,0,0,0,0,0
"13219",5,"4884",76,0,2007,3,"-","Oconee County, Georgia","Private","Support activities for road transportation","County, NAICS 4-digit -- by ownership sector","All establishment sizes",0,0,0,0,0,0,0,0
"13219",5,"4884",76,0,2007,4,"-","Oconee County, Georgia","Private","Support activities for road transportation","County, NAICS 4-digit -- by ownership sector","All establishment sizes",0,0,0,0,0,0,0,0
"13219",5,48841,77,0,2007,1,"N","Oconee County, Georgia","Private","Motor vehicle towing","County, NAICS 5-digit -- by ownership sector","All establishment sizes",1,0,0,0,0,0,0,0
"13219",5,"48841",77,0,2007,2,"N","Oconee County, Georgia","Private","Motor vehicle towing","County, NAICS 5-digit -- by ownership sector","All establishment sizes",1,0,0,0,0,0,0,0
"13219",5,"48841",77,0,2007,3,"-","Oconee County, Georgia","Private","Motor vehicle towing","County, NAICS 5-digit -- by ownership sector","All establishment sizes",0,0,0,0,0,0,0,0
"13219",5,"48841",77,0,2007,4,"-","Oconee County, Georgia","Private","Motor vehicle towing","County, NAICS 5-digit -- by ownership sector","All establishment sizes",0,0,0,0,0,0,0,0
"13219",5,488410,78,0,2007,1,"N","Oconee County, Georgia","Private","Motor vehicle towing","County, NAICS 6-digit -- by ownership sector","All establishment sizes",1,0,0,0,0,0,0,0
"13219",5,"488410",78,0,2007,2,"N","Oconee County, Georgia","Private","Motor vehicle towing","County, NAICS 6-digit -- by ownership sector","All establishment sizes",1,0,0,0,0,0,0,0
"13219",5,"488410",78,0,2007,3,"-","Oconee County, Georgia","Private","Motor vehicle towing","County, NAICS 6-digit -- by ownership sector","All establishment sizes",0,0,0,0,0,0,0,0
"13219",5,"488410",78,0,2007,4,"-","Oconee County, Georgia","Private","Motor vehicle towing","County, NAICS 6-digit -- by ownership sector","All establishment sizes",0,0,0,0,0,0,0,0
"13219",5,4885,76,0,2007,1,"N","Oconee County, Georgia","Private","Freight transportation arrangement","County, NAICS 4-digit -- by ownership sector","All establishment sizes",1,0,0,0,0,0,0,0
"13219",5,"4885",76,0,2007,2,"N","Oconee County, Georgia","Private","Freight transportation arrangement","County, NAICS 4-digit -- by ownership sector","All establishment sizes",1,0,0,0,0,0,0,0
"13219",5,"4885",76,0,2007,3,"N","Oconee County, Georgia","Private","Freight transportation arrangement","County, NAICS 4-digit -- by ownership sector","All establishment sizes",1,0,0,0,0,0,0,0
"13219",5,"4885",76,0,2007,4,"N","Oconee County, Georgia","Private","Freight transportation arrangement","County, NAICS 4-digit -- by ownership sector","All establishment sizes",1,0,0,0,0,0,0,0
"13219",5,48851,77,0,2007,1,"N","Oconee County, Georgia","Private","Freight transportation arrangement","County, NAICS 5-digit -- by ownership sector","All establishment sizes",1,0,0,0,0,0,0,0
"13219",5,"48851",77,0,2007,2,"N","Oconee County, Georgia","Private","Freight transportation arrangement","County, NAICS 5-digit -- by ownership sector","All establishment sizes",1,0,0,0,0,0,0,0
"13219",5,"48851",77,0,2007,3,"N","Oconee County, Georgia","Private","Freight transportation arrangement","County, NAICS 5-digit -- by ownership sector","All establishment sizes",1,0,0,0,0,0,0,0
"13219",5,"48851",77,0,2007,4,"N","Oconee County, Georgia","Private","Freight transportation arrangement","County, NAICS 5-digit -- by ownership sector","All establishment sizes",1,0,0,0,0,0,0,0
"13219",5,488510,78,0,2007,1,"N","Oconee County, Georgia","Private","Freight transportation arrangement","County, NAICS 6-digit -- by ownership sector","All establishment sizes",1,0,0,0,0,0,0,0
"13219",5,"488510",78,0,2007,2,"N","Oconee County, Georgia","Private","Freight transportation arrangement","County, NAICS 6-digit -- by ownership sector","All establishment sizes",1,0,0,0,0,0,0,0
"13219",5,"488510",78,0,2007,3,"N","Oconee County, Georgia","Private","Freight transportation arrangement","County, NAICS 6-digit -- by ownership sector","All establishment sizes",1,0,0,0,0,0,0,0
"13219",5,"488510",78,0,2007,4,"N","Oconee County, Georgia","Private","Freight transportation arrangement","County, NAICS 6-digit -- by ownership sector","All establishment sizes",1,0,0,0,0,0,0,0
"13219",5,492,75,0,2007,1,"N","Oconee County, Georgia","Private","Couriers and messengers","County, NAICS 3-digit -- by ownership sector","All establishment sizes",1,0,0,0,0,0,0,0
"13219",5,"492",75,0,2007,2,"N","Oconee County, Georgia","Private","Couriers and messengers","County, NAICS 3-digit -- by ownership sector","All establishment sizes",1,0,0,0,0,0,0,0
"13219",5,"492",75,0,2007,3,"N","Oconee County, Georgia","Private","Couriers and messengers","County, NAICS 3-digit -- by ownership sector","All establishment sizes",1,0,0,0,0,0,0,0
"13219",5,"492",75,0,2007,4,"N","Oconee County, Georgia","Private","Couriers and messengers","County, NAICS 3-digit -- by ownership sector","All establishment sizes",1,0,0,0,0,0,0,0
"13219",5,4922,76,0,2007,1,"N","Oconee County, Georgia","Private","Local messengers and local delivery","County, NAICS 4-digit -- by ownership sector","All establishment sizes",1,0,0,0,0,0,0,0
"13219",5,"4922",76,0,2007,2,"N","Oconee County, Georgia","Private","Local messengers and local delivery","County, NAICS 4-digit -- by ownership sector","All establishment sizes",1,0,0,0,0,0,0,0
"13219",5,"4922",76,0,2007,3,"N","Oconee County, Georgia","Private","Local messengers and local delivery","County, NAICS 4-digit -- by ownership sector","All establishment sizes",1,0,0,0,0,0,0,0
"13219",5,"4922",76,0,2007,4,"N","Oconee County, Georgia","Private","Local messengers and local delivery","County, NAICS 4-digit -- by ownership sector","All establishment sizes",1,0,0,0,0,0,0,0
"13219",5,49221,77,0,2007,1,"N","Oconee County, Georgia","Private","Local messengers and local delivery","County, NAICS 5-digit -- by ownership sector","All establishment sizes",1,0,0,0,0,0,0,0
"13219",5,"49221",77,0,2007,2,"N","Oconee County, Georgia","Private","Local messengers and local delivery","County, NAICS 5-digit -- by ownership sector","All establishment sizes",1,0,0,0,0,0,0,0
"13219",5,"49221",77,0,2007,3,"N","Oconee County, Georgia","Private","Local messengers and local delivery","County, NAICS 5-digit -- by ownership sector","All establishment sizes",1,0,0,0,0,0,0,0
"13219",5,"49221",77,0,2007,4,"N","Oconee County, Georgia","Private","Local messengers and local delivery","County, NAICS 5-digit -- by ownership sector","All establishment sizes",1,0,0,0,0,0,0,0
"13219",5,492210,78,0,2007,1,"N","Oconee County, Georgia","Private","Local messengers and local delivery","County, NAICS 6-digit -- by ownership sector","All establishment sizes",1,0,0,0,0,0,0,0
"13219",5,"492210",78,0,2007,2,"N","Oconee County, Georgia","Private","Local messengers and local delivery","County, NAICS 6-digit -- by ownership sector","All establishment sizes",1,0,0,0,0,0,0,0
"13219",5,"492210",78,0,2007,3,"N","Oconee County, Georgia","Private","Local messengers and local delivery","County, NAICS 6-digit -- by ownership sector","All establishment sizes",1,0,0,0,0,0,0,0
"13219",5,"492210",78,0,2007,4,"N","Oconee County, Georgia","Private","Local messengers and local delivery","County, NAICS 6-digit -- by ownership sector","All establishment sizes",1,0,0,0,0,0,0,0
"13219",5,493,75,0,2007,1,"N","Oconee County, Georgia","Private","Warehousing and storage","County, NAICS 3-digit -- by ownership sector","All establishment sizes",2,0,0,0,0,0,0,0
"13219",5,"493",75,0,2007,2,"N","Oconee County, Georgia","Private","Warehousing and storage","County, NAICS 3-digit -- by ownership sector","All establishment sizes",2,0,0,0,0,0,0,0
"13219",5,"493",75,0,2007,3,"N","Oconee County, Georgia","Private","Warehousing and storage","County, NAICS 3-digit -- by ownership sector","All establishment sizes",2,0,0,0,0,0,0,0
"13219",5,"493",75,0,2007,4,"N","Oconee County, Georgia","Private","Warehousing and storage","County, NAICS 3-digit -- by ownership sector","All establishment sizes",1,0,0,0,0,0,0,0
"13219",5,4931,76,0,2007,1,"N","Oconee County, Georgia","Private","Warehousing and storage","County, NAICS 4-digit -- by ownership sector","All establishment sizes",2,0,0,0,0,0,0,0
"13219",5,"4931",76,0,2007,2,"N","Oconee County, Georgia","Private","Warehousing and storage","County, NAICS 4-digit -- by ownership sector","All establishment sizes",2,0,0,0,0,0,0,0
"13219",5,"4931",76,0,2007,3,"N","Oconee County, Georgia","Private","Warehousing and storage","County, NAICS 4-digit -- by ownership sector","All establishment sizes",2,0,0,0,0,0,0,0
"13219",5,"4931",76,0,2007,4,"N","Oconee County, Georgia","Private","Warehousing and storage","County, NAICS 4-digit -- by ownership sector","All establishment sizes",1,0,0,0,0,0,0,0
"13219",5,49311,77,0,2007,1,"N","Oconee County, Georgia","Private","General warehousing and storage","County, NAICS 5-digit -- by ownership sector","All establishment sizes",2,0,0,0,0,0,0,0
"13219",5,"49311",77,0,2007,2,"N","Oconee County, Georgia","Private","General warehousing and storage","County, NAICS 5-digit -- by ownership sector","All establishment sizes",2,0,0,0,0,0,0,0
"13219",5,"49311",77,0,2007,3,"N","Oconee County, Georgia","Private","General warehousing and storage","County, NAICS 5-digit -- by ownership sector","All establishment sizes",2,0,0,0,0,0,0,0
"13219",5,"49311",77,0,2007,4,"N","Oconee County, Georgia","Private","General warehousing and storage","County, NAICS 5-digit -- by ownership sector","All establishment sizes",1,0,0,0,0,0,0,0
"13219",5,493110,78,0,2007,1,"N","Oconee County, Georgia","Private","General warehousing and storage","County, NAICS 6-digit -- by ownership sector","All establishment sizes",2,0,0,0,0,0,0,0
"13219",5,"493110",78,0,2007,2,"N","Oconee County, Georgia","Private","General warehousing and storage","County, NAICS 6-digit -- by ownership sector","All establishment sizes",2,0,0,0,0,0,0,0
"13219",5,"493110",78,0,2007,3,"N","Oconee County, Georgia","Private","General warehousing and storage","County, NAICS 6-digit -- by ownership sector","All establishment sizes",2,0,0,0,0,0,0,0
"13219",5,"493110",78,0,2007,4,"N","Oconee County, Georgia","Private","General warehousing and storage","County, NAICS 6-digit -- by ownership sector","All establishment sizes",1,0,0,0,0,0,0,0
"13219",5,51,74,0,2007,1,"","Oconee County, Georgia","Private","Information","County, NAICS Sector -- by ownership sector","All establishment sizes",11,72,74,73,495181,351961,7723,522
"13219",5,"51",74,0,2007,2,"","Oconee County, Georgia","Private","Information","County, NAICS Sector -- by ownership sector","All establishment sizes",11,70,70,71,497332,168678,3057,544
"13219",5,"51",74,0,2007,3,"","Oconee County, Georgia","Private","Information","County, NAICS Sector -- by ownership sector","All establishment sizes",12,75,73,77,491789,75487,1704,504
"13219",5,"51",74,0,2007,4,"","Oconee County, Georgia","Private","Information","County, NAICS Sector -- by ownership sector","All establishment sizes",12,85,85,87,611500,91567,1883,549
"13219",5,511,75,0,2007,1,"","Oconee County, Georgia","Private","Publishing industries, except Internet","County, NAICS 3-digit -- by ownership sector","All establishment sizes",4,23,26,26,159345,120413,2683,490
"13219",5,"511",75,0,2007,2,"","Oconee County, Georgia","Private","Publishing industries, except Internet","County, NAICS 3-digit -- by ownership sector","All establishment sizes",4,24,24,24,171203,91758,1534,549
"13219",5,"511",75,0,2007,3,"","Oconee County, Georgia","Private","Publishing industries, except Internet","County, NAICS 3-digit -- by ownership sector","All establishment sizes",4,27,28,27,162502,30661,828,457
"13219",5,"511",75,0,2007,4,"","Oconee County, Georgia","Private","Publishing industries, except Internet","County, NAICS 3-digit -- by ownership sector","All establishment sizes",4,27,28,29,264706,34983,734,727
"13219",5,5111,76,0,2007,1,"N","Oconee County, Georgia","Private","Newspaper, book, and directory publishers","County, NAICS 4-digit -- by ownership sector","All establishment sizes",3,0,0,0,0,0,0,0
"13219",5,"5111",76,0,2007,2,"N","Oconee County, Georgia","Private","Newspaper, book, and directory publishers","County, NAICS 4-digit -- by ownership sector","All establishment sizes",3,0,0,0,0,0,0,0
"13219",5,"5111",76,0,2007,3,"N","Oconee County, Georgia","Private","Newspaper, book, and directory publishers","County, NAICS 4-digit -- by ownership sector","All establishment sizes",3,0,0,0,0,0,0,0
"13219",5,"5111",76,0,2007,4,"N","Oconee County, Georgia","Private","Newspaper, book, and directory publishers","County, NAICS 4-digit -- by ownership sector","All establishment sizes",3,0,0,0,0,0,0,0
"13219",5,51111,77,0,2007,1,"N","Oconee County, Georgia","Private","Newspaper publishers","County, NAICS 5-digit -- by ownership sector","All establishment sizes",2,0,0,0,0,0,0,0
"13219",5,"51111",77,0,2007,2,"N","Oconee County, Georgia","Private","Newspaper publishers","County, NAICS 5-digit -- by ownership sector","All establishment sizes",2,0,0,0,0,0,0,0
"13219",5,"51111",77,0,2007,3,"N","Oconee County, Georgia","Private","Newspaper publishers","County, NAICS 5-digit -- by ownership sector","All establishment sizes",2,0,0,0,0,0,0,0
"13219",5,"51111",77,0,2007,4,"N","Oconee County, Georgia","Private","Newspaper publishers","County, NAICS 5-digit -- by ownership sector","All establishment sizes",2,0,0,0,0,0,0,0
"13219",5,511110,78,0,2007,1,"N","Oconee County, Georgia","Private","Newspaper publishers","County, NAICS 6-digit -- by ownership sector","All establishment sizes",2,0,0,0,0,0,0,0
"13219",5,"511110",78,0,2007,2,"N","Oconee County, Georgia","Private","Newspaper publishers","County, NAICS 6-digit -- by ownership sector","All establishment sizes",2,0,0,0,0,0,0,0
"13219",5,"511110",78,0,2007,3,"N","Oconee County, Georgia","Private","Newspaper publishers","County, NAICS 6-digit -- by ownership sector","All establishment sizes",2,0,0,0,0,0,0,0
"13219",5,"511110",78,0,2007,4,"N","Oconee County, Georgia","Private","Newspaper publishers","County, NAICS 6-digit -- by ownership sector","All establishment sizes",2,0,0,0,0,0,0,0
"13219",5,51112,77,0,2007,1,"N","Oconee County, Georgia","Private","Periodical publishers","County, NAICS 5-digit -- by ownership sector","All establishment sizes",1,0,0,0,0,0,0,0
"13219",5,"51112",77,0,2007,2,"N","Oconee County, Georgia","Private","Periodical publishers","County, NAICS 5-digit -- by ownership sector","All establishment sizes",1,0,0,0,0,0,0,0
"13219",5,"51112",77,0,2007,3,"N","Oconee County, Georgia","Private","Periodical publishers","County, NAICS 5-digit -- by ownership sector","All establishment sizes",1,0,0,0,0,0,0,0
"13219",5,"51112",77,0,2007,4,"N","Oconee County, Georgia","Private","Periodical publishers","County, NAICS 5-digit -- by ownership sector","All establishment sizes",1,0,0,0,0,0,0,0
"13219",5,511120,78,0,2007,1,"N","Oconee County, Georgia","Private","Periodical publishers","County, NAICS 6-digit -- by ownership sector","All establishment sizes",1,0,0,0,0,0,0,0
"13219",5,"511120",78,0,2007,2,"N","Oconee County, Georgia","Private","Periodical publishers","County, NAICS 6-digit -- by ownership sector","All establishment sizes",1,0,0,0,0,0,0,0
"13219",5,"511120",78,0,2007,3,"N","Oconee County, Georgia","Private","Periodical publishers","County, NAICS 6-digit -- by ownership sector","All establishment sizes",1,0,0,0,0,0,0,0
"13219",5,"511120",78,0,2007,4,"N","Oconee County, Georgia","Private","Periodical publishers","County, NAICS 6-digit -- by ownership sector","All establishment sizes",1,0,0,0,0,0,0,0
"13219",5,5112,76,0,2007,1,"N","Oconee County, Georgia","Private","Software publishers","County, NAICS 4-digit -- by ownership sector","All establishment sizes",1,0,0,0,0,0,0,0
"13219",5,"5112",76,0,2007,2,"N","Oconee County, Georgia","Private","Software publishers","County, NAICS 4-digit -- by ownership sector","All establishment sizes",1,0,0,0,0,0,0,0
"13219",5,"5112",76,0,2007,3,"N","Oconee County, Georgia","Private","Software publishers","County, NAICS 4-digit -- by ownership sector","All establishment sizes",1,0,0,0,0,0,0,0
"13219",5,"5112",76,0,2007,4,"N","Oconee County, Georgia","Private","Software publishers","County, NAICS 4-digit -- by ownership sector","All establishment sizes",1,0,0,0,0,0,0,0
"13219",5,51121,77,0,2007,1,"N","Oconee County, Georgia","Private","Software publishers","County, NAICS 5-digit -- by ownership sector","All establishment sizes",1,0,0,0,0,0,0,0
"13219",5,"51121",77,0,2007,2,"N","Oconee County, Georgia","Private","Software publishers","County, NAICS 5-digit -- by ownership sector","All establishment sizes",1,0,0,0,0,0,0,0
"13219",5,"51121",77,0,2007,3,"N","Oconee County, Georgia","Private","Software publishers","County, NAICS 5-digit -- by ownership sector","All establishment sizes",1,0,0,0,0,0,0,0
"13219",5,"51121",77,0,2007,4,"N","Oconee County, Georgia","Private","Software publishers","County, NAICS 5-digit -- by ownership sector","All establishment sizes",1,0,0,0,0,0,0,0
"13219",5,511210,78,0,2007,1,"N","Oconee County, Georgia","Private","Software publishers","County, NAICS 6-digit -- by ownership sector","All establishment sizes",1,0,0,0,0,0,0,0
"13219",5,"511210",78,0,2007,2,"N","Oconee County, Georgia","Private","Software publishers","County, NAICS 6-digit -- by ownership sector","All establishment sizes",1,0,0,0,0,0,0,0
"13219",5,"511210",78,0,2007,3,"N","Oconee County, Georgia","Private","Software publishers","County, NAICS 6-digit -- by ownership sector","All establishment sizes",1,0,0,0,0,0,0,0
"13219",5,"511210",78,0,2007,4,"N","Oconee County, Georgia","Private","Software publishers","County, NAICS 6-digit -- by ownership sector","All establishment sizes",1,0,0,0,0,0,0,0
"13219",5,512,75,0,2007,1,"","Oconee County, Georgia","Private","Motion picture and sound recording industries","County, NAICS 3-digit -- by ownership sector","All establishment sizes",3,4,4,4,17181,15800,5,330
"13219",5,"512",75,0,2007,2,"","Oconee County, Georgia","Private","Motion picture and sound recording industries","County, NAICS 3-digit -- by ownership sector","All establishment sizes",3,4,4,4,17181,11417,3,330
"13219",5,"512",75,0,2007,3,"","Oconee County, Georgia","Private","Motion picture and sound recording industries","County, NAICS 3-digit -- by ownership sector","All establishment sizes",4,5,4,5,17487,10900,96,288
"13219",5,"512",75,0,2007,4,"","Oconee County, Georgia","Private","Motion picture and sound recording industries","County, NAICS 3-digit -- by ownership sector","All establishment sizes",4,5,5,5,20781,11075,96,320
"13219",5,5121,76,0,2007,1,"","Oconee County, Georgia","Private","Motion picture and video industries","County, NAICS 4-digit -- by ownership sector","All establishment sizes",3,4,4,4,17181,15800,5,330
"13219",5,"5121",76,0,2007,2,"","Oconee County, Georgia","Private","Motion picture and video industries","County, NAICS 4-digit -- by ownership sector","All establishment sizes",3,4,4,4,17181,11417,3,330
"13219",5,"5121",76,0,2007,3,"","Oconee County, Georgia","Private","Motion picture and video industries","County, NAICS 4-digit -- by ownership sector","All establishment sizes",4,5,4,5,17487,10900,96,288
"13219",5,"5121",76,0,2007,4,"","Oconee County, Georgia","Private","Motion picture and video industries","County, NAICS 4-digit -- by ownership sector","All establishment sizes",4,5,5,5,20781,11075,96,320
"13219",5,51211,77,0,2007,1,"","Oconee County, Georgia","Private","Motion picture and video production","County, NAICS 5-digit -- by ownership sector","All establishment sizes",3,4,4,4,17181,15800,5,330
"13219",5,"51211",77,0,2007,2,"","Oconee County, Georgia","Private","Motion picture and video production","County, NAICS 5-digit -- by ownership sector","All establishment sizes",3,4,4,4,17181,11417,3,330
"13219",5,"51211",77,0,2007,3,"","Oconee County, Georgia","Private","Motion picture and video production","County, NAICS 5-digit -- by ownership sector","All establishment sizes",4,5,4,5,17487,10900,96,288
"13219",5,"51211",77,0,2007,4,"","Oconee County, Georgia","Private","Motion picture and video production","County, NAICS 5-digit -- by ownership sector","All establishment sizes",4,5,5,5,20781,11075,96,320
"13219",5,512110,78,0,2007,1,"","Oconee County, Georgia","Private","Motion picture and video production","County, NAICS 6-digit -- by ownership sector","All establishment sizes",3,4,4,4,17181,15800,5,330
"13219",5,"512110",78,0,2007,2,"","Oconee County, Georgia","Private","Motion picture and video production","County, NAICS 6-digit -- by ownership sector","All establishment sizes",3,4,4,4,17181,11417,3,330
"13219",5,"512110",78,0,2007,3,"","Oconee County, Georgia","Private","Motion picture and video production","County, NAICS 6-digit -- by ownership sector","All establishment sizes",4,5,4,5,17487,10900,96,288
"13219",5,"512110",78,0,2007,4,"","Oconee County, Georgia","Private","Motion picture and video production","County, NAICS 6-digit -- by ownership sector","All establishment sizes",4,5,5,5,20781,11075,96,320
"13219",5,515,75,0,2007,1,"N","Oconee County, Georgia","Private","Broadcasting, except Internet","County, NAICS 3-digit -- by ownership sector","All establishment sizes",2,0,0,0,0,0,0,0
"13219",5,"515",75,0,2007,2,"N","Oconee County, Georgia","Private","Broadcasting, except Internet","County, NAICS 3-digit -- by ownership sector","All establishment sizes",2,0,0,0,0,0,0,0
"13219",5,"515",75,0,2007,3,"N","Oconee County, Georgia","Private","Broadcasting, except Internet","County, NAICS 3-digit -- by ownership sector","All establishment sizes",2,0,0,0,0,0,0,0
"13219",5,"515",75,0,2007,4,"N","Oconee County, Georgia","Private","Broadcasting, except Internet","County, NAICS 3-digit -- by ownership sector","All establishment sizes",2,0,0,0,0,0,0,0
"13219",5,5151,76,0,2007,1,"N","Oconee County, Georgia","Private","Radio and television broadcasting","County, NAICS 4-digit -- by ownership sector","All establishment sizes",2,0,0,0,0,0,0,0
"13219",5,"5151",76,0,2007,2,"N","Oconee County, Georgia","Private","Radio and television broadcasting","County, NAICS 4-digit -- by ownership sector","All establishment sizes",2,0,0,0,0,0,0,0
"13219",5,"5151",76,0,2007,3,"N","Oconee County, Georgia","Private","Radio and television broadcasting","County, NAICS 4-digit -- by ownership sector","All establishment sizes",2,0,0,0,0,0,0,0
"13219",5,"5151",76,0,2007,4,"N","Oconee County, Georgia","Private","Radio and television broadcasting","County, NAICS 4-digit -- by ownership sector","All establishment sizes",2,0,0,0,0,0,0,0
"13219",5,51511,77,0,2007,1,"N","Oconee County, Georgia","Private","Radio broadcasting","County, NAICS 5-digit -- by ownership sector","All establishment sizes",2,0,0,0,0,0,0,0
"13219",5,"51511",77,0,2007,2,"N","Oconee County, Georgia","Private","Radio broadcasting","County, NAICS 5-digit -- by ownership sector","All establishment sizes",2,0,0,0,0,0,0,0
"13219",5,"51511",77,0,2007,3,"N","Oconee County, Georgia","Private","Radio broadcasting","County, NAICS 5-digit -- by ownership sector","All establishment sizes",2,0,0,0,0,0,0,0
"13219",5,"51511",77,0,2007,4,"N","Oconee County, Georgia","Private","Radio broadcasting","County, NAICS 5-digit -- by ownership sector","All establishment sizes",2,0,0,0,0,0,0,0
"13219",5,515111,78,0,2007,1,"N","Oconee County, Georgia","Private","Radio networks","County, NAICS 6-digit -- by ownership sector","All establishment sizes",1,0,0,0,0,0,0,0
"13219",5,"515111",78,0,2007,2,"N","Oconee County, Georgia","Private","Radio networks","County, NAICS 6-digit -- by ownership sector","All establishment sizes",1,0,0,0,0,0,0,0
"13219",5,"515111",78,0,2007,3,"N","Oconee County, Georgia","Private","Radio networks","County, NAICS 6-digit -- by ownership sector","All establishment sizes",1,0,0,0,0,0,0,0
"13219",5,"515111",78,0,2007,4,"N","Oconee County, Georgia","Private","Radio networks","County, NAICS 6-digit -- by ownership sector","All establishment sizes",1,0,0,0,0,0,0,0
"13219",5,515112,78,0,2007,1,"N","Oconee County, Georgia","Private","Radio stations","County, NAICS 6-digit -- by ownership sector","All establishment sizes",1,0,0,0,0,0,0,0
"13219",5,"515112",78,0,2007,2,"N","Oconee County, Georgia","Private","Radio stations","County, NAICS 6-digit -- by ownership sector","All establishment sizes",1,0,0,0,0,0,0,0
"13219",5,"515112",78,0,2007,3,"N","Oconee County, Georgia","Private","Radio stations","County, NAICS 6-digit -- by ownership sector","All establishment sizes",1,0,0,0,0,0,0,0
"13219",5,"515112",78,0,2007,4,"N","Oconee County, Georgia","Private","Radio stations","County, NAICS 6-digit -- by ownership sector","All establishment sizes",1,0,0,0,0,0,0,0
"13219",5,518,75,0,2007,1,"N","Oconee County, Georgia","Private","Data processing, hosting and related services","County, NAICS 3-digit -- by ownership sector","All establishment sizes",1,0,0,0,0,0,0,0
"13219",5,"518",75,0,2007,2,"N","Oconee County, Georgia","Private","Data processing, hosting and related services","County, NAICS 3-digit -- by ownership sector","All establishment sizes",1,0,0,0,0,0,0,0
"13219",5,"518",75,0,2007,3,"N","Oconee County, Georgia","Private","Data processing, hosting and related services","County, NAICS 3-digit -- by ownership sector","All establishment sizes",1,0,0,0,0,0,0,0
"13219",5,"518",75,0,2007,4,"N","Oconee County, Georgia","Private","Data processing, hosting and related services","County, NAICS 3-digit -- by ownership sector","All establishment sizes",1,0,0,0,0,0,0,0
"13219",5,5182,76,0,2007,1,"N","Oconee County, Georgia","Private","Data processing, hosting and related services","County, NAICS 4-digit -- by ownership sector","All establishment sizes",1,0,0,0,0,0,0,0
"13219",5,"5182",76,0,2007,2,"N","Oconee County, Georgia","Private","Data processing, hosting and related services","County, NAICS 4-digit -- by ownership sector","All establishment sizes",1,0,0,0,0,0,0,0
"13219",5,"5182",76,0,2007,3,"N","Oconee County, Georgia","Private","Data processing, hosting and related services","County, NAICS 4-digit -- by ownership sector","All establishment sizes",1,0,0,0,0,0,0,0
"13219",5,"5182",76,0,2007,4,"N","Oconee County, Georgia","Private","Data processing, hosting and related services","County, NAICS 4-digit -- by ownership sector","All establishment sizes",1,0,0,0,0,0,0,0
"13219",5,51821,77,0,2007,1,"N","Oconee County, Georgia","Private","Data processing, hosting and related services","County, NAICS 5-digit -- by ownership sector","All establishment sizes",1,0,0,0,0,0,0,0
"13219",5,"51821",77,0,2007,2,"N","Oconee County, Georgia","Private","Data processing, hosting and related services","County, NAICS 5-digit -- by ownership sector","All establishment sizes",1,0,0,0,0,0,0,0
"13219",5,"51821",77,0,2007,3,"N","Oconee County, Georgia","Private","Data processing, hosting and related services","County, NAICS 5-digit -- by ownership sector","All establishment sizes",1,0,0,0,0,0,0,0
"13219",5,"51821",77,0,2007,4,"N","Oconee County, Georgia","Private","Data processing, hosting and related services","County, NAICS 5-digit -- by ownership sector","All establishment sizes",1,0,0,0,0,0,0,0
"13219",5,518210,78,0,2007,1,"N","Oconee County, Georgia","Private","Data processing, hosting and related services","County, NAICS 6-digit -- by ownership sector","All establishment sizes",1,0,0,0,0,0,0,0
"13219",5,"518210",78,0,2007,2,"N","Oconee County, Georgia","Private","Data processing, hosting and related services","County, NAICS 6-digit -- by ownership sector","All establishment sizes",1,0,0,0,0,0,0,0
"13219",5,"518210",78,0,2007,3,"N","Oconee County, Georgia","Private","Data processing, hosting and related services","County, NAICS 6-digit -- by ownership sector","All establishment sizes",1,0,0,0,0,0,0,0
"13219",5,"518210",78,0,2007,4,"N","Oconee County, Georgia","Private","Data processing, hosting and related services","County, NAICS 6-digit -- by ownership sector","All establishment sizes",1,0,0,0,0,0,0,0
"13219",5,519,75,0,2007,1,"N","Oconee County, Georgia","Private","Other information services","County, NAICS 3-digit -- by ownership sector","All establishment sizes",1,0,0,0,0,0,0,0
"13219",5,"519",75,0,2007,2,"N","Oconee County, Georgia","Private","Other information services","County, NAICS 3-digit -- by ownership sector","All establishment sizes",1,0,0,0,0,0,0,0
"13219",5,"519",75,0,2007,3,"N","Oconee County, Georgia","Private","Other information services","County, NAICS 3-digit -- by ownership sector","All establishment sizes",1,0,0,0,0,0,0,0
"13219",5,"519",75,0,2007,4,"N","Oconee County, Georgia","Private","Other information services","County, NAICS 3-digit -- by ownership sector","All establishment sizes",1,0,0,0,0,0,0,0
"13219",5,5191,76,0,2007,1,"N","Oconee County, Georgia","Private","Other information services","County, NAICS 4-digit -- by ownership sector","All establishment sizes",1,0,0,0,0,0,0,0
"13219",5,"5191",76,0,2007,2,"N","Oconee County, Georgia","Private","Other information services","County, NAICS 4-digit -- by ownership sector","All establishment sizes",1,0,0,0,0,0,0,0
"13219",5,"5191",76,0,2007,3,"N","Oconee County, Georgia","Private","Other information services","County, NAICS 4-digit -- by ownership sector","All establishment sizes",1,0,0,0,0,0,0,0
"13219",5,"5191",76,0,2007,4,"N","Oconee County, Georgia","Private","Other information services","County, NAICS 4-digit -- by ownership sector","All establishment sizes",1,0,0,0,0,0,0,0
"13219",5,51913,77,0,2007,1,"N","Oconee County, Georgia","Private","Internet publishing and web search portals","County, NAICS 5-digit -- by ownership sector","All establishment sizes",1,0,0,0,0,0,0,0
"13219",5,"51913",77,0,2007,2,"N","Oconee County, Georgia","Private","Internet publishing and web search portals","County, NAICS 5-digit -- by ownership sector","All establishment sizes",1,0,0,0,0,0,0,0
"13219",5,"51913",77,0,2007,3,"N","Oconee County, Georgia","Private","Internet publishing and web search portals","County, NAICS 5-digit -- by ownership sector","All establishment sizes",1,0,0,0,0,0,0,0
"13219",5,"51913",77,0,2007,4,"N","Oconee County, Georgia","Private","Internet publishing and web search portals","County, NAICS 5-digit -- by ownership sector","All establishment sizes",1,0,0,0,0,0,0,0
"13219",5,519130,78,0,2007,1,"N","Oconee County, Georgia","Private","Internet publishing and web search portals","County, NAICS 6-digit -- by ownership sector","All establishment sizes",1,0,0,0,0,0,0,0
"13219",5,"519130",78,0,2007,2,"N","Oconee County, Georgia","Private","Internet publishing and web search portals","County, NAICS 6-digit -- by ownership sector","All establishment sizes",1,0,0,0,0,0,0,0
"13219",5,"519130",78,0,2007,3,"N","Oconee County, Georgia","Private","Internet publishing and web search portals","County, NAICS 6-digit -- by ownership sector","All establishment sizes",1,0,0,0,0,0,0,0
"13219",5,"519130",78,0,2007,4,"N","Oconee County, Georgia","Private","Internet publishing and web search portals","County, NAICS 6-digit -- by ownership sector","All establishment sizes",1,0,0,0,0,0,0,0
"13219",5,52,74,0,2007,1,"","Oconee County, Georgia","Private","Finance and insurance","County, NAICS Sector -- by ownership sector","All establishment sizes",56,315,309,317,4519460,2101013,16800,1108
"13219",5,"52",74,0,2007,2,"","Oconee County, Georgia","Private","Finance and insurance","County, NAICS Sector -- by ownership sector","All establishment sizes",58,316,311,327,3764728,477089,3845,911
"13219",5,"52",74,0,2007,3,"","Oconee County, Georgia","Private","Finance and insurance","County, NAICS Sector -- by ownership sector","All establishment sizes",58,328,325,313,3910367,253164,2320,934
"13219",5,"52",74,0,2007,4,"","Oconee County, Georgia","Private","Finance and insurance","County, NAICS Sector -- by ownership sector","All establishment sizes",58,327,329,326,4071688,221702,2010,957
"13219",5,522,75,0,2007,1,"","Oconee County, Georgia","Private","Credit intermediation and related activities","County, NAICS 3-digit -- by ownership sector","All establishment sizes",23,197,188,188,2635910,1187082,8517,1062
"13219",5,"522",75,0,2007,2,"","Oconee County, Georgia","Private","Credit intermediation and related activities","County, NAICS 3-digit -- by ownership sector","All establishment sizes",23,188,187,193,1929362,294901,1765,784
"13219",5,"522",75,0,2007,3,"","Oconee County, Georgia","Private","Credit intermediation and related activities","County, NAICS 3-digit -- by ownership sector","All establishment sizes",23,191,192,184,1944516,101748,785,791
"13219",5,"522",75,0,2007,4,"","Oconee County, Georgia","Private","Credit intermediation and related activities","County, NAICS 3-digit -- by ownership sector","All establishment sizes",23,191,192,189,2012851,102455,985,812
"13219",5,5221,76,0,2007,1,"","Oconee County, Georgia","Private","Depository credit intermediation","County, NAICS 4-digit -- by ownership sector","All establishment sizes",15,171,161,162,2298803,1051654,7087,1074
"13219",5,"5221",76,0,2007,2,"","Oconee County, Georgia","Private","Depository credit intermediation","County, NAICS 4-digit -- by ownership sector","All establishment sizes",15,163,163,166,1501618,238538,1436,704
"13219",5,"5221",76,0,2007,3,"","Oconee County, Georgia","Private","Depository credit intermediation","County, NAICS 4-digit -- by ownership sector","All establishment sizes",15,166,165,157,1540113,80210,486,728
"13219",5,"5221",76,0,2007,4,"","Oconee County, Georgia","Private","Depository credit intermediation","County, NAICS 4-digit -- by ownership sector","All establishment sizes",15,165,165,161,1617738,72975,423,760
"13219",5,52211,77,0,2007,1,"","Oconee County, Georgia","Private","Commercial banking","County, NAICS 5-digit -- by ownership sector","All establishment sizes",15,171,161,162,2298803,1051654,7087,1074
"13219",5,"52211",77,0,2007,2,"","Oconee County, Georgia","Private","Commercial banking","County, NAICS 5-digit -- by ownership sector","All establishment sizes",15,163,163,166,1501618,238538,1436,704
"13219",5,"52211",77,0,2007,3,"","Oconee County, Georgia","Private","Commercial banking","County, NAICS 5-digit -- by ownership sector","All establishment sizes",15,166,165,157,1540113,80210,486,728
"13219",5,"52211",77,0,2007,4,"","Oconee County, Georgia","Private","Commercial banking","County, NAICS 5-digit -- by ownership sector","All establishment sizes",15,165,165,161,1617738,72975,423,760
"13219",5,522110,78,0,2007,1,"","Oconee County, Georgia","Private","Commercial banking","County, NAICS 6-digit -- by ownership sector","All establishment sizes",15,171,161,162,2298803,1051654,7087,1074
"13219",5,"522110",78,0,2007,2,"","Oconee County, Georgia","Private","Commercial banking","County, NAICS 6-digit -- by ownership sector","All establishment sizes",15,163,163,166,1501618,238538,1436,704
"13219",5,"522110",78,0,2007,3,"","Oconee County, Georgia","Private","Commercial banking","County, NAICS 6-digit -- by ownership sector","All establishment sizes",15,166,165,157,1540113,80210,486,728
"13219",5,"522110",78,0,2007,4,"","Oconee County, Georgia","Private","Commercial banking","County, NAICS 6-digit -- by ownership sector","All establishment sizes",15,165,165,161,1617738,72975,423,760
"13219",5,5222,76,0,2007,1,"N","Oconee County, Georgia","Private","Nondepository credit intermediation","County, NAICS 4-digit -- by ownership sector","All establishment sizes",5,0,0,0,0,0,0,0
"13219",5,"5222",76,0,2007,2,"N","Oconee County, Georgia","Private","Nondepository credit intermediation","County, NAICS 4-digit -- by ownership sector","All establishment sizes",5,0,0,0,0,0,0,0
"13219",5,"5222",76,0,2007,3,"N","Oconee County, Georgia","Private","Nondepository credit intermediation","County, NAICS 4-digit -- by ownership sector","All establishment sizes",4,0,0,0,0,0,0,0
"13219",5,"5222",76,0,2007,4,"N","Oconee County, Georgia","Private","Nondepository credit intermediation","County, NAICS 4-digit -- by ownership sector","All establishment sizes",4,0,0,0,0,0,0,0
"13219",5,52229,77,0,2007,1,"N","Oconee County, Georgia","Private","Other nondepository credit intermediation","County, NAICS 5-digit -- by ownership sector","All establishment sizes",5,0,0,0,0,0,0,0
"13219",5,"52229",77,0,2007,2,"N","Oconee County, Georgia","Private","Other nondepository credit intermediation","County, NAICS 5-digit -- by ownership sector","All establishment sizes",5,0,0,0,0,0,0,0
"13219",5,"52229",77,0,2007,3,"N","Oconee County, Georgia","Private","Other nondepository credit intermediation","County, NAICS 5-digit -- by ownership sector","All establishment sizes",4,0,0,0,0,0,0,0
"13219",5,"52229",77,0,2007,4,"N","Oconee County, Georgia","Private","Other nondepository credit intermediation","County, NAICS 5-digit -- by ownership sector","All establishment sizes",4,0,0,0,0,0,0,0
"13219",5,522291,78,0,2007,1,"","Oconee County, Georgia","Private","Consumer lending","County, NAICS 6-digit -- by ownership sector","All establishment sizes",4,22,23,22,318046,116367,1405,1095
"13219",5,"522291",78,0,2007,2,"","Oconee County, Georgia","Private","Consumer lending","County, NAICS 6-digit -- by ownership sector","All establishment sizes",4,23,22,25,409765,50237,325,1351
"13219",5,"522291",78,0,2007,3,"N","Oconee County, Georgia","Private","Consumer lending","County, NAICS 6-digit -- by ownership sector","All establishment sizes",4,0,0,0,0,0,0,0
"13219",5,"522291",78,0,2007,4,"N","Oconee County, Georgia","Private","Consumer lending","County, NAICS 6-digit -- by ownership sector","All establishment sizes",4,0,0,0,0,0,0,0
"13219",5,522292,78,0,2007,1,"N","Oconee County, Georgia","Private","Real estate credit","County, NAICS 6-digit -- by ownership sector","All establishment sizes",1,0,0,0,0,0,0,0
"13219",5,"522292",78,0,2007,2,"N","Oconee County, Georgia","Private","Real estate credit","County, NAICS 6-digit -- by ownership sector","All establishment sizes",1,0,0,0,0,0,0,0
"13219",5,"522292",78,0,2007,3,"-","Oconee County, Georgia","Private","Real estate credit","County, NAICS 6-digit -- by ownership sector","All establishment sizes",0,0,0,0,0,0,0,0
"13219",5,"522292",78,0,2007,4,"-","Oconee County, Georgia","Private","Real estate credit","County, NAICS 6-digit -- by ownership sector","All establishment sizes",0,0,0,0,0,0,0,0
"13219",5,5223,76,0,2007,1,"N","Oconee County, Georgia","Private","Activities related to credit intermediation","County, NAICS 4-digit -- by ownership sector","All establishment sizes",3,0,0,0,0,0,0,0
"13219",5,"5223",76,0,2007,2,"N","Oconee County, Georgia","Private","Activities related to credit intermediation","County, NAICS 4-digit -- by ownership sector","All establishment sizes",3,0,0,0,0,0,0,0
"13219",5,"5223",76,0,2007,3,"N","Oconee County, Georgia","Private","Activities related to credit intermediation","County, NAICS 4-digit -- by ownership sector","All establishment sizes",4,0,0,0,0,0,0,0
"13219",5,"5223",76,0,2007,4,"N","Oconee County, Georgia","Private","Activities related to credit intermediation","County, NAICS 4-digit -- by ownership sector","All establishment sizes",4,0,0,0,0,0,0,0
"13219",5,52231,77,0,2007,1,"N","Oconee County, Georgia","Private","Mortgage and nonmortgage loan brokers","County, NAICS 5-digit -- by ownership sector","All establishment sizes",3,0,0,0,0,0,0,0
"13219",5,"52231",77,0,2007,2,"N","Oconee County, Georgia","Private","Mortgage and nonmortgage loan brokers","County, NAICS 5-digit -- by ownership sector","All establishment sizes",3,0,0,0,0,0,0,0
"13219",5,"52231",77,0,2007,3,"N","Oconee County, Georgia","Private","Mortgage and nonmortgage loan brokers","County, NAICS 5-digit -- by ownership sector","All establishment sizes",4,0,0,0,0,0,0,0
"13219",5,"52231",77,0,2007,4,"N","Oconee County, Georgia","Private","Mortgage and nonmortgage loan brokers","County, NAICS 5-digit -- by ownership sector","All establishment sizes",4,0,0,0,0,0,0,0
"13219",5,522310,78,0,2007,1,"N","Oconee County, Georgia","Private","Mortgage and nonmortgage loan brokers","County, NAICS 6-digit -- by ownership sector","All establishment sizes",3,0,0,0,0,0,0,0
"13219",5,"522310",78,0,2007,2,"N","Oconee County, Georgia","Private","Mortgage and nonmortgage loan brokers","County, NAICS 6-digit -- by ownership sector","All establishment sizes",3,0,0,0,0,0,0,0
"13219",5,"522310",78,0,2007,3,"N","Oconee County, Georgia","Private","Mortgage and nonmortgage loan brokers","County, NAICS 6-digit -- by ownership sector","All establishment sizes",4,0,0,0,0,0,0,0
"13219",5,"522310",78,0,2007,4,"N","Oconee County, Georgia","Private","Mortgage and nonmortgage loan brokers","County, NAICS 6-digit -- by ownership sector","All establishment sizes",4,0,0,0,0,0,0,0
"13219",5,523,75,0,2007,1,"N","Oconee County, Georgia","Private","Securities, commodity contracts, investments","County, NAICS 3-digit -- by ownership sector","All establishment sizes",8,0,0,0,0,0,0,0
"13219",5,"523",75,0,2007,2,"N","Oconee County, Georgia","Private","Securities, commodity contracts, investments","County, NAICS 3-digit -- by ownership sector","All establishment sizes",9,0,0,0,0,0,0,0
"13219",5,"523",75,0,2007,3,"N","Oconee County, Georgia","Private","Securities, commodity contracts, investments","County, NAICS 3-digit -- by ownership sector","All establishment sizes",9,0,0,0,0,0,0,0
"13219",5,"523",75,0,2007,4,"N","Oconee County, Georgia","Private","Securities, commodity contracts, investments","County, NAICS 3-digit -- by ownership sector","All establishment sizes",8,0,0,0,0,0,0,0
"13219",5,5231,76,0,2007,1,"N","Oconee County, Georgia","Private","Securities and commodity contracts brokerage","County, NAICS 4-digit -- by ownership sector","All establishment sizes",3,0,0,0,0,0,0,0
"13219",5,"5231",76,0,2007,2,"N","Oconee County, Georgia","Private","Securities and commodity contracts brokerage","County, NAICS 4-digit -- by ownership sector","All establishment sizes",3,0,0,0,0,0,0,0
"13219",5,"5231",76,0,2007,3,"N","Oconee County, Georgia","Private","Securities and commodity contracts brokerage","County, NAICS 4-digit -- by ownership sector","All establishment sizes",3,0,0,0,0,0,0,0
"13219",5,"5231",76,0,2007,4,"N","Oconee County, Georgia","Private","Securities and commodity contracts brokerage","County, NAICS 4-digit -- by ownership sector","All establishment sizes",2,0,0,0,0,0,0,0
"13219",5,52311,77,0,2007,1,"N","Oconee County, Georgia","Private","Investment banking and securities dealing","County, NAICS 5-digit -- by ownership sector","All establishment sizes",1,0,0,0,0,0,0,0
"13219",5,"52311",77,0,2007,2,"N","Oconee County, Georgia","Private","Investment banking and securities dealing","County, NAICS 5-digit -- by ownership sector","All establishment sizes",1,0,0,0,0,0,0,0
"13219",5,"52311",77,0,2007,3,"N","Oconee County, Georgia","Private","Investment banking and securities dealing","County, NAICS 5-digit -- by ownership sector","All establishment sizes",1,0,0,0,0,0,0,0
"13219",5,"52311",77,0,2007,4,"N","Oconee County, Georgia","Private","Investment banking and securities dealing","County, NAICS 5-digit -- by ownership sector","All establishment sizes",1,0,0,0,0,0,0,0
"13219",5,523110,78,0,2007,1,"N","Oconee County, Georgia","Private","Investment banking and securities dealing","County, NAICS 6-digit -- by ownership sector","All establishment sizes",1,0,0,0,0,0,0,0
"13219",5,"523110",78,0,2007,2,"N","Oconee County, Georgia","Private","Investment banking and securities dealing","County, NAICS 6-digit -- by ownership sector","All establishment sizes",1,0,0,0,0,0,0,0
"13219",5,"523110",78,0,2007,3,"N","Oconee County, Georgia","Private","Investment banking and securities dealing","County, NAICS 6-digit -- by ownership sector","All establishment sizes",1,0,0,0,0,0,0,0
"13219",5,"523110",78,0,2007,4,"N","Oconee County, Georgia","Private","Investment banking and securities dealing","County, NAICS 6-digit -- by ownership sector","All establishment sizes",1,0,0,0,0,0,0,0
"13219",5,52312,77,0,2007,1,"N","Oconee County, Georgia","Private","Securities brokerage","County, NAICS 5-digit -- by ownership sector","All establishment sizes",2,0,0,0,0,0,0,0
"13219",5,"52312",77,0,2007,2,"N","Oconee County, Georgia","Private","Securities brokerage","County, NAICS 5-digit -- by ownership sector","All establishment sizes",2,0,0,0,0,0,0,0
"13219",5,"52312",77,0,2007,3,"N","Oconee County, Georgia","Private","Securities brokerage","County, NAICS 5-digit -- by ownership sector","All establishment sizes",2,0,0,0,0,0,0,0
"13219",5,"52312",77,0,2007,4,"N","Oconee County, Georgia","Private","Securities brokerage","County, NAICS 5-digit -- by ownership sector","All establishment sizes",1,0,0,0,0,0,0,0
"13219",5,523120,78,0,2007,1,"N","Oconee County, Georgia","Private","Securities brokerage","County, NAICS 6-digit -- by ownership sector","All establishment sizes",2,0,0,0,0,0,0,0
"13219",5,"523120",78,0,2007,2,"N","Oconee County, Georgia","Private","Securities brokerage","County, NAICS 6-digit -- by ownership sector","All establishment sizes",2,0,0,0,0,0,0,0
"13219",5,"523120",78,0,2007,3,"N","Oconee County, Georgia","Private","Securities brokerage","County, NAICS 6-digit -- by ownership sector","All establishment sizes",2,0,0,0,0,0,0,0
"13219",5,"523120",78,0,2007,4,"N","Oconee County, Georgia","Private","Securities brokerage","County, NAICS 6-digit -- by ownership sector","All establishment sizes",1,0,0,0,0,0,0,0
"13219",5,5239,76,0,2007,1,"N","Oconee County, Georgia","Private","Other financial investment activities","County, NAICS 4-digit -- by ownership sector","All establishment sizes",5,0,0,0,0,0,0,0
"13219",5,"5239",76,0,2007,2,"","Oconee County, Georgia","Private","Other financial investment activities","County, NAICS 4-digit -- by ownership sector","All establishment sizes",6,35,35,39,781298,42347,535,1654
"13219",5,"5239",76,0,2007,3,"","Oconee County, Georgia","Private","Other financial investment activities","County, NAICS 4-digit -- by ownership sector","All establishment sizes",6,40,38,38,910395,53276,423,1811
"13219",5,"5239",76,0,2007,4,"N","Oconee County, Georgia","Private","Other financial investment activities","County, NAICS 4-digit -- by ownership sector","All establishment sizes",6,0,0,0,0,0,0,0
"13219",5,52391,77,0,2007,1,"N","Oconee County, Georgia","Private","Miscellaneous intermediation","County, NAICS 5-digit -- by ownership sector","All establishment sizes",2,0,0,0,0,0,0,0
"13219",5,"52391",77,0,2007,2,"N","Oconee County, Georgia","Private","Miscellaneous intermediation","County, NAICS 5-digit -- by ownership sector","All establishment sizes",2,0,0,0,0,0,0,0
"13219",5,"52391",77,0,2007,3,"N","Oconee County, Georgia","Private","Miscellaneous intermediation","County, NAICS 5-digit -- by ownership sector","All establishment sizes",2,0,0,0,0,0,0,0
"13219",5,"52391",77,0,2007,4,"N","Oconee County, Georgia","Private","Miscellaneous intermediation","County, NAICS 5-digit -- by ownership sector","All establishment sizes",2,0,0,0,0,0,0,0
"13219",5,523910,78,0,2007,1,"N","Oconee County, Georgia","Private","Miscellaneous intermediation","County, NAICS 6-digit -- by ownership sector","All establishment sizes",2,0,0,0,0,0,0,0
"13219",5,"523910",78,0,2007,2,"N","Oconee County, Georgia","Private","Miscellaneous intermediation","County, NAICS 6-digit -- by ownership sector","All establishment sizes",2,0,0,0,0,0,0,0
"13219",5,"523910",78,0,2007,3,"N","Oconee County, Georgia","Private","Miscellaneous intermediation","County, NAICS 6-digit -- by ownership sector","All establishment sizes",2,0,0,0,0,0,0,0
"13219",5,"523910",78,0,2007,4,"N","Oconee County, Georgia","Private","Miscellaneous intermediation","County, NAICS 6-digit -- by ownership sector","All establishment sizes",2,0,0,0,0,0,0,0
"13219",5,52392,77,0,2007,1,"-","Oconee County, Georgia","Private","Portfolio management","County, NAICS 5-digit -- by ownership sector","All establishment sizes",0,0,0,0,0,0,0,0
"13219",5,"52392",77,0,2007,2,"N","Oconee County, Georgia","Private","Portfolio management","County, NAICS 5-digit -- by ownership sector","All establishment sizes",1,0,0,0,0,0,0,0
"13219",5,"52392",77,0,2007,3,"N","Oconee County, Georgia","Private","Portfolio management","County, NAICS 5-digit -- by ownership sector","All establishment sizes",1,0,0,0,0,0,0,0
"13219",5,"52392",77,0,2007,4,"N","Oconee County, Georgia","Private","Portfolio management","County, NAICS 5-digit -- by ownership sector","All establishment sizes",1,0,0,0,0,0,0,0
"13219",5,523920,78,0,2007,1,"-","Oconee County, Georgia","Private","Portfolio management","County, NAICS 6-digit -- by ownership sector","All establishment sizes",0,0,0,0,0,0,0,0
"13219",5,"523920",78,0,2007,2,"N","Oconee County, Georgia","Private","Portfolio management","County, NAICS 6-digit -- by ownership sector","All establishment sizes",1,0,0,0,0,0,0,0
"13219",5,"523920",78,0,2007,3,"N","Oconee County, Georgia","Private","Portfolio management","County, NAICS 6-digit -- by ownership sector","All establishment sizes",1,0,0,0,0,0,0,0
"13219",5,"523920",78,0,2007,4,"N","Oconee County, Georgia","Private","Portfolio management","County, NAICS 6-digit -- by ownership sector","All establishment sizes",1,0,0,0,0,0,0,0
"13219",5,52393,77,0,2007,1,"N","Oconee County, Georgia","Private","Investment advice","County, NAICS 5-digit -- by ownership sector","All establishment sizes",3,0,0,0,0,0,0,0
"13219",5,"52393",77,0,2007,2,"N","Oconee County, Georgia","Private","Investment advice","County, NAICS 5-digit -- by ownership sector","All establishment sizes",3,0,0,0,0,0,0,0
"13219",5,"52393",77,0,2007,3,"N","Oconee County, Georgia","Private","Investment advice","County, NAICS 5-digit -- by ownership sector","All establishment sizes",3,0,0,0,0,0,0,0
"13219",5,"52393",77,0,2007,4,"N","Oconee County, Georgia","Private","Investment advice","County, NAICS 5-digit -- by ownership sector","All establishment sizes",3,0,0,0,0,0,0,0
"13219",5,523930,78,0,2007,1,"N","Oconee County, Georgia","Private","Investment advice","County, NAICS 6-digit -- by ownership sector","All establishment sizes",3,0,0,0,0,0,0,0
"13219",5,"523930",78,0,2007,2,"N","Oconee County, Georgia","Private","Investment advice","County, NAICS 6-digit -- by ownership sector","All establishment sizes",3,0,0,0,0,0,0,0
"13219",5,"523930",78,0,2007,3,"N","Oconee County, Georgia","Private","Investment advice","County, NAICS 6-digit -- by ownership sector","All establishment sizes",3,0,0,0,0,0,0,0
"13219",5,"523930",78,0,2007,4,"N","Oconee County, Georgia","Private","Investment advice","County, NAICS 6-digit -- by ownership sector","All establishment sizes",3,0,0,0,0,0,0,0
"13219",5,524,75,0,2007,1,"","Oconee County, Georgia","Private","Insurance carriers and related activities","County, NAICS 3-digit -- by ownership sector","All establishment sizes",24,79,82,89,905191,610568,5382,836
"13219",5,"524",75,0,2007,2,"","Oconee County, Georgia","Private","Insurance carriers and related activities","County, NAICS 3-digit -- by ownership sector","All establishment sizes",25,89,85,91,992325,134452,1436,864
"13219",5,"524",75,0,2007,3,"","Oconee County, Georgia","Private","Insurance carriers and related activities","County, NAICS 3-digit -- by ownership sector","All establishment sizes",25,93,91,87,991375,96500,1092,844
"13219",5,"524",75,0,2007,4,"","Oconee County, Georgia","Private","Insurance carriers and related activities","County, NAICS 3-digit -- by ownership sector","All establishment sizes",26,94,93,94,1037681,89257,693,852
"13219",5,5241,76,0,2007,1,"","Oconee County, Georgia","Private","Insurance carriers","County, NAICS 4-digit -- by ownership sector","All establishment sizes",3,15,15,15,258212,123984,713,1324
"13219",5,"5241",76,0,2007,2,"","Oconee County, Georgia","Private","Insurance carriers","County, NAICS 4-digit -- by ownership sector","All establishment sizes",3,15,15,15,226909,6467,40,1164
"13219",5,"5241",76,0,2007,3,"","Oconee County, Georgia","Private","Insurance carriers","County, NAICS 4-digit -- by ownership sector","All establishment sizes",3,15,15,15,225053,2858,16,1154
"13219",5,"5241",76,0,2007,4,"","Oconee County, Georgia","Private","Insurance carriers","County, NAICS 4-digit -- by ownership sector","All establishment sizes",3,15,15,15,207553,2544,14,1064
"13219",5,52412,77,0,2007,1,"","Oconee County, Georgia","Private","Direct insurers, except life and health","County, NAICS 5-digit -- by ownership sector","All establishment sizes",3,15,15,15,258212,123984,713,1324
"13219",5,"52412",77,0,2007,2,"","Oconee County, Georgia","Private","Direct insurers, except life and health","County, NAICS 5-digit -- by ownership sector","All establishment sizes",3,15,15,15,226909,6467,40,1164
"13219",5,"52412",77,0,2007,3,"","Oconee County, Georgia","Private","Direct insurers, except life and health","County, NAICS 5-digit -- by ownership sector","All establishment sizes",3,15,15,15,225053,2858,16,1154
"13219",5,"52412",77,0,2007,4,"","Oconee County, Georgia","Private","Direct insurers, except life and health","County, NAICS 5-digit -- by ownership sector","All establishment sizes",3,15,15,15,207553,2544,14,1064
"13219",5,524126,78,0,2007,1,"","Oconee County, Georgia","Private","Direct property and casualty insurers","County, NAICS 6-digit -- by ownership sector","All establishment sizes",3,15,15,15,258212,123984,713,1324
"13219",5,"524126",78,0,2007,2,"","Oconee County, Georgia","Private","Direct property and casualty insurers","County, NAICS 6-digit -- by ownership sector","All establishment sizes",3,15,15,15,226909,6467,40,1164
"13219",5,"524126",78,0,2007,3,"","Oconee County, Georgia","Private","Direct property and casualty insurers","County, NAICS 6-digit -- by ownership sector","All establishment sizes",3,15,15,15,225053,2858,16,1154
"13219",5,"524126",78,0,2007,4,"","Oconee County, Georgia","Private","Direct property and casualty insurers","County, NAICS 6-digit -- by ownership sector","All establishment sizes",3,15,15,15,207553,2544,14,1064
"13219",5,5242,76,0,2007,1,"","Oconee County, Georgia","Private","Insurance agencies and brokerages","County, NAICS 4-digit -- by ownership sector","All establishment sizes",21,64,67,74,646979,486584,4669,728
"13219",5,"5242",76,0,2007,2,"","Oconee County, Georgia","Private","Insurance agencies and brokerages","County, NAICS 4-digit -- by ownership sector","All establishment sizes",22,74,70,76,765416,127985,1396,803
"13219",5,"5242",76,0,2007,3,"","Oconee County, Georgia","Private","Insurance agencies and brokerages","County, NAICS 4-digit -- by ownership sector","All establishment sizes",22,78,76,72,766322,93642,1076,782
"13219",5,"5242",76,0,2007,4,"","Oconee County, Georgia","Private","Insurance agencies and brokerages","County, NAICS 4-digit -- by ownership sector","All establishment sizes",23,79,78,79,830128,86713,679,812
"13219",5,52421,77,0,2007,1,"N","Oconee County, Georgia","Private","Insurance agencies and brokerages","County, NAICS 5-digit -- by ownership sector","All establishment sizes",20,0,0,0,0,0,0,0
"13219",5,"52421",77,0,2007,2,"N","Oconee County, Georgia","Private","Insurance agencies and brokerages","County, NAICS 5-digit -- by ownership sector","All establishment sizes",21,0,0,0,0,0,0,0
"13219",5,"52421",77,0,2007,3,"N","Oconee County, Georgia","Private","Insurance agencies and brokerages","County, NAICS 5-digit -- by ownership sector","All establishment sizes",21,0,0,0,0,0,0,0
"13219",5,"52421",77,0,2007,4,"N","Oconee County, Georgia","Private","Insurance agencies and brokerages","County, NAICS 5-digit -- by ownership sector","All establishment sizes",22,0,0,0,0,0,0,0
"13219",5,524210,78,0,2007,1,"N","Oconee County, Georgia","Private","Insurance agencies and brokerages","County, NAICS 6-digit -- by ownership sector","All establishment sizes",20,0,0,0,0,0,0,0
"13219",5,"524210",78,0,2007,2,"N","Oconee County, Georgia","Private","Insurance agencies and brokerages","County, NAICS 6-digit -- by ownership sector","All establishment sizes",21,0,0,0,0,0,0,0
"13219",5,"524210",78,0,2007,3,"N","Oconee County, Georgia","Private","Insurance agencies and brokerages","County, NAICS 6-digit -- by ownership sector","All establishment sizes",21,0,0,0,0,0,0,0
"13219",5,"524210",78,0,2007,4,"N","Oconee County, Georgia","Private","Insurance agencies and brokerages","County, NAICS 6-digit -- by ownership sector","All establishment sizes",22,0,0,0,0,0,0,0
"13219",5,52429,77,0,2007,1,"N","Oconee County, Georgia","Private","Other insurance related activities","County, NAICS 5-digit -- by ownership sector","All establishment sizes",1,0,0,0,0,0,0,0
"13219",5,"52429",77,0,2007,2,"N","Oconee County, Georgia","Private","Other insurance related activities","County, NAICS 5-digit -- by ownership sector","All establishment sizes",1,0,0,0,0,0,0,0
"13219",5,"52429",77,0,2007,3,"N","Oconee County, Georgia","Private","Other insurance related activities","County, NAICS 5-digit -- by ownership sector","All establishment sizes",1,0,0,0,0,0,0,0
"13219",5,"52429",77,0,2007,4,"N","Oconee County, Georgia","Private","Other insurance related activities","County, NAICS 5-digit -- by ownership sector","All establishment sizes",1,0,0,0,0,0,0,0
"13219",5,524292,78,0,2007,1,"N","Oconee County, Georgia","Private","Third party administration of insurance funds","County, NAICS 6-digit -- by ownership sector","All establishment sizes",1,0,0,0,0,0,0,0
"13219",5,"524292",78,0,2007,2,"N","Oconee County, Georgia","Private","Third party administration of insurance funds","County, NAICS 6-digit -- by ownership sector","All establishment sizes",1,0,0,0,0,0,0,0
"13219",5,"524292",78,0,2007,3,"N","Oconee County, Georgia","Private","Third party administration of insurance funds","County, NAICS 6-digit -- by ownership sector","All establishment sizes",1,0,0,0,0,0,0,0
"13219",5,"524292",78,0,2007,4,"N","Oconee County, Georgia","Private","Third party administration of insurance funds","County, NAICS 6-digit -- by ownership sector","All establishment sizes",1,0,0,0,0,0,0,0
"13219",5,525,75,0,2007,1,"N","Oconee County, Georgia","Private","Funds, trusts, and other financial vehicles","County, NAICS 3-digit -- by ownership sector","All establishment sizes",1,0,0,0,0,0,0,0
"13219",5,"525",75,0,2007,2,"N","Oconee County, Georgia","Private","Funds, trusts, and other financial vehicles","County, NAICS 3-digit -- by ownership sector","All establishment sizes",1,0,0,0,0,0,0,0
"13219",5,"525",75,0,2007,3,"N","Oconee County, Georgia","Private","Funds, trusts, and other financial vehicles","County, NAICS 3-digit -- by ownership sector","All establishment sizes",1,0,0,0,0,0,0,0
"13219",5,"525",75,0,2007,4,"N","Oconee County, Georgia","Private","Funds, trusts, and other financial vehicles","County, NAICS 3-digit -- by ownership sector","All establishment sizes",1,0,0,0,0,0,0,0
"13219",5,5259,76,0,2007,1,"N","Oconee County, Georgia","Private","Other investment pools and funds","County, NAICS 4-digit -- by ownership sector","All establishment sizes",1,0,0,0,0,0,0,0
"13219",5,"5259",76,0,2007,2,"N","Oconee County, Georgia","Private","Other investment pools and funds","County, NAICS 4-digit -- by ownership sector","All establishment sizes",1,0,0,0,0,0,0,0
"13219",5,"5259",76,0,2007,3,"N","Oconee County, Georgia","Private","Other investment pools and funds","County, NAICS 4-digit -- by ownership sector","All establishment sizes",1,0,0,0,0,0,0,0
"13219",5,"5259",76,0,2007,4,"N","Oconee County, Georgia","Private","Other investment pools and funds","County, NAICS 4-digit -- by ownership sector","All establishment sizes",1,0,0,0,0,0,0,0
"13219",5,52592,77,0,2007,1,"N","Oconee County, Georgia","Private","Trusts, estates, and agency accounts","County, NAICS 5-digit -- by ownership sector","All establishment sizes",1,0,0,0,0,0,0,0
"13219",5,"52592",77,0,2007,2,"N","Oconee County, Georgia","Private","Trusts, estates, and agency accounts","County, NAICS 5-digit -- by ownership sector","All establishment sizes",1,0,0,0,0,0,0,0
"13219",5,"52592",77,0,2007,3,"N","Oconee County, Georgia","Private","Trusts, estates, and agency accounts","County, NAICS 5-digit -- by ownership sector","All establishment sizes",1,0,0,0,0,0,0,0
"13219",5,"52592",77,0,2007,4,"N","Oconee County, Georgia","Private","Trusts, estates, and agency accounts","County, NAICS 5-digit -- by ownership sector","All establishment sizes",1,0,0,0,0,0,0,0
"13219",5,525920,78,0,2007,1,"N","Oconee County, Georgia","Private","Trusts, estates, and agency accounts","County, NAICS 6-digit -- by ownership sector","All establishment sizes",1,0,0,0,0,0,0,0
"13219",5,"525920",78,0,2007,2,"N","Oconee County, Georgia","Private","Trusts, estates, and agency accounts","County, NAICS 6-digit -- by ownership sector","All establishment sizes",1,0,0,0,0,0,0,0
"13219",5,"525920",78,0,2007,3,"N","Oconee County, Georgia","Private","Trusts, estates, and agency accounts","County, NAICS 6-digit -- by ownership sector","All establishment sizes",1,0,0,0,0,0,0,0
"13219",5,"525920",78,0,2007,4,"N","Oconee County, Georgia","Private","Trusts, estates, and agency accounts","County, NAICS 6-digit -- by ownership sector","All establishment sizes",1,0,0,0,0,0,0,0
"13219",5,53,74,0,2007,1,"","Oconee County, Georgia","Private","Real estate and rental and leasing","County, NAICS Sector -- by ownership sector","All establishment sizes",54,214,213,218,1475613,955269,15365,528
"13219",5,"53",74,0,2007,2,"","Oconee County, Georgia","Private","Real estate and rental and leasing","County, NAICS Sector -- by ownership sector","All establishment sizes",55,212,212,210,1309116,317866,4811,477
"13219",5,"53",74,0,2007,3,"","Oconee County, Georgia","Private","Real estate and rental and leasing","County, NAICS Sector -- by ownership sector","All establishment sizes",56,215,209,208,1596642,214277,2958,583
"13219",5,"53",74,0,2007,4,"","Oconee County, Georgia","Private","Real estate and rental and leasing","County, NAICS Sector -- by ownership sector","All establishment sizes",56,216,206,207,1449740,172420,1874,532
"13219",5,531,75,0,2007,1,"","Oconee County, Georgia","Private","Real estate","County, NAICS 3-digit -- by ownership sector","All establishment sizes",48,127,127,132,762673,401746,4997,456
"13219",5,"531",75,0,2007,2,"","Oconee County, Georgia","Private","Real estate","County, NAICS 3-digit -- by ownership sector","All establishment sizes",49,128,132,134,687485,209700,2616,403
"13219",5,"531",75,0,2007,3,"","Oconee County, Georgia","Private","Real estate","County, NAICS 3-digit -- by ownership sector","All establishment sizes",50,137,134,131,898177,157609,2215,516
"13219",5,"531",75,0,2007,4,"","Oconee County, Georgia","Private","Real estate","County, NAICS 3-digit -- by ownership sector","All establishment sizes",50,136,128,127,759618,111395,1242,448
"13219",5,5311,76,0,2007,1,"","Oconee County, Georgia","Private","Lessors of real estate","County, NAICS 4-digit -- by ownership sector","All establishment sizes",7,59,60,59,283002,53282,464,367
"13219",5,"5311",76,0,2007,2,"","Oconee County, Georgia","Private","Lessors of real estate","County, NAICS 4-digit -- by ownership sector","All establishment sizes",7,59,61,61,245476,26703,303,313
"13219",5,"5311",76,0,2007,3,"","Oconee County, Georgia","Private","Lessors of real estate","County, NAICS 4-digit -- by ownership sector","All establishment sizes",7,66,66,64,317527,20102,221,374
"13219",5,"5311",76,0,2007,4,"","Oconee County, Georgia","Private","Lessors of real estate","County, NAICS 4-digit -- by ownership sector","All establishment sizes",7,62,60,58,305106,18351,45,391
"13219",5,53111,77,0,2007,1,"N","Oconee County, Georgia","Private","Lessors of residential buildings","County, NAICS 5-digit -- by ownership sector","All establishment sizes",2,0,0,0,0,0,0,0
"13219",5,"53111",77,0,2007,2,"N","Oconee County, Georgia","Private","Lessors of residential buildings","County, NAICS 5-digit -- by ownership sector","All establishment sizes",2,0,0,0,0,0,0,0
"13219",5,"53111",77,0,2007,3,"N","Oconee County, Georgia","Private","Lessors of residential buildings","County, NAICS 5-digit -- by ownership sector","All establishment sizes",2,0,0,0,0,0,0,0
"13219",5,"53111",77,0,2007,4,"N","Oconee County, Georgia","Private","Lessors of residential buildings","County, NAICS 5-digit -- by ownership sector","All establishment sizes",2,0,0,0,0,0,0,0
"13219",5,531110,78,0,2007,1,"N","Oconee County, Georgia","Private","Lessors of residential buildings","County, NAICS 6-digit -- by ownership sector","All establishment sizes",2,0,0,0,0,0,0,0
"13219",5,"531110",78,0,2007,2,"N","Oconee County, Georgia","Private","Lessors of residential buildings","County, NAICS 6-digit -- by ownership sector","All establishment sizes",2,0,0,0,0,0,0,0
"13219",5,"531110",78,0,2007,3,"N","Oconee County, Georgia","Private","Lessors of residential buildings","County, NAICS 6-digit -- by ownership sector","All establishment sizes",2,0,0,0,0,0,0,0
"13219",5,"531110",78,0,2007,4,"N","Oconee County, Georgia","Private","Lessors of residential buildings","County, NAICS 6-digit -- by ownership sector","All establishment sizes",2,0,0,0,0,0,0,0
"13219",5,53112,77,0,2007,1,"N","Oconee County, Georgia","Private","Lessors of nonresidential buildings","County, NAICS 5-digit -- by ownership sector","All establishment sizes",2,0,0,0,0,0,0,0
"13219",5,"53112",77,0,2007,2,"N","Oconee County, Georgia","Private","Lessors of nonresidential buildings","County, NAICS 5-digit -- by ownership sector","All establishment sizes",2,0,0,0,0,0,0,0
"13219",5,"53112",77,0,2007,3,"N","Oconee County, Georgia","Private","Lessors of nonresidential buildings","County, NAICS 5-digit -- by ownership sector","All establishment sizes",2,0,0,0,0,0,0,0
"13219",5,"53112",77,0,2007,4,"N","Oconee County, Georgia","Private","Lessors of nonresidential buildings","County, NAICS 5-digit -- by ownership sector","All establishment sizes",2,0,0,0,0,0,0,0
"13219",5,531120,78,0,2007,1,"N","Oconee County, Georgia","Private","Lessors of nonresidential buildings","County, NAICS 6-digit -- by ownership sector","All establishment sizes",2,0,0,0,0,0,0,0
"13219",5,"531120",78,0,2007,2,"N","Oconee County, Georgia","Private","Lessors of nonresidential buildings","County, NAICS 6-digit -- by ownership sector","All establishment sizes",2,0,0,0,0,0,0,0
"13219",5,"531120",78,0,2007,3,"N","Oconee County, Georgia","Private","Lessors of nonresidential buildings","County, NAICS 6-digit -- by ownership sector","All establishment sizes",2,0,0,0,0,0,0,0
"13219",5,"531120",78,0,2007,4,"N","Oconee County, Georgia","Private","Lessors of nonresidential buildings","County, NAICS 6-digit -- by ownership sector","All establishment sizes",2,0,0,0,0,0,0,0
"13219",5,53113,77,0,2007,1,"N","Oconee County, Georgia","Private","Miniwarehouse and self-storage unit operators","County, NAICS 5-digit -- by ownership sector","All establishment sizes",3,0,0,0,0,0,0,0
"13219",5,"53113",77,0,2007,2,"N","Oconee County, Georgia","Private","Miniwarehouse and self-storage unit operators","County, NAICS 5-digit -- by ownership sector","All establishment sizes",3,0,0,0,0,0,0,0
"13219",5,"53113",77,0,2007,3,"","Oconee County, Georgia","Private","Miniwarehouse and self-storage unit operators","County, NAICS 5-digit -- by ownership sector","All establishment sizes",3,5,5,5,32299,16421,189,497
"13219",5,"53113",77,0,2007,4,"","Oconee County, Georgia","Private","Miniwarehouse and self-storage unit operators","County, NAICS 5-digit -- by ownership sector","All establishment sizes",3,4,4,4,28447,0,0,547
"13219",5,531130,78,0,2007,1,"N","Oconee County, Georgia","Private","Miniwarehouse and self-storage unit operators","County, NAICS 6-digit -- by ownership sector","All establishment sizes",3,0,0,0,0,0,0,0
"13219",5,"531130",78,0,2007,2,"N","Oconee County, Georgia","Private","Miniwarehouse and self-storage unit operators","County, NAICS 6-digit -- by ownership sector","All establishment sizes",3,0,0,0,0,0,0,0
"13219",5,"531130",78,0,2007,3,"","Oconee County, Georgia","Private","Miniwarehouse and self-storage unit operators","County, NAICS 6-digit -- by ownership sector","All establishment sizes",3,5,5,5,32299,16421,189,497
"13219",5,"531130",78,0,2007,4,"","Oconee County, Georgia","Private","Miniwarehouse and self-storage unit operators","County, NAICS 6-digit -- by ownership sector","All establishment sizes",3,4,4,4,28447,0,0,547
"13219",5,5312,76,0,2007,1,"","Oconee County, Georgia","Private","Offices of real estate agents and brokers","County, NAICS 4-digit -- by ownership sector","All establishment sizes",34,60,59,65,455321,324114,4269,571
"13219",5,"5312",76,0,2007,2,"","Oconee County, Georgia","Private","Offices of real estate agents and brokers","County, NAICS 4-digit -- by ownership sector","All establishment sizes",34,61,64,65,414659,159347,1988,504
"13219",5,"5312",76,0,2007,3,"","Oconee County, Georgia","Private","Offices of real estate agents and brokers","County, NAICS 4-digit -- by ownership sector","All establishment sizes",35,61,59,58,547850,117888,1580,710
"13219",5,"5312",76,0,2007,4,"","Oconee County, Georgia","Private","Offices of real estate agents and brokers","County, NAICS 4-digit -- by ownership sector","All establishment sizes",35,61,56,57,407221,69637,706,540
"13219",5,53121,77,0,2007,1,"","Oconee County, Georgia","Private","Offices of real estate agents and brokers","County, NAICS 5-digit -- by ownership sector","All establishment sizes",34,60,59,65,455321,324114,4269,571
"13219",5,"53121",77,0,2007,2,"","Oconee County, Georgia","Private","Offices of real estate agents and brokers","County, NAICS 5-digit -- by ownership sector","All establishment sizes",34,61,64,65,414659,159347,1988,504
"13219",5,"53121",77,0,2007,3,"","Oconee County, Georgia","Private","Offices of real estate agents and brokers","County, NAICS 5-digit -- by ownership sector","All establishment sizes",35,61,59,58,547850,117888,1580,710
"13219",5,"53121",77,0,2007,4,"","Oconee County, Georgia","Private","Offices of real estate agents and brokers","County, NAICS 5-digit -- by ownership sector","All establishment sizes",35,61,56,57,407221,69637,706,540
"13219",5,531210,78,0,2007,1,"","Oconee County, Georgia","Private","Offices of real estate agents and brokers","County, NAICS 6-digit -- by ownership sector","All establishment sizes",34,60,59,65,455321,324114,4269,571
"13219",5,"531210",78,0,2007,2,"","Oconee County, Georgia","Private","Offices of real estate agents and brokers","County, NAICS 6-digit -- by ownership sector","All establishment sizes",34,61,64,65,414659,159347,1988,504
"13219",5,"531210",78,0,2007,3,"","Oconee County, Georgia","Private","Offices of real estate agents and brokers","County, NAICS 6-digit -- by ownership sector","All establishment sizes",35,61,59,58,547850,117888,1580,710
"13219",5,"531210",78,0,2007,4,"","Oconee County, Georgia","Private","Offices of real estate agents and brokers","County, NAICS 6-digit -- by ownership sector","All establishment sizes",35,61,56,57,407221,69637,706,540
"13219",5,5313,76,0,2007,1,"","Oconee County, Georgia","Private","Activities related to real estate","County, NAICS 4-digit -- by ownership sector","All establishment sizes",7,8,8,8,24350,24350,264,234
"13219",5,"5313",76,0,2007,2,"","Oconee County, Georgia","Private","Activities related to real estate","County, NAICS 4-digit -- by ownership sector","All establishment sizes",8,8,7,8,27350,23650,325,274
"13219",5,"5313",76,0,2007,3,"","Oconee County, Georgia","Private","Activities related to real estate","County, NAICS 4-digit -- by ownership sector","All establishment sizes",8,10,9,9,32800,19619,414,270
"13219",5,"5313",76,0,2007,4,"","Oconee County, Georgia","Private","Activities related to real estate","County, NAICS 4-digit -- by ownership sector","All establishment sizes",8,13,12,12,47291,23407,491,295
"13219",5,53131,77,0,2007,1,"","Oconee County, Georgia","Private","Real estate property managers","County, NAICS 5-digit -- by ownership sector","All establishment sizes",3,4,4,4,13350,13350,27,257
"13219",5,"53131",77,0,2007,2,"","Oconee County, Georgia","Private","Real estate property managers","County, NAICS 5-digit -- by ownership sector","All establishment sizes",4,4,3,4,15850,12150,88,333
"13219",5,"53131",77,0,2007,3,"","Oconee County, Georgia","Private","Real estate property managers","County, NAICS 5-digit -- by ownership sector","All establishment sizes",4,5,4,4,20800,9119,165,369
"13219",5,"53131",77,0,2007,4,"","Oconee County, Georgia","Private","Real estate property managers","County, NAICS 5-digit -- by ownership sector","All establishment sizes",4,8,7,7,33335,12190,275,350
"13219",5,531311,78,0,2007,1,"N","Oconee County, Georgia","Private","Residential property managers","County, NAICS 6-digit -- by ownership sector","All establishment sizes",1,0,0,0,0,0,0,0
"13219",5,"531311",78,0,2007,2,"N","Oconee County, Georgia","Private","Residential property managers","County, NAICS 6-digit -- by ownership sector","All establishment sizes",2,0,0,0,0,0,0,0
"13219",5,"531311",78,0,2007,3,"N","Oconee County, Georgia","Private","Residential property managers","County, NAICS 6-digit -- by ownership sector","All establishment sizes",2,0,0,0,0,0,0,0
"13219",5,"531311",78,0,2007,4,"N","Oconee County, Georgia","Private","Residential property managers","County, NAICS 6-digit -- by ownership sector","All establishment sizes",2,0,0,0,0,0,0,0
"13219",5,531312,78,0,2007,1,"N","Oconee County, Georgia","Private","Nonresidential property managers","County, NAICS 6-digit -- by ownership sector","All establishment sizes",2,0,0,0,0,0,0,0
"13219",5,"531312",78,0,2007,2,"N","Oconee County, Georgia","Private","Nonresidential property managers","County, NAICS 6-digit -- by ownership sector","All establishment sizes",2,0,0,0,0,0,0,0
"13219",5,"531312",78,0,2007,3,"N","Oconee County, Georgia","Private","Nonresidential property managers","County, NAICS 6-digit -- by ownership sector","All establishment sizes",2,0,0,0,0,0,0,0
"13219",5,"531312",78,0,2007,4,"N","Oconee County, Georgia","Private","Nonresidential property managers","County, NAICS 6-digit -- by ownership sector","All establishment sizes",2,0,0,0,0,0,0,0
"13219",5,53132,77,0,2007,1,"","Oconee County, Georgia","Private","Offices of real estate appraisers","County, NAICS 5-digit -- by ownership sector","All establishment sizes",4,4,4,4,11000,11000,237,212
"13219",5,"53132",77,0,2007,2,"","Oconee County, Georgia","Private","Offices of real estate appraisers","County, NAICS 5-digit -- by ownership sector","All establishment sizes",4,4,4,4,11500,11500,237,221
"13219",5,"53132",77,0,2007,3,"","Oconee County, Georgia","Private","Offices of real estate appraisers","County, NAICS 5-digit -- by ownership sector","All establishment sizes",4,5,5,5,12000,10500,249,185
"13219",5,"53132",77,0,2007,4,"","Oconee County, Georgia","Private","Offices of real estate appraisers","County, NAICS 5-digit -- by ownership sector","All establishment sizes",4,5,5,5,13956,11217,216,215
"13219",5,531320,78,0,2007,1,"","Oconee County, Georgia","Private","Offices of real estate appraisers","County, NAICS 6-digit -- by ownership sector","All establishment sizes",4,4,4,4,11000,11000,237,212
"13219",5,"531320",78,0,2007,2,"","Oconee County, Georgia","Private","Offices of real estate appraisers","County, NAICS 6-digit -- by ownership sector","All establishment sizes",4,4,4,4,11500,11500,237,221
"13219",5,"531320",78,0,2007,3,"","Oconee County, Georgia","Private","Offices of real estate appraisers","County, NAICS 6-digit -- by ownership sector","All establishment sizes",4,5,5,5,12000,10500,249,185
"13219",5,"531320",78,0,2007,4,"","Oconee County, Georgia","Private","Offices of real estate appraisers","County, NAICS 6-digit -- by ownership sector","All establishment sizes",4,5,5,5,13956,11217,216,215
"13219",5,532,75,0,2007,1,"N","Oconee County, Georgia","Private","Rental and leasing services","County, NAICS 3-digit -- by ownership sector","All establishment sizes",4,0,0,0,0,0,0,0
"13219",5,"532",75,0,2007,2,"N","Oconee County, Georgia","Private","Rental and leasing services","County, NAICS 3-digit -- by ownership sector","All establishment sizes",4,0,0,0,0,0,0,0
"13219",5,"532",75,0,2007,3,"N","Oconee County, Georgia","Private","Rental and leasing services","County, NAICS 3-digit -- by ownership sector","All establishment sizes",4,0,0,0,0,0,0,0
"13219",5,"532",75,0,2007,4,"N","Oconee County, Georgia","Private","Rental and leasing services","County, NAICS 3-digit -- by ownership sector","All establishment sizes",4,0,0,0,0,0,0,0
"13219",5,5322,76,0,2007,1,"N","Oconee County, Georgia","Private","Consumer goods rental","County, NAICS 4-digit -- by ownership sector","All establishment sizes",1,0,0,0,0,0,0,0
"13219",5,"5322",76,0,2007,2,"N","Oconee County, Georgia","Private","Consumer goods rental","County, NAICS 4-digit -- by ownership sector","All establishment sizes",1,0,0,0,0,0,0,0
"13219",5,"5322",76,0,2007,3,"N","Oconee County, Georgia","Private","Consumer goods rental","County, NAICS 4-digit -- by ownership sector","All establishment sizes",1,0,0,0,0,0,0,0
"13219",5,"5322",76,0,2007,4,"N","Oconee County, Georgia","Private","Consumer goods rental","County, NAICS 4-digit -- by ownership sector","All establishment sizes",1,0,0,0,0,0,0,0
"13219",5,53223,77,0,2007,1,"N","Oconee County, Georgia","Private","Video tape and disc rental","County, NAICS 5-digit -- by ownership sector","All establishment sizes",1,0,0,0,0,0,0,0
"13219",5,"53223",77,0,2007,2,"N","Oconee County, Georgia","Private","Video tape and disc rental","County, NAICS 5-digit -- by ownership sector","All establishment sizes",1,0,0,0,0,0,0,0
"13219",5,"53223",77,0,2007,3,"N","Oconee County, Georgia","Private","Video tape and disc rental","County, NAICS 5-digit -- by ownership sector","All establishment sizes",1,0,0,0,0,0,0,0
"13219",5,"53223",77,0,2007,4,"N","Oconee County, Georgia","Private","Video tape and disc rental","County, NAICS 5-digit -- by ownership sector","All establishment sizes",1,0,0,0,0,0,0,0
"13219",5,532230,78,0,2007,1,"N","Oconee County, Georgia","Private","Video tape and disc rental","County, NAICS 6-digit -- by ownership sector","All establishment sizes",1,0,0,0,0,0,0,0
"13219",5,"532230",78,0,2007,2,"N","Oconee County, Georgia","Private","Video tape and disc rental","County, NAICS 6-digit -- by ownership sector","All establishment sizes",1,0,0,0,0,0,0,0
"13219",5,"532230",78,0,2007,3,"N","Oconee County, Georgia","Private","Video tape and disc rental","County, NAICS 6-digit -- by ownership sector","All establishment sizes",1,0,0,0,0,0,0,0
"13219",5,"532230",78,0,2007,4,"N","Oconee County, Georgia","Private","Video tape and disc rental","County, NAICS 6-digit -- by ownership sector","All establishment sizes",1,0,0,0,0,0,0,0
"13219",5,5323,76,0,2007,1,"N","Oconee County, Georgia","Private","General rental centers","County, NAICS 4-digit -- by ownership sector","All establishment sizes",2,0,0,0,0,0,0,0
"13219",5,"5323",76,0,2007,2,"N","Oconee County, Georgia","Private","General rental centers","County, NAICS 4-digit -- by ownership sector","All establishment sizes",2,0,0,0,0,0,0,0
"13219",5,"5323",76,0,2007,3,"N","Oconee County, Georgia","Private","General rental centers","County, NAICS 4-digit -- by ownership sector","All establishment sizes",2,0,0,0,0,0,0,0
"13219",5,"5323",76,0,2007,4,"N","Oconee County, Georgia","Private","General rental centers","County, NAICS 4-digit -- by ownership sector","All establishment sizes",2,0,0,0,0,0,0,0
"13219",5,53231,77,0,2007,1,"N","Oconee County, Georgia","Private","General rental centers","County, NAICS 5-digit -- by ownership sector","All establishment sizes",2,0,0,0,0,0,0,0
"13219",5,"53231",77,0,2007,2,"N","Oconee County, Georgia","Private","General rental centers","County, NAICS 5-digit -- by ownership sector","All establishment sizes",2,0,0,0,0,0,0,0
"13219",5,"53231",77,0,2007,3,"N","Oconee County, Georgia","Private","General rental centers","County, NAICS 5-digit -- by ownership sector","All establishment sizes",2,0,0,0,0,0,0,0
"13219",5,"53231",77,0,2007,4,"N","Oconee County, Georgia","Private","General rental centers","County, NAICS 5-digit -- by ownership sector","All establishment sizes",2,0,0,0,0,0,0,0
"13219",5,532310,78,0,2007,1,"N","Oconee County, Georgia","Private","General rental centers","County, NAICS 6-digit -- by ownership sector","All establishment sizes",2,0,0,0,0,0,0,0
"13219",5,"532310",78,0,2007,2,"N","Oconee County, Georgia","Private","General rental centers","County, NAICS 6-digit -- by ownership sector","All establishment sizes",2,0,0,0,0,0,0,0
"13219",5,"532310",78,0,2007,3,"N","Oconee County, Georgia","Private","General rental centers","County, NAICS 6-digit -- by ownership sector","All establishment sizes",2,0,0,0,0,0,0,0
"13219",5,"532310",78,0,2007,4,"N","Oconee County, Georgia","Private","General rental centers","County, NAICS 6-digit -- by ownership sector","All establishment sizes",2,0,0,0,0,0,0,0
"13219",5,5324,76,0,2007,1,"N","Oconee County, Georgia","Private","Machinery and equipment rental and leasing","County, NAICS 4-digit -- by ownership sector","All establishment sizes",1,0,0,0,0,0,0,0
"13219",5,"5324",76,0,2007,2,"N","Oconee County, Georgia","Private","Machinery and equipment rental and leasing","County, NAICS 4-digit -- by ownership sector","All establishment sizes",1,0,0,0,0,0,0,0
"13219",5,"5324",76,0,2007,3,"N","Oconee County, Georgia","Private","Machinery and equipment rental and leasing","County, NAICS 4-digit -- by ownership sector","All establishment sizes",1,0,0,0,0,0,0,0
"13219",5,"5324",76,0,2007,4,"N","Oconee County, Georgia","Private","Machinery and equipment rental and leasing","County, NAICS 4-digit -- by ownership sector","All establishment sizes",1,0,0,0,0,0,0,0
"13219",5,53241,77,0,2007,1,"N","Oconee County, Georgia","Private","Heavy machinery rental and leasing","County, NAICS 5-digit -- by ownership sector","All establishment sizes",1,0,0,0,0,0,0,0
"13219",5,"53241",77,0,2007,2,"N","Oconee County, Georgia","Private","Heavy machinery rental and leasing","County, NAICS 5-digit -- by ownership sector","All establishment sizes",1,0,0,0,0,0,0,0
"13219",5,"53241",77,0,2007,3,"N","Oconee County, Georgia","Private","Heavy machinery rental and leasing","County, NAICS 5-digit -- by ownership sector","All establishment sizes",1,0,0,0,0,0,0,0
"13219",5,"53241",77,0,2007,4,"N","Oconee County, Georgia","Private","Heavy machinery rental and leasing","County, NAICS 5-digit -- by ownership sector","All establishment sizes",1,0,0,0,0,0,0,0
"13219",5,532412,78,0,2007,1,"N","Oconee County, Georgia","Private","Other heavy machinery rental and leasing","County, NAICS 6-digit -- by ownership sector","All establishment sizes",1,0,0,0,0,0,0,0
"13219",5,"532412",78,0,2007,2,"N","Oconee County, Georgia","Private","Other heavy machinery rental and leasing","County, NAICS 6-digit -- by ownership sector","All establishment sizes",1,0,0,0,0,0,0,0
"13219",5,"532412",78,0,2007,3,"N","Oconee County, Georgia","Private","Other heavy machinery rental and leasing","County, NAICS 6-digit -- by ownership sector","All establishment sizes",1,0,0,0,0,0,0,0
"13219",5,"532412",78,0,2007,4,"N","Oconee County, Georgia","Private","Other heavy machinery rental and leasing","County, NAICS 6-digit -- by ownership sector","All establishment sizes",1,0,0,0,0,0,0,0
"13219",5,533,75,0,2007,1,"N","Oconee County, Georgia","Private","Lessors of nonfinancial intangible assets","County, NAICS 3-digit -- by ownership sector","All establishment sizes",2,0,0,0,0,0,0,0
"13219",5,"533",75,0,2007,2,"N","Oconee County, Georgia","Private","Lessors of nonfinancial intangible assets","County, NAICS 3-digit -- by ownership sector","All establishment sizes",2,0,0,0,0,0,0,0
"13219",5,"533",75,0,2007,3,"N","Oconee County, Georgia","Private","Lessors of nonfinancial intangible assets","County, NAICS 3-digit -- by ownership sector","All establishment sizes",2,0,0,0,0,0,0,0
"13219",5,"533",75,0,2007,4,"N","Oconee County, Georgia","Private","Lessors of nonfinancial intangible assets","County, NAICS 3-digit -- by ownership sector","All establishment sizes",2,0,0,0,0,0,0,0
"13219",5,5331,76,0,2007,1,"N","Oconee County, Georgia","Private","Lessors of nonfinancial intangible assets","County, NAICS 4-digit -- by ownership sector","All establishment sizes",2,0,0,0,0,0,0,0
"13219",5,"5331",76,0,2007,2,"N","Oconee County, Georgia","Private","Lessors of nonfinancial intangible assets","County, NAICS 4-digit -- by ownership sector","All establishment sizes",2,0,0,0,0,0,0,0
"13219",5,"5331",76,0,2007,3,"N","Oconee County, Georgia","Private","Lessors of nonfinancial intangible assets","County, NAICS 4-digit -- by ownership sector","All establishment sizes",2,0,0,0,0,0,0,0
"13219",5,"5331",76,0,2007,4,"N","Oconee County, Georgia","Private","Lessors of nonfinancial intangible assets","County, NAICS 4-digit -- by ownership sector","All establishment sizes",2,0,0,0,0,0,0,0
"13219",5,53311,77,0,2007,1,"N","Oconee County, Georgia","Private","Lessors of nonfinancial intangible assets","County, NAICS 5-digit -- by ownership sector","All establishment sizes",2,0,0,0,0,0,0,0
"13219",5,"53311",77,0,2007,2,"N","Oconee County, Georgia","Private","Lessors of nonfinancial intangible assets","County, NAICS 5-digit -- by ownership sector","All establishment sizes",2,0,0,0,0,0,0,0
"13219",5,"53311",77,0,2007,3,"N","Oconee County, Georgia","Private","Lessors of nonfinancial intangible assets","County, NAICS 5-digit -- by ownership sector","All establishment sizes",2,0,0,0,0,0,0,0
"13219",5,"53311",77,0,2007,4,"N","Oconee County, Georgia","Private","Lessors of nonfinancial intangible assets","County, NAICS 5-digit -- by ownership sector","All establishment sizes",2,0,0,0,0,0,0,0
"13219",5,533110,78,0,2007,1,"N","Oconee County, Georgia","Private","Lessors of nonfinancial intangible assets","County, NAICS 6-digit -- by ownership sector","All establishment sizes",2,0,0,0,0,0,0,0
"13219",5,"533110",78,0,2007,2,"N","Oconee County, Georgia","Private","Lessors of nonfinancial intangible assets","County, NAICS 6-digit -- by ownership sector","All establishment sizes",2,0,0,0,0,0,0,0
"13219",5,"533110",78,0,2007,3,"N","Oconee County, Georgia","Private","Lessors of nonfinancial intangible assets","County, NAICS 6-digit -- by ownership sector","All establishment sizes",2,0,0,0,0,0,0,0
"13219",5,"533110",78,0,2007,4,"N","Oconee County, Georgia","Private","Lessors of nonfinancial intangible assets","County, NAICS 6-digit -- by ownership sector","All establishment sizes",2,0,0,0,0,0,0,0
"13219",5,54,74,0,2007,1,"","Oconee County, Georgia","Private","Professional and technical services","County, NAICS Sector -- by ownership sector","All establishment sizes",122,569,581,606,5160067,3266345,38911,678
"13219",5,"54",74,0,2007,2,"","Oconee County, Georgia","Private","Professional and technical services","County, NAICS Sector -- by ownership sector","All establishment sizes",124,636,601,616,5390422,1201776,13078,671
"13219",5,"54",74,0,2007,3,"","Oconee County, Georgia","Private","Professional and technical services","County, NAICS Sector -- by ownership sector","All establishment sizes",121,579,583,576,5008911,724215,7401,665
"13219",5,"54",74,0,2007,4,"","Oconee County, Georgia","Private","Professional and technical services","County, NAICS Sector -- by ownership sector","All establishment sizes",124,576,582,589,5675166,663338,7629,750
"13219",5,541,75,0,2007,1,"","Oconee County, Georgia","Private","Professional and Technical Services","County, NAICS 3-digit -- by ownership sector","All establishment sizes",122,569,581,606,5160067,3266345,38911,678
"13219",5,"541",75,0,2007,2,"","Oconee County, Georgia","Private","Professional and Technical Services","County, NAICS 3-digit -- by ownership sector","All establishment sizes",124,636,601,616,5390422,1201776,13078,671
"13219",5,"541",75,0,2007,3,"","Oconee County, Georgia","Private","Professional and Technical Services","County, NAICS 3-digit -- by ownership sector","All establishment sizes",121,579,583,576,5008911,724215,7401,665
"13219",5,"541",75,0,2007,4,"","Oconee County, Georgia","Private","Professional and Technical Services","County, NAICS 3-digit -- by ownership sector","All establishment sizes",124,576,582,589,5675166,663338,7629,750
"13219",5,5411,76,0,2007,1,"","Oconee County, Georgia","Private","Legal services","County, NAICS 4-digit -- by ownership sector","All establishment sizes",21,99,108,105,1509065,707574,4953,1116
"13219",5,"5411",76,0,2007,2,"","Oconee County, Georgia","Private","Legal services","County, NAICS 4-digit -- by ownership sector","All establishment sizes",21,111,113,109,1585500,157874,1570,1099
"13219",5,"5411",76,0,2007,3,"","Oconee County, Georgia","Private","Legal services","County, NAICS 4-digit -- by ownership sector","All establishment sizes",22,112,108,105,1600721,91102,1166,1137
"13219",5,"5411",76,0,2007,4,"","Oconee County, Georgia","Private","Legal services","County, NAICS 4-digit -- by ownership sector","All establishment sizes",23,106,110,115,1902610,98303,913,1326
"13219",5,54111,77,0,2007,1,"N","Oconee County, Georgia","Private","Offices of lawyers","County, NAICS 5-digit -- by ownership sector","All establishment sizes",20,0,0,0,0,0,0,0
"13219",5,"54111",77,0,2007,2,"N","Oconee County, Georgia","Private","Offices of lawyers","County, NAICS 5-digit -- by ownership sector","All establishment sizes",20,0,0,0,0,0,0,0
"13219",5,"54111",77,0,2007,3,"N","Oconee County, Georgia","Private","Offices of lawyers","County, NAICS 5-digit -- by ownership sector","All establishment sizes",21,0,0,0,0,0,0,0
"13219",5,"54111",77,0,2007,4,"N","Oconee County, Georgia","Private","Offices of lawyers","County, NAICS 5-digit -- by ownership sector","All establishment sizes",22,0,0,0,0,0,0,0
"13219",5,541110,78,0,2007,1,"N","Oconee County, Georgia","Private","Offices of lawyers","County, NAICS 6-digit -- by ownership sector","All establishment sizes",20,0,0,0,0,0,0,0
"13219",5,"541110",78,0,2007,2,"N","Oconee County, Georgia","Private","Offices of lawyers","County, NAICS 6-digit -- by ownership sector","All establishment sizes",20,0,0,0,0,0,0,0
"13219",5,"541110",78,0,2007,3,"N","Oconee County, Georgia","Private","Offices of lawyers","County, NAICS 6-digit -- by ownership sector","All establishment sizes",21,0,0,0,0,0,0,0
"13219",5,"541110",78,0,2007,4,"N","Oconee County, Georgia","Private","Offices of lawyers","County, NAICS 6-digit -- by ownership sector","All establishment sizes",22,0,0,0,0,0,0,0
"13219",5,54119,77,0,2007,1,"N","Oconee County, Georgia","Private","Other legal services","County, NAICS 5-digit -- by ownership sector","All establishment sizes",1,0,0,0,0,0,0,0
"13219",5,"54119",77,0,2007,2,"N","Oconee County, Georgia","Private","Other legal services","County, NAICS 5-digit -- by ownership sector","All establishment sizes",1,0,0,0,0,0,0,0
"13219",5,"54119",77,0,2007,3,"N","Oconee County, Georgia","Private","Other legal services","County, NAICS 5-digit -- by ownership sector","All establishment sizes",1,0,0,0,0,0,0,0
"13219",5,"54119",77,0,2007,4,"N","Oconee County, Georgia","Private","Other legal services","County, NAICS 5-digit -- by ownership sector","All establishment sizes",1,0,0,0,0,0,0,0
"13219",5,541191,78,0,2007,1,"N","Oconee County, Georgia","Private","Title abstract and settlement offices","County, NAICS 6-digit -- by ownership sector","All establishment sizes",1,0,0,0,0,0,0,0
"13219",5,"541191",78,0,2007,2,"N","Oconee County, Georgia","Private","Title abstract and settlement offices","County, NAICS 6-digit -- by ownership sector","All establishment sizes",1,0,0,0,0,0,0,0
"13219",5,"541191",78,0,2007,3,"N","Oconee County, Georgia","Private","Title abstract and settlement offices","County, NAICS 6-digit -- by ownership sector","All establishment sizes",1,0,0,0,0,0,0,0
"13219",5,"541191",78,0,2007,4,"N","Oconee County, Georgia","Private","Title abstract and settlement offices","County, NAICS 6-digit -- by ownership sector","All establishment sizes",1,0,0,0,0,0,0,0
"13219",5,5412,76,0,2007,1,"","Oconee County, Georgia","Private","Accounting and bookkeeping services","County, NAICS 4-digit -- by ownership sector","All establishment sizes",24,150,160,164,869080,726847,12523,423
"13219",5,"5412",76,0,2007,2,"","Oconee County, Georgia","Private","Accounting and bookkeeping services","County, NAICS 4-digit -- by ownership sector","All establishment sizes",24,152,130,129,894466,332679,5473,502
"13219",5,"5412",76,0,2007,3,"","Oconee County, Georgia","Private","Accounting and bookkeeping services","County, NAICS 4-digit -- by ownership sector","All establishment sizes",24,141,146,147,818581,194169,2919,435
"13219",5,"5412",76,0,2007,4,"","Oconee County, Georgia","Private","Accounting and bookkeeping services","County, NAICS 4-digit -- by ownership sector","All establishment sizes",25,154,143,155,865107,165423,2342,442
"13219",5,54121,77,0,2007,1,"","Oconee County, Georgia","Private","Accounting and bookkeeping services","County, NAICS 5-digit -- by ownership sector","All establishment sizes",24,150,160,164,869080,726847,12523,423
"13219",5,"54121",77,0,2007,2,"","Oconee County, Georgia","Private","Accounting and bookkeeping services","County, NAICS 5-digit -- by ownership sector","All establishment sizes",24,152,130,129,894466,332679,5473,502
"13219",5,"54121",77,0,2007,3,"","Oconee County, Georgia","Private","Accounting and bookkeeping services","County, NAICS 5-digit -- by ownership sector","All establishment sizes",24,141,146,147,818581,194169,2919,435
"13219",5,"54121",77,0,2007,4,"","Oconee County, Georgia","Private","Accounting and bookkeeping services","County, NAICS 5-digit -- by ownership sector","All establishment sizes",25,154,143,155,865107,165423,2342,442
"13219",5,541211,78,0,2007,1,"N","Oconee County, Georgia","Private","Offices of certified public accountants","County, NAICS 6-digit -- by ownership sector","All establishment sizes",8,0,0,0,0,0,0,0
"13219",5,"541211",78,0,2007,2,"","Oconee County, Georgia","Private","Offices of certified public accountants","County, NAICS 6-digit -- by ownership sector","All establishment sizes",8,22,22,15,191021,64987,301,747
"13219",5,"541211",78,0,2007,3,"","Oconee County, Georgia","Private","Offices of certified public accountants","County, NAICS 6-digit -- by ownership sector","All establishment sizes",8,20,20,20,109701,24905,39,422
"13219",5,"541211",78,0,2007,4,"N","Oconee County, Georgia","Private","Offices of certified public accountants","County, NAICS 6-digit -- by ownership sector","All establishment sizes",8,0,0,0,0,0,0,0
"13219",5,541213,78,0,2007,1,"N","Oconee County, Georgia","Private","Tax preparation services","County, NAICS 6-digit -- by ownership sector","All establishment sizes",4,0,0,0,0,0,0,0
"13219",5,"541213",78,0,2007,2,"","Oconee County, Georgia","Private","Tax preparation services","County, NAICS 6-digit -- by ownership sector","All establishment sizes",4,26,5,6,42866,24795,1032,267
"13219",5,"541213",78,0,2007,3,"","Oconee County, Georgia","Private","Tax preparation services","County, NAICS 6-digit -- by ownership sector","All establishment sizes",4,4,5,4,7252,1548,26,129
"13219",5,"541213",78,0,2007,4,"N","Oconee County, Georgia","Private","Tax preparation services","County, NAICS 6-digit -- by ownership sector","All establishment sizes",4,0,0,0,0,0,0,0
"13219",5,541219,78,0,2007,1,"","Oconee County, Georgia","Private","Other accounting services","County, NAICS 6-digit -- by ownership sector","All establishment sizes",12,102,105,105,633626,511907,8218,469
"13219",5,"541219",78,0,2007,2,"","Oconee County, Georgia","Private","Other accounting services","County, NAICS 6-digit -- by ownership sector","All establishment sizes",12,104,103,108,660579,242897,4140,484
"13219",5,"541219",78,0,2007,3,"","Oconee County, Georgia","Private","Other accounting services","County, NAICS 6-digit -- by ownership sector","All establishment sizes",12,117,121,123,701628,167716,2854,449
"13219",5,"541219",78,0,2007,4,"","Oconee County, Georgia","Private","Other accounting services","County, NAICS 6-digit -- by ownership sector","All establishment sizes",13,118,117,118,715209,140208,2179,468
"13219",5,5413,76,0,2007,1,"","Oconee County, Georgia","Private","Architectural and engineering services","County, NAICS 4-digit -- by ownership sector","All establishment sizes",26,127,116,129,1354478,858928,9646,840
"13219",5,"5413",76,0,2007,2,"","Oconee County, Georgia","Private","Architectural and engineering services","County, NAICS 4-digit -- by ownership sector","All establishment sizes",27,130,121,137,1266846,199788,1781,753
"13219",5,"5413",76,0,2007,3,"","Oconee County, Georgia","Private","Architectural and engineering services","County, NAICS 4-digit -- by ownership sector","All establishment sizes",26,121,126,113,1205205,114227,700,773
"13219",5,"5413",76,0,2007,4,"","Oconee County, Georgia","Private","Architectural and engineering services","County, NAICS 4-digit -- by ownership sector","All establishment sizes",25,111,114,110,1203005,91624,738,829
"13219",5,54131,77,0,2007,1,"N","Oconee County, Georgia","Private","Architectural services","County, NAICS 5-digit -- by ownership sector","All establishment sizes",2,0,0,0,0,0,0,0
"13219",5,"54131",77,0,2007,2,"N","Oconee County, Georgia","Private","Architectural services","County, NAICS 5-digit -- by ownership sector","All establishment sizes",2,0,0,0,0,0,0,0
"13219",5,"54131",77,0,2007,3,"N","Oconee County, Georgia","Private","Architectural services","County, NAICS 5-digit -- by ownership sector","All establishment sizes",2,0,0,0,0,0,0,0
"13219",5,"54131",77,0,2007,4,"N","Oconee County, Georgia","Private","Architectural services","County, NAICS 5-digit -- by ownership sector","All establishment sizes",2,0,0,0,0,0,0,0
"13219",5,541310,78,0,2007,1,"N","Oconee County, Georgia","Private","Architectural services","County, NAICS 6-digit -- by ownership sector","All establishment sizes",2,0,0,0,0,0,0,0
"13219",5,"541310",78,0,2007,2,"N","Oconee County, Georgia","Private","Architectural services","County, NAICS 6-digit -- by ownership sector","All establishment sizes",2,0,0,0,0,0,0,0
"13219",5,"541310",78,0,2007,3,"N","Oconee County, Georgia","Private","Architectural services","County, NAICS 6-digit -- by ownership sector","All establishment sizes",2,0,0,0,0,0,0,0
"13219",5,"541310",78,0,2007,4,"N","Oconee County, Georgia","Private","Architectural services","County, NAICS 6-digit -- by ownership sector","All establishment sizes",2,0,0,0,0,0,0,0
"13219",5,54132,77,0,2007,1,"N","Oconee County, Georgia","Private","Landscape architectural services","County, NAICS 5-digit -- by ownership sector","All establishment sizes",3,0,0,0,0,0,0,0
"13219",5,"54132",77,0,2007,2,"","Oconee County, Georgia","Private","Landscape architectural services","County, NAICS 5-digit -- by ownership sector","All establishment sizes",3,18,19,19,187928,41242,434,774
"13219",5,"54132",77,0,2007,3,"N","Oconee County, Georgia","Private","Landscape architectural services","County, NAICS 5-digit -- by ownership sector","All establishment sizes",3,0,0,0,0,0,0,0
"13219",5,"54132",77,0,2007,4,"N","Oconee County, Georgia","Private","Landscape architectural services","County, NAICS 5-digit -- by ownership sector","All establishment sizes",3,0,0,0,0,0,0,0
"13219",5,541320,78,0,2007,1,"N","Oconee County, Georgia","Private","Landscape architectural services","County, NAICS 6-digit -- by ownership sector","All establishment sizes",3,0,0,0,0,0,0,0
"13219",5,"541320",78,0,2007,2,"","Oconee County, Georgia","Private","Landscape architectural services","County, NAICS 6-digit -- by ownership sector","All establishment sizes",3,18,19,19,187928,41242,434,774
"13219",5,"541320",78,0,2007,3,"N","Oconee County, Georgia","Private","Landscape architectural services","County, NAICS 6-digit -- by ownership sector","All establishment sizes",3,0,0,0,0,0,0,0
"13219",5,"541320",78,0,2007,4,"N","Oconee County, Georgia","Private","Landscape architectural services","County, NAICS 6-digit -- by ownership sector","All establishment sizes",3,0,0,0,0,0,0,0
"13219",5,54133,77,0,2007,1,"","Oconee County, Georgia","Private","Engineering services","County, NAICS 5-digit -- by ownership sector","All establishment sizes",9,37,38,40,373921,237857,4359,750
"13219",5,"54133",77,0,2007,2,"","Oconee County, Georgia","Private","Engineering services","County, NAICS 5-digit -- by ownership sector","All establishment sizes",10,40,39,42,328099,60732,520,626
"13219",5,"54133",77,0,2007,3,"","Oconee County, Georgia","Private","Engineering services","County, NAICS 5-digit -- by ownership sector","All establishment sizes",9,29,35,28,264219,29381,254,663
"13219",5,"54133",77,0,2007,4,"","Oconee County, Georgia","Private","Engineering services","County, NAICS 5-digit -- by ownership sector","All establishment sizes",8,30,29,29,261433,32859,478,686
"13219",5,541330,78,0,2007,1,"","Oconee County, Georgia","Private","Engineering services","County, NAICS 6-digit -- by ownership sector","All establishment sizes",9,37,38,40,373921,237857,4359,750
"13219",5,"541330",78,0,2007,2,"","Oconee County, Georgia","Private","Engineering services","County, NAICS 6-digit -- by ownership sector","All establishment sizes",10,40,39,42,328099,60732,520,626
"13219",5,"541330",78,0,2007,3,"","Oconee County, Georgia","Private","Engineering services","County, NAICS 6-digit -- by ownership sector","All establishment sizes",9,29,35,28,264219,29381,254,663
"13219",5,"541330",78,0,2007,4,"","Oconee County, Georgia","Private","Engineering services","County, NAICS 6-digit -- by ownership sector","All establishment sizes",8,30,29,29,261433,32859,478,686
"13219",5,54134,77,0,2007,1,"N","Oconee County, Georgia","Private","Drafting services","County, NAICS 5-digit -- by ownership sector","All establishment sizes",1,0,0,0,0,0,0,0
"13219",5,"54134",77,0,2007,2,"N","Oconee County, Georgia","Private","Drafting services","County, NAICS 5-digit -- by ownership sector","All establishment sizes",1,0,0,0,0,0,0,0
"13219",5,"54134",77,0,2007,3,"N","Oconee County, Georgia","Private","Drafting services","County, NAICS 5-digit -- by ownership sector","All establishment sizes",1,0,0,0,0,0,0,0
"13219",5,"54134",77,0,2007,4,"N","Oconee County, Georgia","Private","Drafting services","County, NAICS 5-digit -- by ownership sector","All establishment sizes",1,0,0,0,0,0,0,0
"13219",5,541340,78,0,2007,1,"N","Oconee County, Georgia","Private","Drafting services","County, NAICS 6-digit -- by ownership sector","All establishment sizes",1,0,0,0,0,0,0,0
"13219",5,"541340",78,0,2007,2,"N","Oconee County, Georgia","Private","Drafting services","County, NAICS 6-digit -- by ownership sector","All establishment sizes",1,0,0,0,0,0,0,0
"13219",5,"541340",78,0,2007,3,"N","Oconee County, Georgia","Private","Drafting services","County, NAICS 6-digit -- by ownership sector","All establishment sizes",1,0,0,0,0,0,0,0
"13219",5,"541340",78,0,2007,4,"N","Oconee County, Georgia","Private","Drafting services","County, NAICS 6-digit -- by ownership sector","All establishment sizes",1,0,0,0,0,0,0,0
"13219",5,54135,77,0,2007,1,"","Oconee County, Georgia","Private","Building inspection services","County, NAICS 5-digit -- by ownership sector","All establishment sizes",3,7,7,7,54049,47231,67,594
"13219",5,"54135",77,0,2007,2,"","Oconee County, Georgia","Private","Building inspection services","County, NAICS 5-digit -- by ownership sector","All establishment sizes",3,7,7,7,46110,7368,3,507
"13219",5,"54135",77,0,2007,3,"","Oconee County, Georgia","Private","Building inspection services","County, NAICS 5-digit -- by ownership sector","All establishment sizes",3,6,6,6,47718,27131,61,612
"13219",5,"54135",77,0,2007,4,"","Oconee County, Georgia","Private","Building inspection services","County, NAICS 5-digit -- by ownership sector","All establishment sizes",3,6,6,6,36280,11334,13,465
"13219",5,541350,78,0,2007,1,"","Oconee County, Georgia","Private","Building inspection services","County, NAICS 6-digit -- by ownership sector","All establishment sizes",3,7,7,7,54049,47231,67,594
"13219",5,"541350",78,0,2007,2,"","Oconee County, Georgia","Private","Building inspection services","County, NAICS 6-digit -- by ownership sector","All establishment sizes",3,7,7,7,46110,7368,3,507
"13219",5,"541350",78,0,2007,3,"","Oconee County, Georgia","Private","Building inspection services","County, NAICS 6-digit -- by ownership sector","All establishment sizes",3,6,6,6,47718,27131,61,612
"13219",5,"541350",78,0,2007,4,"","Oconee County, Georgia","Private","Building inspection services","County, NAICS 6-digit -- by ownership sector","All establishment sizes",3,6,6,6,36280,11334,13,465
"13219",5,54137,77,0,2007,1,"","Oconee County, Georgia","Private","Other surveying and mapping services","County, NAICS 5-digit -- by ownership sector","All establishment sizes",3,27,26,26,258741,197475,3248,756
"13219",5,"54137",77,0,2007,2,"","Oconee County, Georgia","Private","Other surveying and mapping services","County, NAICS 5-digit -- by ownership sector","All establishment sizes",3,25,24,24,262095,21248,471,829
"13219",5,"54137",77,0,2007,3,"","Oconee County, Georgia","Private","Other surveying and mapping services","County, NAICS 5-digit -- by ownership sector","All establishment sizes",3,24,24,23,265534,4937,97,863
"13219",5,"54137",77,0,2007,4,"","Oconee County, Georgia","Private","Other surveying and mapping services","County, NAICS 5-digit -- by ownership sector","All establishment sizes",3,22,22,20,287913,12822,85,1038
"13219",5,541370,78,0,2007,1,"","Oconee County, Georgia","Private","Other surveying and mapping services","County, NAICS 6-digit -- by ownership sector","All establishment sizes",3,27,26,26,258741,197475,3248,756
"13219",5,"541370",78,0,2007,2,"","Oconee County, Georgia","Private","Other surveying and mapping services","County, NAICS 6-digit -- by ownership sector","All establishment sizes",3,25,24,24,262095,21248,471,829
"13219",5,"541370",78,0,2007,3,"","Oconee County, Georgia","Private","Other surveying and mapping services","County, NAICS 6-digit -- by ownership sector","All establishment sizes",3,24,24,23,265534,4937,97,863
"13219",5,"541370",78,0,2007,4,"","Oconee County, Georgia","Private","Other surveying and mapping services","County, NAICS 6-digit -- by ownership sector","All establishment sizes",3,22,22,20,287913,12822,85,1038
"13219",5,54138,77,0,2007,1,"","Oconee County, Georgia","Private","Testing laboratories","County, NAICS 5-digit -- by ownership sector","All establishment sizes",5,20,13,14,165418,117530,606,812
"13219",5,"54138",77,0,2007,2,"","Oconee County, Georgia","Private","Testing laboratories","County, NAICS 5-digit -- by ownership sector","All establishment sizes",5,17,19,19,157266,29744,163,660
"13219",5,"54138",77,0,2007,3,"","Oconee County, Georgia","Private","Testing laboratories","County, NAICS 5-digit -- by ownership sector","All establishment sizes",5,19,18,13,143684,10116,66,663
"13219",5,"54138",77,0,2007,4,"","Oconee County, Georgia","Private","Testing laboratories","County, NAICS 5-digit -- by ownership sector","All establishment sizes",5,14,14,13,134608,8003,43,758
"13219",5,541380,78,0,2007,1,"","Oconee County, Georgia","Private","Testing laboratories","County, NAICS 6-digit -- by ownership sector","All establishment sizes",5,20,13,14,165418,117530,606,812
"13219",5,"541380",78,0,2007,2,"","Oconee County, Georgia","Private","Testing laboratories","County, NAICS 6-digit -- by ownership sector","All establishment sizes",5,17,19,19,157266,29744,163,660
"13219",5,"541380",78,0,2007,3,"","Oconee County, Georgia","Private","Testing laboratories","County, NAICS 6-digit -- by ownership sector","All establishment sizes",5,19,18,13,143684,10116,66,663
"13219",5,"541380",78,0,2007,4,"","Oconee County, Georgia","Private","Testing laboratories","County, NAICS 6-digit -- by ownership sector","All establishment sizes",5,14,14,13,134608,8003,43,758
"13219",5,5414,76,0,2007,1,"N","Oconee County, Georgia","Private","Specialized design services","County, NAICS 4-digit -- by ownership sector","All establishment sizes",1,0,0,0,0,0,0,0
"13219",5,"5414",76,0,2007,2,"N","Oconee County, Georgia","Private","Specialized design services","County, NAICS 4-digit -- by ownership sector","All establishment sizes",1,0,0,0,0,0,0,0
"13219",5,"5414",76,0,2007,3,"N","Oconee County, Georgia","Private","Specialized design services","County, NAICS 4-digit -- by ownership sector","All establishment sizes",1,0,0,0,0,0,0,0
"13219",5,"5414",76,0,2007,4,"N","Oconee County, Georgia","Private","Specialized design services","County, NAICS 4-digit -- by ownership sector","All establishment sizes",2,0,0,0,0,0,0,0
"13219",5,54141,77,0,2007,1,"-","Oconee County, Georgia","Private","Interior design services","County, NAICS 5-digit -- by ownership sector","All establishment sizes",0,0,0,0,0,0,0,0
"13219",5,"54141",77,0,2007,2,"-","Oconee County, Georgia","Private","Interior design services","County, NAICS 5-digit -- by ownership sector","All establishment sizes",0,0,0,0,0,0,0,0
"13219",5,"54141",77,0,2007,3,"-","Oconee County, Georgia","Private","Interior design services","County, NAICS 5-digit -- by ownership sector","All establishment sizes",0,0,0,0,0,0,0,0
"13219",5,"54141",77,0,2007,4,"N","Oconee County, Georgia","Private","Interior design services","County, NAICS 5-digit -- by ownership sector","All establishment sizes",1,0,0,0,0,0,0,0
"13219",5,541410,78,0,2007,1,"-","Oconee County, Georgia","Private","Interior design services","County, NAICS 6-digit -- by ownership sector","All establishment sizes",0,0,0,0,0,0,0,0
"13219",5,"541410",78,0,2007,2,"-","Oconee County, Georgia","Private","Interior design services","County, NAICS 6-digit -- by ownership sector","All establishment sizes",0,0,0,0,0,0,0,0
"13219",5,"541410",78,0,2007,3,"-","Oconee County, Georgia","Private","Interior design services","County, NAICS 6-digit -- by ownership sector","All establishment sizes",0,0,0,0,0,0,0,0
"13219",5,"541410",78,0,2007,4,"N","Oconee County, Georgia","Private","Interior design services","County, NAICS 6-digit -- by ownership sector","All establishment sizes",1,0,0,0,0,0,0,0
"13219",5,54143,77,0,2007,1,"N","Oconee County, Georgia","Private","Graphic design services","County, NAICS 5-digit -- by ownership sector","All establishment sizes",1,0,0,0,0,0,0,0
"13219",5,"54143",77,0,2007,2,"N","Oconee County, Georgia","Private","Graphic design services","County, NAICS 5-digit -- by ownership sector","All establishment sizes",1,0,0,0,0,0,0,0
"13219",5,"54143",77,0,2007,3,"N","Oconee County, Georgia","Private","Graphic design services","County, NAICS 5-digit -- by ownership sector","All establishment sizes",1,0,0,0,0,0,0,0
"13219",5,"54143",77,0,2007,4,"N","Oconee County, Georgia","Private","Graphic design services","County, NAICS 5-digit -- by ownership sector","All establishment sizes",1,0,0,0,0,0,0,0
"13219",5,541430,78,0,2007,1,"N","Oconee County, Georgia","Private","Graphic design services","County, NAICS 6-digit -- by ownership sector","All establishment sizes",1,0,0,0,0,0,0,0
"13219",5,"541430",78,0,2007,2,"N","Oconee County, Georgia","Private","Graphic design services","County, NAICS 6-digit -- by ownership sector","All establishment sizes",1,0,0,0,0,0,0,0
"13219",5,"541430",78,0,2007,3,"N","Oconee County, Georgia","Private","Graphic design services","County, NAICS 6-digit -- by ownership sector","All establishment sizes",1,0,0,0,0,0,0,0
"13219",5,"541430",78,0,2007,4,"N","Oconee County, Georgia","Private","Graphic design services","County, NAICS 6-digit -- by ownership sector","All establishment sizes",1,0,0,0,0,0,0,0
"13219",5,5415,76,0,2007,1,"","Oconee County, Georgia","Private","Computer systems design and related services","County, NAICS 4-digit -- by ownership sector","All establishment sizes",9,22,22,22,224109,153098,1847,784
"13219",5,"5415",76,0,2007,2,"","Oconee County, Georgia","Private","Computer systems design and related services","County, NAICS 4-digit -- by ownership sector","All establishment sizes",10,24,25,24,257783,51335,521,815
"13219",5,"5415",76,0,2007,3,"","Oconee County, Georgia","Private","Computer systems design and related services","County, NAICS 4-digit -- by ownership sector","All establishment sizes",9,23,25,25,273013,47870,650,863
"13219",5,"5415",76,0,2007,4,"","Oconee County, Georgia","Private","Computer systems design and related services","County, NAICS 4-digit -- by ownership sector","All establishment sizes",10,24,25,21,340174,66211,1133,1121
"13219",5,54151,77,0,2007,1,"","Oconee County, Georgia","Private","Computer systems design and related services","County, NAICS 5-digit -- by ownership sector","All establishment sizes",9,22,22,22,224109,153098,1847,784
"13219",5,"54151",77,0,2007,2,"","Oconee County, Georgia","Private","Computer systems design and related services","County, NAICS 5-digit -- by ownership sector","All establishment sizes",10,24,25,24,257783,51335,521,815
"13219",5,"54151",77,0,2007,3,"","Oconee County, Georgia","Private","Computer systems design and related services","County, NAICS 5-digit -- by ownership sector","All establishment sizes",9,23,25,25,273013,47870,650,863
"13219",5,"54151",77,0,2007,4,"","Oconee County, Georgia","Private","Computer systems design and related services","County, NAICS 5-digit -- by ownership sector","All establishment sizes",10,24,25,21,340174,66211,1133,1121
"13219",5,541511,78,0,2007,1,"N","Oconee County, Georgia","Private","Custom computer programming services","County, NAICS 6-digit -- by ownership sector","All establishment sizes",2,0,0,0,0,0,0,0
"13219",5,"541511",78,0,2007,2,"N","Oconee County, Georgia","Private","Custom computer programming services","County, NAICS 6-digit -- by ownership sector","All establishment sizes",2,0,0,0,0,0,0,0
"13219",5,"541511",78,0,2007,3,"N","Oconee County, Georgia","Private","Custom computer programming services","County, NAICS 6-digit -- by ownership sector","All establishment sizes",2,0,0,0,0,0,0,0
"13219",5,"541511",78,0,2007,4,"N","Oconee County, Georgia","Private","Custom computer programming services","County, NAICS 6-digit -- by ownership sector","All establishment sizes",3,0,0,0,0,0,0,0
"13219",5,541512,78,0,2007,1,"","Oconee County, Georgia","Private","Computer systems design services","County, NAICS 6-digit -- by ownership sector","All establishment sizes",6,16,16,16,165431,111836,1164,795
"13219",5,"541512",78,0,2007,2,"","Oconee County, Georgia","Private","Computer systems design services","County, NAICS 6-digit -- by ownership sector","All establishment sizes",7,17,18,17,197238,42897,470,875
"13219",5,"541512",78,0,2007,3,"N","Oconee County, Georgia","Private","Computer systems design services","County, NAICS 6-digit -- by ownership sector","All establishment sizes",7,0,0,0,0,0,0,0
"13219",5,"541512",78,0,2007,4,"N","Oconee County, Georgia","Private","Computer systems design services","County, NAICS 6-digit -- by ownership sector","All establishment sizes",7,0,0,0,0,0,0,0
"13219",5,541519,78,0,2007,1,"N","Oconee County, Georgia","Private","Other computer related services","County, NAICS 6-digit -- by ownership sector","All establishment sizes",1,0,0,0,0,0,0,0
"13219",5,"541519",78,0,2007,2,"N","Oconee County, Georgia","Private","Other computer related services","County, NAICS 6-digit -- by ownership sector","All establishment sizes",1,0,0,0,0,0,0,0
"13219",5,"541519",78,0,2007,3,"-","Oconee County, Georgia","Private","Other computer related services","County, NAICS 6-digit -- by ownership sector","All establishment sizes",0,0,0,0,0,0,0,0
"13219",5,"541519",78,0,2007,4,"-","Oconee County, Georgia","Private","Other computer related services","County, NAICS 6-digit -- by ownership sector","All establishment sizes",0,0,0,0,0,0,0,0
"13219",5,5416,76,0,2007,1,"","Oconee County, Georgia","Private","Management and technical consulting services","County, NAICS 4-digit -- by ownership sector","All establishment sizes",18,19,29,31,332947,209827,3269,973
"13219",5,"5416",76,0,2007,2,"","Oconee County, Georgia","Private","Management and technical consulting services","County, NAICS 4-digit -- by ownership sector","All establishment sizes",18,31,34,33,389400,84845,882,917
"13219",5,"5416",76,0,2007,3,"","Oconee County, Georgia","Private","Management and technical consulting services","County, NAICS 4-digit -- by ownership sector","All establishment sizes",16,35,26,36,331426,38525,284,788
"13219",5,"5416",76,0,2007,4,"","Oconee County, Georgia","Private","Management and technical consulting services","County, NAICS 4-digit -- by ownership sector","All establishment sizes",16,35,37,34,509178,53394,596,1109
"13219",5,54161,77,0,2007,1,"","Oconee County, Georgia","Private","Management consulting services","County, NAICS 5-digit -- by ownership sector","All establishment sizes",14,19,29,30,324285,201165,3042,959
"13219",5,"54161",77,0,2007,2,"","Oconee County, Georgia","Private","Management consulting services","County, NAICS 5-digit -- by ownership sector","All establishment sizes",14,30,30,30,368762,64630,764,946
"13219",5,"54161",77,0,2007,3,"","Oconee County, Georgia","Private","Management consulting services","County, NAICS 5-digit -- by ownership sector","All establishment sizes",12,32,23,33,302888,37410,284,794
"13219",5,"54161",77,0,2007,4,"","Oconee County, Georgia","Private","Management consulting services","County, NAICS 5-digit -- by ownership sector","All establishment sizes",12,31,32,30,426061,32563,258,1057
"13219",5,541611,78,0,2007,1,"","Oconee County, Georgia","Private","Administrative management consulting services","County, NAICS 6-digit -- by ownership sector","All establishment sizes",6,5,15,16,183349,114020,1199,1175
"13219",5,"541611",78,0,2007,2,"","Oconee County, Georgia","Private","Administrative management consulting services","County, NAICS 6-digit -- by ownership sector","All establishment sizes",6,16,16,16,226571,33720,398,1089
"13219",5,"541611",78,0,2007,3,"N","Oconee County, Georgia","Private","Administrative management consulting services","County, NAICS 6-digit -- by ownership sector","All establishment sizes",5,0,0,0,0,0,0,0
"13219",5,"541611",78,0,2007,4,"N","Oconee County, Georgia","Private","Administrative management consulting services","County, NAICS 6-digit -- by ownership sector","All establishment sizes",5,0,0,0,0,0,0,0
"13219",5,541612,78,0,2007,1,"N","Oconee County, Georgia","Private","Human resources consulting services","County, NAICS 6-digit -- by ownership sector","All establishment sizes",2,0,0,0,0,0,0,0
"13219",5,"541612",78,0,2007,2,"N","Oconee County, Georgia","Private","Human resources consulting services","County, NAICS 6-digit -- by ownership sector","All establishment sizes",2,0,0,0,0,0,0,0
"13219",5,"541612",78,0,2007,3,"N","Oconee County, Georgia","Private","Human resources consulting services","County, NAICS 6-digit -- by ownership sector","All establishment sizes",2,0,0,0,0,0,0,0
"13219",5,"541612",78,0,2007,4,"N","Oconee County, Georgia","Private","Human resources consulting services","County, NAICS 6-digit -- by ownership sector","All establishment sizes",2,0,0,0,0,0,0,0
"13219",5,541613,78,0,2007,1,"N","Oconee County, Georgia","Private","Marketing consulting services","County, NAICS 6-digit -- by ownership sector","All establishment sizes",4,0,0,0,0,0,0,0
"13219",5,"541613",78,0,2007,2,"","Oconee County, Georgia","Private","Marketing consulting services","County, NAICS 6-digit -- by ownership sector","All establishment sizes",4,5,5,5,33965,12548,329,523
"13219",5,"541613",78,0,2007,3,"","Oconee County, Georgia","Private","Marketing consulting services","County, NAICS 6-digit -- by ownership sector","All establishment sizes",3,5,5,5,32932,6946,182,507
"13219",5,"541613",78,0,2007,4,"N","Oconee County, Georgia","Private","Marketing consulting services","County, NAICS 6-digit -- by ownership sector","All establishment sizes",3,0,0,0,0,0,0,0
"13219",5,541618,78,0,2007,1,"N","Oconee County, Georgia","Private","Other management consulting services","County, NAICS 6-digit -- by ownership sector","All establishment sizes",2,0,0,0,0,0,0,0
"13219",5,"541618",78,0,2007,2,"N","Oconee County, Georgia","Private","Other management consulting services","County, NAICS 6-digit -- by ownership sector","All establishment sizes",2,0,0,0,0,0,0,0
"13219",5,"541618",78,0,2007,3,"N","Oconee County, Georgia","Private","Other management consulting services","County, NAICS 6-digit -- by ownership sector","All establishment sizes",2,0,0,0,0,0,0,0
"13219",5,"541618",78,0,2007,4,"N","Oconee County, Georgia","Private","Other management consulting services","County, NAICS 6-digit -- by ownership sector","All establishment sizes",2,0,0,0,0,0,0,0
"13219",5,54162,77,0,2007,1,"N","Oconee County, Georgia","Private","Environmental consulting services","County, NAICS 5-digit -- by ownership sector","All establishment sizes",3,0,0,0,0,0,0,0
"13219",5,"54162",77,0,2007,2,"N","Oconee County, Georgia","Private","Environmental consulting services","County, NAICS 5-digit -- by ownership sector","All establishment sizes",3,0,0,0,0,0,0,0
"13219",5,"54162",77,0,2007,3,"N","Oconee County, Georgia","Private","Environmental consulting services","County, NAICS 5-digit -- by ownership sector","All establishment sizes",3,0,0,0,0,0,0,0
"13219",5,"54162",77,0,2007,4,"N","Oconee County, Georgia","Private","Environmental consulting services","County, NAICS 5-digit -- by ownership sector","All establishment sizes",3,0,0,0,0,0,0,0
"13219",5,541620,78,0,2007,1,"N","Oconee County, Georgia","Private","Environmental consulting services","County, NAICS 6-digit -- by ownership sector","All establishment sizes",3,0,0,0,0,0,0,0
"13219",5,"541620",78,0,2007,2,"N","Oconee County, Georgia","Private","Environmental consulting services","County, NAICS 6-digit -- by ownership sector","All establishment sizes",3,0,0,0,0,0,0,0
"13219",5,"541620",78,0,2007,3,"N","Oconee County, Georgia","Private","Environmental consulting services","County, NAICS 6-digit -- by ownership sector","All establishment sizes",3,0,0,0,0,0,0,0
"13219",5,"541620",78,0,2007,4,"N","Oconee County, Georgia","Private","Environmental consulting services","County, NAICS 6-digit -- by ownership sector","All establishment sizes",3,0,0,0,0,0,0,0
"13219",5,54169,77,0,2007,1,"N","Oconee County, Georgia","Private","Other technical consulting services","County, NAICS 5-digit -- by ownership sector","All establishment sizes",1,0,0,0,0,0,0,0
"13219",5,"54169",77,0,2007,2,"N","Oconee County, Georgia","Private","Other technical consulting services","County, NAICS 5-digit -- by ownership sector","All establishment sizes",1,0,0,0,0,0,0,0
"13219",5,"54169",77,0,2007,3,"N","Oconee County, Georgia","Private","Other technical consulting services","County, NAICS 5-digit -- by ownership sector","All establishment sizes",1,0,0,0,0,0,0,0
"13219",5,"54169",77,0,2007,4,"N","Oconee County, Georgia","Private","Other technical consulting services","County, NAICS 5-digit -- by ownership sector","All establishment sizes",1,0,0,0,0,0,0,0
"13219",5,541690,78,0,2007,1,"N","Oconee County, Georgia","Private","Other technical consulting services","County, NAICS 6-digit -- by ownership sector","All establishment sizes",1,0,0,0,0,0,0,0
"13219",5,"541690",78,0,2007,2,"N","Oconee County, Georgia","Private","Other technical consulting services","County, NAICS 6-digit -- by ownership sector","All establishment sizes",1,0,0,0,0,0,0,0
"13219",5,"541690",78,0,2007,3,"N","Oconee County, Georgia","Private","Other technical consulting services","County, NAICS 6-digit -- by ownership sector","All establishment sizes",1,0,0,0,0,0,0,0
"13219",5,"541690",78,0,2007,4,"N","Oconee County, Georgia","Private","Other technical consulting services","County, NAICS 6-digit -- by ownership sector","All establishment sizes",1,0,0,0,0,0,0,0
"13219",5,5418,76,0,2007,1,"N","Oconee County, Georgia","Private","Advertising, PR, and related services","County, NAICS 4-digit -- by ownership sector","All establishment sizes",8,0,0,0,0,0,0,0
"13219",5,"5418",76,0,2007,2,"N","Oconee County, Georgia","Private","Advertising, PR, and related services","County, NAICS 4-digit -- by ownership sector","All establishment sizes",8,0,0,0,0,0,0,0
"13219",5,"5418",76,0,2007,3,"N","Oconee County, Georgia","Private","Advertising, PR, and related services","County, NAICS 4-digit -- by ownership sector","All establishment sizes",8,0,0,0,0,0,0,0
"13219",5,"5418",76,0,2007,4,"N","Oconee County, Georgia","Private","Advertising, PR, and related services","County, NAICS 4-digit -- by ownership sector","All establishment sizes",9,0,0,0,0,0,0,0
"13219",5,54181,77,0,2007,1,"N","Oconee County, Georgia","Private","Advertising agencies","County, NAICS 5-digit -- by ownership sector","All establishment sizes",3,0,0,0,0,0,0,0
"13219",5,"54181",77,0,2007,2,"N","Oconee County, Georgia","Private","Advertising agencies","County, NAICS 5-digit -- by ownership sector","All establishment sizes",3,0,0,0,0,0,0,0
"13219",5,"54181",77,0,2007,3,"N","Oconee County, Georgia","Private","Advertising agencies","County, NAICS 5-digit -- by ownership sector","All establishment sizes",3,0,0,0,0,0,0,0
"13219",5,"54181",77,0,2007,4,"N","Oconee County, Georgia","Private","Advertising agencies","County, NAICS 5-digit -- by ownership sector","All establishment sizes",4,0,0,0,0,0,0,0
"13219",5,541810,78,0,2007,1,"N","Oconee County, Georgia","Private","Advertising agencies","County, NAICS 6-digit -- by ownership sector","All establishment sizes",3,0,0,0,0,0,0,0
"13219",5,"541810",78,0,2007,2,"N","Oconee County, Georgia","Private","Advertising agencies","County, NAICS 6-digit -- by ownership sector","All establishment sizes",3,0,0,0,0,0,0,0
"13219",5,"541810",78,0,2007,3,"N","Oconee County, Georgia","Private","Advertising agencies","County, NAICS 6-digit -- by ownership sector","All establishment sizes",3,0,0,0,0,0,0,0
"13219",5,"541810",78,0,2007,4,"N","Oconee County, Georgia","Private","Advertising agencies","County, NAICS 6-digit -- by ownership sector","All establishment sizes",4,0,0,0,0,0,0,0
"13219",5,54184,77,0,2007,1,"N","Oconee County, Georgia","Private","Media representatives","County, NAICS 5-digit -- by ownership sector","All establishment sizes",1,0,0,0,0,0,0,0
"13219",5,"54184",77,0,2007,2,"N","Oconee County, Georgia","Private","Media representatives","County, NAICS 5-digit -- by ownership sector","All establishment sizes",1,0,0,0,0,0,0,0
"13219",5,"54184",77,0,2007,3,"N","Oconee County, Georgia","Private","Media representatives","County, NAICS 5-digit -- by ownership sector","All establishment sizes",1,0,0,0,0,0,0,0
"13219",5,"54184",77,0,2007,4,"N","Oconee County, Georgia","Private","Media representatives","County, NAICS 5-digit -- by ownership sector","All establishment sizes",1,0,0,0,0,0,0,0
"13219",5,541840,78,0,2007,1,"N","Oconee County, Georgia","Private","Media representatives","County, NAICS 6-digit -- by ownership sector","All establishment sizes",1,0,0,0,0,0,0,0
"13219",5,"541840",78,0,2007,2,"N","Oconee County, Georgia","Private","Media representatives","County, NAICS 6-digit -- by ownership sector","All establishment sizes",1,0,0,0,0,0,0,0
"13219",5,"541840",78,0,2007,3,"N","Oconee County, Georgia","Private","Media representatives","County, NAICS 6-digit -- by ownership sector","All establishment sizes",1,0,0,0,0,0,0,0
"13219",5,"541840",78,0,2007,4,"N","Oconee County, Georgia","Private","Media representatives","County, NAICS 6-digit -- by ownership sector","All establishment sizes",1,0,0,0,0,0,0,0
"13219",5,54185,77,0,2007,1,"N","Oconee County, Georgia","Private","Display advertising","County, NAICS 5-digit -- by ownership sector","All establishment sizes",1,0,0,0,0,0,0,0
"13219",5,"54185",77,0,2007,2,"N","Oconee County, Georgia","Private","Display advertising","County, NAICS 5-digit -- by ownership sector","All establishment sizes",1,0,0,0,0,0,0,0
"13219",5,"54185",77,0,2007,3,"N","Oconee County, Georgia","Private","Display advertising","County, NAICS 5-digit -- by ownership sector","All establishment sizes",1,0,0,0,0,0,0,0
"13219",5,"54185",77,0,2007,4,"N","Oconee County, Georgia","Private","Display advertising","County, NAICS 5-digit -- by ownership sector","All establishment sizes",1,0,0,0,0,0,0,0
"13219",5,541850,78,0,2007,1,"N","Oconee County, Georgia","Private","Display advertising","County, NAICS 6-digit -- by ownership sector","All establishment sizes",1,0,0,0,0,0,0,0
"13219",5,"541850",78,0,2007,2,"N","Oconee County, Georgia","Private","Display advertising","County, NAICS 6-digit -- by ownership sector","All establishment sizes",1,0,0,0,0,0,0,0
"13219",5,"541850",78,0,2007,3,"N","Oconee County, Georgia","Private","Display advertising","County, NAICS 6-digit -- by ownership sector","All establishment sizes",1,0,0,0,0,0,0,0
"13219",5,"541850",78,0,2007,4,"N","Oconee County, Georgia","Private","Display advertising","County, NAICS 6-digit -- by ownership sector","All establishment sizes",1,0,0,0,0,0,0,0
"13219",5,54187,77,0,2007,1,"N","Oconee County, Georgia","Private","Advertising material distribution services","County, NAICS 5-digit -- by ownership sector","All establishment sizes",1,0,0,0,0,0,0,0
"13219",5,"54187",77,0,2007,2,"N","Oconee County, Georgia","Private","Advertising material distribution services","County, NAICS 5-digit -- by ownership sector","All establishment sizes",1,0,0,0,0,0,0,0
"13219",5,"54187",77,0,2007,3,"N","Oconee County, Georgia","Private","Advertising material distribution services","County, NAICS 5-digit -- by ownership sector","All establishment sizes",1,0,0,0,0,0,0,0
"13219",5,"54187",77,0,2007,4,"N","Oconee County, Georgia","Private","Advertising material distribution services","County, NAICS 5-digit -- by ownership sector","All establishment sizes",1,0,0,0,0,0,0,0
"13219",5,541870,78,0,2007,1,"N","Oconee County, Georgia","Private","Advertising material distribution services","County, NAICS 6-digit -- by ownership sector","All establishment sizes",1,0,0,0,0,0,0,0
"13219",5,"541870",78,0,2007,2,"N","Oconee County, Georgia","Private","Advertising material distribution services","County, NAICS 6-digit -- by ownership sector","All establishment sizes",1,0,0,0,0,0,0,0
"13219",5,"541870",78,0,2007,3,"N","Oconee County, Georgia","Private","Advertising material distribution services","County, NAICS 6-digit -- by ownership sector","All establishment sizes",1,0,0,0,0,0,0,0
"13219",5,"541870",78,0,2007,4,"N","Oconee County, Georgia","Private","Advertising material distribution services","County, NAICS 6-digit -- by ownership sector","All establishment sizes",1,0,0,0,0,0,0,0
"13219",5,54189,77,0,2007,1,"N","Oconee County, Georgia","Private","Other services related to advertising","County, NAICS 5-digit -- by ownership sector","All establishment sizes",2,0,0,0,0,0,0,0
"13219",5,"54189",77,0,2007,2,"N","Oconee County, Georgia","Private","Other services related to advertising","County, NAICS 5-digit -- by ownership sector","All establishment sizes",2,0,0,0,0,0,0,0
"13219",5,"54189",77,0,2007,3,"N","Oconee County, Georgia","Private","Other services related to advertising","County, NAICS 5-digit -- by ownership sector","All establishment sizes",2,0,0,0,0,0,0,0
"13219",5,"54189",77,0,2007,4,"N","Oconee County, Georgia","Private","Other services related to advertising","County, NAICS 5-digit -- by ownership sector","All establishment sizes",2,0,0,0,0,0,0,0
"13219",5,541890,78,0,2007,1,"N","Oconee County, Georgia","Private","Other services related to advertising","County, NAICS 6-digit -- by ownership sector","All establishment sizes",2,0,0,0,0,0,0,0
"13219",5,"541890",78,0,2007,2,"N","Oconee County, Georgia","Private","Other services related to advertising","County, NAICS 6-digit -- by ownership sector","All establishment sizes",2,0,0,0,0,0,0,0
"13219",5,"541890",78,0,2007,3,"N","Oconee County, Georgia","Private","Other services related to advertising","County, NAICS 6-digit -- by ownership sector","All establishment sizes",2,0,0,0,0,0,0,0
"13219",5,"541890",78,0,2007,4,"N","Oconee County, Georgia","Private","Other services related to advertising","County, NAICS 6-digit -- by ownership sector","All establishment sizes",2,0,0,0,0,0,0,0
"13219",5,5419,76,0,2007,1,"","Oconee County, Georgia","Private","Other professional and technical services","County, NAICS 4-digit -- by ownership sector","All establishment sizes",15,130,125,134,621889,482608,2422,369
"13219",5,"5419",76,0,2007,2,"","Oconee County, Georgia","Private","Other professional and technical services","County, NAICS 4-digit -- by ownership sector","All establishment sizes",15,161,154,159,782470,334236,1408,381
"13219",5,"5419",76,0,2007,3,"","Oconee County, Georgia","Private","Other professional and technical services","County, NAICS 4-digit -- by ownership sector","All establishment sizes",15,123,127,125,621553,209789,858,382
"13219",5,"5419",76,0,2007,4,"","Oconee County, Georgia","Private","Other professional and technical services","County, NAICS 4-digit -- by ownership sector","All establishment sizes",14,122,125,128,699811,158080,1019,431
"13219",5,54192,77,0,2007,1,"N","Oconee County, Georgia","Private","Photographic services","County, NAICS 5-digit -- by ownership sector","All establishment sizes",2,0,0,0,0,0,0,0
"13219",5,"54192",77,0,2007,2,"N","Oconee County, Georgia","Private","Photographic services","County, NAICS 5-digit -- by ownership sector","All establishment sizes",2,0,0,0,0,0,0,0
"13219",5,"54192",77,0,2007,3,"N","Oconee County, Georgia","Private","Photographic services","County, NAICS 5-digit -- by ownership sector","All establishment sizes",2,0,0,0,0,0,0,0
"13219",5,"54192",77,0,2007,4,"N","Oconee County, Georgia","Private","Photographic services","County, NAICS 5-digit -- by ownership sector","All establishment sizes",2,0,0,0,0,0,0,0
"13219",5,541921,78,0,2007,1,"N","Oconee County, Georgia","Private","Photography studios, portrait","County, NAICS 6-digit -- by ownership sector","All establishment sizes",1,0,0,0,0,0,0,0
"13219",5,"541921",78,0,2007,2,"N","Oconee County, Georgia","Private","Photography studios, portrait","County, NAICS 6-digit -- by ownership sector","All establishment sizes",1,0,0,0,0,0,0,0
"13219",5,"541921",78,0,2007,3,"N","Oconee County, Georgia","Private","Photography studios, portrait","County, NAICS 6-digit -- by ownership sector","All establishment sizes",1,0,0,0,0,0,0,0
"13219",5,"541921",78,0,2007,4,"N","Oconee County, Georgia","Private","Photography studios, portrait","County, NAICS 6-digit -- by ownership sector","All establishment sizes",1,0,0,0,0,0,0,0
"13219",5,541922,78,0,2007,1,"N","Oconee County, Georgia","Private","Commercial photography","County, NAICS 6-digit -- by ownership sector","All establishment sizes",1,0,0,0,0,0,0,0
"13219",5,"541922",78,0,2007,2,"N","Oconee County, Georgia","Private","Commercial photography","County, NAICS 6-digit -- by ownership sector","All establishment sizes",1,0,0,0,0,0,0,0
"13219",5,"541922",78,0,2007,3,"N","Oconee County, Georgia","Private","Commercial photography","County, NAICS 6-digit -- by ownership sector","All establishment sizes",1,0,0,0,0,0,0,0
"13219",5,"541922",78,0,2007,4,"N","Oconee County, Georgia","Private","Commercial photography","County, NAICS 6-digit -- by ownership sector","All establishment sizes",1,0,0,0,0,0,0,0
"13219",5,54194,77,0,2007,1,"","Oconee County, Georgia","Private","Veterinary services","County, NAICS 5-digit -- by ownership sector","All establishment sizes",12,123,119,128,587859,454694,2244,367
"13219",5,"54194",77,0,2007,2,"","Oconee County, Georgia","Private","Veterinary services","County, NAICS 5-digit -- by ownership sector","All establishment sizes",12,155,148,152,748376,325778,1336,380
"13219",5,"54194",77,0,2007,3,"","Oconee County, Georgia","Private","Veterinary services","County, NAICS 5-digit -- by ownership sector","All establishment sizes",12,116,120,118,584360,208962,841,381
"13219",5,"54194",77,0,2007,4,"","Oconee County, Georgia","Private","Veterinary services","County, NAICS 5-digit -- by ownership sector","All establishment sizes",11,114,117,120,623909,141660,656,410
"13219",5,541940,78,0,2007,1,"","Oconee County, Georgia","Private","Veterinary services","County, NAICS 6-digit -- by ownership sector","All establishment sizes",12,123,119,128,587859,454694,2244,367
"13219",5,"541940",78,0,2007,2,"","Oconee County, Georgia","Private","Veterinary services","County, NAICS 6-digit -- by ownership sector","All establishment sizes",12,155,148,152,748376,325778,1336,380
"13219",5,"541940",78,0,2007,3,"","Oconee County, Georgia","Private","Veterinary services","County, NAICS 6-digit -- by ownership sector","All establishment sizes",12,116,120,118,584360,208962,841,381
"13219",5,"541940",78,0,2007,4,"","Oconee County, Georgia","Private","Veterinary services","County, NAICS 6-digit -- by ownership sector","All establishment sizes",11,114,117,120,623909,141660,656,410
"13219",5,54199,77,0,2007,1,"N","Oconee County, Georgia","Private","All other professional and technical services","County, NAICS 5-digit -- by ownership sector","All establishment sizes",1,0,0,0,0,0,0,0
"13219",5,"54199",77,0,2007,2,"N","Oconee County, Georgia","Private","All other professional and technical services","County, NAICS 5-digit -- by ownership sector","All establishment sizes",1,0,0,0,0,0,0,0
"13219",5,"54199",77,0,2007,3,"N","Oconee County, Georgia","Private","All other professional and technical services","County, NAICS 5-digit -- by ownership sector","All establishment sizes",1,0,0,0,0,0,0,0
"13219",5,"54199",77,0,2007,4,"N","Oconee County, Georgia","Private","All other professional and technical services","County, NAICS 5-digit -- by ownership sector","All establishment sizes",1,0,0,0,0,0,0,0
"13219",5,541990,78,0,2007,1,"N","Oconee County, Georgia","Private","All other professional and technical services","County, NAICS 6-digit -- by ownership sector","All establishment sizes",1,0,0,0,0,0,0,0
"13219",5,"541990",78,0,2007,2,"N","Oconee County, Georgia","Private","All other professional and technical services","County, NAICS 6-digit -- by ownership sector","All establishment sizes",1,0,0,0,0,0,0,0
"13219",5,"541990",78,0,2007,3,"N","Oconee County, Georgia","Private","All other professional and technical services","County, NAICS 6-digit -- by ownership sector","All establishment sizes",1,0,0,0,0,0,0,0
"13219",5,"541990",78,0,2007,4,"N","Oconee County, Georgia","Private","All other professional and technical services","County, NAICS 6-digit -- by ownership sector","All establishment sizes",1,0,0,0,0,0,0,0
"13219",5,55,74,0,2007,1,"","Oconee County, Georgia","Private","Management of companies and enterprises","County, NAICS Sector -- by ownership sector","All establishment sizes",3,256,271,267,3853377,1812346,32282,1120
"13219",5,"55",74,0,2007,2,"","Oconee County, Georgia","Private","Management of companies and enterprises","County, NAICS Sector -- by ownership sector","All establishment sizes",3,255,261,274,3102343,491064,9041,906
"13219",5,"55",74,0,2007,3,"","Oconee County, Georgia","Private","Management of companies and enterprises","County, NAICS Sector -- by ownership sector","All establishment sizes",3,254,289,291,3172480,204248,3710,878
"13219",5,"55",74,0,2007,4,"","Oconee County, Georgia","Private","Management of companies and enterprises","County, NAICS Sector -- by ownership sector","All establishment sizes",3,305,278,252,4354196,168704,3020,1203
"13219",5,551,75,0,2007,1,"","Oconee County, Georgia","Private","Management of companies and enterprises","County, NAICS 3-digit -- by ownership sector","All establishment sizes",3,256,271,267,3853377,1812346,32282,1120
"13219",5,"551",75,0,2007,2,"","Oconee County, Georgia","Private","Management of companies and enterprises","County, NAICS 3-digit -- by ownership sector","All establishment sizes",3,255,261,274,3102343,491064,9041,906
"13219",5,"551",75,0,2007,3,"","Oconee County, Georgia","Private","Management of companies and enterprises","County, NAICS 3-digit -- by ownership sector","All establishment sizes",3,254,289,291,3172480,204248,3710,878
"13219",5,"551",75,0,2007,4,"","Oconee County, Georgia","Private","Management of companies and enterprises","County, NAICS 3-digit -- by ownership sector","All establishment sizes",3,305,278,252,4354196,168704,3020,1203
"13219",5,5511,76,0,2007,1,"","Oconee County, Georgia","Private","Management of companies and enterprises","County, NAICS 4-digit -- by ownership sector","All establishment sizes",3,256,271,267,3853377,1812346,32282,1120
"13219",5,"5511",76,0,2007,2,"","Oconee County, Georgia","Private","Management of companies and enterprises","County, NAICS 4-digit -- by ownership sector","All establishment sizes",3,255,261,274,3102343,491064,9041,906
"13219",5,"5511",76,0,2007,3,"","Oconee County, Georgia","Private","Management of companies and enterprises","County, NAICS 4-digit -- by ownership sector","All establishment sizes",3,254,289,291,3172480,204248,3710,878
"13219",5,"5511",76,0,2007,4,"","Oconee County, Georgia","Private","Management of companies and enterprises","County, NAICS 4-digit -- by ownership sector","All establishment sizes",3,305,278,252,4354196,168704,3020,1203
"13219",5,55111,77,0,2007,1,"","Oconee County, Georgia","Private","Management of companies and enterprises","County, NAICS 5-digit -- by ownership sector","All establishment sizes",3,256,271,267,3853377,1812346,32282,1120
"13219",5,"55111",77,0,2007,2,"","Oconee County, Georgia","Private","Management of companies and enterprises","County, NAICS 5-digit -- by ownership sector","All establishment sizes",3,255,261,274,3102343,491064,9041,906
"13219",5,"55111",77,0,2007,3,"","Oconee County, Georgia","Private","Management of companies and enterprises","County, NAICS 5-digit -- by ownership sector","All establishment sizes",3,254,289,291,3172480,204248,3710,878
"13219",5,"55111",77,0,2007,4,"","Oconee County, Georgia","Private","Management of companies and enterprises","County, NAICS 5-digit -- by ownership sector","All establishment sizes",3,305,278,252,4354196,168704,3020,1203
"13219",5,551114,78,0,2007,1,"","Oconee County, Georgia","Private","Managing offices","County, NAICS 6-digit -- by ownership sector","All establishment sizes",3,256,271,267,3853377,1812346,32282,1120
"13219",5,"551114",78,0,2007,2,"","Oconee County, Georgia","Private","Managing offices","County, NAICS 6-digit -- by ownership sector","All establishment sizes",3,255,261,274,3102343,491064,9041,906
"13219",5,"551114",78,0,2007,3,"","Oconee County, Georgia","Private","Managing offices","County, NAICS 6-digit -- by ownership sector","All establishment sizes",3,254,289,291,3172480,204248,3710,878
"13219",5,"551114",78,0,2007,4,"","Oconee County, Georgia","Private","Managing offices","County, NAICS 6-digit -- by ownership sector","All establishment sizes",3,305,278,252,4354196,168704,3020,1203
"13219",5,56,74,0,2007,1,"","Oconee County, Georgia","Private","Administrative and waste services","County, NAICS Sector -- by ownership sector","All establishment sizes",74,441,473,480,3298697,2532838,32693,546
"13219",5,"56",74,0,2007,2,"","Oconee County, Georgia","Private","Administrative and waste services","County, NAICS Sector -- by ownership sector","All establishment sizes",76,415,433,421,3465932,1085053,13592,630
"13219",5,"56",74,0,2007,3,"","Oconee County, Georgia","Private","Administrative and waste services","County, NAICS Sector -- by ownership sector","All establishment sizes",74,403,412,471,3220270,542802,7420,578
"13219",5,"56",74,0,2007,4,"","Oconee County, Georgia","Private","Administrative and waste services","County, NAICS Sector -- by ownership sector","All establishment sizes",74,463,428,396,3586606,480694,7279,643
"13219",5,561,75,0,2007,1,"","Oconee County, Georgia","Private","Administrative and support services","County, NAICS 3-digit -- by ownership sector","All establishment sizes",69,382,411,400,2776792,2128904,29436,537
"13219",5,"561",75,0,2007,2,"","Oconee County, Georgia","Private","Administrative and support services","County, NAICS 3-digit -- by ownership sector","All establishment sizes",71,341,360,350,2855776,927894,12868,627
"13219",5,"561",75,0,2007,3,"","Oconee County, Georgia","Private","Administrative and support services","County, NAICS 3-digit -- by ownership sector","All establishment sizes",69,330,337,398,2621104,444467,7122,568
"13219",5,"561",75,0,2007,4,"","Oconee County, Georgia","Private","Administrative and support services","County, NAICS 3-digit -- by ownership sector","All establishment sizes",69,392,376,344,2935599,448374,7133,609
"13219",5,5611,76,0,2007,1,"","Oconee County, Georgia","Private","Office administrative services","County, NAICS 4-digit -- by ownership sector","All establishment sizes",7,62,62,63,653970,388838,7601,807
"13219",5,"5611",76,0,2007,2,"","Oconee County, Georgia","Private","Office administrative services","County, NAICS 4-digit -- by ownership sector","All establishment sizes",7,57,55,59,634804,98141,1828,857
"13219",5,"5611",76,0,2007,3,"","Oconee County, Georgia","Private","Office administrative services","County, NAICS 4-digit -- by ownership sector","All establishment sizes",7,57,68,68,690845,117106,2688,826
"13219",5,"5611",76,0,2007,4,"","Oconee County, Georgia","Private","Office administrative services","County, NAICS 4-digit -- by ownership sector","All establishment sizes",7,68,68,66,855467,72620,1474,977
"13219",5,56111,77,0,2007,1,"","Oconee County, Georgia","Private","Office administrative services","County, NAICS 5-digit -- by ownership sector","All establishment sizes",7,62,62,63,653970,388838,7601,807
"13219",5,"56111",77,0,2007,2,"","Oconee County, Georgia","Private","Office administrative services","County, NAICS 5-digit -- by ownership sector","All establishment sizes",7,57,55,59,634804,98141,1828,857
"13219",5,"56111",77,0,2007,3,"","Oconee County, Georgia","Private","Office administrative services","County, NAICS 5-digit -- by ownership sector","All establishment sizes",7,57,68,68,690845,117106,2688,826
"13219",5,"56111",77,0,2007,4,"","Oconee County, Georgia","Private","Office administrative services","County, NAICS 5-digit -- by ownership sector","All establishment sizes",7,68,68,66,855467,72620,1474,977
"13219",5,561110,78,0,2007,1,"","Oconee County, Georgia","Private","Office administrative services","County, NAICS 6-digit -- by ownership sector","All establishment sizes",7,62,62,63,653970,388838,7601,807
"13219",5,"561110",78,0,2007,2,"","Oconee County, Georgia","Private","Office administrative services","County, NAICS 6-digit -- by ownership sector","All establishment sizes",7,57,55,59,634804,98141,1828,857
"13219",5,"561110",78,0,2007,3,"","Oconee County, Georgia","Private","Office administrative services","County, NAICS 6-digit -- by ownership sector","All establishment sizes",7,57,68,68,690845,117106,2688,826
"13219",5,"561110",78,0,2007,4,"","Oconee County, Georgia","Private","Office administrative services","County, NAICS 6-digit -- by ownership sector","All establishment sizes",7,68,68,66,855467,72620,1474,977
"13219",5,5613,76,0,2007,1,"","Oconee County, Georgia","Private","Employment services","County, NAICS 4-digit -- by ownership sector","All establishment sizes",6,46,45,44,383727,253163,5567,656
"13219",5,"5613",76,0,2007,2,"","Oconee County, Georgia","Private","Employment services","County, NAICS 4-digit -- by ownership sector","All establishment sizes",6,43,40,34,414701,102660,2510,818
"13219",5,"5613",76,0,2007,3,"","Oconee County, Georgia","Private","Employment services","County, NAICS 4-digit -- by ownership sector","All establishment sizes",6,29,30,31,322361,24803,543,827
"13219",5,"5613",76,0,2007,4,"","Oconee County, Georgia","Private","Employment services","County, NAICS 4-digit -- by ownership sector","All establishment sizes",6,31,28,32,347046,45320,865,880
"13219",5,56131,77,0,2007,1,"N","Oconee County, Georgia","Private","Employment placement and executive search","County, NAICS 5-digit -- by ownership sector","All establishment sizes",3,0,0,0,0,0,0,0
"13219",5,"56131",77,0,2007,2,"","Oconee County, Georgia","Private","Employment placement and executive search","County, NAICS 5-digit -- by ownership sector","All establishment sizes",3,5,5,5,68168,21639,567,1049
"13219",5,"56131",77,0,2007,3,"N","Oconee County, Georgia","Private","Employment placement and executive search","County, NAICS 5-digit -- by ownership sector","All establishment sizes",3,0,0,0,0,0,0,0
"13219",5,"56131",77,0,2007,4,"","Oconee County, Georgia","Private","Employment placement and executive search","County, NAICS 5-digit -- by ownership sector","All establishment sizes",3,2,2,4,41000,4077,107,1183
"13219",5,561311,78,0,2007,1,"N","Oconee County, Georgia","Private","Employment placement agencies","County, NAICS 6-digit -- by ownership sector","All establishment sizes",2,0,0,0,0,0,0,0
"13219",5,"561311",78,0,2007,2,"N","Oconee County, Georgia","Private","Employment placement agencies","County, NAICS 6-digit -- by ownership sector","All establishment sizes",2,0,0,0,0,0,0,0
"13219",5,"561311",78,0,2007,3,"N","Oconee County, Georgia","Private","Employment placement agencies","County, NAICS 6-digit -- by ownership sector","All establishment sizes",2,0,0,0,0,0,0,0
"13219",5,"561311",78,0,2007,4,"N","Oconee County, Georgia","Private","Employment placement agencies","County, NAICS 6-digit -- by ownership sector","All establishment sizes",2,0,0,0,0,0,0,0
"13219",5,561312,78,0,2007,1,"N","Oconee County, Georgia","Private","Executive search services","County, NAICS 6-digit -- by ownership sector","All establishment sizes",1,0,0,0,0,0,0,0
"13219",5,"561312",78,0,2007,2,"N","Oconee County, Georgia","Private","Executive search services","County, NAICS 6-digit -- by ownership sector","All establishment sizes",1,0,0,0,0,0,0,0
"13219",5,"561312",78,0,2007,3,"N","Oconee County, Georgia","Private","Executive search services","County, NAICS 6-digit -- by ownership sector","All establishment sizes",1,0,0,0,0,0,0,0
"13219",5,"561312",78,0,2007,4,"N","Oconee County, Georgia","Private","Executive search services","County, NAICS 6-digit -- by ownership sector","All establishment sizes",1,0,0,0,0,0,0,0
"13219",5,56133,77,0,2007,1,"N","Oconee County, Georgia","Private","Professional employer organizations","County, NAICS 5-digit -- by ownership sector","All establishment sizes",3,0,0,0,0,0,0,0
"13219",5,"56133",77,0,2007,2,"","Oconee County, Georgia","Private","Professional employer organizations","County, NAICS 5-digit -- by ownership sector","All establishment sizes",3,38,35,29,346533,81021,1943,784
"13219",5,"56133",77,0,2007,3,"N","Oconee County, Georgia","Private","Professional employer organizations","County, NAICS 5-digit -- by ownership sector","All establishment sizes",3,0,0,0,0,0,0,0
"13219",5,"56133",77,0,2007,4,"","Oconee County, Georgia","Private","Professional employer organizations","County, NAICS 5-digit -- by ownership sector","All establishment sizes",3,29,26,28,306046,41243,758,851
"13219",5,561330,78,0,2007,1,"N","Oconee County, Georgia","Private","Professional employer organizations","County, NAICS 6-digit -- by ownership sector","All establishment sizes",3,0,0,0,0,0,0,0
"13219",5,"561330",78,0,2007,2,"","Oconee County, Georgia","Private","Professional employer organizations","County, NAICS 6-digit -- by ownership sector","All establishment sizes",3,38,35,29,346533,81021,1943,784
"13219",5,"561330",78,0,2007,3,"N","Oconee County, Georgia","Private","Professional employer organizations","County, NAICS 6-digit -- by ownership sector","All establishment sizes",3,0,0,0,0,0,0,0
"13219",5,"561330",78,0,2007,4,"","Oconee County, Georgia","Private","Professional employer organizations","County, NAICS 6-digit -- by ownership sector","All establishment sizes",3,29,26,28,306046,41243,758,851
"13219",5,5614,76,0,2007,1,"","Oconee County, Georgia","Private","Business support services","County, NAICS 4-digit -- by ownership sector","All establishment sizes",9,53,75,71,598476,416985,6819,694
"13219",5,"5614",76,0,2007,2,"","Oconee County, Georgia","Private","Business support services","County, NAICS 4-digit -- by ownership sector","All establishment sizes",8,66,71,64,634981,157656,2602,729
"13219",5,"5614",76,0,2007,3,"","Oconee County, Georgia","Private","Business support services","County, NAICS 4-digit -- by ownership sector","All establishment sizes",8,60,66,130,579244,108265,1496,522
"13219",5,"5614",76,0,2007,4,"","Oconee County, Georgia","Private","Business support services","County, NAICS 4-digit -- by ownership sector","All establishment sizes",8,123,114,82,737664,155823,2608,534
"13219",5,56141,77,0,2007,1,"N","Oconee County, Georgia","Private","Document preparation services","County, NAICS 5-digit -- by ownership sector","All establishment sizes",2,0,0,0,0,0,0,0
"13219",5,"56141",77,0,2007,2,"N","Oconee County, Georgia","Private","Document preparation services","County, NAICS 5-digit -- by ownership sector","All establishment sizes",2,0,0,0,0,0,0,0
"13219",5,"56141",77,0,2007,3,"N","Oconee County, Georgia","Private","Document preparation services","County, NAICS 5-digit -- by ownership sector","All establishment sizes",2,0,0,0,0,0,0,0
"13219",5,"56141",77,0,2007,4,"N","Oconee County, Georgia","Private","Document preparation services","County, NAICS 5-digit -- by ownership sector","All establishment sizes",2,0,0,0,0,0,0,0
"13219",5,561410,78,0,2007,1,"N","Oconee County, Georgia","Private","Document preparation services","County, NAICS 6-digit -- by ownership sector","All establishment sizes",2,0,0,0,0,0,0,0
"13219",5,"561410",78,0,2007,2,"N","Oconee County, Georgia","Private","Document preparation services","County, NAICS 6-digit -- by ownership sector","All establishment sizes",2,0,0,0,0,0,0,0
"13219",5,"561410",78,0,2007,3,"N","Oconee County, Georgia","Private","Document preparation services","County, NAICS 6-digit -- by ownership sector","All establishment sizes",2,0,0,0,0,0,0,0
"13219",5,"561410",78,0,2007,4,"N","Oconee County, Georgia","Private","Document preparation services","County, NAICS 6-digit -- by ownership sector","All establishment sizes",2,0,0,0,0,0,0,0
"13219",5,56143,77,0,2007,1,"N","Oconee County, Georgia","Private","Business service centers","County, NAICS 5-digit -- by ownership sector","All establishment sizes",3,0,0,0,0,0,0,0
"13219",5,"56143",77,0,2007,2,"N","Oconee County, Georgia","Private","Business service centers","County, NAICS 5-digit -- by ownership sector","All establishment sizes",2,0,0,0,0,0,0,0
"13219",5,"56143",77,0,2007,3,"N","Oconee County, Georgia","Private","Business service centers","County, NAICS 5-digit -- by ownership sector","All establishment sizes",2,0,0,0,0,0,0,0
"13219",5,"56143",77,0,2007,4,"N","Oconee County, Georgia","Private","Business service centers","County, NAICS 5-digit -- by ownership sector","All establishment sizes",2,0,0,0,0,0,0,0
"13219",5,561439,78,0,2007,1,"N","Oconee County, Georgia","Private","Other business service centers","County, NAICS 6-digit -- by ownership sector","All establishment sizes",3,0,0,0,0,0,0,0
"13219",5,"561439",78,0,2007,2,"N","Oconee County, Georgia","Private","Other business service centers","County, NAICS 6-digit -- by ownership sector","All establishment sizes",2,0,0,0,0,0,0,0
"13219",5,"561439",78,0,2007,3,"N","Oconee County, Georgia","Private","Other business service centers","County, NAICS 6-digit -- by ownership sector","All establishment sizes",2,0,0,0,0,0,0,0
"13219",5,"561439",78,0,2007,4,"N","Oconee County, Georgia","Private","Other business service centers","County, NAICS 6-digit -- by ownership sector","All establishment sizes",2,0,0,0,0,0,0,0
"13219",5,56144,77,0,2007,1,"N","Oconee County, Georgia","Private","Collection agencies","County, NAICS 5-digit -- by ownership sector","All establishment sizes",1,0,0,0,0,0,0,0
"13219",5,"56144",77,0,2007,2,"N","Oconee County, Georgia","Private","Collection agencies","County, NAICS 5-digit -- by ownership sector","All establishment sizes",1,0,0,0,0,0,0,0
"13219",5,"56144",77,0,2007,3,"N","Oconee County, Georgia","Private","Collection agencies","County, NAICS 5-digit -- by ownership sector","All establishment sizes",1,0,0,0,0,0,0,0
"13219",5,"56144",77,0,2007,4,"N","Oconee County, Georgia","Private","Collection agencies","County, NAICS 5-digit -- by ownership sector","All establishment sizes",1,0,0,0,0,0,0,0
"13219",5,561440,78,0,2007,1,"N","Oconee County, Georgia","Private","Collection agencies","County, NAICS 6-digit -- by ownership sector","All establishment sizes",1,0,0,0,0,0,0,0
"13219",5,"561440",78,0,2007,2,"N","Oconee County, Georgia","Private","Collection agencies","County, NAICS 6-digit -- by ownership sector","All establishment sizes",1,0,0,0,0,0,0,0
"13219",5,"561440",78,0,2007,3,"N","Oconee County, Georgia","Private","Collection agencies","County, NAICS 6-digit -- by ownership sector","All establishment sizes",1,0,0,0,0,0,0,0
"13219",5,"561440",78,0,2007,4,"N","Oconee County, Georgia","Private","Collection agencies","County, NAICS 6-digit -- by ownership sector","All establishment sizes",1,0,0,0,0,0,0,0
"13219",5,56149,77,0,2007,1,"N","Oconee County, Georgia","Private","Other business support services","County, NAICS 5-digit -- by ownership sector","All establishment sizes",3,0,0,0,0,0,0,0
"13219",5,"56149",77,0,2007,2,"N","Oconee County, Georgia","Private","Other business support services","County, NAICS 5-digit -- by ownership sector","All establishment sizes",3,0,0,0,0,0,0,0
"13219",5,"56149",77,0,2007,3,"N","Oconee County, Georgia","Private","Other business support services","County, NAICS 5-digit -- by ownership sector","All establishment sizes",3,0,0,0,0,0,0,0
"13219",5,"56149",77,0,2007,4,"N","Oconee County, Georgia","Private","Other business support services","County, NAICS 5-digit -- by ownership sector","All establishment sizes",3,0,0,0,0,0,0,0
"13219",5,561492,78,0,2007,1,"N","Oconee County, Georgia","Private","Court reporting and stenotype services","County, NAICS 6-digit -- by ownership sector","All establishment sizes",1,0,0,0,0,0,0,0
"13219",5,"561492",78,0,2007,2,"N","Oconee County, Georgia","Private","Court reporting and stenotype services","County, NAICS 6-digit -- by ownership sector","All establishment sizes",1,0,0,0,0,0,0,0
"13219",5,"561492",78,0,2007,3,"N","Oconee County, Georgia","Private","Court reporting and stenotype services","County, NAICS 6-digit -- by ownership sector","All establishment sizes",1,0,0,0,0,0,0,0
"13219",5,"561492",78,0,2007,4,"N","Oconee County, Georgia","Private","Court reporting and stenotype services","County, NAICS 6-digit -- by ownership sector","All establishment sizes",1,0,0,0,0,0,0,0
"13219",5,561499,78,0,2007,1,"N","Oconee County, Georgia","Private","All other business support services","County, NAICS 6-digit -- by ownership sector","All establishment sizes",2,0,0,0,0,0,0,0
"13219",5,"561499",78,0,2007,2,"N","Oconee County, Georgia","Private","All other business support services","County, NAICS 6-digit -- by ownership sector","All establishment sizes",2,0,0,0,0,0,0,0
"13219",5,"561499",78,0,2007,3,"N","Oconee County, Georgia","Private","All other business support services","County, NAICS 6-digit -- by ownership sector","All establishment sizes",2,0,0,0,0,0,0,0
"13219",5,"561499",78,0,2007,4,"N","Oconee County, Georgia","Private","All other business support services","County, NAICS 6-digit -- by ownership sector","All establishment sizes",2,0,0,0,0,0,0,0
"13219",5,5615,76,0,2007,1,"N","Oconee County, Georgia","Private","Travel arrangement and reservation services","County, NAICS 4-digit -- by ownership sector","All establishment sizes",1,0,0,0,0,0,0,0
"13219",5,"5615",76,0,2007,2,"N","Oconee County, Georgia","Private","Travel arrangement and reservation services","County, NAICS 4-digit -- by ownership sector","All establishment sizes",1,0,0,0,0,0,0,0
"13219",5,"5615",76,0,2007,3,"N","Oconee County, Georgia","Private","Travel arrangement and reservation services","County, NAICS 4-digit -- by ownership sector","All establishment sizes",1,0,0,0,0,0,0,0
"13219",5,"5615",76,0,2007,4,"N","Oconee County, Georgia","Private","Travel arrangement and reservation services","County, NAICS 4-digit -- by ownership sector","All establishment sizes",1,0,0,0,0,0,0,0
"13219",5,56152,77,0,2007,1,"N","Oconee County, Georgia","Private","Tour operators","County, NAICS 5-digit -- by ownership sector","All establishment sizes",1,0,0,0,0,0,0,0
"13219",5,"56152",77,0,2007,2,"N","Oconee County, Georgia","Private","Tour operators","County, NAICS 5-digit -- by ownership sector","All establishment sizes",1,0,0,0,0,0,0,0
"13219",5,"56152",77,0,2007,3,"N","Oconee County, Georgia","Private","Tour operators","County, NAICS 5-digit -- by ownership sector","All establishment sizes",1,0,0,0,0,0,0,0
"13219",5,"56152",77,0,2007,4,"N","Oconee County, Georgia","Private","Tour operators","County, NAICS 5-digit -- by ownership sector","All establishment sizes",1,0,0,0,0,0,0,0
"13219",5,561520,78,0,2007,1,"N","Oconee County, Georgia","Private","Tour operators","County, NAICS 6-digit -- by ownership sector","All establishment sizes",1,0,0,0,0,0,0,0
"13219",5,"561520",78,0,2007,2,"N","Oconee County, Georgia","Private","Tour operators","County, NAICS 6-digit -- by ownership sector","All establishment sizes",1,0,0,0,0,0,0,0
"13219",5,"561520",78,0,2007,3,"N","Oconee County, Georgia","Private","Tour operators","County, NAICS 6-digit -- by ownership sector","All establishment sizes",1,0,0,0,0,0,0,0
"13219",5,"561520",78,0,2007,4,"N","Oconee County, Georgia","Private","Tour operators","County, NAICS 6-digit -- by ownership sector","All establishment sizes",1,0,0,0,0,0,0,0
"13219",5,5616,76,0,2007,1,"N","Oconee County, Georgia","Private","Investigation and security services","County, NAICS 4-digit -- by ownership sector","All establishment sizes",2,0,0,0,0,0,0,0
"13219",5,"5616",76,0,2007,2,"N","Oconee County, Georgia","Private","Investigation and security services","County, NAICS 4-digit -- by ownership sector","All establishment sizes",2,0,0,0,0,0,0,0
"13219",5,"5616",76,0,2007,3,"N","Oconee County, Georgia","Private","Investigation and security services","County, NAICS 4-digit -- by ownership sector","All establishment sizes",2,0,0,0,0,0,0,0
"13219",5,"5616",76,0,2007,4,"N","Oconee County, Georgia","Private","Investigation and security services","County, NAICS 4-digit -- by ownership sector","All establishment sizes",3,0,0,0,0,0,0,0
"13219",5,56161,77,0,2007,1,"-","Oconee County, Georgia","Private","Security and armored car services","County, NAICS 5-digit -- by ownership sector","All establishment sizes",0,0,0,0,0,0,0,0
"13219",5,"56161",77,0,2007,2,"-","Oconee County, Georgia","Private","Security and armored car services","County, NAICS 5-digit -- by ownership sector","All establishment sizes",0,0,0,0,0,0,0,0
"13219",5,"56161",77,0,2007,3,"-","Oconee County, Georgia","Private","Security and armored car services","County, NAICS 5-digit -- by ownership sector","All establishment sizes",0,0,0,0,0,0,0,0
"13219",5,"56161",77,0,2007,4,"N","Oconee County, Georgia","Private","Security and armored car services","County, NAICS 5-digit -- by ownership sector","All establishment sizes",1,0,0,0,0,0,0,0
"13219",5,561611,78,0,2007,1,"-","Oconee County, Georgia","Private","Investigation services","County, NAICS 6-digit -- by ownership sector","All establishment sizes",0,0,0,0,0,0,0,0
"13219",5,"561611",78,0,2007,2,"-","Oconee County, Georgia","Private","Investigation services","County, NAICS 6-digit -- by ownership sector","All establishment sizes",0,0,0,0,0,0,0,0
"13219",5,"561611",78,0,2007,3,"-","Oconee County, Georgia","Private","Investigation services","County, NAICS 6-digit -- by ownership sector","All establishment sizes",0,0,0,0,0,0,0,0
"13219",5,"561611",78,0,2007,4,"N","Oconee County, Georgia","Private","Investigation services","County, NAICS 6-digit -- by ownership sector","All establishment sizes",1,0,0,0,0,0,0,0
"13219",5,56162,77,0,2007,1,"N","Oconee County, Georgia","Private","Security systems services","County, NAICS 5-digit -- by ownership sector","All establishment sizes",2,0,0,0,0,0,0,0
"13219",5,"56162",77,0,2007,2,"N","Oconee County, Georgia","Private","Security systems services","County, NAICS 5-digit -- by ownership sector","All establishment sizes",2,0,0,0,0,0,0,0
"13219",5,"56162",77,0,2007,3,"N","Oconee County, Georgia","Private","Security systems services","County, NAICS 5-digit -- by ownership sector","All establishment sizes",2,0,0,0,0,0,0,0
"13219",5,"56162",77,0,2007,4,"N","Oconee County, Georgia","Private","Security systems services","County, NAICS 5-digit -- by ownership sector","All establishment sizes",2,0,0,0,0,0,0,0
"13219",5,561621,78,0,2007,1,"N","Oconee County, Georgia","Private","Security systems services, except locksmiths","County, NAICS 6-digit -- by ownership sector","All establishment sizes",1,0,0,0,0,0,0,0
"13219",5,"561621",78,0,2007,2,"N","Oconee County, Georgia","Private","Security systems services, except locksmiths","County, NAICS 6-digit -- by ownership sector","All establishment sizes",1,0,0,0,0,0,0,0
"13219",5,"561621",78,0,2007,3,"N","Oconee County, Georgia","Private","Security systems services, except locksmiths","County, NAICS 6-digit -- by ownership sector","All establishment sizes",1,0,0,0,0,0,0,0
"13219",5,"561621",78,0,2007,4,"N","Oconee County, Georgia","Private","Security systems services, except locksmiths","County, NAICS 6-digit -- by ownership sector","All establishment sizes",1,0,0,0,0,0,0,0
"13219",5,561622,78,0,2007,1,"N","Oconee County, Georgia","Private","Locksmiths","County, NAICS 6-digit -- by ownership sector","All establishment sizes",1,0,0,0,0,0,0,0
"13219",5,"561622",78,0,2007,2,"N","Oconee County, Georgia","Private","Locksmiths","County, NAICS 6-digit -- by ownership sector","All establishment sizes",1,0,0,0,0,0,0,0
"13219",5,"561622",78,0,2007,3,"N","Oconee County, Georgia","Private","Locksmiths","County, NAICS 6-digit -- by ownership sector","All establishment sizes",1,0,0,0,0,0,0,0
"13219",5,"561622",78,0,2007,4,"N","Oconee County, Georgia","Private","Locksmiths","County, NAICS 6-digit -- by ownership sector","All establishment sizes",1,0,0,0,0,0,0,0
"13219",5,5617,76,0,2007,1,"","Oconee County, Georgia","Private","Services to buildings and dwellings","County, NAICS 4-digit -- by ownership sector","All establishment sizes",41,145,153,159,801555,769831,5818,405
"13219",5,"5617",76,0,2007,2,"","Oconee County, Georgia","Private","Services to buildings and dwellings","County, NAICS 4-digit -- by ownership sector","All establishment sizes",44,151,172,176,979026,493070,4821,453
"13219",5,"5617",76,0,2007,3,"","Oconee County, Georgia","Private","Services to buildings and dwellings","County, NAICS 4-digit -- by ownership sector","All establishment sizes",43,170,159,158,916065,181900,2343,434
"13219",5,"5617",76,0,2007,4,"","Oconee County, Georgia","Private","Services to buildings and dwellings","County, NAICS 4-digit -- by ownership sector","All establishment sizes",42,157,150,150,870375,160770,2017,440
"13219",5,56171,77,0,2007,1,"N","Oconee County, Georgia","Private","Exterminating and pest control services","County, NAICS 5-digit -- by ownership sector","All establishment sizes",2,0,0,0,0,0,0,0
"13219",5,"56171",77,0,2007,2,"N","Oconee County, Georgia","Private","Exterminating and pest control services","County, NAICS 5-digit -- by ownership sector","All establishment sizes",2,0,0,0,0,0,0,0
"13219",5,"56171",77,0,2007,3,"N","Oconee County, Georgia","Private","Exterminating and pest control services","County, NAICS 5-digit -- by ownership sector","All establishment sizes",2,0,0,0,0,0,0,0
"13219",5,"56171",77,0,2007,4,"N","Oconee County, Georgia","Private","Exterminating and pest control services","County, NAICS 5-digit -- by ownership sector","All establishment sizes",2,0,0,0,0,0,0,0
"13219",5,561710,78,0,2007,1,"N","Oconee County, Georgia","Private","Exterminating and pest control services","County, NAICS 6-digit -- by ownership sector","All establishment sizes",2,0,0,0,0,0,0,0
"13219",5,"561710",78,0,2007,2,"N","Oconee County, Georgia","Private","Exterminating and pest control services","County, NAICS 6-digit -- by ownership sector","All establishment sizes",2,0,0,0,0,0,0,0
"13219",5,"561710",78,0,2007,3,"N","Oconee County, Georgia","Private","Exterminating and pest control services","County, NAICS 6-digit -- by ownership sector","All establishment sizes",2,0,0,0,0,0,0,0
"13219",5,"561710",78,0,2007,4,"N","Oconee County, Georgia","Private","Exterminating and pest control services","County, NAICS 6-digit -- by ownership sector","All establishment sizes",2,0,0,0,0,0,0,0
"13219",5,56172,77,0,2007,1,"N","Oconee County, Georgia","Private","Janitorial services","County, NAICS 5-digit -- by ownership sector","All establishment sizes",4,0,0,0,0,0,0,0
"13219",5,"56172",77,0,2007,2,"N","Oconee County, Georgia","Private","Janitorial services","County, NAICS 5-digit -- by ownership sector","All establishment sizes",5,0,0,0,0,0,0,0
"13219",5,"56172",77,0,2007,3,"N","Oconee County, Georgia","Private","Janitorial services","County, NAICS 5-digit -- by ownership sector","All establishment sizes",4,0,0,0,0,0,0,0
"13219",5,"56172",77,0,2007,4,"N","Oconee County, Georgia","Private","Janitorial services","County, NAICS 5-digit -- by ownership sector","All establishment sizes",4,0,0,0,0,0,0,0
"13219",5,561720,78,0,2007,1,"N","Oconee County, Georgia","Private","Janitorial services","County, NAICS 6-digit -- by ownership sector","All establishment sizes",4,0,0,0,0,0,0,0
"13219",5,"561720",78,0,2007,2,"N","Oconee County, Georgia","Private","Janitorial services","County, NAICS 6-digit -- by ownership sector","All establishment sizes",5,0,0,0,0,0,0,0
"13219",5,"561720",78,0,2007,3,"N","Oconee County, Georgia","Private","Janitorial services","County, NAICS 6-digit -- by ownership sector","All establishment sizes",4,0,0,0,0,0,0,0
"13219",5,"561720",78,0,2007,4,"N","Oconee County, Georgia","Private","Janitorial services","County, NAICS 6-digit -- by ownership sector","All establishment sizes",4,0,0,0,0,0,0,0
"13219",5,56173,77,0,2007,1,"","Oconee County, Georgia","Private","Landscaping services","County, NAICS 5-digit -- by ownership sector","All establishment sizes",29,84,93,98,492196,466429,3860,413
"13219",5,"56173",77,0,2007,2,"","Oconee County, Georgia","Private","Landscaping services","County, NAICS 5-digit -- by ownership sector","All establishment sizes",31,97,111,110,637433,335773,3542,463
"13219",5,"56173",77,0,2007,3,"","Oconee County, Georgia","Private","Landscaping services","County, NAICS 5-digit -- by ownership sector","All establishment sizes",31,108,97,95,568099,115263,1360,437
"13219",5,"56173",77,0,2007,4,"","Oconee County, Georgia","Private","Landscaping services","County, NAICS 5-digit -- by ownership sector","All establishment sizes",30,93,90,89,517295,120313,1529,439
"13219",5,561730,78,0,2007,1,"","Oconee County, Georgia","Private","Landscaping services","County, NAICS 6-digit -- by ownership sector","All establishment sizes",29,84,93,98,492196,466429,3860,413
"13219",5,"561730",78,0,2007,2,"","Oconee County, Georgia","Private","Landscaping services","County, NAICS 6-digit -- by ownership sector","All establishment sizes",31,97,111,110,637433,335773,3542,463
"13219",5,"561730",78,0,2007,3,"","Oconee County, Georgia","Private","Landscaping services","County, NAICS 6-digit -- by ownership sector","All establishment sizes",31,108,97,95,568099,115263,1360,437
"13219",5,"561730",78,0,2007,4,"","Oconee County, Georgia","Private","Landscaping services","County, NAICS 6-digit -- by ownership sector","All establishment sizes",30,93,90,89,517295,120313,1529,439
"13219",5,56174,77,0,2007,1,"N","Oconee County, Georgia","Private","Carpet and upholstery cleaning services","County, NAICS 5-digit -- by ownership sector","All establishment sizes",2,0,0,0,0,0,0,0
"13219",5,"56174",77,0,2007,2,"N","Oconee County, Georgia","Private","Carpet and upholstery cleaning services","County, NAICS 5-digit -- by ownership sector","All establishment sizes",2,0,0,0,0,0,0,0
"13219",5,"56174",77,0,2007,3,"N","Oconee County, Georgia","Private","Carpet and upholstery cleaning services","County, NAICS 5-digit -- by ownership sector","All establishment sizes",2,0,0,0,0,0,0,0
"13219",5,"56174",77,0,2007,4,"N","Oconee County, Georgia","Private","Carpet and upholstery cleaning services","County, NAICS 5-digit -- by ownership sector","All establishment sizes",2,0,0,0,0,0,0,0
"13219",5,561740,78,0,2007,1,"N","Oconee County, Georgia","Private","Carpet and upholstery cleaning services","County, NAICS 6-digit -- by ownership sector","All establishment sizes",2,0,0,0,0,0,0,0
"13219",5,"561740",78,0,2007,2,"N","Oconee County, Georgia","Private","Carpet and upholstery cleaning services","County, NAICS 6-digit -- by ownership sector","All establishment sizes",2,0,0,0,0,0,0,0
"13219",5,"561740",78,0,2007,3,"N","Oconee County, Georgia","Private","Carpet and upholstery cleaning services","County, NAICS 6-digit -- by ownership sector","All establishment sizes",2,0,0,0,0,0,0,0
"13219",5,"561740",78,0,2007,4,"N","Oconee County, Georgia","Private","Carpet and upholstery cleaning services","County, NAICS 6-digit -- by ownership sector","All establishment sizes",2,0,0,0,0,0,0,0
"13219",5,56179,77,0,2007,1,"","Oconee County, Georgia","Private","Other services to buildings and dwellings","County, NAICS 5-digit -- by ownership sector","All establishment sizes",4,14,14,15,55088,54588,836,296
"13219",5,"56179",77,0,2007,2,"","Oconee County, Georgia","Private","Other services to buildings and dwellings","County, NAICS 5-digit -- by ownership sector","All establishment sizes",4,9,12,15,62492,33877,613,401
"13219",5,"56179",77,0,2007,3,"","Oconee County, Georgia","Private","Other services to buildings and dwellings","County, NAICS 5-digit -- by ownership sector","All establishment sizes",4,13,13,14,65060,27774,581,375
"13219",5,"56179",77,0,2007,4,"","Oconee County, Georgia","Private","Other services to buildings and dwellings","County, NAICS 5-digit -- by ownership sector","All establishment sizes",4,14,11,11,65122,8558,104,417
"13219",5,561790,78,0,2007,1,"","Oconee County, Georgia","Private","Other services to buildings and dwellings","County, NAICS 6-digit -- by ownership sector","All establishment sizes",4,14,14,15,55088,54588,836,296
"13219",5,"561790",78,0,2007,2,"","Oconee County, Georgia","Private","Other services to buildings and dwellings","County, NAICS 6-digit -- by ownership sector","All establishment sizes",4,9,12,15,62492,33877,613,401
"13219",5,"561790",78,0,2007,3,"","Oconee County, Georgia","Private","Other services to buildings and dwellings","County, NAICS 6-digit -- by ownership sector","All establishment sizes",4,13,13,14,65060,27774,581,375
"13219",5,"561790",78,0,2007,4,"","Oconee County, Georgia","Private","Other services to buildings and dwellings","County, NAICS 6-digit -- by ownership sector","All establishment sizes",4,14,11,11,65122,8558,104,417
"13219",5,5619,76,0,2007,1,"N","Oconee County, Georgia","Private","Other support services","County, NAICS 4-digit -- by ownership sector","All establishment sizes",3,0,0,0,0,0,0,0
"13219",5,"5619",76,0,2007,2,"N","Oconee County, Georgia","Private","Other support services","County, NAICS 4-digit -- by ownership sector","All establishment sizes",3,0,0,0,0,0,0,0
"13219",5,"5619",76,0,2007,3,"N","Oconee County, Georgia","Private","Other support services","County, NAICS 4-digit -- by ownership sector","All establishment sizes",2,0,0,0,0,0,0,0
"13219",5,"5619",76,0,2007,4,"N","Oconee County, Georgia","Private","Other support services","County, NAICS 4-digit -- by ownership sector","All establishment sizes",2,0,0,0,0,0,0,0
"13219",5,56199,77,0,2007,1,"N","Oconee County, Georgia","Private","All other support services","County, NAICS 5-digit -- by ownership sector","All establishment sizes",3,0,0,0,0,0,0,0
"13219",5,"56199",77,0,2007,2,"N","Oconee County, Georgia","Private","All other support services","County, NAICS 5-digit -- by ownership sector","All establishment sizes",3,0,0,0,0,0,0,0
"13219",5,"56199",77,0,2007,3,"N","Oconee County, Georgia","Private","All other support services","County, NAICS 5-digit -- by ownership sector","All establishment sizes",2,0,0,0,0,0,0,0
"13219",5,"56199",77,0,2007,4,"N","Oconee County, Georgia","Private","All other support services","County, NAICS 5-digit -- by ownership sector","All establishment sizes",2,0,0,0,0,0,0,0
"13219",5,561990,78,0,2007,1,"N","Oconee County, Georgia","Private","All other support services","County, NAICS 6-digit -- by ownership sector","All establishment sizes",3,0,0,0,0,0,0,0
"13219",5,"561990",78,0,2007,2,"N","Oconee County, Georgia","Private","All other support services","County, NAICS 6-digit -- by ownership sector","All establishment sizes",3,0,0,0,0,0,0,0
"13219",5,"561990",78,0,2007,3,"N","Oconee County, Georgia","Private","All other support services","County, NAICS 6-digit -- by ownership sector","All establishment sizes",2,0,0,0,0,0,0,0
"13219",5,"561990",78,0,2007,4,"N","Oconee County, Georgia","Private","All other support services","County, NAICS 6-digit -- by ownership sector","All establishment sizes",2,0,0,0,0,0,0,0
"13219",5,562,75,0,2007,1,"","Oconee County, Georgia","Private","Waste management and remediation services","County, NAICS 3-digit -- by ownership sector","All establishment sizes",5,59,62,80,521905,403934,3257,599
"13219",5,"562",75,0,2007,2,"","Oconee County, Georgia","Private","Waste management and remediation services","County, NAICS 3-digit -- by ownership sector","All establishment sizes",5,74,73,71,610156,157159,724,646
"13219",5,"562",75,0,2007,3,"","Oconee County, Georgia","Private","Waste management and remediation services","County, NAICS 3-digit -- by ownership sector","All establishment sizes",5,73,75,73,599166,98335,298,626
"13219",5,"562",75,0,2007,4,"","Oconee County, Georgia","Private","Waste management and remediation services","County, NAICS 3-digit -- by ownership sector","All establishment sizes",5,71,52,52,651007,32320,146,858
"13219",5,5621,76,0,2007,1,"N","Oconee County, Georgia","Private","Waste collection","County, NAICS 4-digit -- by ownership sector","All establishment sizes",4,0,0,0,0,0,0,0
"13219",5,"5621",76,0,2007,2,"N","Oconee County, Georgia","Private","Waste collection","County, NAICS 4-digit -- by ownership sector","All establishment sizes",4,0,0,0,0,0,0,0
"13219",5,"5621",76,0,2007,3,"N","Oconee County, Georgia","Private","Waste collection","County, NAICS 4-digit -- by ownership sector","All establishment sizes",4,0,0,0,0,0,0,0
"13219",5,"5621",76,0,2007,4,"N","Oconee County, Georgia","Private","Waste collection","County, NAICS 4-digit -- by ownership sector","All establishment sizes",4,0,0,0,0,0,0,0
"13219",5,56211,77,0,2007,1,"N","Oconee County, Georgia","Private","Waste collection","County, NAICS 5-digit -- by ownership sector","All establishment sizes",4,0,0,0,0,0,0,0
"13219",5,"56211",77,0,2007,2,"N","Oconee County, Georgia","Private","Waste collection","County, NAICS 5-digit -- by ownership sector","All establishment sizes",4,0,0,0,0,0,0,0
"13219",5,"56211",77,0,2007,3,"N","Oconee County, Georgia","Private","Waste collection","County, NAICS 5-digit -- by ownership sector","All establishment sizes",4,0,0,0,0,0,0,0
"13219",5,"56211",77,0,2007,4,"N","Oconee County, Georgia","Private","Waste collection","County, NAICS 5-digit -- by ownership sector","All establishment sizes",4,0,0,0,0,0,0,0
"13219",5,562111,78,0,2007,1,"N","Oconee County, Georgia","Private","Solid waste collection","County, NAICS 6-digit -- by ownership sector","All establishment sizes",4,0,0,0,0,0,0,0
"13219",5,"562111",78,0,2007,2,"N","Oconee County, Georgia","Private","Solid waste collection","County, NAICS 6-digit -- by ownership sector","All establishment sizes",4,0,0,0,0,0,0,0
"13219",5,"562111",78,0,2007,3,"N","Oconee County, Georgia","Private","Solid waste collection","County, NAICS 6-digit -- by ownership sector","All establishment sizes",4,0,0,0,0,0,0,0
"13219",5,"562111",78,0,2007,4,"N","Oconee County, Georgia","Private","Solid waste collection","County, NAICS 6-digit -- by ownership sector","All establishment sizes",4,0,0,0,0,0,0,0
"13219",5,5629,76,0,2007,1,"N","Oconee County, Georgia","Private","Remediation and other waste services","County, NAICS 4-digit -- by ownership sector","All establishment sizes",1,0,0,0,0,0,0,0
"13219",5,"5629",76,0,2007,2,"N","Oconee County, Georgia","Private","Remediation and other waste services","County, NAICS 4-digit -- by ownership sector","All establishment sizes",1,0,0,0,0,0,0,0
"13219",5,"5629",76,0,2007,3,"N","Oconee County, Georgia","Private","Remediation and other waste services","County, NAICS 4-digit -- by ownership sector","All establishment sizes",1,0,0,0,0,0,0,0
"13219",5,"5629",76,0,2007,4,"N","Oconee County, Georgia","Private","Remediation and other waste services","County, NAICS 4-digit -- by ownership sector","All establishment sizes",1,0,0,0,0,0,0,0
"13219",5,56291,77,0,2007,1,"N","Oconee County, Georgia","Private","Remediation services","County, NAICS 5-digit -- by ownership sector","All establishment sizes",1,0,0,0,0,0,0,0
"13219",5,"56291",77,0,2007,2,"N","Oconee County, Georgia","Private","Remediation services","County, NAICS 5-digit -- by ownership sector","All establishment sizes",1,0,0,0,0,0,0,0
"13219",5,"56291",77,0,2007,3,"N","Oconee County, Georgia","Private","Remediation services","County, NAICS 5-digit -- by ownership sector","All establishment sizes",1,0,0,0,0,0,0,0
"13219",5,"56291",77,0,2007,4,"N","Oconee County, Georgia","Private","Remediation services","County, NAICS 5-digit -- by ownership sector","All establishment sizes",1,0,0,0,0,0,0,0
"13219",5,562910,78,0,2007,1,"N","Oconee County, Georgia","Private","Remediation services","County, NAICS 6-digit -- by ownership sector","All establishment sizes",1,0,0,0,0,0,0,0
"13219",5,"562910",78,0,2007,2,"N","Oconee County, Georgia","Private","Remediation services","County, NAICS 6-digit -- by ownership sector","All establishment sizes",1,0,0,0,0,0,0,0
"13219",5,"562910",78,0,2007,3,"N","Oconee County, Georgia","Private","Remediation services","County, NAICS 6-digit -- by ownership sector","All establishment sizes",1,0,0,0,0,0,0,0
"13219",5,"562910",78,0,2007,4,"N","Oconee County, Georgia","Private","Remediation services","County, NAICS 6-digit -- by ownership sector","All establishment sizes",1,0,0,0,0,0,0,0
"13219",5,61,74,0,2007,1,"","Oconee County, Georgia","Private","Educational services","County, NAICS Sector -- by ownership sector","All establishment sizes",17,268,262,264,1781665,470675,3170,518
"13219",5,"61",74,0,2007,2,"","Oconee County, Georgia","Private","Educational services","County, NAICS Sector -- by ownership sector","All establishment sizes",17,261,254,236,1810810,170412,1046,556
"13219",5,"61",74,0,2007,3,"","Oconee County, Georgia","Private","Educational services","County, NAICS Sector -- by ownership sector","All establishment sizes",17,227,252,264,1729310,111824,1039,537
"13219",5,"61",74,0,2007,4,"","Oconee County, Georgia","Private","Educational services","County, NAICS Sector -- by ownership sector","All establishment sizes",19,281,275,280,1906928,136141,1233,526
"13219",5,611,75,0,2007,1,"","Oconee County, Georgia","Private","Educational services","County, NAICS 3-digit -- by ownership sector","All establishment sizes",17,268,262,264,1781665,470675,3170,518
"13219",5,"611",75,0,2007,2,"","Oconee County, Georgia","Private","Educational services","County, NAICS 3-digit -- by ownership sector","All establishment sizes",17,261,254,236,1810810,170412,1046,556
"13219",5,"611",75,0,2007,3,"","Oconee County, Georgia","Private","Educational services","County, NAICS 3-digit -- by ownership sector","All establishment sizes",17,227,252,264,1729310,111824,1039,537
"13219",5,"611",75,0,2007,4,"","Oconee County, Georgia","Private","Educational services","County, NAICS 3-digit -- by ownership sector","All establishment sizes",19,281,275,280,1906928,136141,1233,526
"13219",5,6111,76,0,2007,1,"N","Oconee County, Georgia","Private","Elementary and secondary schools","County, NAICS 4-digit -- by ownership sector","All establishment sizes",2,0,0,0,0,0,0,0
"13219",5,"6111",76,0,2007,2,"N","Oconee County, Georgia","Private","Elementary and secondary schools","County, NAICS 4-digit -- by ownership sector","All establishment sizes",2,0,0,0,0,0,0,0
"13219",5,"6111",76,0,2007,3,"N","Oconee County, Georgia","Private","Elementary and secondary schools","County, NAICS 4-digit -- by ownership sector","All establishment sizes",2,0,0,0,0,0,0,0
"13219",5,"6111",76,0,2007,4,"N","Oconee County, Georgia","Private","Elementary and secondary schools","County, NAICS 4-digit -- by ownership sector","All establishment sizes",2,0,0,0,0,0,0,0
"13219",5,61111,77,0,2007,1,"N","Oconee County, Georgia","Private","Elementary and secondary schools","County, NAICS 5-digit -- by ownership sector","All establishment sizes",2,0,0,0,0,0,0,0
"13219",5,"61111",77,0,2007,2,"N","Oconee County, Georgia","Private","Elementary and secondary schools","County, NAICS 5-digit -- by ownership sector","All establishment sizes",2,0,0,0,0,0,0,0
"13219",5,"61111",77,0,2007,3,"N","Oconee County, Georgia","Private","Elementary and secondary schools","County, NAICS 5-digit -- by ownership sector","All establishment sizes",2,0,0,0,0,0,0,0
"13219",5,"61111",77,0,2007,4,"N","Oconee County, Georgia","Private","Elementary and secondary schools","County, NAICS 5-digit -- by ownership sector","All establishment sizes",2,0,0,0,0,0,0,0
"13219",5,611110,78,0,2007,1,"N","Oconee County, Georgia","Private","Elementary and secondary schools","County, NAICS 6-digit -- by ownership sector","All establishment sizes",2,0,0,0,0,0,0,0
"13219",5,"611110",78,0,2007,2,"N","Oconee County, Georgia","Private","Elementary and secondary schools","County, NAICS 6-digit -- by ownership sector","All establishment sizes",2,0,0,0,0,0,0,0
"13219",5,"611110",78,0,2007,3,"N","Oconee County, Georgia","Private","Elementary and secondary schools","County, NAICS 6-digit -- by ownership sector","All establishment sizes",2,0,0,0,0,0,0,0
"13219",5,"611110",78,0,2007,4,"N","Oconee County, Georgia","Private","Elementary and secondary schools","County, NAICS 6-digit -- by ownership sector","All establishment sizes",2,0,0,0,0,0,0,0
"13219",5,6114,76,0,2007,1,"N","Oconee County, Georgia","Private","Business, computer and management training","County, NAICS 4-digit -- by ownership sector","All establishment sizes",2,0,0,0,0,0,0,0
"13219",5,"6114",76,0,2007,2,"N","Oconee County, Georgia","Private","Business, computer and management training","County, NAICS 4-digit -- by ownership sector","All establishment sizes",2,0,0,0,0,0,0,0
"13219",5,"6114",76,0,2007,3,"N","Oconee County, Georgia","Private","Business, computer and management training","County, NAICS 4-digit -- by ownership sector","All establishment sizes",2,0,0,0,0,0,0,0
"13219",5,"6114",76,0,2007,4,"N","Oconee County, Georgia","Private","Business, computer and management training","County, NAICS 4-digit -- by ownership sector","All establishment sizes",2,0,0,0,0,0,0,0
"13219",5,61142,77,0,2007,1,"N","Oconee County, Georgia","Private","Computer training","County, NAICS 5-digit -- by ownership sector","All establishment sizes",1,0,0,0,0,0,0,0
"13219",5,"61142",77,0,2007,2,"N","Oconee County, Georgia","Private","Computer training","County, NAICS 5-digit -- by ownership sector","All establishment sizes",1,0,0,0,0,0,0,0
"13219",5,"61142",77,0,2007,3,"N","Oconee County, Georgia","Private","Computer training","County, NAICS 5-digit -- by ownership sector","All establishment sizes",1,0,0,0,0,0,0,0
"13219",5,"61142",77,0,2007,4,"N","Oconee County, Georgia","Private","Computer training","County, NAICS 5-digit -- by ownership sector","All establishment sizes",1,0,0,0,0,0,0,0
"13219",5,611420,78,0,2007,1,"N","Oconee County, Georgia","Private","Computer training","County, NAICS 6-digit -- by ownership sector","All establishment sizes",1,0,0,0,0,0,0,0
"13219",5,"611420",78,0,2007,2,"N","Oconee County, Georgia","Private","Computer training","County, NAICS 6-digit -- by ownership sector","All establishment sizes",1,0,0,0,0,0,0,0
"13219",5,"611420",78,0,2007,3,"N","Oconee County, Georgia","Private","Computer training","County, NAICS 6-digit -- by ownership sector","All establishment sizes",1,0,0,0,0,0,0,0
"13219",5,"611420",78,0,2007,4,"N","Oconee County, Georgia","Private","Computer training","County, NAICS 6-digit -- by ownership sector","All establishment sizes",1,0,0,0,0,0,0,0
"13219",5,61143,77,0,2007,1,"N","Oconee County, Georgia","Private","Management training","County, NAICS 5-digit -- by ownership sector","All establishment sizes",1,0,0,0,0,0,0,0
"13219",5,"61143",77,0,2007,2,"N","Oconee County, Georgia","Private","Management training","County, NAICS 5-digit -- by ownership sector","All establishment sizes",1,0,0,0,0,0,0,0
"13219",5,"61143",77,0,2007,3,"N","Oconee County, Georgia","Private","Management training","County, NAICS 5-digit -- by ownership sector","All establishment sizes",1,0,0,0,0,0,0,0
"13219",5,"61143",77,0,2007,4,"N","Oconee County, Georgia","Private","Management training","County, NAICS 5-digit -- by ownership sector","All establishment sizes",1,0,0,0,0,0,0,0
"13219",5,611430,78,0,2007,1,"N","Oconee County, Georgia","Private","Management training","County, NAICS 6-digit -- by ownership sector","All establishment sizes",1,0,0,0,0,0,0,0
"13219",5,"611430",78,0,2007,2,"N","Oconee County, Georgia","Private","Management training","County, NAICS 6-digit -- by ownership sector","All establishment sizes",1,0,0,0,0,0,0,0
"13219",5,"611430",78,0,2007,3,"N","Oconee County, Georgia","Private","Management training","County, NAICS 6-digit -- by ownership sector","All establishment sizes",1,0,0,0,0,0,0,0
"13219",5,"611430",78,0,2007,4,"N","Oconee County, Georgia","Private","Management training","County, NAICS 6-digit -- by ownership sector","All establishment sizes",1,0,0,0,0,0,0,0
"13219",5,6115,76,0,2007,1,"N","Oconee County, Georgia","Private","Technical and trade schools","County, NAICS 4-digit -- by ownership sector","All establishment sizes",1,0,0,0,0,0,0,0
"13219",5,"6115",76,0,2007,2,"N","Oconee County, Georgia","Private","Technical and trade schools","County, NAICS 4-digit -- by ownership sector","All establishment sizes",1,0,0,0,0,0,0,0
"13219",5,"6115",76,0,2007,3,"N","Oconee County, Georgia","Private","Technical and trade schools","County, NAICS 4-digit -- by ownership sector","All establishment sizes",1,0,0,0,0,0,0,0
"13219",5,"6115",76,0,2007,4,"N","Oconee County, Georgia","Private","Technical and trade schools","County, NAICS 4-digit -- by ownership sector","All establishment sizes",1,0,0,0,0,0,0,0
"13219",5,61151,77,0,2007,1,"N","Oconee County, Georgia","Private","Technical and trade schools","County, NAICS 5-digit -- by ownership sector","All establishment sizes",1,0,0,0,0,0,0,0
"13219",5,"61151",77,0,2007,2,"N","Oconee County, Georgia","Private","Technical and trade schools","County, NAICS 5-digit -- by ownership sector","All establishment sizes",1,0,0,0,0,0,0,0
"13219",5,"61151",77,0,2007,3,"N","Oconee County, Georgia","Private","Technical and trade schools","County, NAICS 5-digit -- by ownership sector","All establishment sizes",1,0,0,0,0,0,0,0
"13219",5,"61151",77,0,2007,4,"N","Oconee County, Georgia","Private","Technical and trade schools","County, NAICS 5-digit -- by ownership sector","All establishment sizes",1,0,0,0,0,0,0,0
"13219",5,611513,78,0,2007,1,"N","Oconee County, Georgia","Private","Apprenticeship training","County, NAICS 6-digit -- by ownership sector","All establishment sizes",1,0,0,0,0,0,0,0
"13219",5,"611513",78,0,2007,2,"N","Oconee County, Georgia","Private","Apprenticeship training","County, NAICS 6-digit -- by ownership sector","All establishment sizes",1,0,0,0,0,0,0,0
"13219",5,"611513",78,0,2007,3,"N","Oconee County, Georgia","Private","Apprenticeship training","County, NAICS 6-digit -- by ownership sector","All establishment sizes",1,0,0,0,0,0,0,0
"13219",5,"611513",78,0,2007,4,"N","Oconee County, Georgia","Private","Apprenticeship training","County, NAICS 6-digit -- by ownership sector","All establishment sizes",1,0,0,0,0,0,0,0
"13219",5,6116,76,0,2007,1,"","Oconee County, Georgia","Private","Other schools and instruction","County, NAICS 4-digit -- by ownership sector","All establishment sizes",9,53,49,51,148491,140700,351,224
"13219",5,"6116",76,0,2007,2,"","Oconee County, Georgia","Private","Other schools and instruction","County, NAICS 4-digit -- by ownership sector","All establishment sizes",9,53,45,27,128827,57464,241,238
"13219",5,"6116",76,0,2007,3,"","Oconee County, Georgia","Private","Other schools and instruction","County, NAICS 4-digit -- by ownership sector","All establishment sizes",9,23,33,41,97823,36386,158,233
"13219",5,"6116",76,0,2007,4,"","Oconee County, Georgia","Private","Other schools and instruction","County, NAICS 4-digit -- by ownership sector","All establishment sizes",11,56,53,54,151846,69509,683,215
"13219",5,61161,77,0,2007,1,"","Oconee County, Georgia","Private","Fine arts schools","County, NAICS 5-digit -- by ownership sector","All establishment sizes",3,29,30,28,73518,70577,58,195
"13219",5,"61161",77,0,2007,2,"N","Oconee County, Georgia","Private","Fine arts schools","County, NAICS 5-digit -- by ownership sector","All establishment sizes",3,0,0,0,0,0,0,0
"13219",5,"61161",77,0,2007,3,"","Oconee County, Georgia","Private","Fine arts schools","County, NAICS 5-digit -- by ownership sector","All establishment sizes",3,5,17,23,34073,14421,9,175
"13219",5,"61161",77,0,2007,4,"N","Oconee County, Georgia","Private","Fine arts schools","County, NAICS 5-digit -- by ownership sector","All establishment sizes",3,0,0,0,0,0,0,0
"13219",5,611610,78,0,2007,1,"","Oconee County, Georgia","Private","Fine arts schools","County, NAICS 6-digit -- by ownership sector","All establishment sizes",3,29,30,28,73518,70577,58,195
"13219",5,"611610",78,0,2007,2,"N","Oconee County, Georgia","Private","Fine arts schools","County, NAICS 6-digit -- by ownership sector","All establishment sizes",3,0,0,0,0,0,0,0
"13219",5,"611610",78,0,2007,3,"","Oconee County, Georgia","Private","Fine arts schools","County, NAICS 6-digit -- by ownership sector","All establishment sizes",3,5,17,23,34073,14421,9,175
"13219",5,"611610",78,0,2007,4,"N","Oconee County, Georgia","Private","Fine arts schools","County, NAICS 6-digit -- by ownership sector","All establishment sizes",3,0,0,0,0,0,0,0
"13219",5,61162,77,0,2007,1,"N","Oconee County, Georgia","Private","Sports and recreation instruction","County, NAICS 5-digit -- by ownership sector","All establishment sizes",4,0,0,0,0,0,0,0
"13219",5,"61162",77,0,2007,2,"","Oconee County, Georgia","Private","Sports and recreation instruction","County, NAICS 5-digit -- by ownership sector","All establishment sizes",4,6,6,6,19240,10240,139,247
"13219",5,"61162",77,0,2007,3,"N","Oconee County, Georgia","Private","Sports and recreation instruction","County, NAICS 5-digit -- by ownership sector","All establishment sizes",4,0,0,0,0,0,0,0
"13219",5,"61162",77,0,2007,4,"N","Oconee County, Georgia","Private","Sports and recreation instruction","County, NAICS 5-digit -- by ownership sector","All establishment sizes",6,0,0,0,0,0,0,0
"13219",5,611620,78,0,2007,1,"N","Oconee County, Georgia","Private","Sports and recreation instruction","County, NAICS 6-digit -- by ownership sector","All establishment sizes",4,0,0,0,0,0,0,0
"13219",5,"611620",78,0,2007,2,"","Oconee County, Georgia","Private","Sports and recreation instruction","County, NAICS 6-digit -- by ownership sector","All establishment sizes",4,6,6,6,19240,10240,139,247
"13219",5,"611620",78,0,2007,3,"N","Oconee County, Georgia","Private","Sports and recreation instruction","County, NAICS 6-digit -- by ownership sector","All establishment sizes",4,0,0,0,0,0,0,0
"13219",5,"611620",78,0,2007,4,"N","Oconee County, Georgia","Private","Sports and recreation instruction","County, NAICS 6-digit -- by ownership sector","All establishment sizes",6,0,0,0,0,0,0,0
"13219",5,61169,77,0,2007,1,"N","Oconee County, Georgia","Private","All other schools and instruction","County, NAICS 5-digit -- by ownership sector","All establishment sizes",2,0,0,0,0,0,0,0
"13219",5,"61169",77,0,2007,2,"N","Oconee County, Georgia","Private","All other schools and instruction","County, NAICS 5-digit -- by ownership sector","All establishment sizes",2,0,0,0,0,0,0,0
"13219",5,"61169",77,0,2007,3,"N","Oconee County, Georgia","Private","All other schools and instruction","County, NAICS 5-digit -- by ownership sector","All establishment sizes",2,0,0,0,0,0,0,0
"13219",5,"61169",77,0,2007,4,"N","Oconee County, Georgia","Private","All other schools and instruction","County, NAICS 5-digit -- by ownership sector","All establishment sizes",2,0,0,0,0,0,0,0
"13219",5,611691,78,0,2007,1,"N","Oconee County, Georgia","Private","Exam preparation and tutoring","County, NAICS 6-digit -- by ownership sector","All establishment sizes",2,0,0,0,0,0,0,0
"13219",5,"611691",78,0,2007,2,"N","Oconee County, Georgia","Private","Exam preparation and tutoring","County, NAICS 6-digit -- by ownership sector","All establishment sizes",2,0,0,0,0,0,0,0
"13219",5,"611691",78,0,2007,3,"N","Oconee County, Georgia","Private","Exam preparation and tutoring","County, NAICS 6-digit -- by ownership sector","All establishment sizes",2,0,0,0,0,0,0,0
"13219",5,"611691",78,0,2007,4,"N","Oconee County, Georgia","Private","Exam preparation and tutoring","County, NAICS 6-digit -- by ownership sector","All establishment sizes",2,0,0,0,0,0,0,0
"13219",5,6117,76,0,2007,1,"N","Oconee County, Georgia","Private","Educational support services","County, NAICS 4-digit -- by ownership sector","All establishment sizes",3,0,0,0,0,0,0,0
"13219",5,"6117",76,0,2007,2,"N","Oconee County, Georgia","Private","Educational support services","County, NAICS 4-digit -- by ownership sector","All establishment sizes",3,0,0,0,0,0,0,0
"13219",5,"6117",76,0,2007,3,"N","Oconee County, Georgia","Private","Educational support services","County, NAICS 4-digit -- by ownership sector","All establishment sizes",3,0,0,0,0,0,0,0
"13219",5,"6117",76,0,2007,4,"N","Oconee County, Georgia","Private","Educational support services","County, NAICS 4-digit -- by ownership sector","All establishment sizes",3,0,0,0,0,0,0,0
"13219",5,61171,77,0,2007,1,"N","Oconee County, Georgia","Private","Educational support services","County, NAICS 5-digit -- by ownership sector","All establishment sizes",3,0,0,0,0,0,0,0
"13219",5,"61171",77,0,2007,2,"N","Oconee County, Georgia","Private","Educational support services","County, NAICS 5-digit -- by ownership sector","All establishment sizes",3,0,0,0,0,0,0,0
"13219",5,"61171",77,0,2007,3,"N","Oconee County, Georgia","Private","Educational support services","County, NAICS 5-digit -- by ownership sector","All establishment sizes",3,0,0,0,0,0,0,0
"13219",5,"61171",77,0,2007,4,"N","Oconee County, Georgia","Private","Educational support services","County, NAICS 5-digit -- by ownership sector","All establishment sizes",3,0,0,0,0,0,0,0
"13219",5,611710,78,0,2007,1,"N","Oconee County, Georgia","Private","Educational support services","County, NAICS 6-digit -- by ownership sector","All establishment sizes",3,0,0,0,0,0,0,0
"13219",5,"611710",78,0,2007,2,"N","Oconee County, Georgia","Private","Educational support services","County, NAICS 6-digit -- by ownership sector","All establishment sizes",3,0,0,0,0,0,0,0
"13219",5,"611710",78,0,2007,3,"N","Oconee County, Georgia","Private","Educational support services","County, NAICS 6-digit -- by ownership sector","All establishment sizes",3,0,0,0,0,0,0,0
"13219",5,"611710",78,0,2007,4,"N","Oconee County, Georgia","Private","Educational support services","County, NAICS 6-digit -- by ownership sector","All establishment sizes",3,0,0,0,0,0,0,0
"13219",5,62,74,0,2007,1,"","Oconee County, Georgia","Private","Health care and social assistance","County, NAICS Sector -- by ownership sector","All establishment sizes",64,624,622,619,4932773,2313391,16977,610
"13219",5,"62",74,0,2007,2,"","Oconee County, Georgia","Private","Health care and social assistance","County, NAICS Sector -- by ownership sector","All establishment sizes",64,604,600,607,5016121,878668,5661,639
"13219",5,"62",74,0,2007,3,"","Oconee County, Georgia","Private","Health care and social assistance","County, NAICS Sector -- by ownership sector","All establishment sizes",65,599,599,631,5174068,567161,4067,653
"13219",5,"62",74,0,2007,4,"","Oconee County, Georgia","Private","Health care and social assistance","County, NAICS Sector -- by ownership sector","All establishment sizes",67,636,656,643,5985257,633554,5897,714
"13219",5,621,75,0,2007,1,"","Oconee County, Georgia","Private","Ambulatory health care services","County, NAICS 3-digit -- by ownership sector","All establishment sizes",50,278,276,283,3135372,1701441,14949,864
"13219",5,"621",75,0,2007,2,"","Oconee County, Georgia","Private","Ambulatory health care services","County, NAICS 3-digit -- by ownership sector","All establishment sizes",50,274,267,286,3416920,473083,4301,953
"13219",5,"621",75,0,2007,3,"","Oconee County, Georgia","Private","Ambulatory health care services","County, NAICS 3-digit -- by ownership sector","All establishment sizes",50,275,265,281,3361420,283245,2999,945
"13219",5,"621",75,0,2007,4,"","Oconee County, Georgia","Private","Ambulatory health care services","County, NAICS 3-digit -- by ownership sector","All establishment sizes",51,274,291,278,4225507,311110,3274,1157
"13219",5,6211,76,0,2007,1,"","Oconee County, Georgia","Private","Offices of physicians","County, NAICS 4-digit -- by ownership sector","All establishment sizes",14,113,116,119,1824227,786542,6296,1210
"13219",5,"6211",76,0,2007,2,"","Oconee County, Georgia","Private","Offices of physicians","County, NAICS 4-digit -- by ownership sector","All establishment sizes",14,105,103,114,2033032,192458,1354,1457
"13219",5,"6211",76,0,2007,3,"","Oconee County, Georgia","Private","Offices of physicians","County, NAICS 4-digit -- by ownership sector","All establishment sizes",14,105,98,115,1998953,104354,800,1451
"13219",5,"6211",76,0,2007,4,"","Oconee County, Georgia","Private","Offices of physicians","County, NAICS 4-digit -- by ownership sector","All establishment sizes",15,110,111,119,2817841,137069,1006,1913
"13219",5,62111,77,0,2007,1,"","Oconee County, Georgia","Private","Offices of physicians","County, NAICS 5-digit -- by ownership sector","All establishment sizes",14,113,116,119,1824227,786542,6296,1210
"13219",5,"62111",77,0,2007,2,"","Oconee County, Georgia","Private","Offices of physicians","County, NAICS 5-digit -- by ownership sector","All establishment sizes",14,105,103,114,2033032,192458,1354,1457
"13219",5,"62111",77,0,2007,3,"","Oconee County, Georgia","Private","Offices of physicians","County, NAICS 5-digit -- by ownership sector","All establishment sizes",14,105,98,115,1998953,104354,800,1451
"13219",5,"62111",77,0,2007,4,"","Oconee County, Georgia","Private","Offices of physicians","County, NAICS 5-digit -- by ownership sector","All establishment sizes",15,110,111,119,2817841,137069,1006,1913
"13219",5,621111,78,0,2007,1,"N","Oconee County, Georgia","Private","Offices of physicians, except mental health","County, NAICS 6-digit -- by ownership sector","All establishment sizes",12,0,0,0,0,0,0,0
"13219",5,"621111",78,0,2007,2,"N","Oconee County, Georgia","Private","Offices of physicians, except mental health","County, NAICS 6-digit -- by ownership sector","All establishment sizes",12,0,0,0,0,0,0,0
"13219",5,"621111",78,0,2007,3,"N","Oconee County, Georgia","Private","Offices of physicians, except mental health","County, NAICS 6-digit -- by ownership sector","All establishment sizes",12,0,0,0,0,0,0,0
"13219",5,"621111",78,0,2007,4,"N","Oconee County, Georgia","Private","Offices of physicians, except mental health","County, NAICS 6-digit -- by ownership sector","All establishment sizes",13,0,0,0,0,0,0,0
"13219",5,621112,78,0,2007,1,"N","Oconee County, Georgia","Private","Offices of mental health physicians","County, NAICS 6-digit -- by ownership sector","All establishment sizes",2,0,0,0,0,0,0,0
"13219",5,"621112",78,0,2007,2,"N","Oconee County, Georgia","Private","Offices of mental health physicians","County, NAICS 6-digit -- by ownership sector","All establishment sizes",2,0,0,0,0,0,0,0
"13219",5,"621112",78,0,2007,3,"N","Oconee County, Georgia","Private","Offices of mental health physicians","County, NAICS 6-digit -- by ownership sector","All establishment sizes",2,0,0,0,0,0,0,0
"13219",5,"621112",78,0,2007,4,"N","Oconee County, Georgia","Private","Offices of mental health physicians","County, NAICS 6-digit -- by ownership sector","All establishment sizes",2,0,0,0,0,0,0,0
"13219",5,6212,76,0,2007,1,"","Oconee County, Georgia","Private","Offices of dentists","County, NAICS 4-digit -- by ownership sector","All establishment sizes",11,99,98,92,748375,583644,4567,598
"13219",5,"6212",76,0,2007,2,"","Oconee County, Georgia","Private","Offices of dentists","County, NAICS 4-digit -- by ownership sector","All establishment sizes",11,95,94,101,776301,161140,1597,618
"13219",5,"6212",76,0,2007,3,"","Oconee County, Georgia","Private","Offices of dentists","County, NAICS 4-digit -- by ownership sector","All establishment sizes",11,99,98,97,776206,76439,686,609
"13219",5,"6212",76,0,2007,4,"","Oconee County, Georgia","Private","Offices of dentists","County, NAICS 4-digit -- by ownership sector","All establishment sizes",11,96,94,82,789058,74556,815,669
"13219",5,62121,77,0,2007,1,"","Oconee County, Georgia","Private","Offices of dentists","County, NAICS 5-digit -- by ownership sector","All establishment sizes",11,99,98,92,748375,583644,4567,598
"13219",5,"62121",77,0,2007,2,"","Oconee County, Georgia","Private","Offices of dentists","County, NAICS 5-digit -- by ownership sector","All establishment sizes",11,95,94,101,776301,161140,1597,618
"13219",5,"62121",77,0,2007,3,"","Oconee County, Georgia","Private","Offices of dentists","County, NAICS 5-digit -- by ownership sector","All establishment sizes",11,99,98,97,776206,76439,686,609
"13219",5,"62121",77,0,2007,4,"","Oconee County, Georgia","Private","Offices of dentists","County, NAICS 5-digit -- by ownership sector","All establishment sizes",11,96,94,82,789058,74556,815,669
"13219",5,621210,78,0,2007,1,"","Oconee County, Georgia","Private","Offices of dentists","County, NAICS 6-digit -- by ownership sector","All establishment sizes",11,99,98,92,748375,583644,4567,598
"13219",5,"621210",78,0,2007,2,"","Oconee County, Georgia","Private","Offices of dentists","County, NAICS 6-digit -- by ownership sector","All establishment sizes",11,95,94,101,776301,161140,1597,618
"13219",5,"621210",78,0,2007,3,"","Oconee County, Georgia","Private","Offices of dentists","County, NAICS 6-digit -- by ownership sector","All establishment sizes",11,99,98,97,776206,76439,686,609
"13219",5,"621210",78,0,2007,4,"","Oconee County, Georgia","Private","Offices of dentists","County, NAICS 6-digit -- by ownership sector","All establishment sizes",11,96,94,82,789058,74556,815,669
"13219",5,6213,76,0,2007,1,"","Oconee County, Georgia","Private","Offices of other health practitioners","County, NAICS 4-digit -- by ownership sector","All establishment sizes",22,47,41,50,429343,274507,3530,718
"13219",5,"6213",76,0,2007,2,"","Oconee County, Georgia","Private","Offices of other health practitioners","County, NAICS 4-digit -- by ownership sector","All establishment sizes",22,56,53,54,471765,101477,1184,668
"13219",5,"6213",76,0,2007,3,"","Oconee County, Georgia","Private","Offices of other health practitioners","County, NAICS 4-digit -- by ownership sector","All establishment sizes",22,52,51,51,441112,85100,1322,661
"13219",5,"6213",76,0,2007,4,"","Oconee County, Georgia","Private","Offices of other health practitioners","County, NAICS 4-digit -- by ownership sector","All establishment sizes",22,50,69,58,495150,91625,1381,646
"13219",5,62131,77,0,2007,1,"","Oconee County, Georgia","Private","Offices of chiropractors","County, NAICS 5-digit -- by ownership sector","All establishment sizes",3,10,8,9,38693,32157,220,331
"13219",5,"62131",77,0,2007,2,"","Oconee County, Georgia","Private","Offices of chiropractors","County, NAICS 5-digit -- by ownership sector","All establishment sizes",3,10,9,10,39638,22250,138,315
"13219",5,"62131",77,0,2007,3,"","Oconee County, Georgia","Private","Offices of chiropractors","County, NAICS 5-digit -- by ownership sector","All establishment sizes",3,8,10,10,39694,16383,54,327
"13219",5,"62131",77,0,2007,4,"N","Oconee County, Georgia","Private","Offices of chiropractors","County, NAICS 5-digit -- by ownership sector","All establishment sizes",3,0,0,0,0,0,0,0
"13219",5,621310,78,0,2007,1,"","Oconee County, Georgia","Private","Offices of chiropractors","County, NAICS 6-digit -- by ownership sector","All establishment sizes",3,10,8,9,38693,32157,220,331
"13219",5,"621310",78,0,2007,2,"","Oconee County, Georgia","Private","Offices of chiropractors","County, NAICS 6-digit -- by ownership sector","All establishment sizes",3,10,9,10,39638,22250,138,315
"13219",5,"621310",78,0,2007,3,"","Oconee County, Georgia","Private","Offices of chiropractors","County, NAICS 6-digit -- by ownership sector","All establishment sizes",3,8,10,10,39694,16383,54,327
"13219",5,"621310",78,0,2007,4,"N","Oconee County, Georgia","Private","Offices of chiropractors","County, NAICS 6-digit -- by ownership sector","All establishment sizes",3,0,0,0,0,0,0,0
"13219",5,62132,77,0,2007,1,"N","Oconee County, Georgia","Private","Offices of optometrists","County, NAICS 5-digit -- by ownership sector","All establishment sizes",1,0,0,0,0,0,0,0
"13219",5,"62132",77,0,2007,2,"N","Oconee County, Georgia","Private","Offices of optometrists","County, NAICS 5-digit -- by ownership sector","All establishment sizes",1,0,0,0,0,0,0,0
"13219",5,"62132",77,0,2007,3,"N","Oconee County, Georgia","Private","Offices of optometrists","County, NAICS 5-digit -- by ownership sector","All establishment sizes",1,0,0,0,0,0,0,0
"13219",5,"62132",77,0,2007,4,"N","Oconee County, Georgia","Private","Offices of optometrists","County, NAICS 5-digit -- by ownership sector","All establishment sizes",1,0,0,0,0,0,0,0
"13219",5,621320,78,0,2007,1,"N","Oconee County, Georgia","Private","Offices of optometrists","County, NAICS 6-digit -- by ownership sector","All establishment sizes",1,0,0,0,0,0,0,0
"13219",5,"621320",78,0,2007,2,"N","Oconee County, Georgia","Private","Offices of optometrists","County, NAICS 6-digit -- by ownership sector","All establishment sizes",1,0,0,0,0,0,0,0
"13219",5,"621320",78,0,2007,3,"N","Oconee County, Georgia","Private","Offices of optometrists","County, NAICS 6-digit -- by ownership sector","All establishment sizes",1,0,0,0,0,0,0,0
"13219",5,"621320",78,0,2007,4,"N","Oconee County, Georgia","Private","Offices of optometrists","County, NAICS 6-digit -- by ownership sector","All establishment sizes",1,0,0,0,0,0,0,0
"13219",5,62133,77,0,2007,1,"","Oconee County, Georgia","Private","Offices of mental health practitioners","County, NAICS 5-digit -- by ownership sector","All establishment sizes",5,7,9,9,42828,42828,51,395
"13219",5,"62133",77,0,2007,2,"","Oconee County, Georgia","Private","Offices of mental health practitioners","County, NAICS 5-digit -- by ownership sector","All establishment sizes",5,11,10,11,56055,26452,267,404
"13219",5,"62133",77,0,2007,3,"","Oconee County, Georgia","Private","Offices of mental health practitioners","County, NAICS 5-digit -- by ownership sector","All establishment sizes",5,12,11,10,53536,9877,15,374
"13219",5,"62133",77,0,2007,4,"","Oconee County, Georgia","Private","Offices of mental health practitioners","County, NAICS 5-digit -- by ownership sector","All establishment sizes",5,9,10,10,65352,14761,15,520
"13219",5,621330,78,0,2007,1,"","Oconee County, Georgia","Private","Offices of mental health practitioners","County, NAICS 6-digit -- by ownership sector","All establishment sizes",5,7,9,9,42828,42828,51,395
"13219",5,"621330",78,0,2007,2,"","Oconee County, Georgia","Private","Offices of mental health practitioners","County, NAICS 6-digit -- by ownership sector","All establishment sizes",5,11,10,11,56055,26452,267,404
"13219",5,"621330",78,0,2007,3,"","Oconee County, Georgia","Private","Offices of mental health practitioners","County, NAICS 6-digit -- by ownership sector","All establishment sizes",5,12,11,10,53536,9877,15,374
"13219",5,"621330",78,0,2007,4,"","Oconee County, Georgia","Private","Offices of mental health practitioners","County, NAICS 6-digit -- by ownership sector","All establishment sizes",5,9,10,10,65352,14761,15,520
"13219",5,62134,77,0,2007,1,"","Oconee County, Georgia","Private","Offices of specialty therapists","County, NAICS 5-digit -- by ownership sector","All establishment sizes",7,15,13,21,187054,121233,1968,881
"13219",5,"62134",77,0,2007,2,"","Oconee County, Georgia","Private","Offices of specialty therapists","County, NAICS 5-digit -- by ownership sector","All establishment sizes",7,22,21,20,174169,26811,559,638
"13219",5,"62134",77,0,2007,3,"","Oconee County, Georgia","Private","Offices of specialty therapists","County, NAICS 5-digit -- by ownership sector","All establishment sizes",8,21,19,19,182633,43418,875,714
"13219",5,"62134",77,0,2007,4,"","Oconee County, Georgia","Private","Offices of specialty therapists","County, NAICS 5-digit -- by ownership sector","All establishment sizes",8,21,25,24,227415,42956,911,750
"13219",5,621340,78,0,2007,1,"","Oconee County, Georgia","Private","Offices of specialty therapists","County, NAICS 6-digit -- by ownership sector","All establishment sizes",7,15,13,21,187054,121233,1968,881
"13219",5,"621340",78,0,2007,2,"","Oconee County, Georgia","Private","Offices of specialty therapists","County, NAICS 6-digit -- by ownership sector","All establishment sizes",7,22,21,20,174169,26811,559,638
"13219",5,"621340",78,0,2007,3,"","Oconee County, Georgia","Private","Offices of specialty therapists","County, NAICS 6-digit -- by ownership sector","All establishment sizes",8,21,19,19,182633,43418,875,714
"13219",5,"621340",78,0,2007,4,"","Oconee County, Georgia","Private","Offices of specialty therapists","County, NAICS 6-digit -- by ownership sector","All establishment sizes",8,21,25,24,227415,42956,911,750
"13219",5,62139,77,0,2007,1,"N","Oconee County, Georgia","Private","Offices of all other health practitioners","County, NAICS 5-digit -- by ownership sector","All establishment sizes",6,0,0,0,0,0,0,0
"13219",5,"62139",77,0,2007,2,"N","Oconee County, Georgia","Private","Offices of all other health practitioners","County, NAICS 5-digit -- by ownership sector","All establishment sizes",6,0,0,0,0,0,0,0
"13219",5,"62139",77,0,2007,3,"N","Oconee County, Georgia","Private","Offices of all other health practitioners","County, NAICS 5-digit -- by ownership sector","All establishment sizes",5,0,0,0,0,0,0,0
"13219",5,"62139",77,0,2007,4,"","Oconee County, Georgia","Private","Offices of all other health practitioners","County, NAICS 5-digit -- by ownership sector","All establishment sizes",5,10,21,11,126771,12312,299,697
"13219",5,621391,78,0,2007,1,"N","Oconee County, Georgia","Private","Offices of podiatrists","County, NAICS 6-digit -- by ownership sector","All establishment sizes",1,0,0,0,0,0,0,0
"13219",5,"621391",78,0,2007,2,"N","Oconee County, Georgia","Private","Offices of podiatrists","County, NAICS 6-digit -- by ownership sector","All establishment sizes",1,0,0,0,0,0,0,0
"13219",5,"621391",78,0,2007,3,"N","Oconee County, Georgia","Private","Offices of podiatrists","County, NAICS 6-digit -- by ownership sector","All establishment sizes",1,0,0,0,0,0,0,0
"13219",5,"621391",78,0,2007,4,"N","Oconee County, Georgia","Private","Offices of podiatrists","County, NAICS 6-digit -- by ownership sector","All establishment sizes",1,0,0,0,0,0,0,0
"13219",5,621399,78,0,2007,1,"N","Oconee County, Georgia","Private","Offices of miscellaneous health practitioners","County, NAICS 6-digit -- by ownership sector","All establishment sizes",5,0,0,0,0,0,0,0
"13219",5,"621399",78,0,2007,2,"","Oconee County, Georgia","Private","Offices of miscellaneous health practitioners","County, NAICS 6-digit -- by ownership sector","All establishment sizes",5,7,7,7,145741,14032,148,1602
"13219",5,"621399",78,0,2007,3,"","Oconee County, Georgia","Private","Offices of miscellaneous health practitioners","County, NAICS 6-digit -- by ownership sector","All establishment sizes",4,5,5,6,110414,14299,375,1593
"13219",5,"621399",78,0,2007,4,"N","Oconee County, Georgia","Private","Offices of miscellaneous health practitioners","County, NAICS 6-digit -- by ownership sector","All establishment sizes",4,0,0,0,0,0,0,0
"13219",5,6214,76,0,2007,1,"N","Oconee County, Georgia","Private","Outpatient care centers","County, NAICS 4-digit -- by ownership sector","All establishment sizes",1,0,0,0,0,0,0,0
"13219",5,"6214",76,0,2007,2,"N","Oconee County, Georgia","Private","Outpatient care centers","County, NAICS 4-digit -- by ownership sector","All establishment sizes",1,0,0,0,0,0,0,0
"13219",5,"6214",76,0,2007,3,"N","Oconee County, Georgia","Private","Outpatient care centers","County, NAICS 4-digit -- by ownership sector","All establishment sizes",1,0,0,0,0,0,0,0
"13219",5,"6214",76,0,2007,4,"N","Oconee County, Georgia","Private","Outpatient care centers","County, NAICS 4-digit -- by ownership sector","All establishment sizes",1,0,0,0,0,0,0,0
"13219",5,62149,77,0,2007,1,"N","Oconee County, Georgia","Private","Other outpatient care centers","County, NAICS 5-digit -- by ownership sector","All establishment sizes",1,0,0,0,0,0,0,0
"13219",5,"62149",77,0,2007,2,"N","Oconee County, Georgia","Private","Other outpatient care centers","County, NAICS 5-digit -- by ownership sector","All establishment sizes",1,0,0,0,0,0,0,0
"13219",5,"62149",77,0,2007,3,"N","Oconee County, Georgia","Private","Other outpatient care centers","County, NAICS 5-digit -- by ownership sector","All establishment sizes",1,0,0,0,0,0,0,0
"13219",5,"62149",77,0,2007,4,"N","Oconee County, Georgia","Private","Other outpatient care centers","County, NAICS 5-digit -- by ownership sector","All establishment sizes",1,0,0,0,0,0,0,0
"13219",5,621493,78,0,2007,1,"N","Oconee County, Georgia","Private","Freestanding emergency medical centers","County, NAICS 6-digit -- by ownership sector","All establishment sizes",1,0,0,0,0,0,0,0
"13219",5,"621493",78,0,2007,2,"N","Oconee County, Georgia","Private","Freestanding emergency medical centers","County, NAICS 6-digit -- by ownership sector","All establishment sizes",1,0,0,0,0,0,0,0
"13219",5,"621493",78,0,2007,3,"N","Oconee County, Georgia","Private","Freestanding emergency medical centers","County, NAICS 6-digit -- by ownership sector","All establishment sizes",1,0,0,0,0,0,0,0
"13219",5,"621493",78,0,2007,4,"N","Oconee County, Georgia","Private","Freestanding emergency medical centers","County, NAICS 6-digit -- by ownership sector","All establishment sizes",1,0,0,0,0,0,0,0
"13219",5,6216,76,0,2007,1,"N","Oconee County, Georgia","Private","Home health care services","County, NAICS 4-digit -- by ownership sector","All establishment sizes",2,0,0,0,0,0,0,0
"13219",5,"6216",76,0,2007,2,"N","Oconee County, Georgia","Private","Home health care services","County, NAICS 4-digit -- by ownership sector","All establishment sizes",2,0,0,0,0,0,0,0
"13219",5,"6216",76,0,2007,3,"N","Oconee County, Georgia","Private","Home health care services","County, NAICS 4-digit -- by ownership sector","All establishment sizes",2,0,0,0,0,0,0,0
"13219",5,"6216",76,0,2007,4,"N","Oconee County, Georgia","Private","Home health care services","County, NAICS 4-digit -- by ownership sector","All establishment sizes",2,0,0,0,0,0,0,0
"13219",5,62161,77,0,2007,1,"N","Oconee County, Georgia","Private","Home health care services","County, NAICS 5-digit -- by ownership sector","All establishment sizes",2,0,0,0,0,0,0,0
"13219",5,"62161",77,0,2007,2,"N","Oconee County, Georgia","Private","Home health care services","County, NAICS 5-digit -- by ownership sector","All establishment sizes",2,0,0,0,0,0,0,0
"13219",5,"62161",77,0,2007,3,"N","Oconee County, Georgia","Private","Home health care services","County, NAICS 5-digit -- by ownership sector","All establishment sizes",2,0,0,0,0,0,0,0
"13219",5,"62161",77,0,2007,4,"N","Oconee County, Georgia","Private","Home health care services","County, NAICS 5-digit -- by ownership sector","All establishment sizes",2,0,0,0,0,0,0,0
"13219",5,621610,78,0,2007,1,"N","Oconee County, Georgia","Private","Home health care services","County, NAICS 6-digit -- by ownership sector","All establishment sizes",2,0,0,0,0,0,0,0
"13219",5,"621610",78,0,2007,2,"N","Oconee County, Georgia","Private","Home health care services","County, NAICS 6-digit -- by ownership sector","All establishment sizes",2,0,0,0,0,0,0,0
"13219",5,"621610",78,0,2007,3,"N","Oconee County, Georgia","Private","Home health care services","County, NAICS 6-digit -- by ownership sector","All establishment sizes",2,0,0,0,0,0,0,0
"13219",5,"621610",78,0,2007,4,"N","Oconee County, Georgia","Private","Home health care services","County, NAICS 6-digit -- by ownership sector","All establishment sizes",2,0,0,0,0,0,0,0
"13219",5,622,75,0,2007,1,"N","Oconee County, Georgia","Private","Hospitals","County, NAICS 3-digit -- by ownership sector","All establishment sizes",1,0,0,0,0,0,0,0
"13219",5,"622",75,0,2007,2,"N","Oconee County, Georgia","Private","Hospitals","County, NAICS 3-digit -- by ownership sector","All establishment sizes",1,0,0,0,0,0,0,0
"13219",5,"622",75,0,2007,3,"N","Oconee County, Georgia","Private","Hospitals","County, NAICS 3-digit -- by ownership sector","All establishment sizes",1,0,0,0,0,0,0,0
"13219",5,"622",75,0,2007,4,"N","Oconee County, Georgia","Private","Hospitals","County, NAICS 3-digit -- by ownership sector","All establishment sizes",1,0,0,0,0,0,0,0
"13219",5,6221,76,0,2007,1,"N","Oconee County, Georgia","Private","General medical and surgical hospitals","County, NAICS 4-digit -- by ownership sector","All establishment sizes",1,0,0,0,0,0,0,0
"13219",5,"6221",76,0,2007,2,"N","Oconee County, Georgia","Private","General medical and surgical hospitals","County, NAICS 4-digit -- by ownership sector","All establishment sizes",1,0,0,0,0,0,0,0
"13219",5,"6221",76,0,2007,3,"N","Oconee County, Georgia","Private","General medical and surgical hospitals","County, NAICS 4-digit -- by ownership sector","All establishment sizes",1,0,0,0,0,0,0,0
"13219",5,"6221",76,0,2007,4,"N","Oconee County, Georgia","Private","General medical and surgical hospitals","County, NAICS 4-digit -- by ownership sector","All establishment sizes",1,0,0,0,0,0,0,0
"13219",5,62211,77,0,2007,1,"N","Oconee County, Georgia","Private","General medical and surgical hospitals","County, NAICS 5-digit -- by ownership sector","All establishment sizes",1,0,0,0,0,0,0,0
"13219",5,"62211",77,0,2007,2,"N","Oconee County, Georgia","Private","General medical and surgical hospitals","County, NAICS 5-digit -- by ownership sector","All establishment sizes",1,0,0,0,0,0,0,0
"13219",5,"62211",77,0,2007,3,"N","Oconee County, Georgia","Private","General medical and surgical hospitals","County, NAICS 5-digit -- by ownership sector","All establishment sizes",1,0,0,0,0,0,0,0
"13219",5,"62211",77,0,2007,4,"N","Oconee County, Georgia","Private","General medical and surgical hospitals","County, NAICS 5-digit -- by ownership sector","All establishment sizes",1,0,0,0,0,0,0,0
"13219",5,622110,78,0,2007,1,"N","Oconee County, Georgia","Private","General medical and surgical hospitals","County, NAICS 6-digit -- by ownership sector","All establishment sizes",1,0,0,0,0,0,0,0
"13219",5,"622110",78,0,2007,2,"N","Oconee County, Georgia","Private","General medical and surgical hospitals","County, NAICS 6-digit -- by ownership sector","All establishment sizes",1,0,0,0,0,0,0,0
"13219",5,"622110",78,0,2007,3,"N","Oconee County, Georgia","Private","General medical and surgical hospitals","County, NAICS 6-digit -- by ownership sector","All establishment sizes",1,0,0,0,0,0,0,0
"13219",5,"622110",78,0,2007,4,"N","Oconee County, Georgia","Private","General medical and surgical hospitals","County, NAICS 6-digit -- by ownership sector","All establishment sizes",1,0,0,0,0,0,0,0
"13219",5,623,75,0,2007,1,"N","Oconee County, Georgia","Private","Nursing and residential care facilities","County, NAICS 3-digit -- by ownership sector","All establishment sizes",2,0,0,0,0,0,0,0
"13219",5,"623",75,0,2007,2,"N","Oconee County, Georgia","Private","Nursing and residential care facilities","County, NAICS 3-digit -- by ownership sector","All establishment sizes",2,0,0,0,0,0,0,0
"13219",5,"623",75,0,2007,3,"N","Oconee County, Georgia","Private","Nursing and residential care facilities","County, NAICS 3-digit -- by ownership sector","All establishment sizes",2,0,0,0,0,0,0,0
"13219",5,"623",75,0,2007,4,"N","Oconee County, Georgia","Private","Nursing and residential care facilities","County, NAICS 3-digit -- by ownership sector","All establishment sizes",2,0,0,0,0,0,0,0
"13219",5,6231,76,0,2007,1,"N","Oconee County, Georgia","Private","Nursing care facilities","County, NAICS 4-digit -- by ownership sector","All establishment sizes",1,0,0,0,0,0,0,0
"13219",5,"6231",76,0,2007,2,"N","Oconee County, Georgia","Private","Nursing care facilities","County, NAICS 4-digit -- by ownership sector","All establishment sizes",1,0,0,0,0,0,0,0
"13219",5,"6231",76,0,2007,3,"N","Oconee County, Georgia","Private","Nursing care facilities","County, NAICS 4-digit -- by ownership sector","All establishment sizes",1,0,0,0,0,0,0,0
"13219",5,"6231",76,0,2007,4,"N","Oconee County, Georgia","Private","Nursing care facilities","County, NAICS 4-digit -- by ownership sector","All establishment sizes",1,0,0,0,0,0,0,0
"13219",5,62311,77,0,2007,1,"N","Oconee County, Georgia","Private","Nursing care facilities","County, NAICS 5-digit -- by ownership sector","All establishment sizes",1,0,0,0,0,0,0,0
"13219",5,"62311",77,0,2007,2,"N","Oconee County, Georgia","Private","Nursing care facilities","County, NAICS 5-digit -- by ownership sector","All establishment sizes",1,0,0,0,0,0,0,0
"13219",5,"62311",77,0,2007,3,"N","Oconee County, Georgia","Private","Nursing care facilities","County, NAICS 5-digit -- by ownership sector","All establishment sizes",1,0,0,0,0,0,0,0
"13219",5,"62311",77,0,2007,4,"N","Oconee County, Georgia","Private","Nursing care facilities","County, NAICS 5-digit -- by ownership sector","All establishment sizes",1,0,0,0,0,0,0,0
"13219",5,623110,78,0,2007,1,"N","Oconee County, Georgia","Private","Nursing care facilities","County, NAICS 6-digit -- by ownership sector","All establishment sizes",1,0,0,0,0,0,0,0
"13219",5,"623110",78,0,2007,2,"N","Oconee County, Georgia","Private","Nursing care facilities","County, NAICS 6-digit -- by ownership sector","All establishment sizes",1,0,0,0,0,0,0,0
"13219",5,"623110",78,0,2007,3,"N","Oconee County, Georgia","Private","Nursing care facilities","County, NAICS 6-digit -- by ownership sector","All establishment sizes",1,0,0,0,0,0,0,0
"13219",5,"623110",78,0,2007,4,"N","Oconee County, Georgia","Private","Nursing care facilities","County, NAICS 6-digit -- by ownership sector","All establishment sizes",1,0,0,0,0,0,0,0
"13219",5,6233,76,0,2007,1,"N","Oconee County, Georgia","Private","Community care facilities for the elderly","County, NAICS 4-digit -- by ownership sector","All establishment sizes",1,0,0,0,0,0,0,0
"13219",5,"6233",76,0,2007,2,"N","Oconee County, Georgia","Private","Community care facilities for the elderly","County, NAICS 4-digit -- by ownership sector","All establishment sizes",1,0,0,0,0,0,0,0
"13219",5,"6233",76,0,2007,3,"N","Oconee County, Georgia","Private","Community care facilities for the elderly","County, NAICS 4-digit -- by ownership sector","All establishment sizes",1,0,0,0,0,0,0,0
"13219",5,"6233",76,0,2007,4,"N","Oconee County, Georgia","Private","Community care facilities for the elderly","County, NAICS 4-digit -- by ownership sector","All establishment sizes",1,0,0,0,0,0,0,0
"13219",5,62331,77,0,2007,1,"N","Oconee County, Georgia","Private","Community care facilities for the elderly","County, NAICS 5-digit -- by ownership sector","All establishment sizes",1,0,0,0,0,0,0,0
"13219",5,"62331",77,0,2007,2,"N","Oconee County, Georgia","Private","Community care facilities for the elderly","County, NAICS 5-digit -- by ownership sector","All establishment sizes",1,0,0,0,0,0,0,0
"13219",5,"62331",77,0,2007,3,"N","Oconee County, Georgia","Private","Community care facilities for the elderly","County, NAICS 5-digit -- by ownership sector","All establishment sizes",1,0,0,0,0,0,0,0
"13219",5,"62331",77,0,2007,4,"N","Oconee County, Georgia","Private","Community care facilities for the elderly","County, NAICS 5-digit -- by ownership sector","All establishment sizes",1,0,0,0,0,0,0,0
"13219",5,623312,78,0,2007,1,"N","Oconee County, Georgia","Private","Homes for the elderly","County, NAICS 6-digit -- by ownership sector","All establishment sizes",1,0,0,0,0,0,0,0
"13219",5,"623312",78,0,2007,2,"N","Oconee County, Georgia","Private","Homes for the elderly","County, NAICS 6-digit -- by ownership sector","All establishment sizes",1,0,0,0,0,0,0,0
"13219",5,"623312",78,0,2007,3,"N","Oconee County, Georgia","Private","Homes for the elderly","County, NAICS 6-digit -- by ownership sector","All establishment sizes",1,0,0,0,0,0,0,0
"13219",5,"623312",78,0,2007,4,"N","Oconee County, Georgia","Private","Homes for the elderly","County, NAICS 6-digit -- by ownership sector","All establishment sizes",1,0,0,0,0,0,0,0
"13219",5,624,75,0,2007,1,"","Oconee County, Georgia","Private","Social assistance","County, NAICS 3-digit -- by ownership sector","All establishment sizes",11,131,129,129,568713,462487,548,337
"13219",5,"624",75,0,2007,2,"","Oconee County, Georgia","Private","Social assistance","County, NAICS 3-digit -- by ownership sector","All establishment sizes",11,130,129,120,541926,317118,484,330
"13219",5,"624",75,0,2007,3,"","Oconee County, Georgia","Private","Social assistance","County, NAICS 3-digit -- by ownership sector","All establishment sizes",12,125,136,143,579546,232494,559,331
"13219",5,"624",75,0,2007,4,"","Oconee County, Georgia","Private","Social assistance","County, NAICS 3-digit -- by ownership sector","All establishment sizes",13,160,164,166,671752,287018,2272,316
"13219",5,6241,76,0,2007,1,"N","Oconee County, Georgia","Private","Individual and family services","County, NAICS 4-digit -- by ownership sector","All establishment sizes",3,0,0,0,0,0,0,0
"13219",5,"6241",76,0,2007,2,"N","Oconee County, Georgia","Private","Individual and family services","County, NAICS 4-digit -- by ownership sector","All establishment sizes",3,0,0,0,0,0,0,0
"13219",5,"6241",76,0,2007,3,"N","Oconee County, Georgia","Private","Individual and family services","County, NAICS 4-digit -- by ownership sector","All establishment sizes",3,0,0,0,0,0,0,0
"13219",5,"6241",76,0,2007,4,"N","Oconee County, Georgia","Private","Individual and family services","County, NAICS 4-digit -- by ownership sector","All establishment sizes",3,0,0,0,0,0,0,0
"13219",5,62411,77,0,2007,1,"N","Oconee County, Georgia","Private","Child and youth services","County, NAICS 5-digit -- by ownership sector","All establishment sizes",1,0,0,0,0,0,0,0
"13219",5,"62411",77,0,2007,2,"N","Oconee County, Georgia","Private","Child and youth services","County, NAICS 5-digit -- by ownership sector","All establishment sizes",1,0,0,0,0,0,0,0
"13219",5,"62411",77,0,2007,3,"N","Oconee County, Georgia","Private","Child and youth services","County, NAICS 5-digit -- by ownership sector","All establishment sizes",1,0,0,0,0,0,0,0
"13219",5,"62411",77,0,2007,4,"N","Oconee County, Georgia","Private","Child and youth services","County, NAICS 5-digit -- by ownership sector","All establishment sizes",1,0,0,0,0,0,0,0
"13219",5,624110,78,0,2007,1,"N","Oconee County, Georgia","Private","Child and youth services","County, NAICS 6-digit -- by ownership sector","All establishment sizes",1,0,0,0,0,0,0,0
"13219",5,"624110",78,0,2007,2,"N","Oconee County, Georgia","Private","Child and youth services","County, NAICS 6-digit -- by ownership sector","All establishment sizes",1,0,0,0,0,0,0,0
"13219",5,"624110",78,0,2007,3,"N","Oconee County, Georgia","Private","Child and youth services","County, NAICS 6-digit -- by ownership sector","All establishment sizes",1,0,0,0,0,0,0,0
"13219",5,"624110",78,0,2007,4,"N","Oconee County, Georgia","Private","Child and youth services","County, NAICS 6-digit -- by ownership sector","All establishment sizes",1,0,0,0,0,0,0,0
"13219",5,62412,77,0,2007,1,"N","Oconee County, Georgia","Private","Services for the elderly and disabled","County, NAICS 5-digit -- by ownership sector","All establishment sizes",1,0,0,0,0,0,0,0
"13219",5,"62412",77,0,2007,2,"N","Oconee County, Georgia","Private","Services for the elderly and disabled","County, NAICS 5-digit -- by ownership sector","All establishment sizes",1,0,0,0,0,0,0,0
"13219",5,"62412",77,0,2007,3,"N","Oconee County, Georgia","Private","Services for the elderly and disabled","County, NAICS 5-digit -- by ownership sector","All establishment sizes",1,0,0,0,0,0,0,0
"13219",5,"62412",77,0,2007,4,"N","Oconee County, Georgia","Private","Services for the elderly and disabled","County, NAICS 5-digit -- by ownership sector","All establishment sizes",1,0,0,0,0,0,0,0
"13219",5,624120,78,0,2007,1,"N","Oconee County, Georgia","Private","Services for the elderly and disabled","County, NAICS 6-digit -- by ownership sector","All establishment sizes",1,0,0,0,0,0,0,0
"13219",5,"624120",78,0,2007,2,"N","Oconee County, Georgia","Private","Services for the elderly and disabled","County, NAICS 6-digit -- by ownership sector","All establishment sizes",1,0,0,0,0,0,0,0
"13219",5,"624120",78,0,2007,3,"N","Oconee County, Georgia","Private","Services for the elderly and disabled","County, NAICS 6-digit -- by ownership sector","All establishment sizes",1,0,0,0,0,0,0,0
"13219",5,"624120",78,0,2007,4,"N","Oconee County, Georgia","Private","Services for the elderly and disabled","County, NAICS 6-digit -- by ownership sector","All establishment sizes",1,0,0,0,0,0,0,0
"13219",5,62419,77,0,2007,1,"N","Oconee County, Georgia","Private","Other individual and family services","County, NAICS 5-digit -- by ownership sector","All establishment sizes",1,0,0,0,0,0,0,0
"13219",5,"62419",77,0,2007,2,"N","Oconee County, Georgia","Private","Other individual and family services","County, NAICS 5-digit -- by ownership sector","All establishment sizes",1,0,0,0,0,0,0,0
"13219",5,"62419",77,0,2007,3,"N","Oconee County, Georgia","Private","Other individual and family services","County, NAICS 5-digit -- by ownership sector","All establishment sizes",1,0,0,0,0,0,0,0
"13219",5,"62419",77,0,2007,4,"N","Oconee County, Georgia","Private","Other individual and family services","County, NAICS 5-digit -- by ownership sector","All establishment sizes",1,0,0,0,0,0,0,0
"13219",5,624190,78,0,2007,1,"N","Oconee County, Georgia","Private","Other individual and family services","County, NAICS 6-digit -- by ownership sector","All establishment sizes",1,0,0,0,0,0,0,0
"13219",5,"624190",78,0,2007,2,"N","Oconee County, Georgia","Private","Other individual and family services","County, NAICS 6-digit -- by ownership sector","All establishment sizes",1,0,0,0,0,0,0,0
"13219",5,"624190",78,0,2007,3,"N","Oconee County, Georgia","Private","Other individual and family services","County, NAICS 6-digit -- by ownership sector","All establishment sizes",1,0,0,0,0,0,0,0
"13219",5,"624190",78,0,2007,4,"N","Oconee County, Georgia","Private","Other individual and family services","County, NAICS 6-digit -- by ownership sector","All establishment sizes",1,0,0,0,0,0,0,0
"13219",5,6243,76,0,2007,1,"N","Oconee County, Georgia","Private","Vocational rehabilitation services","County, NAICS 4-digit -- by ownership sector","All establishment sizes",1,0,0,0,0,0,0,0
"13219",5,"6243",76,0,2007,2,"N","Oconee County, Georgia","Private","Vocational rehabilitation services","County, NAICS 4-digit -- by ownership sector","All establishment sizes",1,0,0,0,0,0,0,0
"13219",5,"6243",76,0,2007,3,"N","Oconee County, Georgia","Private","Vocational rehabilitation services","County, NAICS 4-digit -- by ownership sector","All establishment sizes",1,0,0,0,0,0,0,0
"13219",5,"6243",76,0,2007,4,"N","Oconee County, Georgia","Private","Vocational rehabilitation services","County, NAICS 4-digit -- by ownership sector","All establishment sizes",1,0,0,0,0,0,0,0
"13219",5,62431,77,0,2007,1,"N","Oconee County, Georgia","Private","Vocational rehabilitation services","County, NAICS 5-digit -- by ownership sector","All establishment sizes",1,0,0,0,0,0,0,0
"13219",5,"62431",77,0,2007,2,"N","Oconee County, Georgia","Private","Vocational rehabilitation services","County, NAICS 5-digit -- by ownership sector","All establishment sizes",1,0,0,0,0,0,0,0
"13219",5,"62431",77,0,2007,3,"N","Oconee County, Georgia","Private","Vocational rehabilitation services","County, NAICS 5-digit -- by ownership sector","All establishment sizes",1,0,0,0,0,0,0,0
"13219",5,"62431",77,0,2007,4,"N","Oconee County, Georgia","Private","Vocational rehabilitation services","County, NAICS 5-digit -- by ownership sector","All establishment sizes",1,0,0,0,0,0,0,0
"13219",5,624310,78,0,2007,1,"N","Oconee County, Georgia","Private","Vocational rehabilitation services","County, NAICS 6-digit -- by ownership sector","All establishment sizes",1,0,0,0,0,0,0,0
"13219",5,"624310",78,0,2007,2,"N","Oconee County, Georgia","Private","Vocational rehabilitation services","County, NAICS 6-digit -- by ownership sector","All establishment sizes",1,0,0,0,0,0,0,0
"13219",5,"624310",78,0,2007,3,"N","Oconee County, Georgia","Private","Vocational rehabilitation services","County, NAICS 6-digit -- by ownership sector","All establishment sizes",1,0,0,0,0,0,0,0
"13219",5,"624310",78,0,2007,4,"N","Oconee County, Georgia","Private","Vocational rehabilitation services","County, NAICS 6-digit -- by ownership sector","All establishment sizes",1,0,0,0,0,0,0,0
"13219",5,6244,76,0,2007,1,"","Oconee County, Georgia","Private","Child day care services","County, NAICS 4-digit -- by ownership sector","All establishment sizes",7,120,119,119,516316,415084,290,333
"13219",5,"6244",76,0,2007,2,"","Oconee County, Georgia","Private","Child day care services","County, NAICS 4-digit -- by ownership sector","All establishment sizes",7,120,119,110,489819,301373,387,324
"13219",5,"6244",76,0,2007,3,"","Oconee County, Georgia","Private","Child day care services","County, NAICS 4-digit -- by ownership sector","All establishment sizes",8,115,125,132,525256,213924,477,326
"13219",5,"6244",76,0,2007,4,"","Oconee County, Georgia","Private","Child day care services","County, NAICS 4-digit -- by ownership sector","All establishment sizes",9,147,152,153,617214,267950,2180,315
"13219",5,62441,77,0,2007,1,"","Oconee County, Georgia","Private","Child day care services","County, NAICS 5-digit -- by ownership sector","All establishment sizes",7,120,119,119,516316,415084,290,333
"13219",5,"62441",77,0,2007,2,"","Oconee County, Georgia","Private","Child day care services","County, NAICS 5-digit -- by ownership sector","All establishment sizes",7,120,119,110,489819,301373,387,324
"13219",5,"62441",77,0,2007,3,"","Oconee County, Georgia","Private","Child day care services","County, NAICS 5-digit -- by ownership sector","All establishment sizes",8,115,125,132,525256,213924,477,326
"13219",5,"62441",77,0,2007,4,"","Oconee County, Georgia","Private","Child day care services","County, NAICS 5-digit -- by ownership sector","All establishment sizes",9,147,152,153,617214,267950,2180,315
"13219",5,624410,78,0,2007,1,"","Oconee County, Georgia","Private","Child day care services","County, NAICS 6-digit -- by ownership sector","All establishment sizes",7,120,119,119,516316,415084,290,333
"13219",5,"624410",78,0,2007,2,"","Oconee County, Georgia","Private","Child day care services","County, NAICS 6-digit -- by ownership sector","All establishment sizes",7,120,119,110,489819,301373,387,324
"13219",5,"624410",78,0,2007,3,"","Oconee County, Georgia","Private","Child day care services","County, NAICS 6-digit -- by ownership sector","All establishment sizes",8,115,125,132,525256,213924,477,326
"13219",5,"624410",78,0,2007,4,"","Oconee County, Georgia","Private","Child day care services","County, NAICS 6-digit -- by ownership sector","All establishment sizes",9,147,152,153,617214,267950,2180,315
"13219",5,71,74,0,2007,1,"","Oconee County, Georgia","Private","Arts, entertainment, and recreation","County, NAICS Sector -- by ownership sector","All establishment sizes",12,110,109,116,498879,381312,5440,344
"13219",5,"71",74,0,2007,2,"","Oconee County, Georgia","Private","Arts, entertainment, and recreation","County, NAICS Sector -- by ownership sector","All establishment sizes",12,127,138,136,606377,290454,3135,349
"13219",5,"71",74,0,2007,3,"","Oconee County, Georgia","Private","Arts, entertainment, and recreation","County, NAICS Sector -- by ownership sector","All establishment sizes",12,134,133,117,596549,194509,2416,359
"13219",5,"71",74,0,2007,4,"","Oconee County, Georgia","Private","Arts, entertainment, and recreation","County, NAICS Sector -- by ownership sector","All establishment sizes",12,117,115,111,588821,191169,3526,396
"13219",5,711,75,0,2007,1,"N","Oconee County, Georgia","Private","Performing arts and spectator sports","County, NAICS 3-digit -- by ownership sector","All establishment sizes",4,0,0,0,0,0,0,0
"13219",5,"711",75,0,2007,2,"N","Oconee County, Georgia","Private","Performing arts and spectator sports","County, NAICS 3-digit -- by ownership sector","All establishment sizes",4,0,0,0,0,0,0,0
"13219",5,"711",75,0,2007,3,"N","Oconee County, Georgia","Private","Performing arts and spectator sports","County, NAICS 3-digit -- by ownership sector","All establishment sizes",4,0,0,0,0,0,0,0
"13219",5,"711",75,0,2007,4,"","Oconee County, Georgia","Private","Performing arts and spectator sports","County, NAICS 3-digit -- by ownership sector","All establishment sizes",4,15,15,15,229676,95422,2154,1178
"13219",5,7111,76,0,2007,1,"N","Oconee County, Georgia","Private","Performing arts companies","County, NAICS 4-digit -- by ownership sector","All establishment sizes",1,0,0,0,0,0,0,0
"13219",5,"7111",76,0,2007,2,"N","Oconee County, Georgia","Private","Performing arts companies","County, NAICS 4-digit -- by ownership sector","All establishment sizes",1,0,0,0,0,0,0,0
"13219",5,"7111",76,0,2007,3,"N","Oconee County, Georgia","Private","Performing arts companies","County, NAICS 4-digit -- by ownership sector","All establishment sizes",1,0,0,0,0,0,0,0
"13219",5,"7111",76,0,2007,4,"N","Oconee County, Georgia","Private","Performing arts companies","County, NAICS 4-digit -- by ownership sector","All establishment sizes",1,0,0,0,0,0,0,0
"13219",5,71113,77,0,2007,1,"N","Oconee County, Georgia","Private","Musical groups and artists","County, NAICS 5-digit -- by ownership sector","All establishment sizes",1,0,0,0,0,0,0,0
"13219",5,"71113",77,0,2007,2,"N","Oconee County, Georgia","Private","Musical groups and artists","County, NAICS 5-digit -- by ownership sector","All establishment sizes",1,0,0,0,0,0,0,0
"13219",5,"71113",77,0,2007,3,"N","Oconee County, Georgia","Private","Musical groups and artists","County, NAICS 5-digit -- by ownership sector","All establishment sizes",1,0,0,0,0,0,0,0
"13219",5,"71113",77,0,2007,4,"N","Oconee County, Georgia","Private","Musical groups and artists","County, NAICS 5-digit -- by ownership sector","All establishment sizes",1,0,0,0,0,0,0,0
"13219",5,711130,78,0,2007,1,"N","Oconee County, Georgia","Private","Musical groups and artists","County, NAICS 6-digit -- by ownership sector","All establishment sizes",1,0,0,0,0,0,0,0
"13219",5,"711130",78,0,2007,2,"N","Oconee County, Georgia","Private","Musical groups and artists","County, NAICS 6-digit -- by ownership sector","All establishment sizes",1,0,0,0,0,0,0,0
"13219",5,"711130",78,0,2007,3,"N","Oconee County, Georgia","Private","Musical groups and artists","County, NAICS 6-digit -- by ownership sector","All establishment sizes",1,0,0,0,0,0,0,0
"13219",5,"711130",78,0,2007,4,"N","Oconee County, Georgia","Private","Musical groups and artists","County, NAICS 6-digit -- by ownership sector","All establishment sizes",1,0,0,0,0,0,0,0
"13219",5,7112,76,0,2007,1,"N","Oconee County, Georgia","Private","Spectator sports","County, NAICS 4-digit -- by ownership sector","All establishment sizes",1,0,0,0,0,0,0,0
"13219",5,"7112",76,0,2007,2,"N","Oconee County, Georgia","Private","Spectator sports","County, NAICS 4-digit -- by ownership sector","All establishment sizes",1,0,0,0,0,0,0,0
"13219",5,"7112",76,0,2007,3,"N","Oconee County, Georgia","Private","Spectator sports","County, NAICS 4-digit -- by ownership sector","All establishment sizes",1,0,0,0,0,0,0,0
"13219",5,"7112",76,0,2007,4,"N","Oconee County, Georgia","Private","Spectator sports","County, NAICS 4-digit -- by ownership sector","All establishment sizes",1,0,0,0,0,0,0,0
"13219",5,71121,77,0,2007,1,"N","Oconee County, Georgia","Private","Spectator sports","County, NAICS 5-digit -- by ownership sector","All establishment sizes",1,0,0,0,0,0,0,0
"13219",5,"71121",77,0,2007,2,"N","Oconee County, Georgia","Private","Spectator sports","County, NAICS 5-digit -- by ownership sector","All establishment sizes",1,0,0,0,0,0,0,0
"13219",5,"71121",77,0,2007,3,"N","Oconee County, Georgia","Private","Spectator sports","County, NAICS 5-digit -- by ownership sector","All establishment sizes",1,0,0,0,0,0,0,0
"13219",5,"71121",77,0,2007,4,"N","Oconee County, Georgia","Private","Spectator sports","County, NAICS 5-digit -- by ownership sector","All establishment sizes",1,0,0,0,0,0,0,0
"13219",5,711219,78,0,2007,1,"N","Oconee County, Georgia","Private","Other spectator sports","County, NAICS 6-digit -- by ownership sector","All establishment sizes",1,0,0,0,0,0,0,0
"13219",5,"711219",78,0,2007,2,"N","Oconee County, Georgia","Private","Other spectator sports","County, NAICS 6-digit -- by ownership sector","All establishment sizes",1,0,0,0,0,0,0,0
"13219",5,"711219",78,0,2007,3,"N","Oconee County, Georgia","Private","Other spectator sports","County, NAICS 6-digit -- by ownership sector","All establishment sizes",1,0,0,0,0,0,0,0
"13219",5,"711219",78,0,2007,4,"N","Oconee County, Georgia","Private","Other spectator sports","County, NAICS 6-digit -- by ownership sector","All establishment sizes",1,0,0,0,0,0,0,0
"13219",5,7115,76,0,2007,1,"N","Oconee County, Georgia","Private","Independent artists, writers, and performers","County, NAICS 4-digit -- by ownership sector","All establishment sizes",2,0,0,0,0,0,0,0
"13219",5,"7115",76,0,2007,2,"N","Oconee County, Georgia","Private","Independent artists, writers, and performers","County, NAICS 4-digit -- by ownership sector","All establishment sizes",2,0,0,0,0,0,0,0
"13219",5,"7115",76,0,2007,3,"N","Oconee County, Georgia","Private","Independent artists, writers, and performers","County, NAICS 4-digit -- by ownership sector","All establishment sizes",2,0,0,0,0,0,0,0
"13219",5,"7115",76,0,2007,4,"N","Oconee County, Georgia","Private","Independent artists, writers, and performers","County, NAICS 4-digit -- by ownership sector","All establishment sizes",2,0,0,0,0,0,0,0
"13219",5,71151,77,0,2007,1,"N","Oconee County, Georgia","Private","Independent artists, writers, and performers","County, NAICS 5-digit -- by ownership sector","All establishment sizes",2,0,0,0,0,0,0,0
"13219",5,"71151",77,0,2007,2,"N","Oconee County, Georgia","Private","Independent artists, writers, and performers","County, NAICS 5-digit -- by ownership sector","All establishment sizes",2,0,0,0,0,0,0,0
"13219",5,"71151",77,0,2007,3,"N","Oconee County, Georgia","Private","Independent artists, writers, and performers","County, NAICS 5-digit -- by ownership sector","All establishment sizes",2,0,0,0,0,0,0,0
"13219",5,"71151",77,0,2007,4,"N","Oconee County, Georgia","Private","Independent artists, writers, and performers","County, NAICS 5-digit -- by ownership sector","All establishment sizes",2,0,0,0,0,0,0,0
"13219",5,711510,78,0,2007,1,"N","Oconee County, Georgia","Private","Independent artists, writers, and performers","County, NAICS 6-digit -- by ownership sector","All establishment sizes",2,0,0,0,0,0,0,0
"13219",5,"711510",78,0,2007,2,"N","Oconee County, Georgia","Private","Independent artists, writers, and performers","County, NAICS 6-digit -- by ownership sector","All establishment sizes",2,0,0,0,0,0,0,0
"13219",5,"711510",78,0,2007,3,"N","Oconee County, Georgia","Private","Independent artists, writers, and performers","County, NAICS 6-digit -- by ownership sector","All establishment sizes",2,0,0,0,0,0,0,0
"13219",5,"711510",78,0,2007,4,"N","Oconee County, Georgia","Private","Independent artists, writers, and performers","County, NAICS 6-digit -- by ownership sector","All establishment sizes",2,0,0,0,0,0,0,0
"13219",5,713,75,0,2007,1,"N","Oconee County, Georgia","Private","Amusements, gambling, and recreation","County, NAICS 3-digit -- by ownership sector","All establishment sizes",8,0,0,0,0,0,0,0
"13219",5,"713",75,0,2007,2,"N","Oconee County, Georgia","Private","Amusements, gambling, and recreation","County, NAICS 3-digit -- by ownership sector","All establishment sizes",8,0,0,0,0,0,0,0
"13219",5,"713",75,0,2007,3,"N","Oconee County, Georgia","Private","Amusements, gambling, and recreation","County, NAICS 3-digit -- by ownership sector","All establishment sizes",8,0,0,0,0,0,0,0
"13219",5,"713",75,0,2007,4,"","Oconee County, Georgia","Private","Amusements, gambling, and recreation","County, NAICS 3-digit -- by ownership sector","All establishment sizes",8,102,100,96,359145,95747,1372,278
"13219",5,7139,76,0,2007,1,"N","Oconee County, Georgia","Private","Other amusement and recreation industries","County, NAICS 4-digit -- by ownership sector","All establishment sizes",8,0,0,0,0,0,0,0
"13219",5,"7139",76,0,2007,2,"N","Oconee County, Georgia","Private","Other amusement and recreation industries","County, NAICS 4-digit -- by ownership sector","All establishment sizes",8,0,0,0,0,0,0,0
"13219",5,"7139",76,0,2007,3,"N","Oconee County, Georgia","Private","Other amusement and recreation industries","County, NAICS 4-digit -- by ownership sector","All establishment sizes",8,0,0,0,0,0,0,0
"13219",5,"7139",76,0,2007,4,"","Oconee County, Georgia","Private","Other amusement and recreation industries","County, NAICS 4-digit -- by ownership sector","All establishment sizes",8,102,100,96,359145,95747,1372,278
"13219",5,71391,77,0,2007,1,"N","Oconee County, Georgia","Private","Golf courses and country clubs","County, NAICS 5-digit -- by ownership sector","All establishment sizes",2,0,0,0,0,0,0,0
"13219",5,"71391",77,0,2007,2,"N","Oconee County, Georgia","Private","Golf courses and country clubs","County, NAICS 5-digit -- by ownership sector","All establishment sizes",2,0,0,0,0,0,0,0
"13219",5,"71391",77,0,2007,3,"N","Oconee County, Georgia","Private","Golf courses and country clubs","County, NAICS 5-digit -- by ownership sector","All establishment sizes",2,0,0,0,0,0,0,0
"13219",5,"71391",77,0,2007,4,"N","Oconee County, Georgia","Private","Golf courses and country clubs","County, NAICS 5-digit -- by ownership sector","All establishment sizes",2,0,0,0,0,0,0,0
"13219",5,713910,78,0,2007,1,"N","Oconee County, Georgia","Private","Golf courses and country clubs","County, NAICS 6-digit -- by ownership sector","All establishment sizes",2,0,0,0,0,0,0,0
"13219",5,"713910",78,0,2007,2,"N","Oconee County, Georgia","Private","Golf courses and country clubs","County, NAICS 6-digit -- by ownership sector","All establishment sizes",2,0,0,0,0,0,0,0
"13219",5,"713910",78,0,2007,3,"N","Oconee County, Georgia","Private","Golf courses and country clubs","County, NAICS 6-digit -- by ownership sector","All establishment sizes",2,0,0,0,0,0,0,0
"13219",5,"713910",78,0,2007,4,"N","Oconee County, Georgia","Private","Golf courses and country clubs","County, NAICS 6-digit -- by ownership sector","All establishment sizes",2,0,0,0,0,0,0,0
"13219",5,71394,77,0,2007,1,"","Oconee County, Georgia","Private","Fitness and recreational sports centers","County, NAICS 5-digit -- by ownership sector","All establishment sizes",5,23,25,27,55475,51586,847,171
"13219",5,"71394",77,0,2007,2,"","Oconee County, Georgia","Private","Fitness and recreational sports centers","County, NAICS 5-digit -- by ownership sector","All establishment sizes",5,27,36,36,69244,53604,700,161
"13219",5,"71394",77,0,2007,3,"","Oconee County, Georgia","Private","Fitness and recreational sports centers","County, NAICS 5-digit -- by ownership sector","All establishment sizes",5,33,33,28,68595,56085,670,168
"13219",5,"71394",77,0,2007,4,"","Oconee County, Georgia","Private","Fitness and recreational sports centers","County, NAICS 5-digit -- by ownership sector","All establishment sizes",5,26,25,27,44686,28164,401,132
"13219",5,713940,78,0,2007,1,"","Oconee County, Georgia","Private","Fitness and recreational sports centers","County, NAICS 6-digit -- by ownership sector","All establishment sizes",5,23,25,27,55475,51586,847,171
"13219",5,"713940",78,0,2007,2,"","Oconee County, Georgia","Private","Fitness and recreational sports centers","County, NAICS 6-digit -- by ownership sector","All establishment sizes",5,27,36,36,69244,53604,700,161
"13219",5,"713940",78,0,2007,3,"","Oconee County, Georgia","Private","Fitness and recreational sports centers","County, NAICS 6-digit -- by ownership sector","All establishment sizes",5,33,33,28,68595,56085,670,168
"13219",5,"713940",78,0,2007,4,"","Oconee County, Georgia","Private","Fitness and recreational sports centers","County, NAICS 6-digit -- by ownership sector","All establishment sizes",5,26,25,27,44686,28164,401,132
"13219",5,71399,77,0,2007,1,"N","Oconee County, Georgia","Private","All other amusement and recreation industries","County, NAICS 5-digit -- by ownership sector","All establishment sizes",1,0,0,0,0,0,0,0
"13219",5,"71399",77,0,2007,2,"N","Oconee County, Georgia","Private","All other amusement and recreation industries","County, NAICS 5-digit -- by ownership sector","All establishment sizes",1,0,0,0,0,0,0,0
"13219",5,"71399",77,0,2007,3,"N","Oconee County, Georgia","Private","All other amusement and recreation industries","County, NAICS 5-digit -- by ownership sector","All establishment sizes",1,0,0,0,0,0,0,0
"13219",5,"71399",77,0,2007,4,"N","Oconee County, Georgia","Private","All other amusement and recreation industries","County, NAICS 5-digit -- by ownership sector","All establishment sizes",1,0,0,0,0,0,0,0
"13219",5,713990,78,0,2007,1,"N","Oconee County, Georgia","Private","All other amusement and recreation industries","County, NAICS 6-digit -- by ownership sector","All establishment sizes",1,0,0,0,0,0,0,0
"13219",5,"713990",78,0,2007,2,"N","Oconee County, Georgia","Private","All other amusement and recreation industries","County, NAICS 6-digit -- by ownership sector","All establishment sizes",1,0,0,0,0,0,0,0
"13219",5,"713990",78,0,2007,3,"N","Oconee County, Georgia","Private","All other amusement and recreation industries","County, NAICS 6-digit -- by ownership sector","All establishment sizes",1,0,0,0,0,0,0,0
"13219",5,"713990",78,0,2007,4,"N","Oconee County, Georgia","Private","All other amusement and recreation industries","County, NAICS 6-digit -- by ownership sector","All establishment sizes",1,0,0,0,0,0,0,0
"13219",5,72,74,0,2007,1,"","Oconee County, Georgia","Private","Accommodation and food services","County, NAICS Sector -- by ownership sector","All establishment sizes",41,669,718,705,1871154,1765115,19744,206
"13219",5,"72",74,0,2007,2,"","Oconee County, Georgia","Private","Accommodation and food services","County, NAICS Sector -- by ownership sector","All establishment sizes",42,705,709,701,1889935,1468522,16937,206
"13219",5,"72",74,0,2007,3,"","Oconee County, Georgia","Private","Accommodation and food services","County, NAICS Sector -- by ownership sector","All establishment sizes",44,711,690,721,1980933,1194902,13795,215
"13219",5,"72",74,0,2007,4,"","Oconee County, Georgia","Private","Accommodation and food services","County, NAICS Sector -- by ownership sector","All establishment sizes",46,713,750,742,2074183,1071883,14073,217
"13219",5,721,75,0,2007,1,"","Oconee County, Georgia","Private","Accommodation","County, NAICS 3-digit -- by ownership sector","All establishment sizes",4,20,19,21,76220,60078,1298,293
"13219",5,"721",75,0,2007,2,"","Oconee County, Georgia","Private","Accommodation","County, NAICS 3-digit -- by ownership sector","All establishment sizes",4,21,20,19,72488,47028,976,279
"13219",5,"721",75,0,2007,3,"","Oconee County, Georgia","Private","Accommodation","County, NAICS 3-digit -- by ownership sector","All establishment sizes",4,25,25,25,81899,34744,859,252
"13219",5,"721",75,0,2007,4,"","Oconee County, Georgia","Private","Accommodation","County, NAICS 3-digit -- by ownership sector","All establishment sizes",4,25,25,25,101977,39642,893,314
"13219",5,7211,76,0,2007,1,"","Oconee County, Georgia","Private","Traveler accommodation","County, NAICS 4-digit -- by ownership sector","All establishment sizes",4,20,19,21,76220,60078,1298,293
"13219",5,"7211",76,0,2007,2,"","Oconee County, Georgia","Private","Traveler accommodation","County, NAICS 4-digit -- by ownership sector","All establishment sizes",4,21,20,19,72488,47028,976,279
"13219",5,"7211",76,0,2007,3,"","Oconee County, Georgia","Private","Traveler accommodation","County, NAICS 4-digit -- by ownership sector","All establishment sizes",4,25,25,25,81899,34744,859,252
"13219",5,"7211",76,0,2007,4,"","Oconee County, Georgia","Private","Traveler accommodation","County, NAICS 4-digit -- by ownership sector","All establishment sizes",4,25,25,25,101977,39642,893,314
"13219",5,72111,77,0,2007,1,"N","Oconee County, Georgia","Private","Hotels and motels, except casino hotels","County, NAICS 5-digit -- by ownership sector","All establishment sizes",2,0,0,0,0,0,0,0
"13219",5,"72111",77,0,2007,2,"N","Oconee County, Georgia","Private","Hotels and motels, except casino hotels","County, NAICS 5-digit -- by ownership sector","All establishment sizes",2,0,0,0,0,0,0,0
"13219",5,"72111",77,0,2007,3,"N","Oconee County, Georgia","Private","Hotels and motels, except casino hotels","County, NAICS 5-digit -- by ownership sector","All establishment sizes",2,0,0,0,0,0,0,0
"13219",5,"72111",77,0,2007,4,"N","Oconee County, Georgia","Private","Hotels and motels, except casino hotels","County, NAICS 5-digit -- by ownership sector","All establishment sizes",2,0,0,0,0,0,0,0
"13219",5,721110,78,0,2007,1,"N","Oconee County, Georgia","Private","Hotels and motels, except casino hotels","County, NAICS 6-digit -- by ownership sector","All establishment sizes",2,0,0,0,0,0,0,0
"13219",5,"721110",78,0,2007,2,"N","Oconee County, Georgia","Private","Hotels and motels, except casino hotels","County, NAICS 6-digit -- by ownership sector","All establishment sizes",2,0,0,0,0,0,0,0
"13219",5,"721110",78,0,2007,3,"N","Oconee County, Georgia","Private","Hotels and motels, except casino hotels","County, NAICS 6-digit -- by ownership sector","All establishment sizes",2,0,0,0,0,0,0,0
"13219",5,"721110",78,0,2007,4,"N","Oconee County, Georgia","Private","Hotels and motels, except casino hotels","County, NAICS 6-digit -- by ownership sector","All establishment sizes",2,0,0,0,0,0,0,0
"13219",5,72119,77,0,2007,1,"N","Oconee County, Georgia","Private","Other traveler accommodation","County, NAICS 5-digit -- by ownership sector","All establishment sizes",2,0,0,0,0,0,0,0
"13219",5,"72119",77,0,2007,2,"N","Oconee County, Georgia","Private","Other traveler accommodation","County, NAICS 5-digit -- by ownership sector","All establishment sizes",2,0,0,0,0,0,0,0
"13219",5,"72119",77,0,2007,3,"N","Oconee County, Georgia","Private","Other traveler accommodation","County, NAICS 5-digit -- by ownership sector","All establishment sizes",2,0,0,0,0,0,0,0
"13219",5,"72119",77,0,2007,4,"N","Oconee County, Georgia","Private","Other traveler accommodation","County, NAICS 5-digit -- by ownership sector","All establishment sizes",2,0,0,0,0,0,0,0
"13219",5,721191,78,0,2007,1,"N","Oconee County, Georgia","Private","Bed-and-breakfast inns","County, NAICS 6-digit -- by ownership sector","All establishment sizes",1,0,0,0,0,0,0,0
"13219",5,"721191",78,0,2007,2,"N","Oconee County, Georgia","Private","Bed-and-breakfast inns","County, NAICS 6-digit -- by ownership sector","All establishment sizes",1,0,0,0,0,0,0,0
"13219",5,"721191",78,0,2007,3,"N","Oconee County, Georgia","Private","Bed-and-breakfast inns","County, NAICS 6-digit -- by ownership sector","All establishment sizes",1,0,0,0,0,0,0,0
"13219",5,"721191",78,0,2007,4,"N","Oconee County, Georgia","Private","Bed-and-breakfast inns","County, NAICS 6-digit -- by ownership sector","All establishment sizes",1,0,0,0,0,0,0,0
"13219",5,721199,78,0,2007,1,"N","Oconee County, Georgia","Private","All other traveler accommodation","County, NAICS 6-digit -- by ownership sector","All establishment sizes",1,0,0,0,0,0,0,0
"13219",5,"721199",78,0,2007,2,"N","Oconee County, Georgia","Private","All other traveler accommodation","County, NAICS 6-digit -- by ownership sector","All establishment sizes",1,0,0,0,0,0,0,0
"13219",5,"721199",78,0,2007,3,"N","Oconee County, Georgia","Private","All other traveler accommodation","County, NAICS 6-digit -- by ownership sector","All establishment sizes",1,0,0,0,0,0,0,0
"13219",5,"721199",78,0,2007,4,"N","Oconee County, Georgia","Private","All other traveler accommodation","County, NAICS 6-digit -- by ownership sector","All establishment sizes",1,0,0,0,0,0,0,0
"13219",5,722,75,0,2007,1,"","Oconee County, Georgia","Private","Food services and drinking places","County, NAICS 3-digit -- by ownership sector","All establishment sizes",37,649,699,684,1794934,1705037,18446,204
"13219",5,"722",75,0,2007,2,"","Oconee County, Georgia","Private","Food services and drinking places","County, NAICS 3-digit -- by ownership sector","All establishment sizes",38,684,689,682,1817447,1421494,15961,204
"13219",5,"722",75,0,2007,3,"","Oconee County, Georgia","Private","Food services and drinking places","County, NAICS 3-digit -- by ownership sector","All establishment sizes",40,686,665,696,1899034,1160158,12936,214
"13219",5,"722",75,0,2007,4,"","Oconee County, Georgia","Private","Food services and drinking places","County, NAICS 3-digit -- by ownership sector","All establishment sizes",42,688,725,717,1972206,1032241,13180,214
"13219",5,7221,76,0,2007,1,"N","Oconee County, Georgia","Private","Full-service restaurants","County, NAICS 4-digit -- by ownership sector","All establishment sizes",13,0,0,0,0,0,0,0
"13219",5,"7221",76,0,2007,2,"N","Oconee County, Georgia","Private","Full-service restaurants","County, NAICS 4-digit -- by ownership sector","All establishment sizes",14,0,0,0,0,0,0,0
"13219",5,"7221",76,0,2007,3,"N","Oconee County, Georgia","Private","Full-service restaurants","County, NAICS 4-digit -- by ownership sector","All establishment sizes",15,0,0,0,0,0,0,0
"13219",5,"7221",76,0,2007,4,"N","Oconee County, Georgia","Private","Full-service restaurants","County, NAICS 4-digit -- by ownership sector","All establishment sizes",16,0,0,0,0,0,0,0
"13219",5,72211,77,0,2007,1,"N","Oconee County, Georgia","Private","Full-service restaurants","County, NAICS 5-digit -- by ownership sector","All establishment sizes",13,0,0,0,0,0,0,0
"13219",5,"72211",77,0,2007,2,"N","Oconee County, Georgia","Private","Full-service restaurants","County, NAICS 5-digit -- by ownership sector","All establishment sizes",14,0,0,0,0,0,0,0
"13219",5,"72211",77,0,2007,3,"N","Oconee County, Georgia","Private","Full-service restaurants","County, NAICS 5-digit -- by ownership sector","All establishment sizes",15,0,0,0,0,0,0,0
"13219",5,"72211",77,0,2007,4,"N","Oconee County, Georgia","Private","Full-service restaurants","County, NAICS 5-digit -- by ownership sector","All establishment sizes",16,0,0,0,0,0,0,0
"13219",5,722110,78,0,2007,1,"N","Oconee County, Georgia","Private","Full-service restaurants","County, NAICS 6-digit -- by ownership sector","All establishment sizes",13,0,0,0,0,0,0,0
"13219",5,"722110",78,0,2007,2,"N","Oconee County, Georgia","Private","Full-service restaurants","County, NAICS 6-digit -- by ownership sector","All establishment sizes",14,0,0,0,0,0,0,0
"13219",5,"722110",78,0,2007,3,"N","Oconee County, Georgia","Private","Full-service restaurants","County, NAICS 6-digit -- by ownership sector","All establishment sizes",15,0,0,0,0,0,0,0
"13219",5,"722110",78,0,2007,4,"N","Oconee County, Georgia","Private","Full-service restaurants","County, NAICS 6-digit -- by ownership sector","All establishment sizes",16,0,0,0,0,0,0,0
"13219",5,7222,76,0,2007,1,"","Oconee County, Georgia","Private","Limited-service eating places","County, NAICS 4-digit -- by ownership sector","All establishment sizes",23,418,441,435,1022176,990708,10101,182
"13219",5,"7222",76,0,2007,2,"","Oconee County, Georgia","Private","Limited-service eating places","County, NAICS 4-digit -- by ownership sector","All establishment sizes",23,442,443,448,1068830,885947,9697,185
"13219",5,"7222",76,0,2007,3,"","Oconee County, Georgia","Private","Limited-service eating places","County, NAICS 4-digit -- by ownership sector","All establishment sizes",24,440,438,445,1120428,736323,8138,195
"13219",5,"7222",76,0,2007,4,"","Oconee County, Georgia","Private","Limited-service eating places","County, NAICS 4-digit -- by ownership sector","All establishment sizes",25,421,441,444,1143652,642791,7560,202
"13219",5,72221,77,0,2007,1,"","Oconee County, Georgia","Private","Limited-service eating places","County, NAICS 5-digit -- by ownership sector","All establishment sizes",23,418,441,435,1022176,990708,10101,182
"13219",5,"72221",77,0,2007,2,"","Oconee County, Georgia","Private","Limited-service eating places","County, NAICS 5-digit -- by ownership sector","All establishment sizes",23,442,443,448,1068830,885947,9697,185
"13219",5,"72221",77,0,2007,3,"","Oconee County, Georgia","Private","Limited-service eating places","County, NAICS 5-digit -- by ownership sector","All establishment sizes",24,440,438,445,1120428,736323,8138,195
"13219",5,"72221",77,0,2007,4,"","Oconee County, Georgia","Private","Limited-service eating places","County, NAICS 5-digit -- by ownership sector","All establishment sizes",25,421,441,444,1143652,642791,7560,202
"13219",5,722211,78,0,2007,1,"","Oconee County, Georgia","Private","Limited-service restaurants","County, NAICS 6-digit -- by ownership sector","All establishment sizes",19,397,421,414,994922,963454,9386,186
"13219",5,"722211",78,0,2007,2,"","Oconee County, Georgia","Private","Limited-service restaurants","County, NAICS 6-digit -- by ownership sector","All establishment sizes",19,419,412,422,1034369,851880,8804,191
"13219",5,"722211",78,0,2007,3,"","Oconee County, Georgia","Private","Limited-service restaurants","County, NAICS 6-digit -- by ownership sector","All establishment sizes",19,409,407,413,1032397,702890,7262,194
"13219",5,"722211",78,0,2007,4,"","Oconee County, Georgia","Private","Limited-service restaurants","County, NAICS 6-digit -- by ownership sector","All establishment sizes",18,391,384,390,1043181,581314,5948,207
"13219",5,722212,78,0,2007,1,"-","Oconee County, Georgia","Private","Cafeterias, grill buffets, and buffets","County, NAICS 6-digit -- by ownership sector","All establishment sizes",0,0,0,0,0,0,0,0
"13219",5,"722212",78,0,2007,2,"-","Oconee County, Georgia","Private","Cafeterias, grill buffets, and buffets","County, NAICS 6-digit -- by ownership sector","All establishment sizes",0,0,0,0,0,0,0,0
"13219",5,"722212",78,0,2007,3,"N","Oconee County, Georgia","Private","Cafeterias, grill buffets, and buffets","County, NAICS 6-digit -- by ownership sector","All establishment sizes",1,0,0,0,0,0,0,0
"13219",5,"722212",78,0,2007,4,"N","Oconee County, Georgia","Private","Cafeterias, grill buffets, and buffets","County, NAICS 6-digit -- by ownership sector","All establishment sizes",1,0,0,0,0,0,0,0
"13219",5,722213,78,0,2007,1,"","Oconee County, Georgia","Private","Snack and nonalcoholic beverage bars","County, NAICS 6-digit -- by ownership sector","All establishment sizes",4,21,20,21,27254,27254,715,101
"13219",5,"722213",78,0,2007,2,"","Oconee County, Georgia","Private","Snack and nonalcoholic beverage bars","County, NAICS 6-digit -- by ownership sector","All establishment sizes",4,23,31,26,34461,34067,893,99
"13219",5,"722213",78,0,2007,3,"N","Oconee County, Georgia","Private","Snack and nonalcoholic beverage bars","County, NAICS 6-digit -- by ownership sector","All establishment sizes",4,0,0,0,0,0,0,0
"13219",5,"722213",78,0,2007,4,"N","Oconee County, Georgia","Private","Snack and nonalcoholic beverage bars","County, NAICS 6-digit -- by ownership sector","All establishment sizes",6,0,0,0,0,0,0,0
"13219",5,7223,76,0,2007,1,"N","Oconee County, Georgia","Private","Special food services","County, NAICS 4-digit -- by ownership sector","All establishment sizes",1,0,0,0,0,0,0,0
"13219",5,"7223",76,0,2007,2,"N","Oconee County, Georgia","Private","Special food services","County, NAICS 4-digit -- by ownership sector","All establishment sizes",1,0,0,0,0,0,0,0
"13219",5,"7223",76,0,2007,3,"N","Oconee County, Georgia","Private","Special food services","County, NAICS 4-digit -- by ownership sector","All establishment sizes",1,0,0,0,0,0,0,0
"13219",5,"7223",76,0,2007,4,"N","Oconee County, Georgia","Private","Special food services","County, NAICS 4-digit -- by ownership sector","All establishment sizes",1,0,0,0,0,0,0,0
"13219",5,72231,77,0,2007,1,"N","Oconee County, Georgia","Private","Food service contractors","County, NAICS 5-digit -- by ownership sector","All establishment sizes",1,0,0,0,0,0,0,0
"13219",5,"72231",77,0,2007,2,"N","Oconee County, Georgia","Private","Food service contractors","County, NAICS 5-digit -- by ownership sector","All establishment sizes",1,0,0,0,0,0,0,0
"13219",5,"72231",77,0,2007,3,"N","Oconee County, Georgia","Private","Food service contractors","County, NAICS 5-digit -- by ownership sector","All establishment sizes",1,0,0,0,0,0,0,0
"13219",5,"72231",77,0,2007,4,"N","Oconee County, Georgia","Private","Food service contractors","County, NAICS 5-digit -- by ownership sector","All establishment sizes",1,0,0,0,0,0,0,0
"13219",5,722310,78,0,2007,1,"N","Oconee County, Georgia","Private","Food service contractors","County, NAICS 6-digit -- by ownership sector","All establishment sizes",1,0,0,0,0,0,0,0
"13219",5,"722310",78,0,2007,2,"N","Oconee County, Georgia","Private","Food service contractors","County, NAICS 6-digit -- by ownership sector","All establishment sizes",1,0,0,0,0,0,0,0
"13219",5,"722310",78,0,2007,3,"N","Oconee County, Georgia","Private","Food service contractors","County, NAICS 6-digit -- by ownership sector","All establishment sizes",1,0,0,0,0,0,0,0
"13219",5,"722310",78,0,2007,4,"N","Oconee County, Georgia","Private","Food service contractors","County, NAICS 6-digit -- by ownership sector","All establishment sizes",1,0,0,0,0,0,0,0
"13219",5,81,74,0,2007,1,"","Oconee County, Georgia","Private","Other services, except public administration","County, NAICS Sector -- by ownership sector","All establishment sizes",76,386,391,382,2366406,1938444,30354,471
"13219",5,"81",74,0,2007,2,"","Oconee County, Georgia","Private","Other services, except public administration","County, NAICS Sector -- by ownership sector","All establishment sizes",72,384,371,378,2398964,824188,12914,489
"13219",5,"81",74,0,2007,3,"","Oconee County, Georgia","Private","Other services, except public administration","County, NAICS Sector -- by ownership sector","All establishment sizes",75,354,358,367,2297773,417922,5815,491
"13219",5,"81",74,0,2007,4,"","Oconee County, Georgia","Private","Other services, except public administration","County, NAICS Sector -- by ownership sector","All establishment sizes",77,383,385,397,2480932,430606,6540,491
"13219",5,811,75,0,2007,1,"","Oconee County, Georgia","Private","Repair and maintenance","County, NAICS 3-digit -- by ownership sector","All establishment sizes",22,60,66,73,405160,355932,3380,470
"13219",5,"811",75,0,2007,2,"","Oconee County, Georgia","Private","Repair and maintenance","County, NAICS 3-digit -- by ownership sector","All establishment sizes",21,68,56,69,375511,169805,1603,449
"13219",5,"811",75,0,2007,3,"","Oconee County, Georgia","Private","Repair and maintenance","County, NAICS 3-digit -- by ownership sector","All establishment sizes",21,66,68,65,375668,95454,965,436
"13219",5,"811",75,0,2007,4,"","Oconee County, Georgia","Private","Repair and maintenance","County, NAICS 3-digit -- by ownership sector","All establishment sizes",21,67,68,67,396284,93915,1223,453
"13219",5,8111,76,0,2007,1,"","Oconee County, Georgia","Private","Automotive repair and maintenance","County, NAICS 4-digit -- by ownership sector","All establishment sizes",15,43,49,55,312196,273624,2971,490
"13219",5,"8111",76,0,2007,2,"","Oconee County, Georgia","Private","Automotive repair and maintenance","County, NAICS 4-digit -- by ownership sector","All establishment sizes",14,51,37,50,290676,119372,1401,486
"13219",5,"8111",76,0,2007,3,"","Oconee County, Georgia","Private","Automotive repair and maintenance","County, NAICS 4-digit -- by ownership sector","All establishment sizes",14,48,51,49,300130,75976,915,468
"13219",5,"8111",76,0,2007,4,"","Oconee County, Georgia","Private","Automotive repair and maintenance","County, NAICS 4-digit -- by ownership sector","All establishment sizes",14,52,52,52,328948,77098,1175,487
"13219",5,81111,77,0,2007,1,"","Oconee County, Georgia","Private","Automotive mechanical and electrical repair","County, NAICS 5-digit -- by ownership sector","All establishment sizes",9,24,25,26,176907,149975,1987,544
"13219",5,"81111",77,0,2007,2,"","Oconee County, Georgia","Private","Automotive mechanical and electrical repair","County, NAICS 5-digit -- by ownership sector","All establishment sizes",9,24,22,24,170296,53524,684,561
"13219",5,"81111",77,0,2007,3,"","Oconee County, Georgia","Private","Automotive mechanical and electrical repair","County, NAICS 5-digit -- by ownership sector","All establishment sizes",9,24,23,23,170040,22521,247,561
"13219",5,"81111",77,0,2007,4,"","Oconee County, Georgia","Private","Automotive mechanical and electrical repair","County, NAICS 5-digit -- by ownership sector","All establishment sizes",9,28,28,27,198461,40935,618,552
"13219",5,811111,78,0,2007,1,"N","Oconee County, Georgia","Private","General automotive repair","County, NAICS 6-digit -- by ownership sector","All establishment sizes",8,0,0,0,0,0,0,0
"13219",5,"811111",78,0,2007,2,"N","Oconee County, Georgia","Private","General automotive repair","County, NAICS 6-digit -- by ownership sector","All establishment sizes",8,0,0,0,0,0,0,0
"13219",5,"811111",78,0,2007,3,"N","Oconee County, Georgia","Private","General automotive repair","County, NAICS 6-digit -- by ownership sector","All establishment sizes",8,0,0,0,0,0,0,0
"13219",5,"811111",78,0,2007,4,"N","Oconee County, Georgia","Private","General automotive repair","County, NAICS 6-digit -- by ownership sector","All establishment sizes",8,0,0,0,0,0,0,0
"13219",5,811113,78,0,2007,1,"N","Oconee County, Georgia","Private","Automotive transmission repair","County, NAICS 6-digit -- by ownership sector","All establishment sizes",1,0,0,0,0,0,0,0
"13219",5,"811113",78,0,2007,2,"N","Oconee County, Georgia","Private","Automotive transmission repair","County, NAICS 6-digit -- by ownership sector","All establishment sizes",1,0,0,0,0,0,0,0
"13219",5,"811113",78,0,2007,3,"N","Oconee County, Georgia","Private","Automotive transmission repair","County, NAICS 6-digit -- by ownership sector","All establishment sizes",1,0,0,0,0,0,0,0
"13219",5,"811113",78,0,2007,4,"N","Oconee County, Georgia","Private","Automotive transmission repair","County, NAICS 6-digit -- by ownership sector","All establishment sizes",1,0,0,0,0,0,0,0
"13219",5,81112,77,0,2007,1,"N","Oconee County, Georgia","Private","Automotive body, interior, and glass repair","County, NAICS 5-digit -- by ownership sector","All establishment sizes",3,0,0,0,0,0,0,0
"13219",5,"81112",77,0,2007,2,"N","Oconee County, Georgia","Private","Automotive body, interior, and glass repair","County, NAICS 5-digit -- by ownership sector","All establishment sizes",2,0,0,0,0,0,0,0
"13219",5,"81112",77,0,2007,3,"N","Oconee County, Georgia","Private","Automotive body, interior, and glass repair","County, NAICS 5-digit -- by ownership sector","All establishment sizes",2,0,0,0,0,0,0,0
"13219",5,"81112",77,0,2007,4,"N","Oconee County, Georgia","Private","Automotive body, interior, and glass repair","County, NAICS 5-digit -- by ownership sector","All establishment sizes",2,0,0,0,0,0,0,0
"13219",5,811121,78,0,2007,1,"N","Oconee County, Georgia","Private","Automotive body and interior repair","County, NAICS 6-digit -- by ownership sector","All establishment sizes",3,0,0,0,0,0,0,0
"13219",5,"811121",78,0,2007,2,"N","Oconee County, Georgia","Private","Automotive body and interior repair","County, NAICS 6-digit -- by ownership sector","All establishment sizes",2,0,0,0,0,0,0,0
"13219",5,"811121",78,0,2007,3,"N","Oconee County, Georgia","Private","Automotive body and interior repair","County, NAICS 6-digit -- by ownership sector","All establishment sizes",2,0,0,0,0,0,0,0
"13219",5,"811121",78,0,2007,4,"N","Oconee County, Georgia","Private","Automotive body and interior repair","County, NAICS 6-digit -- by ownership sector","All establishment sizes",2,0,0,0,0,0,0,0
"13219",5,81119,77,0,2007,1,"N","Oconee County, Georgia","Private","Other automotive repair and maintenance","County, NAICS 5-digit -- by ownership sector","All establishment sizes",3,0,0,0,0,0,0,0
"13219",5,"81119",77,0,2007,2,"N","Oconee County, Georgia","Private","Other automotive repair and maintenance","County, NAICS 5-digit -- by ownership sector","All establishment sizes",3,0,0,0,0,0,0,0
"13219",5,"81119",77,0,2007,3,"N","Oconee County, Georgia","Private","Other automotive repair and maintenance","County, NAICS 5-digit -- by ownership sector","All establishment sizes",3,0,0,0,0,0,0,0
"13219",5,"81119",77,0,2007,4,"N","Oconee County, Georgia","Private","Other automotive repair and maintenance","County, NAICS 5-digit -- by ownership sector","All establishment sizes",3,0,0,0,0,0,0,0
"13219",5,811191,78,0,2007,1,"N","Oconee County, Georgia","Private","Automotive oil change and lubrication shops","County, NAICS 6-digit -- by ownership sector","All establishment sizes",2,0,0,0,0,0,0,0
"13219",5,"811191",78,0,2007,2,"N","Oconee County, Georgia","Private","Automotive oil change and lubrication shops","County, NAICS 6-digit -- by ownership sector","All establishment sizes",2,0,0,0,0,0,0,0
"13219",5,"811191",78,0,2007,3,"N","Oconee County, Georgia","Private","Automotive oil change and lubrication shops","County, NAICS 6-digit -- by ownership sector","All establishment sizes",2,0,0,0,0,0,0,0
"13219",5,"811191",78,0,2007,4,"N","Oconee County, Georgia","Private","Automotive oil change and lubrication shops","County, NAICS 6-digit -- by ownership sector","All establishment sizes",2,0,0,0,0,0,0,0
"13219",5,811192,78,0,2007,1,"N","Oconee County, Georgia","Private","Car washes","County, NAICS 6-digit -- by ownership sector","All establishment sizes",1,0,0,0,0,0,0,0
"13219",5,"811192",78,0,2007,2,"N","Oconee County, Georgia","Private","Car washes","County, NAICS 6-digit -- by ownership sector","All establishment sizes",1,0,0,0,0,0,0,0
"13219",5,"811192",78,0,2007,3,"N","Oconee County, Georgia","Private","Car washes","County, NAICS 6-digit -- by ownership sector","All establishment sizes",1,0,0,0,0,0,0,0
"13219",5,"811192",78,0,2007,4,"N","Oconee County, Georgia","Private","Car washes","County, NAICS 6-digit -- by ownership sector","All establishment sizes",1,0,0,0,0,0,0,0
"13219",5,8112,76,0,2007,1,"N","Oconee County, Georgia","Private","Electronic equipment repair and maintenance","County, NAICS 4-digit -- by ownership sector","All establishment sizes",2,0,0,0,0,0,0,0
"13219",5,"8112",76,0,2007,2,"N","Oconee County, Georgia","Private","Electronic equipment repair and maintenance","County, NAICS 4-digit -- by ownership sector","All establishment sizes",2,0,0,0,0,0,0,0
"13219",5,"8112",76,0,2007,3,"N","Oconee County, Georgia","Private","Electronic equipment repair and maintenance","County, NAICS 4-digit -- by ownership sector","All establishment sizes",2,0,0,0,0,0,0,0
"13219",5,"8112",76,0,2007,4,"N","Oconee County, Georgia","Private","Electronic equipment repair and maintenance","County, NAICS 4-digit -- by ownership sector","All establishment sizes",2,0,0,0,0,0,0,0
"13219",5,81121,77,0,2007,1,"N","Oconee County, Georgia","Private","Electronic equipment repair and maintenance","County, NAICS 5-digit -- by ownership sector","All establishment sizes",2,0,0,0,0,0,0,0
"13219",5,"81121",77,0,2007,2,"N","Oconee County, Georgia","Private","Electronic equipment repair and maintenance","County, NAICS 5-digit -- by ownership sector","All establishment sizes",2,0,0,0,0,0,0,0
"13219",5,"81121",77,0,2007,3,"N","Oconee County, Georgia","Private","Electronic equipment repair and maintenance","County, NAICS 5-digit -- by ownership sector","All establishment sizes",2,0,0,0,0,0,0,0
"13219",5,"81121",77,0,2007,4,"N","Oconee County, Georgia","Private","Electronic equipment repair and maintenance","County, NAICS 5-digit -- by ownership sector","All establishment sizes",2,0,0,0,0,0,0,0
"13219",5,811211,78,0,2007,1,"N","Oconee County, Georgia","Private","Consumer electronics repair and maintenance","County, NAICS 6-digit -- by ownership sector","All establishment sizes",1,0,0,0,0,0,0,0
"13219",5,"811211",78,0,2007,2,"N","Oconee County, Georgia","Private","Consumer electronics repair and maintenance","County, NAICS 6-digit -- by ownership sector","All establishment sizes",1,0,0,0,0,0,0,0
"13219",5,"811211",78,0,2007,3,"N","Oconee County, Georgia","Private","Consumer electronics repair and maintenance","County, NAICS 6-digit -- by ownership sector","All establishment sizes",1,0,0,0,0,0,0,0
"13219",5,"811211",78,0,2007,4,"N","Oconee County, Georgia","Private","Consumer electronics repair and maintenance","County, NAICS 6-digit -- by ownership sector","All establishment sizes",1,0,0,0,0,0,0,0
"13219",5,811219,78,0,2007,1,"N","Oconee County, Georgia","Private","Other electronic equipment repair","County, NAICS 6-digit -- by ownership sector","All establishment sizes",1,0,0,0,0,0,0,0
"13219",5,"811219",78,0,2007,2,"N","Oconee County, Georgia","Private","Other electronic equipment repair","County, NAICS 6-digit -- by ownership sector","All establishment sizes",1,0,0,0,0,0,0,0
"13219",5,"811219",78,0,2007,3,"N","Oconee County, Georgia","Private","Other electronic equipment repair","County, NAICS 6-digit -- by ownership sector","All establishment sizes",1,0,0,0,0,0,0,0
"13219",5,"811219",78,0,2007,4,"N","Oconee County, Georgia","Private","Other electronic equipment repair","County, NAICS 6-digit -- by ownership sector","All establishment sizes",1,0,0,0,0,0,0,0
"13219",5,8113,76,0,2007,1,"N","Oconee County, Georgia","Private","Commercial machinery repair and maintenance","County, NAICS 4-digit -- by ownership sector","All establishment sizes",2,0,0,0,0,0,0,0
"13219",5,"8113",76,0,2007,2,"N","Oconee County, Georgia","Private","Commercial machinery repair and maintenance","County, NAICS 4-digit -- by ownership sector","All establishment sizes",2,0,0,0,0,0,0,0
"13219",5,"8113",76,0,2007,3,"N","Oconee County, Georgia","Private","Commercial machinery repair and maintenance","County, NAICS 4-digit -- by ownership sector","All establishment sizes",2,0,0,0,0,0,0,0
"13219",5,"8113",76,0,2007,4,"N","Oconee County, Georgia","Private","Commercial machinery repair and maintenance","County, NAICS 4-digit -- by ownership sector","All establishment sizes",2,0,0,0,0,0,0,0
"13219",5,81131,77,0,2007,1,"N","Oconee County, Georgia","Private","Commercial machinery repair and maintenance","County, NAICS 5-digit -- by ownership sector","All establishment sizes",2,0,0,0,0,0,0,0
"13219",5,"81131",77,0,2007,2,"N","Oconee County, Georgia","Private","Commercial machinery repair and maintenance","County, NAICS 5-digit -- by ownership sector","All establishment sizes",2,0,0,0,0,0,0,0
"13219",5,"81131",77,0,2007,3,"N","Oconee County, Georgia","Private","Commercial machinery repair and maintenance","County, NAICS 5-digit -- by ownership sector","All establishment sizes",2,0,0,0,0,0,0,0
"13219",5,"81131",77,0,2007,4,"N","Oconee County, Georgia","Private","Commercial machinery repair and maintenance","County, NAICS 5-digit -- by ownership sector","All establishment sizes",2,0,0,0,0,0,0,0
"13219",5,811310,78,0,2007,1,"N","Oconee County, Georgia","Private","Commercial machinery repair and maintenance","County, NAICS 6-digit -- by ownership sector","All establishment sizes",2,0,0,0,0,0,0,0
"13219",5,"811310",78,0,2007,2,"N","Oconee County, Georgia","Private","Commercial machinery repair and maintenance","County, NAICS 6-digit -- by ownership sector","All establishment sizes",2,0,0,0,0,0,0,0
"13219",5,"811310",78,0,2007,3,"N","Oconee County, Georgia","Private","Commercial machinery repair and maintenance","County, NAICS 6-digit -- by ownership sector","All establishment sizes",2,0,0,0,0,0,0,0
"13219",5,"811310",78,0,2007,4,"N","Oconee County, Georgia","Private","Commercial machinery repair and maintenance","County, NAICS 6-digit -- by ownership sector","All establishment sizes",2,0,0,0,0,0,0,0
"13219",5,8114,76,0,2007,1,"","Oconee County, Georgia","Private","Household goods repair and maintenance","County, NAICS 4-digit -- by ownership sector","All establishment sizes",3,10,10,11,68147,57491,398,507
"13219",5,"8114",76,0,2007,2,"","Oconee County, Georgia","Private","Household goods repair and maintenance","County, NAICS 4-digit -- by ownership sector","All establishment sizes",3,10,11,11,59265,29063,192,427
"13219",5,"8114",76,0,2007,3,"","Oconee County, Georgia","Private","Household goods repair and maintenance","County, NAICS 4-digit -- by ownership sector","All establishment sizes",3,11,10,9,52504,8664,46,404
"13219",5,"8114",76,0,2007,4,"","Oconee County, Georgia","Private","Household goods repair and maintenance","County, NAICS 4-digit -- by ownership sector","All establishment sizes",3,8,8,8,44910,10036,46,432
"13219",5,81141,77,0,2007,1,"N","Oconee County, Georgia","Private","Home and garden equip. and appliance repair","County, NAICS 5-digit -- by ownership sector","All establishment sizes",1,0,0,0,0,0,0,0
"13219",5,"81141",77,0,2007,2,"N","Oconee County, Georgia","Private","Home and garden equip. and appliance repair","County, NAICS 5-digit -- by ownership sector","All establishment sizes",1,0,0,0,0,0,0,0
"13219",5,"81141",77,0,2007,3,"N","Oconee County, Georgia","Private","Home and garden equip. and appliance repair","County, NAICS 5-digit -- by ownership sector","All establishment sizes",1,0,0,0,0,0,0,0
"13219",5,"81141",77,0,2007,4,"N","Oconee County, Georgia","Private","Home and garden equip. and appliance repair","County, NAICS 5-digit -- by ownership sector","All establishment sizes",1,0,0,0,0,0,0,0
"13219",5,811412,78,0,2007,1,"N","Oconee County, Georgia","Private","Appliance repair and maintenance","County, NAICS 6-digit -- by ownership sector","All establishment sizes",1,0,0,0,0,0,0,0
"13219",5,"811412",78,0,2007,2,"N","Oconee County, Georgia","Private","Appliance repair and maintenance","County, NAICS 6-digit -- by ownership sector","All establishment sizes",1,0,0,0,0,0,0,0
"13219",5,"811412",78,0,2007,3,"N","Oconee County, Georgia","Private","Appliance repair and maintenance","County, NAICS 6-digit -- by ownership sector","All establishment sizes",1,0,0,0,0,0,0,0
"13219",5,"811412",78,0,2007,4,"N","Oconee County, Georgia","Private","Appliance repair and maintenance","County, NAICS 6-digit -- by ownership sector","All establishment sizes",1,0,0,0,0,0,0,0
"13219",5,81142,77,0,2007,1,"N","Oconee County, Georgia","Private","Reupholstery and furniture repair","County, NAICS 5-digit -- by ownership sector","All establishment sizes",2,0,0,0,0,0,0,0
"13219",5,"81142",77,0,2007,2,"N","Oconee County, Georgia","Private","Reupholstery and furniture repair","County, NAICS 5-digit -- by ownership sector","All establishment sizes",2,0,0,0,0,0,0,0
"13219",5,"81142",77,0,2007,3,"N","Oconee County, Georgia","Private","Reupholstery and furniture repair","County, NAICS 5-digit -- by ownership sector","All establishment sizes",2,0,0,0,0,0,0,0
"13219",5,"81142",77,0,2007,4,"N","Oconee County, Georgia","Private","Reupholstery and furniture repair","County, NAICS 5-digit -- by ownership sector","All establishment sizes",2,0,0,0,0,0,0,0
"13219",5,811420,78,0,2007,1,"N","Oconee County, Georgia","Private","Reupholstery and furniture repair","County, NAICS 6-digit -- by ownership sector","All establishment sizes",2,0,0,0,0,0,0,0
"13219",5,"811420",78,0,2007,2,"N","Oconee County, Georgia","Private","Reupholstery and furniture repair","County, NAICS 6-digit -- by ownership sector","All establishment sizes",2,0,0,0,0,0,0,0
"13219",5,"811420",78,0,2007,3,"N","Oconee County, Georgia","Private","Reupholstery and furniture repair","County, NAICS 6-digit -- by ownership sector","All establishment sizes",2,0,0,0,0,0,0,0
"13219",5,"811420",78,0,2007,4,"N","Oconee County, Georgia","Private","Reupholstery and furniture repair","County, NAICS 6-digit -- by ownership sector","All establishment sizes",2,0,0,0,0,0,0,0
"13219",5,812,75,0,2007,1,"","Oconee County, Georgia","Private","Personal and laundry services","County, NAICS 3-digit -- by ownership sector","All establishment sizes",14,236,236,219,1413532,1199203,22425,472
"13219",5,"812",75,0,2007,2,"","Oconee County, Georgia","Private","Personal and laundry services","County, NAICS 3-digit -- by ownership sector","All establishment sizes",13,224,225,221,1463104,530244,9499,504
"13219",5,"812",75,0,2007,3,"","Oconee County, Georgia","Private","Personal and laundry services","County, NAICS 3-digit -- by ownership sector","All establishment sizes",15,218,217,224,1421975,260856,4117,498
"13219",5,"812",75,0,2007,4,"","Oconee County, Georgia","Private","Personal and laundry services","County, NAICS 3-digit -- by ownership sector","All establishment sizes",16,220,221,233,1509701,251683,4043,517
"13219",5,8121,76,0,2007,1,"","Oconee County, Georgia","Private","Personal care services","County, NAICS 4-digit -- by ownership sector","All establishment sizes",8,44,42,26,123290,120202,552,254
"13219",5,"8121",76,0,2007,2,"","Oconee County, Georgia","Private","Personal care services","County, NAICS 4-digit -- by ownership sector","All establishment sizes",7,25,24,26,99053,55880,342,305
"13219",5,"8121",76,0,2007,3,"","Oconee County, Georgia","Private","Personal care services","County, NAICS 4-digit -- by ownership sector","All establishment sizes",8,25,29,29,116599,52333,485,324
"13219",5,"8121",76,0,2007,4,"","Oconee County, Georgia","Private","Personal care services","County, NAICS 4-digit -- by ownership sector","All establishment sizes",8,27,23,29,110969,48820,445,324
"13219",5,81211,77,0,2007,1,"N","Oconee County, Georgia","Private","Hair, nail, and skin care services","County, NAICS 5-digit -- by ownership sector","All establishment sizes",5,0,0,0,0,0,0,0
"13219",5,"81211",77,0,2007,2,"N","Oconee County, Georgia","Private","Hair, nail, and skin care services","County, NAICS 5-digit -- by ownership sector","All establishment sizes",5,0,0,0,0,0,0,0
"13219",5,"81211",77,0,2007,3,"N","Oconee County, Georgia","Private","Hair, nail, and skin care services","County, NAICS 5-digit -- by ownership sector","All establishment sizes",6,0,0,0,0,0,0,0
"13219",5,"81211",77,0,2007,4,"N","Oconee County, Georgia","Private","Hair, nail, and skin care services","County, NAICS 5-digit -- by ownership sector","All establishment sizes",6,0,0,0,0,0,0,0
"13219",5,812112,78,0,2007,1,"N","Oconee County, Georgia","Private","Beauty salons","County, NAICS 6-digit -- by ownership sector","All establishment sizes",5,0,0,0,0,0,0,0
"13219",5,"812112",78,0,2007,2,"N","Oconee County, Georgia","Private","Beauty salons","County, NAICS 6-digit -- by ownership sector","All establishment sizes",5,0,0,0,0,0,0,0
"13219",5,"812112",78,0,2007,3,"N","Oconee County, Georgia","Private","Beauty salons","County, NAICS 6-digit -- by ownership sector","All establishment sizes",6,0,0,0,0,0,0,0
"13219",5,"812112",78,0,2007,4,"N","Oconee County, Georgia","Private","Beauty salons","County, NAICS 6-digit -- by ownership sector","All establishment sizes",6,0,0,0,0,0,0,0
"13219",5,81219,77,0,2007,1,"N","Oconee County, Georgia","Private","Other personal care services","County, NAICS 5-digit -- by ownership sector","All establishment sizes",3,0,0,0,0,0,0,0
"13219",5,"81219",77,0,2007,2,"N","Oconee County, Georgia","Private","Other personal care services","County, NAICS 5-digit -- by ownership sector","All establishment sizes",2,0,0,0,0,0,0,0
"13219",5,"81219",77,0,2007,3,"N","Oconee County, Georgia","Private","Other personal care services","County, NAICS 5-digit -- by ownership sector","All establishment sizes",2,0,0,0,0,0,0,0
"13219",5,"81219",77,0,2007,4,"N","Oconee County, Georgia","Private","Other personal care services","County, NAICS 5-digit -- by ownership sector","All establishment sizes",2,0,0,0,0,0,0,0
"13219",5,812199,78,0,2007,1,"N","Oconee County, Georgia","Private","Other personal care services","County, NAICS 6-digit -- by ownership sector","All establishment sizes",3,0,0,0,0,0,0,0
"13219",5,"812199",78,0,2007,2,"N","Oconee County, Georgia","Private","Other personal care services","County, NAICS 6-digit -- by ownership sector","All establishment sizes",2,0,0,0,0,0,0,0
"13219",5,"812199",78,0,2007,3,"N","Oconee County, Georgia","Private","Other personal care services","County, NAICS 6-digit -- by ownership sector","All establishment sizes",2,0,0,0,0,0,0,0
"13219",5,"812199",78,0,2007,4,"N","Oconee County, Georgia","Private","Other personal care services","County, NAICS 6-digit -- by ownership sector","All establishment sizes",2,0,0,0,0,0,0,0
"13219",5,8123,76,0,2007,1,"N","Oconee County, Georgia","Private","Drycleaning and laundry services","County, NAICS 4-digit -- by ownership sector","All establishment sizes",3,0,0,0,0,0,0,0
"13219",5,"8123",76,0,2007,2,"N","Oconee County, Georgia","Private","Drycleaning and laundry services","County, NAICS 4-digit -- by ownership sector","All establishment sizes",3,0,0,0,0,0,0,0
"13219",5,"8123",76,0,2007,3,"N","Oconee County, Georgia","Private","Drycleaning and laundry services","County, NAICS 4-digit -- by ownership sector","All establishment sizes",4,0,0,0,0,0,0,0
"13219",5,"8123",76,0,2007,4,"N","Oconee County, Georgia","Private","Drycleaning and laundry services","County, NAICS 4-digit -- by ownership sector","All establishment sizes",4,0,0,0,0,0,0,0
"13219",5,81231,77,0,2007,1,"-","Oconee County, Georgia","Private","Coin-operated laundries and drycleaners","County, NAICS 5-digit -- by ownership sector","All establishment sizes",0,0,0,0,0,0,0,0
"13219",5,"81231",77,0,2007,2,"-","Oconee County, Georgia","Private","Coin-operated laundries and drycleaners","County, NAICS 5-digit -- by ownership sector","All establishment sizes",0,0,0,0,0,0,0,0
"13219",5,"81231",77,0,2007,3,"N","Oconee County, Georgia","Private","Coin-operated laundries and drycleaners","County, NAICS 5-digit -- by ownership sector","All establishment sizes",1,0,0,0,0,0,0,0
"13219",5,"81231",77,0,2007,4,"N","Oconee County, Georgia","Private","Coin-operated laundries and drycleaners","County, NAICS 5-digit -- by ownership sector","All establishment sizes",1,0,0,0,0,0,0,0
"13219",5,812310,78,0,2007,1,"-","Oconee County, Georgia","Private","Coin-operated laundries and drycleaners","County, NAICS 6-digit -- by ownership sector","All establishment sizes",0,0,0,0,0,0,0,0
"13219",5,"812310",78,0,2007,2,"-","Oconee County, Georgia","Private","Coin-operated laundries and drycleaners","County, NAICS 6-digit -- by ownership sector","All establishment sizes",0,0,0,0,0,0,0,0
"13219",5,"812310",78,0,2007,3,"N","Oconee County, Georgia","Private","Coin-operated laundries and drycleaners","County, NAICS 6-digit -- by ownership sector","All establishment sizes",1,0,0,0,0,0,0,0
"13219",5,"812310",78,0,2007,4,"N","Oconee County, Georgia","Private","Coin-operated laundries and drycleaners","County, NAICS 6-digit -- by ownership sector","All establishment sizes",1,0,0,0,0,0,0,0
"13219",5,81232,77,0,2007,1,"N","Oconee County, Georgia","Private","Drycleaning and laundry services","County, NAICS 5-digit -- by ownership sector","All establishment sizes",2,0,0,0,0,0,0,0
"13219",5,"81232",77,0,2007,2,"N","Oconee County, Georgia","Private","Drycleaning and laundry services","County, NAICS 5-digit -- by ownership sector","All establishment sizes",2,0,0,0,0,0,0,0
"13219",5,"81232",77,0,2007,3,"N","Oconee County, Georgia","Private","Drycleaning and laundry services","County, NAICS 5-digit -- by ownership sector","All establishment sizes",2,0,0,0,0,0,0,0
"13219",5,"81232",77,0,2007,4,"N","Oconee County, Georgia","Private","Drycleaning and laundry services","County, NAICS 5-digit -- by ownership sector","All establishment sizes",2,0,0,0,0,0,0,0
"13219",5,812320,78,0,2007,1,"N","Oconee County, Georgia","Private","Drycleaning and laundry services","County, NAICS 6-digit -- by ownership sector","All establishment sizes",2,0,0,0,0,0,0,0
"13219",5,"812320",78,0,2007,2,"N","Oconee County, Georgia","Private","Drycleaning and laundry services","County, NAICS 6-digit -- by ownership sector","All establishment sizes",2,0,0,0,0,0,0,0
"13219",5,"812320",78,0,2007,3,"N","Oconee County, Georgia","Private","Drycleaning and laundry services","County, NAICS 6-digit -- by ownership sector","All establishment sizes",2,0,0,0,0,0,0,0
"13219",5,"812320",78,0,2007,4,"N","Oconee County, Georgia","Private","Drycleaning and laundry services","County, NAICS 6-digit -- by ownership sector","All establishment sizes",2,0,0,0,0,0,0,0
"13219",5,81233,77,0,2007,1,"N","Oconee County, Georgia","Private","Linen and uniform supply","County, NAICS 5-digit -- by ownership sector","All establishment sizes",1,0,0,0,0,0,0,0
"13219",5,"81233",77,0,2007,2,"N","Oconee County, Georgia","Private","Linen and uniform supply","County, NAICS 5-digit -- by ownership sector","All establishment sizes",1,0,0,0,0,0,0,0
"13219",5,"81233",77,0,2007,3,"N","Oconee County, Georgia","Private","Linen and uniform supply","County, NAICS 5-digit -- by ownership sector","All establishment sizes",1,0,0,0,0,0,0,0
"13219",5,"81233",77,0,2007,4,"N","Oconee County, Georgia","Private","Linen and uniform supply","County, NAICS 5-digit -- by ownership sector","All establishment sizes",1,0,0,0,0,0,0,0
"13219",5,812331,78,0,2007,1,"N","Oconee County, Georgia","Private","Linen supply","County, NAICS 6-digit -- by ownership sector","All establishment sizes",1,0,0,0,0,0,0,0
"13219",5,"812331",78,0,2007,2,"N","Oconee County, Georgia","Private","Linen supply","County, NAICS 6-digit -- by ownership sector","All establishment sizes",1,0,0,0,0,0,0,0
"13219",5,"812331",78,0,2007,3,"N","Oconee County, Georgia","Private","Linen supply","County, NAICS 6-digit -- by ownership sector","All establishment sizes",1,0,0,0,0,0,0,0
"13219",5,"812331",78,0,2007,4,"N","Oconee County, Georgia","Private","Linen supply","County, NAICS 6-digit -- by ownership sector","All establishment sizes",1,0,0,0,0,0,0,0
"13219",5,8129,76,0,2007,1,"N","Oconee County, Georgia","Private","Other personal services","County, NAICS 4-digit -- by ownership sector","All establishment sizes",3,0,0,0,0,0,0,0
"13219",5,"8129",76,0,2007,2,"N","Oconee County, Georgia","Private","Other personal services","County, NAICS 4-digit -- by ownership sector","All establishment sizes",3,0,0,0,0,0,0,0
"13219",5,"8129",76,0,2007,3,"N","Oconee County, Georgia","Private","Other personal services","County, NAICS 4-digit -- by ownership sector","All establishment sizes",3,0,0,0,0,0,0,0
"13219",5,"8129",76,0,2007,4,"N","Oconee County, Georgia","Private","Other personal services","County, NAICS 4-digit -- by ownership sector","All establishment sizes",4,0,0,0,0,0,0,0
"13219",5,81291,77,0,2007,1,"N","Oconee County, Georgia","Private","Pet care, except veterinary, services","County, NAICS 5-digit -- by ownership sector","All establishment sizes",2,0,0,0,0,0,0,0
"13219",5,"81291",77,0,2007,2,"N","Oconee County, Georgia","Private","Pet care, except veterinary, services","County, NAICS 5-digit -- by ownership sector","All establishment sizes",2,0,0,0,0,0,0,0
"13219",5,"81291",77,0,2007,3,"N","Oconee County, Georgia","Private","Pet care, except veterinary, services","County, NAICS 5-digit -- by ownership sector","All establishment sizes",2,0,0,0,0,0,0,0
"13219",5,"81291",77,0,2007,4,"N","Oconee County, Georgia","Private","Pet care, except veterinary, services","County, NAICS 5-digit -- by ownership sector","All establishment sizes",2,0,0,0,0,0,0,0
"13219",5,812910,78,0,2007,1,"N","Oconee County, Georgia","Private","Pet care, except veterinary, services","County, NAICS 6-digit -- by ownership sector","All establishment sizes",2,0,0,0,0,0,0,0
"13219",5,"812910",78,0,2007,2,"N","Oconee County, Georgia","Private","Pet care, except veterinary, services","County, NAICS 6-digit -- by ownership sector","All establishment sizes",2,0,0,0,0,0,0,0
"13219",5,"812910",78,0,2007,3,"N","Oconee County, Georgia","Private","Pet care, except veterinary, services","County, NAICS 6-digit -- by ownership sector","All establishment sizes",2,0,0,0,0,0,0,0
"13219",5,"812910",78,0,2007,4,"N","Oconee County, Georgia","Private","Pet care, except veterinary, services","County, NAICS 6-digit -- by ownership sector","All establishment sizes",2,0,0,0,0,0,0,0
"13219",5,81299,77,0,2007,1,"N","Oconee County, Georgia","Private","All other personal services","County, NAICS 5-digit -- by ownership sector","All establishment sizes",1,0,0,0,0,0,0,0
"13219",5,"81299",77,0,2007,2,"N","Oconee County, Georgia","Private","All other personal services","County, NAICS 5-digit -- by ownership sector","All establishment sizes",1,0,0,0,0,0,0,0
"13219",5,"81299",77,0,2007,3,"N","Oconee County, Georgia","Private","All other personal services","County, NAICS 5-digit -- by ownership sector","All establishment sizes",1,0,0,0,0,0,0,0
"13219",5,"81299",77,0,2007,4,"N","Oconee County, Georgia","Private","All other personal services","County, NAICS 5-digit -- by ownership sector","All establishment sizes",2,0,0,0,0,0,0,0
"13219",5,812990,78,0,2007,1,"N","Oconee County, Georgia","Private","All other personal services","County, NAICS 6-digit -- by ownership sector","All establishment sizes",1,0,0,0,0,0,0,0
"13219",5,"812990",78,0,2007,2,"N","Oconee County, Georgia","Private","All other personal services","County, NAICS 6-digit -- by ownership sector","All establishment sizes",1,0,0,0,0,0,0,0
"13219",5,"812990",78,0,2007,3,"N","Oconee County, Georgia","Private","All other personal services","County, NAICS 6-digit -- by ownership sector","All establishment sizes",1,0,0,0,0,0,0,0
"13219",5,"812990",78,0,2007,4,"N","Oconee County, Georgia","Private","All other personal services","County, NAICS 6-digit -- by ownership sector","All establishment sizes",2,0,0,0,0,0,0,0
"13219",5,813,75,0,2007,1,"","Oconee County, Georgia","Private","Membership associations and organizations","County, NAICS 3-digit -- by ownership sector","All establishment sizes",10,51,50,52,405620,284472,2344,612
"13219",5,"813",75,0,2007,2,"","Oconee County, Georgia","Private","Membership associations and organizations","County, NAICS 3-digit -- by ownership sector","All establishment sizes",9,56,54,52,403461,70544,785,575
"13219",5,"813",75,0,2007,3,"","Oconee County, Georgia","Private","Membership associations and organizations","County, NAICS 3-digit -- by ownership sector","All establishment sizes",9,51,54,59,422239,46328,426,594
"13219",5,"813",75,0,2007,4,"","Oconee County, Georgia","Private","Membership associations and organizations","County, NAICS 3-digit -- by ownership sector","All establishment sizes",9,57,57,60,415544,41170,275,551
"13219",5,8131,76,0,2007,1,"N","Oconee County, Georgia","Private","Religious organizations","County, NAICS 4-digit -- by ownership sector","All establishment sizes",2,0,0,0,0,0,0,0
"13219",5,"8131",76,0,2007,2,"N","Oconee County, Georgia","Private","Religious organizations","County, NAICS 4-digit -- by ownership sector","All establishment sizes",2,0,0,0,0,0,0,0
"13219",5,"8131",76,0,2007,3,"N","Oconee County, Georgia","Private","Religious organizations","County, NAICS 4-digit -- by ownership sector","All establishment sizes",2,0,0,0,0,0,0,0
"13219",5,"8131",76,0,2007,4,"N","Oconee County, Georgia","Private","Religious organizations","County, NAICS 4-digit -- by ownership sector","All establishment sizes",2,0,0,0,0,0,0,0
"13219",5,81311,77,0,2007,1,"N","Oconee County, Georgia","Private","Religious organizations","County, NAICS 5-digit -- by ownership sector","All establishment sizes",2,0,0,0,0,0,0,0
"13219",5,"81311",77,0,2007,2,"N","Oconee County, Georgia","Private","Religious organizations","County, NAICS 5-digit -- by ownership sector","All establishment sizes",2,0,0,0,0,0,0,0
"13219",5,"81311",77,0,2007,3,"N","Oconee County, Georgia","Private","Religious organizations","County, NAICS 5-digit -- by ownership sector","All establishment sizes",2,0,0,0,0,0,0,0
"13219",5,"81311",77,0,2007,4,"N","Oconee County, Georgia","Private","Religious organizations","County, NAICS 5-digit -- by ownership sector","All establishment sizes",2,0,0,0,0,0,0,0
"13219",5,813110,78,0,2007,1,"N","Oconee County, Georgia","Private","Religious organizations","County, NAICS 6-digit -- by ownership sector","All establishment sizes",2,0,0,0,0,0,0,0
"13219",5,"813110",78,0,2007,2,"N","Oconee County, Georgia","Private","Religious organizations","County, NAICS 6-digit -- by ownership sector","All establishment sizes",2,0,0,0,0,0,0,0
"13219",5,"813110",78,0,2007,3,"N","Oconee County, Georgia","Private","Religious organizations","County, NAICS 6-digit -- by ownership sector","All establishment sizes",2,0,0,0,0,0,0,0
"13219",5,"813110",78,0,2007,4,"N","Oconee County, Georgia","Private","Religious organizations","County, NAICS 6-digit -- by ownership sector","All establishment sizes",2,0,0,0,0,0,0,0
"13219",5,8132,76,0,2007,1,"N","Oconee County, Georgia","Private","Grantmaking and giving services","County, NAICS 4-digit -- by ownership sector","All establishment sizes",1,0,0,0,0,0,0,0
"13219",5,"8132",76,0,2007,2,"N","Oconee County, Georgia","Private","Grantmaking and giving services","County, NAICS 4-digit -- by ownership sector","All establishment sizes",1,0,0,0,0,0,0,0
"13219",5,"8132",76,0,2007,3,"N","Oconee County, Georgia","Private","Grantmaking and giving services","County, NAICS 4-digit -- by ownership sector","All establishment sizes",1,0,0,0,0,0,0,0
"13219",5,"8132",76,0,2007,4,"N","Oconee County, Georgia","Private","Grantmaking and giving services","County, NAICS 4-digit -- by ownership sector","All establishment sizes",1,0,0,0,0,0,0,0
"13219",5,81321,77,0,2007,1,"N","Oconee County, Georgia","Private","Grantmaking and giving services","County, NAICS 5-digit -- by ownership sector","All establishment sizes",1,0,0,0,0,0,0,0
"13219",5,"81321",77,0,2007,2,"N","Oconee County, Georgia","Private","Grantmaking and giving services","County, NAICS 5-digit -- by ownership sector","All establishment sizes",1,0,0,0,0,0,0,0
"13219",5,"81321",77,0,2007,3,"N","Oconee County, Georgia","Private","Grantmaking and giving services","County, NAICS 5-digit -- by ownership sector","All establishment sizes",1,0,0,0,0,0,0,0
"13219",5,"81321",77,0,2007,4,"N","Oconee County, Georgia","Private","Grantmaking and giving services","County, NAICS 5-digit -- by ownership sector","All establishment sizes",1,0,0,0,0,0,0,0
"13219",5,813212,78,0,2007,1,"N","Oconee County, Georgia","Private","Voluntary health organizations","County, NAICS 6-digit -- by ownership sector","All establishment sizes",1,0,0,0,0,0,0,0
"13219",5,"813212",78,0,2007,2,"N","Oconee County, Georgia","Private","Voluntary health organizations","County, NAICS 6-digit -- by ownership sector","All establishment sizes",1,0,0,0,0,0,0,0
"13219",5,"813212",78,0,2007,3,"N","Oconee County, Georgia","Private","Voluntary health organizations","County, NAICS 6-digit -- by ownership sector","All establishment sizes",1,0,0,0,0,0,0,0
"13219",5,"813212",78,0,2007,4,"N","Oconee County, Georgia","Private","Voluntary health organizations","County, NAICS 6-digit -- by ownership sector","All establishment sizes",1,0,0,0,0,0,0,0
"13219",5,8133,76,0,2007,1,"N","Oconee County, Georgia","Private","Social advocacy organizations","County, NAICS 4-digit -- by ownership sector","All establishment sizes",3,0,0,0,0,0,0,0
"13219",5,"8133",76,0,2007,2,"N","Oconee County, Georgia","Private","Social advocacy organizations","County, NAICS 4-digit -- by ownership sector","All establishment sizes",2,0,0,0,0,0,0,0
"13219",5,"8133",76,0,2007,3,"N","Oconee County, Georgia","Private","Social advocacy organizations","County, NAICS 4-digit -- by ownership sector","All establishment sizes",2,0,0,0,0,0,0,0
"13219",5,"8133",76,0,2007,4,"N","Oconee County, Georgia","Private","Social advocacy organizations","County, NAICS 4-digit -- by ownership sector","All establishment sizes",2,0,0,0,0,0,0,0
"13219",5,81331,77,0,2007,1,"N","Oconee County, Georgia","Private","Social advocacy organizations","County, NAICS 5-digit -- by ownership sector","All establishment sizes",3,0,0,0,0,0,0,0
"13219",5,"81331",77,0,2007,2,"N","Oconee County, Georgia","Private","Social advocacy organizations","County, NAICS 5-digit -- by ownership sector","All establishment sizes",2,0,0,0,0,0,0,0
"13219",5,"81331",77,0,2007,3,"N","Oconee County, Georgia","Private","Social advocacy organizations","County, NAICS 5-digit -- by ownership sector","All establishment sizes",2,0,0,0,0,0,0,0
"13219",5,"81331",77,0,2007,4,"N","Oconee County, Georgia","Private","Social advocacy organizations","County, NAICS 5-digit -- by ownership sector","All establishment sizes",2,0,0,0,0,0,0,0
"13219",5,813311,78,0,2007,1,"N","Oconee County, Georgia","Private","Human rights organizations","County, NAICS 6-digit -- by ownership sector","All establishment sizes",1,0,0,0,0,0,0,0
"13219",5,"813311",78,0,2007,2,"N","Oconee County, Georgia","Private","Human rights organizations","County, NAICS 6-digit -- by ownership sector","All establishment sizes",1,0,0,0,0,0,0,0
"13219",5,"813311",78,0,2007,3,"N","Oconee County, Georgia","Private","Human rights organizations","County, NAICS 6-digit -- by ownership sector","All establishment sizes",1,0,0,0,0,0,0,0
"13219",5,"813311",78,0,2007,4,"N","Oconee County, Georgia","Private","Human rights organizations","County, NAICS 6-digit -- by ownership sector","All establishment sizes",1,0,0,0,0,0,0,0
"13219",5,813312,78,0,2007,1,"N","Oconee County, Georgia","Private","Environment and conservation organizations","County, NAICS 6-digit -- by ownership sector","All establishment sizes",2,0,0,0,0,0,0,0
"13219",5,"813312",78,0,2007,2,"N","Oconee County, Georgia","Private","Environment and conservation organizations","County, NAICS 6-digit -- by ownership sector","All establishment sizes",1,0,0,0,0,0,0,0
"13219",5,"813312",78,0,2007,3,"N","Oconee County, Georgia","Private","Environment and conservation organizations","County, NAICS 6-digit -- by ownership sector","All establishment sizes",1,0,0,0,0,0,0,0
"13219",5,"813312",78,0,2007,4,"N","Oconee County, Georgia","Private","Environment and conservation organizations","County, NAICS 6-digit -- by ownership sector","All establishment sizes",1,0,0,0,0,0,0,0
"13219",5,8139,76,0,2007,1,"","Oconee County, Georgia","Private","Professional and similar organizations","County, NAICS 4-digit -- by ownership sector","All establishment sizes",4,9,11,11,89721,72755,756,668
"13219",5,"8139",76,0,2007,2,"","Oconee County, Georgia","Private","Professional and similar organizations","County, NAICS 4-digit -- by ownership sector","All establishment sizes",4,11,11,11,86766,13783,359,607
"13219",5,"8139",76,0,2007,3,"","Oconee County, Georgia","Private","Professional and similar organizations","County, NAICS 4-digit -- by ownership sector","All establishment sizes",4,11,11,16,94274,13504,180,573
"13219",5,"8139",76,0,2007,4,"","Oconee County, Georgia","Private","Professional and similar organizations","County, NAICS 4-digit -- by ownership sector","All establishment sizes",4,11,11,11,88389,9179,35,618
"13219",5,81391,77,0,2007,1,"N","Oconee County, Georgia","Private","Business associations","County, NAICS 5-digit -- by ownership sector","All establishment sizes",3,0,0,0,0,0,0,0
"13219",5,"81391",77,0,2007,2,"N","Oconee County, Georgia","Private","Business associations","County, NAICS 5-digit -- by ownership sector","All establishment sizes",3,0,0,0,0,0,0,0
"13219",5,"81391",77,0,2007,3,"N","Oconee County, Georgia","Private","Business associations","County, NAICS 5-digit -- by ownership sector","All establishment sizes",3,0,0,0,0,0,0,0
"13219",5,"81391",77,0,2007,4,"N","Oconee County, Georgia","Private","Business associations","County, NAICS 5-digit -- by ownership sector","All establishment sizes",3,0,0,0,0,0,0,0
"13219",5,813910,78,0,2007,1,"N","Oconee County, Georgia","Private","Business associations","County, NAICS 6-digit -- by ownership sector","All establishment sizes",3,0,0,0,0,0,0,0
"13219",5,"813910",78,0,2007,2,"N","Oconee County, Georgia","Private","Business associations","County, NAICS 6-digit -- by ownership sector","All establishment sizes",3,0,0,0,0,0,0,0
"13219",5,"813910",78,0,2007,3,"N","Oconee County, Georgia","Private","Business associations","County, NAICS 6-digit -- by ownership sector","All establishment sizes",3,0,0,0,0,0,0,0
"13219",5,"813910",78,0,2007,4,"N","Oconee County, Georgia","Private","Business associations","County, NAICS 6-digit -- by ownership sector","All establishment sizes",3,0,0,0,0,0,0,0
"13219",5,81392,77,0,2007,1,"N","Oconee County, Georgia","Private","Professional organizations","County, NAICS 5-digit -- by ownership sector","All establishment sizes",1,0,0,0,0,0,0,0
"13219",5,"81392",77,0,2007,2,"N","Oconee County, Georgia","Private","Professional organizations","County, NAICS 5-digit -- by ownership sector","All establishment sizes",1,0,0,0,0,0,0,0
"13219",5,"81392",77,0,2007,3,"N","Oconee County, Georgia","Private","Professional organizations","County, NAICS 5-digit -- by ownership sector","All establishment sizes",1,0,0,0,0,0,0,0
"13219",5,"81392",77,0,2007,4,"N","Oconee County, Georgia","Private","Professional organizations","County, NAICS 5-digit -- by ownership sector","All establishment sizes",1,0,0,0,0,0,0,0
"13219",5,813920,78,0,2007,1,"N","Oconee County, Georgia","Private","Professional organizations","County, NAICS 6-digit -- by ownership sector","All establishment sizes",1,0,0,0,0,0,0,0
"13219",5,"813920",78,0,2007,2,"N","Oconee County, Georgia","Private","Professional organizations","County, NAICS 6-digit -- by ownership sector","All establishment sizes",1,0,0,0,0,0,0,0
"13219",5,"813920",78,0,2007,3,"N","Oconee County, Georgia","Private","Professional organizations","County, NAICS 6-digit -- by ownership sector","All establishment sizes",1,0,0,0,0,0,0,0
"13219",5,"813920",78,0,2007,4,"N","Oconee County, Georgia","Private","Professional organizations","County, NAICS 6-digit -- by ownership sector","All establishment sizes",1,0,0,0,0,0,0,0
"13219",5,814,75,0,2007,1,"","Oconee County, Georgia","Private","Private households","County, NAICS 3-digit -- by ownership sector","All establishment sizes",30,39,39,38,142094,98837,2205,283
"13219",5,"814",75,0,2007,2,"","Oconee County, Georgia","Private","Private households","County, NAICS 3-digit -- by ownership sector","All establishment sizes",29,36,36,36,156888,53595,1027,335
"13219",5,"814",75,0,2007,3,"","Oconee County, Georgia","Private","Private households","County, NAICS 3-digit -- by ownership sector","All establishment sizes",30,19,19,19,77891,15284,307,315
"13219",5,"814",75,0,2007,4,"","Oconee County, Georgia","Private","Private households","County, NAICS 3-digit -- by ownership sector","All establishment sizes",31,39,39,37,159403,43838,999,320
"13219",5,8141,76,0,2007,1,"","Oconee County, Georgia","Private","Private households","County, NAICS 4-digit -- by ownership sector","All establishment sizes",30,39,39,38,142094,98837,2205,283
"13219",5,"8141",76,0,2007,2,"","Oconee County, Georgia","Private","Private households","County, NAICS 4-digit -- by ownership sector","All establishment sizes",29,36,36,36,156888,53595,1027,335
"13219",5,"8141",76,0,2007,3,"","Oconee County, Georgia","Private","Private households","County, NAICS 4-digit -- by ownership sector","All establishment sizes",30,19,19,19,77891,15284,307,315
"13219",5,"8141",76,0,2007,4,"","Oconee County, Georgia","Private","Private households","County, NAICS 4-digit -- by ownership sector","All establishment sizes",31,39,39,37,159403,43838,999,320
"13219",5,81411,77,0,2007,1,"","Oconee County, Georgia","Private","Private households","County, NAICS 5-digit -- by ownership sector","All establishment sizes",30,39,39,38,142094,98837,2205,283
"13219",5,"81411",77,0,2007,2,"","Oconee County, Georgia","Private","Private households","County, NAICS 5-digit -- by ownership sector","All establishment sizes",29,36,36,36,156888,53595,1027,335
"13219",5,"81411",77,0,2007,3,"","Oconee County, Georgia","Private","Private households","County, NAICS 5-digit -- by ownership sector","All establishment sizes",30,19,19,19,77891,15284,307,315
"13219",5,"81411",77,0,2007,4,"","Oconee County, Georgia","Private","Private households","County, NAICS 5-digit -- by ownership sector","All establishment sizes",31,39,39,37,159403,43838,999,320
"13219",5,814110,78,0,2007,1,"","Oconee County, Georgia","Private","Private households","County, NAICS 6-digit -- by ownership sector","All establishment sizes",30,39,39,38,142094,98837,2205,283
"13219",5,"814110",78,0,2007,2,"","Oconee County, Georgia","Private","Private households","County, NAICS 6-digit -- by ownership sector","All establishment sizes",29,36,36,36,156888,53595,1027,335
"13219",5,"814110",78,0,2007,3,"","Oconee County, Georgia","Private","Private households","County, NAICS 6-digit -- by ownership sector","All establishment sizes",30,19,19,19,77891,15284,307,315
"13219",5,"814110",78,0,2007,4,"","Oconee County, Georgia","Private","Private households","County, NAICS 6-digit -- by ownership sector","All establishment sizes",31,39,39,37,159403,43838,999,320
"13219",5,99,74,0,2007,1,"","Oconee County, Georgia","Private","Unclassified","County, NAICS Sector -- by ownership sector","All establishment sizes",14,10,9,10,66163,47663,1224,526
"13219",5,"99",74,0,2007,2,"","Oconee County, Georgia","Private","Unclassified","County, NAICS Sector -- by ownership sector","All establishment sizes",14,10,10,9,84594,17336,429,673
"13219",5,"99",74,0,2007,3,"","Oconee County, Georgia","Private","Unclassified","County, NAICS Sector -- by ownership sector","All establishment sizes",14,10,10,10,72070,24461,615,554
"13219",5,"99",74,0,2007,4,"","Oconee County, Georgia","Private","Unclassified","County, NAICS Sector -- by ownership sector","All establishment sizes",14,9,9,11,112431,25690,402,895
"13219",5,999,75,0,2007,1,"","Oconee County, Georgia","Private","Unclassified","County, NAICS 3-digit -- by ownership sector","All establishment sizes",14,10,9,10,66163,47663,1224,526
"13219",5,"999",75,0,2007,2,"","Oconee County, Georgia","Private","Unclassified","County, NAICS 3-digit -- by ownership sector","All establishment sizes",14,10,10,9,84594,17336,429,673
"13219",5,"999",75,0,2007,3,"","Oconee County, Georgia","Private","Unclassified","County, NAICS 3-digit -- by ownership sector","All establishment sizes",14,10,10,10,72070,24461,615,554
"13219",5,"999",75,0,2007,4,"","Oconee County, Georgia","Private","Unclassified","County, NAICS 3-digit -- by ownership sector","All establishment sizes",14,9,9,11,112431,25690,402,895
"13219",5,9999,76,0,2007,1,"","Oconee County, Georgia","Private","Unclassified","County, NAICS 4-digit -- by ownership sector","All establishment sizes",14,10,9,10,66163,47663,1224,526
"13219",5,"9999",76,0,2007,2,"","Oconee County, Georgia","Private","Unclassified","County, NAICS 4-digit -- by ownership sector","All establishment sizes",14,10,10,9,84594,17336,429,673
"13219",5,"9999",76,0,2007,3,"","Oconee County, Georgia","Private","Unclassified","County, NAICS 4-digit -- by ownership sector","All establishment sizes",14,10,10,10,72070,24461,615,554
"13219",5,"9999",76,0,2007,4,"","Oconee County, Georgia","Private","Unclassified","County, NAICS 4-digit -- by ownership sector","All establishment sizes",14,9,9,11,112431,25690,402,895
"13219",5,99999,77,0,2007,1,"","Oconee County, Georgia","Private","Unclassified","County, NAICS 5-digit -- by ownership sector","All establishment sizes",14,10,9,10,66163,47663,1224,526
"13219",5,"99999",77,0,2007,2,"","Oconee County, Georgia","Private","Unclassified","County, NAICS 5-digit -- by ownership sector","All establishment sizes",14,10,10,9,84594,17336,429,673
"13219",5,"99999",77,0,2007,3,"","Oconee County, Georgia","Private","Unclassified","County, NAICS 5-digit -- by ownership sector","All establishment sizes",14,10,10,10,72070,24461,615,554
"13219",5,"99999",77,0,2007,4,"","Oconee County, Georgia","Private","Unclassified","County, NAICS 5-digit -- by ownership sector","All establishment sizes",14,9,9,11,112431,25690,402,895
"13219",5,999999,78,0,2007,1,"","Oconee County, Georgia","Private","Unclassified","County, NAICS 6-digit -- by ownership sector","All establishment sizes",14,10,9,10,66163,47663,1224,526
"13219",5,"999999",78,0,2007,2,"","Oconee County, Georgia","Private","Unclassified","County, NAICS 6-digit -- by ownership sector","All establishment sizes",14,10,10,9,84594,17336,429,673
"13219",5,"999999",78,0,2007,3,"","Oconee County, Georgia","Private","Unclassified","County, NAICS 6-digit -- by ownership sector","All establishment sizes",14,10,10,10,72070,24461,615,554
"13219",5,"999999",78,0,2007,4,"","Oconee County, Georgia","Private","Unclassified","County, NAICS 6-digit -- by ownership sector","All establishment sizes",14,9,9,11,112431,25690,402,895

